1 0.26157407407407407 0.37604166666666666 0.26157407407407407 0.3763020833333333 0.2601851851851852 0.3770833333333333 0.25925925925925924 0.378125 0.25925925925925924 0.37864583333333335 0.2587962962962963 0.37890625 0.2587962962962963 0.37942708333333336 0.25787037037037036 0.38046875 0.2587962962962963 0.3828125 0.25972222222222224 0.38385416666666666 0.26064814814814813 0.384375 0.26064814814814813 0.3846354166666667 0.26342592592592595 0.3854166666666667 0.26481481481481484 0.38619791666666664 0.2652777777777778 0.38619791666666664 0.2675925925925926 0.38723958333333336 0.275 0.3893229166666667 0.27870370370370373 0.39114583333333336 0.2791666666666667 0.39114583333333336 0.2800925925925926 0.39166666666666666 0.2814814814814815 0.3919270833333333 0.2824074074074074 0.3924479166666667 0.2861111111111111 0.39348958333333334 0.28888888888888886 0.39505208333333336 0.2898148148148148 0.39609375 0.2898148148148148 0.3966145833333333 0.2912037037037037 0.39791666666666664 0.2912037037037037 0.3984375 0.29212962962962963 0.39921875 0.29212962962962963 0.3997395833333333 0.29398148148148145 0.40182291666666664 0.2949074074074074 0.40234375 0.2967592592592593 0.40286458333333336 0.29907407407407405 0.4041666666666667 0.3 0.4041666666666667 0.3013888888888889 0.4046875 0.30648148148148147 0.4046875 0.3101851851851852 0.40651041666666665 0.31203703703703706 0.40703125 0.31296296296296294 0.40703125 0.3143518518518518 0.4075520833333333 0.31666666666666665 0.40677083333333336 0.3175925925925926 0.40677083333333336 0.3212962962962963 0.40572916666666664 0.3236111111111111 0.4044270833333333 0.32407407407407407 0.4044270833333333 0.32592592592592595 0.403125 0.32592592592592595 0.40286458333333336 0.32685185185185184 0.40234375 0.3277777777777778 0.40130208333333334 0.3296296296296296 0.4002604166666667 0.3296296296296296 0.4 0.3314814814814815 0.39869791666666665 0.33240740740740743 0.39739583333333334 0.3333333333333333 0.396875 0.3337962962962963 0.3963541666666667 0.3337962962962963 0.39166666666666666 0.3296296296296296 0.3893229166666667 0.32731481481481484 0.3890625 0.32592592592592595 0.3885416666666667 0.32175925925925924 0.38828125 0.3189814814814815 0.38671875 0.31712962962962965 0.3846354166666667 0.3143518518518518 0.38359375 0.31342592592592594 0.38359375 0.31296296296296294 0.38333333333333336 0.3111111111111111 0.38333333333333336 0.3106481481481482 0.38307291666666665 0.30925925925925923 0.38307291666666665 0.3087962962962963 0.38333333333333336 0.3023148148148148 0.38333333333333336 0.30185185185185187 0.38359375 0.29814814814814816 0.38359375 0.29583333333333334 0.38255208333333335 0.2916666666666667 0.3815104166666667 0.2902777777777778 0.3807291666666667 0.28935185185185186 0.3807291666666667 0.2865740740740741 0.37994791666666666 0.28564814814814815 0.37994791666666666 0.28194444444444444 0.37890625 0.2777777777777778 0.3770833333333333 0.2759259259259259 0.3765625 0.275 0.3765625 0.27175925925925926 0.37552083333333336 0.2708333333333333 0.37552083333333336 0.27037037037037037 0.37526041666666665 0.2689814814814815 0.37526041666666665 0.26851851851851855 0.375 0.26342592592592595 0.375
3 0.3375 0.15 0.3347222222222222 0.14947916666666666 0.33287037037037037 0.14947916666666666 0.33240740740740743 0.14921875 0.32916666666666666 0.14921875 0.3287037037037037 0.14947916666666666 0.32731481481481484 0.14947916666666666 0.32685185185185184 0.14973958333333334 0.32546296296296295 0.14973958333333334 0.3226851851851852 0.15026041666666667 0.32037037037037036 0.15104166666666666 0.31805555555555554 0.15234375 0.31666666666666665 0.15416666666666667 0.31666666666666665 0.15546875 0.3162037037037037 0.15572916666666667 0.31574074074074077 0.15755208333333334 0.31157407407407406 0.16015625 0.3060185185185185 0.16119791666666666 0.3037037037037037 0.16197916666666667 0.30092592592592593 0.1625 0.29953703703703705 0.1625 0.29907407407407405 0.16276041666666666 0.29768518518518516 0.16276041666666666 0.29398148148148145 0.16380208333333332 0.2912037037037037 0.1640625 0.2884259259259259 0.16484375 0.2828703703703704 0.165625 0.27824074074074073 0.1671875 0.27685185185185185 0.1671875 0.26851851851851855 0.16875 0.2671296296296296 0.16927083333333334 0.2652777777777778 0.16927083333333334 0.2625 0.16979166666666667 0.2611111111111111 0.17057291666666666 0.25925925925925924 0.17291666666666666 0.25925925925925924 0.17473958333333334 0.25972222222222224 0.175 0.25972222222222224 0.17604166666666668 0.2601851851851852 0.17630208333333333 0.2601851851851852 0.17708333333333334 0.26157407407407407 0.17942708333333332 0.2671296296296296 0.18619791666666666 0.2712962962962963 0.18854166666666666 0.274537037037037 0.18880208333333334 0.275 0.1890625 0.2791666666666667 0.1890625 0.2828703703703704 0.18802083333333333 0.2865740740740741 0.18776041666666668 0.2884259259259259 0.18723958333333332 0.2953703703703704 0.18645833333333334 0.2986111111111111 0.18567708333333333 0.3023148148148148 0.18541666666666667 0.3074074074074074 0.184375 0.3101851851851852 0.184375 0.31342592592592594 0.18333333333333332 0.3148148148148148 0.18333333333333332 0.31527777777777777 0.18307291666666667 0.32222222222222224 0.18307291666666667 0.3226851851851852 0.18333333333333332 0.32592592592592595 0.18359375 0.32685185185185184 0.18411458333333333 0.3300925925925926 0.18489583333333334 0.3314814814814815 0.18567708333333333 0.33425925925925926 0.18645833333333334 0.337037037037037 0.18645833333333334 0.3375 0.18671875 0.3416666666666667 0.18671875 0.3449074074074074 0.1859375 0.34953703703703703 0.18541666666666667 0.3523148148148148 0.18359375 0.3537037037037037 0.18151041666666667 0.35324074074074074 0.18098958333333334 0.3527777777777778 0.17786458333333333 0.35185185185185186 0.17630208333333333 0.35185185185185186 0.17473958333333334 0.35138888888888886 0.17447916666666666 0.35138888888888886 0.1734375 0.3509259259259259 0.17317708333333334 0.3509259259259259 0.17213541666666668 0.350462962962963 0.171875 0.35 0.17005208333333333 0.34814814814814815 0.16692708333333334 0.34814814814814815 0.16588541666666667 0.3472222222222222 0.16458333333333333 0.3472222222222222 0.16354166666666667 0.34675925925925927 0.16328125 0.3453703703703704 0.159375 0.34444444444444444 0.15859375 0.34444444444444444 0.15807291666666667 0.3435185185185185 0.15729166666666666 0.3416666666666667 0.15416666666666667 0.3384259259259259 0.15052083333333333
4 0.20462962962962963 0.37864583333333335 0.20324074074074075 0.3802083333333333 0.20324074074074075 0.38307291666666665 0.2037037037037037 0.38333333333333336 0.2037037037037037 0.3846354166666667 0.2050925925925926 0.38619791666666664 0.20879629629629629 0.3885416666666667 0.21388888888888888 0.39036458333333335 0.21898148148148147 0.3932291666666667 0.22268518518518518 0.39453125 0.2300925925925926 0.39791666666666664 0.23194444444444445 0.3984375 0.23703703703703705 0.4015625 0.23981481481481481 0.40234375 0.2439814814814815 0.4046875 0.2490740740740741 0.40625 0.25 0.40625 0.2537037037037037 0.40729166666666666 0.2550925925925926 0.4080729166666667 0.2569444444444444 0.40859375 0.27037037037037037 0.4153645833333333 0.2712962962962963 0.4166666666666667 0.2712962962962963 0.42109375 0.27175925925925926 0.42135416666666664 0.27175925925925926 0.4231770833333333 0.2759259259259259 0.42578125 0.2791666666666667 0.42682291666666666 0.2828703703703704 0.42578125 0.2851851851851852 0.42578125 0.28564814814814815 0.42552083333333335 0.2875 0.42552083333333335 0.29212962962962963 0.42473958333333334 0.2949074074074074 0.4239583333333333 0.2962962962962963 0.42239583333333336 0.3013888888888889 0.41953125 0.3037037037037037 0.41692708333333334 0.30648148148148147 0.41458333333333336 0.30648148148148147 0.4140625 0.30833333333333335 0.4122395833333333 0.30925925925925923 0.41015625 0.3101851851851852 0.409375 0.3106481481481482 0.4080729166666667 0.3101851851851852 0.4075520833333333 0.3074074074074074 0.40625 0.30462962962962964 0.40546875 0.2986111111111111 0.4046875 0.29768518518518516 0.4041666666666667 0.2935185185185185 0.403125 0.2898148148148148 0.40286458333333336 0.2865740740740741 0.4036458333333333 0.2814814814814815 0.40234375 0.2759259259259259 0.39947916666666666 0.27175925925925926 0.39817708333333335 0.26805555555555555 0.39609375 0.2638888888888889 0.39505208333333336 0.26064814814814813 0.39375 0.2518518518518518 0.3893229166666667 0.24722222222222223 0.38828125 0.2439814814814815 0.38671875 0.24027777777777778 0.3854166666666667 0.2361111111111111 0.38333333333333336 0.23287037037037037 0.38255208333333335 0.22870370370370371 0.38046875 0.22546296296296298 0.3796875 0.21712962962962962 0.3765625 0.21342592592592594 0.3763020833333333 0.21296296296296297 0.37604166666666666 0.20879629629629629 0.3765625
4 0.24444444444444444 0.415625 0.24212962962962964 0.41354166666666664 0.24166666666666667 0.4125 0.23981481481481481 0.4109375 0.23564814814814813 0.41067708333333336 0.2324074074074074 0.41171875 0.22824074074074074 0.4119791666666667 0.22685185185185186 0.41302083333333334 0.22453703703703703 0.4140625 0.2212962962962963 0.4166666666666667 0.21898148148148147 0.41744791666666664 0.21435185185185185 0.41822916666666665 0.21296296296296297 0.41822916666666665 0.2125 0.41848958333333336 0.2074074074074074 0.41875 0.20694444444444443 0.41901041666666666 0.1935185185185185 0.4192708333333333 0.19305555555555556 0.41953125 0.18009259259259258 0.41953125 0.17962962962962964 0.4197916666666667 0.17407407407407408 0.4197916666666667 0.1736111111111111 0.4200520833333333 0.16944444444444445 0.4200520833333333 0.16898148148148148 0.4203125 0.16666666666666666 0.4203125 0.16620370370370371 0.4205729166666667 0.1527777777777778 0.42083333333333334 0.15046296296296297 0.42135416666666664 0.14583333333333334 0.42109375 0.14537037037037037 0.42135416666666664 0.14074074074074075 0.42161458333333335 0.13657407407407407 0.42239583333333336 0.13472222222222222 0.42239583333333336 0.12824074074074074 0.4236979166666667 0.12685185185185185 0.42473958333333334 0.12546296296296297 0.42682291666666666 0.12546296296296297 0.4283854166666667 0.1259259259259259 0.42864583333333334 0.12638888888888888 0.4309895833333333 0.12777777777777777 0.43255208333333334 0.13055555555555556 0.43411458333333336 0.13564814814814816 0.4354166666666667 0.14212962962962963 0.4354166666666667 0.1425925925925926 0.4356770833333333 0.1625 0.4356770833333333 0.16296296296296298 0.4354166666666667 0.17037037037037037 0.4354166666666667 0.17314814814814813 0.4348958333333333 0.18796296296296297 0.43463541666666666 0.1884259259259259 0.434375 0.1925925925925926 0.434375 0.19305555555555556 0.43411458333333336 0.20185185185185187 0.43411458333333336 0.2023148148148148 0.43385416666666665 0.2175925925925926 0.43359375 0.22037037037037038 0.43411458333333336 0.22361111111111112 0.43411458333333336 0.22824074074074074 0.4361979166666667 0.22916666666666666 0.4361979166666667 0.23564814814814813 0.43776041666666665 0.23796296296296296 0.43776041666666665 0.23842592592592593 0.4375 0.23981481481481481 0.4375 0.24259259259259258 0.4354166666666667 0.24305555555555555 0.4317708333333333 0.24351851851851852 0.4315104166666667 0.2439814814814815 0.42864583333333334 0.24444444444444444 0.4283854166666667 0.2449074074074074 0.42239583333333336 0.24537037037037038 0.42213541666666665 0.24537037037037038 0.41901041666666666 0.2449074074074074 0.41875
4 0.06018518518518518 0.24765625 0.059722222222222225 0.25026041666666665 0.05925925925925926 0.25052083333333336 0.05925925925925926 0.25286458333333334 0.059722222222222225 0.253125 0.06018518518518518 0.2557291666666667 0.06527777777777778 0.25859375 0.07175925925925926 0.2609375 0.07546296296296297 0.26145833333333335 0.08101851851851852 0.2635416666666667 0.08611111111111111 0.26458333333333334 0.08842592592592592 0.26536458333333335 0.08935185185185185 0.26536458333333335 0.09537037037037037 0.2674479166666667 0.09907407407407408 0.26796875 0.10416666666666667 0.26953125 0.10555555555555556 0.26953125 0.10694444444444444 0.27005208333333336 0.1111111111111111 0.27057291666666666 0.11388888888888889 0.2716145833333333 0.11805555555555555 0.27239583333333334 0.12361111111111112 0.27395833333333336 0.12453703703703704 0.27447916666666666 0.1337962962962963 0.27682291666666664 0.1388888888888889 0.2791666666666667 0.1398148148148148 0.2830729166666667 0.14212962962962963 0.28515625 0.14629629629629629 0.2869791666666667 0.15092592592592594 0.2877604166666667 0.1527777777777778 0.2877604166666667 0.15324074074074073 0.28802083333333334 0.1550925925925926 0.28802083333333334 0.15787037037037038 0.2875 0.16111111111111112 0.2875 0.1648148148148148 0.28619791666666666 0.16898148148148148 0.28359375 0.1736111111111111 0.27760416666666665 0.17453703703703705 0.27447916666666666 0.175 0.27421875 0.175 0.27265625 0.17546296296296296 0.27239583333333334 0.17546296296296296 0.26614583333333336 0.175 0.26588541666666665 0.175 0.2643229166666667 0.1736111111111111 0.26223958333333336 0.17222222222222222 0.26171875 0.1712962962962963 0.26171875 0.1699074074074074 0.26119791666666664 0.16620370370370371 0.26119791666666664 0.16574074074074074 0.2609375 0.16064814814814815 0.2604166666666667 0.1587962962962963 0.2598958333333333 0.1550925925925926 0.2598958333333333 0.15462962962962962 0.2596354166666667 0.14953703703703702 0.26067708333333334 0.14537037037037037 0.26067708333333334 0.14305555555555555 0.26015625 0.13842592592592592 0.26015625 0.13518518518518519 0.2591145833333333 0.13287037037037036 0.25885416666666666 0.12129629629629629 0.2559895833333333 0.1162037037037037 0.2552083333333333 0.1087962962962963 0.25338541666666664 0.10046296296296296 0.2520833333333333 0.09907407407407408 0.2515625 0.09583333333333334 0.25104166666666666 0.09212962962962963 0.24973958333333332 0.08796296296296297 0.24921875 0.08657407407407407 0.24869791666666666 0.0787037037037037 0.24739583333333334 0.0763888888888889 0.24661458333333333 0.07222222222222222 0.24583333333333332 0.06944444444444445 0.24583333333333332 0.06898148148148148 0.24557291666666667 0.06388888888888888 0.24583333333333332
5 0.4041666666666667 0.3333333333333333 0.40370370370370373 0.33359375 0.4013888888888889 0.33359375 0.4009259259259259 0.3338541666666667 0.4 0.3338541666666667 0.4 0.3341145833333333 0.39675925925925926 0.3359375 0.3962962962962963 0.3359375 0.3962962962962963 0.33619791666666665 0.3939814814814815 0.3375 0.3939814814814815 0.3380208333333333 0.39351851851851855 0.33828125 0.39351851851851855 0.33958333333333335 0.39305555555555555 0.33984375 0.3925925925925926 0.3419270833333333 0.39351851851851855 0.3424479166666667 0.3962962962962963 0.3455729166666667 0.3962962962962963 0.3494791666666667 0.3958333333333333 0.35 0.3925925925925926 0.35208333333333336 0.3851851851851852 0.35833333333333334 0.38333333333333336 0.359375 0.38101851851851853 0.36015625 0.3768518518518518 0.36276041666666664 0.37222222222222223 0.36666666666666664 0.3685185185185185 0.3690104166666667 0.36712962962962964 0.37083333333333335 0.3648148148148148 0.37265625 0.3648148148148148 0.3734375 0.36435185185185187 0.3736979166666667 0.36435185185185187 0.3770833333333333 0.36574074074074076 0.37838541666666664 0.3699074074074074 0.3807291666666667 0.3712962962962963 0.3809895833333333 0.37546296296296294 0.3828125 0.3773148148148148 0.38333333333333336 0.37824074074074077 0.38333333333333336 0.37962962962962965 0.38385416666666666 0.3819444444444444 0.38385416666666666 0.38333333333333336 0.38333333333333336 0.38425925925925924 0.38333333333333336 0.38981481481481484 0.3807291666666667 0.3902777777777778 0.3807291666666667 0.3962962962962963 0.3770833333333333 0.39814814814814814 0.37552083333333336 0.40370370370370373 0.37265625 0.4050925925925926 0.37109375 0.4060185185185185 0.37057291666666664 0.40694444444444444 0.3692708333333333 0.40879629629629627 0.36822916666666666 0.40879629629629627 0.36796875 0.4101851851851852 0.36744791666666665 0.41388888888888886 0.3653645833333333 0.41388888888888886 0.3651041666666667 0.4199074074074074 0.3619791666666667 0.42592592592592593 0.3619791666666667 0.4263888888888889 0.36171875 0.42777777777777776 0.36171875 0.42824074074074076 0.3619791666666667 0.4310185185185185 0.3619791666666667 0.43148148148148147 0.36223958333333334 0.43425925925925923 0.36223958333333334 0.43472222222222223 0.3625 0.4388888888888889 0.3625 0.44305555555555554 0.36041666666666666 0.4462962962962963 0.3572916666666667 0.44537037037037036 0.35625 0.4444444444444444 0.3533854166666667 0.44027777777777777 0.3502604166666667 0.4398148148148148 0.3494791666666667 0.43703703703703706 0.34791666666666665 0.4356481481481482 0.34661458333333334 0.4351851851851852 0.3455729166666667 0.4337962962962963 0.3453125 0.4305555555555556 0.34401041666666665 0.425 0.34088541666666666 0.4199074074074074 0.3390625 0.41574074074074074 0.33697916666666666 0.4115740740740741 0.33541666666666664 0.4097222222222222 0.33515625 0.4074074074074074 0.3341145833333333 0.40555555555555556 0.3338541666666667
3 0.38055555555555554 0.40572916666666664 0.3763888888888889 0.40520833333333334 0.3726851851851852 0.40625 0.36898148148148147 0.4080729166666667 0.36435185185185187 0.41171875 0.36435185185185187 0.41432291666666665 0.3648148148148148 0.41458333333333336 0.3648148148148148 0.4197916666666667 0.35694444444444445 0.4244791666666667 0.34953703703703703 0.42734375 0.3453703703703704 0.43020833333333336 0.3351851851851852 0.43463541666666666 0.3337962962962963 0.4348958333333333 0.3300925925925926 0.43723958333333335 0.3263888888888889 0.43854166666666666 0.3236111111111111 0.4401041666666667 0.3212962962962963 0.4421875 0.32083333333333336 0.4440104166666667 0.32222222222222224 0.44609375 0.32222222222222224 0.446875 0.32731481481481484 0.44973958333333336 0.3277777777777778 0.44973958333333336 0.33425925925925926 0.45364583333333336 0.33564814814814814 0.45390625 0.3375 0.4549479166666667 0.3425925925925926 0.4552083333333333 0.34305555555555556 0.45546875 0.3453703703703704 0.45546875 0.3458333333333333 0.4552083333333333 0.34953703703703703 0.4549479166666667 0.35324074074074074 0.45390625 0.3560185185185185 0.45260416666666664 0.3578703703703704 0.45208333333333334 0.36342592592592593 0.44947916666666665 0.36574074074074076 0.44869791666666664 0.36898148148148147 0.446875 0.3726851851851852 0.44557291666666665 0.37962962962962965 0.44192708333333336 0.38333333333333336 0.44088541666666664 0.38425925925925924 0.44036458333333334 0.3851851851851852 0.44036458333333334 0.38657407407407407 0.43984375 0.3875 0.43984375 0.39166666666666666 0.4388020833333333 0.39305555555555555 0.4388020833333333 0.3958333333333333 0.4395833333333333 0.3972222222222222 0.4395833333333333 0.3976851851851852 0.4393229166666667 0.4013888888888889 0.4393229166666667 0.40185185185185185 0.4395833333333333 0.4041666666666667 0.43984375 0.4097222222222222 0.43776041666666665 0.41203703703703703 0.43723958333333335 0.41574074074074074 0.4354166666666667 0.41574074074074074 0.434375 0.4152777777777778 0.43411458333333336 0.4152777777777778 0.4315104166666667 0.41388888888888886 0.43072916666666666 0.4111111111111111 0.4276041666666667 0.40879629629629627 0.42604166666666665 0.4064814814814815 0.42291666666666666 0.4023148148148148 0.4203125 0.4023148148148148 0.4200520833333333 0.39166666666666666 0.41380208333333335 0.38842592592592595 0.4109375 0.38472222222222224 0.40859375 0.38333333333333336 0.40729166666666666
4 0.5962962962962963 0.11276041666666667 0.5939814814814814 0.11354166666666667 0.5916666666666667 0.11510416666666666 0.5907407407407408 0.11848958333333333 0.5902777777777778 0.11875 0.5907407407407408 0.1234375 0.5921296296296297 0.125 0.5935185185185186 0.12578125 0.5939814814814814 0.12682291666666667 0.5953703703703703 0.12786458333333334 0.600925925925926 0.134375 0.6023148148148149 0.13671875 0.6041666666666666 0.13880208333333333 0.6050925925925926 0.13932291666666666 0.6083333333333333 0.14322916666666666 0.6092592592592593 0.14375 0.611574074074074 0.14661458333333333 0.6125 0.14713541666666666 0.6148148148148148 0.15 0.6148148148148148 0.15052083333333333 0.6166666666666667 0.15182291666666667 0.6189814814814815 0.15442708333333333 0.6199074074074075 0.15651041666666668 0.6212962962962963 0.1578125 0.6175925925925926 0.16145833333333334 0.6175925925925926 0.1625 0.6171296296296296 0.16276041666666666 0.6171296296296296 0.16614583333333333 0.6180555555555556 0.16692708333333334 0.6180555555555556 0.16744791666666667 0.6203703703703703 0.16979166666666667 0.6273148148148148 0.17395833333333333 0.6300925925925925 0.17447916666666666 0.6347222222222222 0.17447916666666666 0.6402777777777777 0.1734375 0.649537037037037 0.17057291666666666 0.6523148148148148 0.16953125 0.6578703703703703 0.16614583333333333 0.6592592592592592 0.16458333333333333 0.6620370370370371 0.1625 0.6638888888888889 0.15807291666666667 0.6620370370370371 0.15598958333333332 0.6597222222222222 0.15442708333333333 0.6555555555555556 0.15052083333333333 0.6541666666666667 0.14973958333333334 0.6509259259259259 0.14895833333333333 0.6453703703703704 0.14895833333333333 0.6430555555555556 0.1484375 0.6421296296296296 0.14791666666666667 0.6412037037037037 0.14609375 0.638425925925926 0.14270833333333333 0.6347222222222222 0.14036458333333332 0.6305555555555555 0.1359375 0.6305555555555555 0.13541666666666666 0.6282407407407408 0.13359375 0.624537037037037 0.12916666666666668 0.6231481481481481 0.1265625 0.6189814814814815 0.12395833333333334 0.6148148148148148 0.11875 0.6092592592592593 0.11432291666666666 0.6069444444444444 0.11302083333333333 0.6055555555555555 0.11302083333333333 0.6037037037037037 0.1125 0.5986111111111111 0.1125 0.5981481481481481 0.11276041666666667
1 0.3962962962962963 0.44817708333333334 0.39537037037037037 0.44869791666666664 0.39490740740740743 0.44869791666666664 0.3921296296296296 0.45026041666666666 0.39166666666666666 0.45078125 0.39166666666666666 0.4515625 0.3921296296296296 0.4518229166666667 0.3921296296296296 0.45286458333333335 0.3925925925925926 0.453125 0.39305555555555555 0.4549479166666667 0.39444444444444443 0.45625 0.39444444444444443 0.45677083333333335 0.3958333333333333 0.45807291666666666 0.3958333333333333 0.45859375 0.3972222222222222 0.46015625 0.39814814814814814 0.46067708333333335 0.4 0.4630208333333333 0.4009259259259259 0.4635416666666667 0.4023148148148148 0.46510416666666665 0.4023148148148148 0.465625 0.40324074074074073 0.4666666666666667 0.40324074074074073 0.4674479166666667 0.40370370370370373 0.46770833333333334 0.40370370370370373 0.46848958333333335 0.4050925925925926 0.4700520833333333 0.4050925925925926 0.47161458333333334 0.4046296296296296 0.471875 0.4046296296296296 0.4734375 0.4041666666666667 0.47369791666666666 0.4041666666666667 0.47760416666666666 0.40370370370370373 0.4778645833333333 0.40370370370370373 0.4783854166666667 0.4064814814814815 0.47994791666666664 0.4064814814814815 0.48020833333333335 0.4078703703703704 0.48125 0.4078703703703704 0.4817708333333333 0.4101851851851852 0.48333333333333334 0.41064814814814815 0.48385416666666664 0.41064814814814815 0.484375 0.4111111111111111 0.48463541666666665 0.4111111111111111 0.48515625 0.4115740740740741 0.48541666666666666 0.4115740740740741 0.4861979166666667 0.41574074074074074 0.48854166666666665 0.41574074074074074 0.48880208333333336 0.4162037037037037 0.48854166666666665 0.41805555555555557 0.48854166666666665 0.4185185185185185 0.48828125 0.4199074074074074 0.48828125 0.4203703703703704 0.48802083333333335 0.42314814814814816 0.48802083333333335 0.4236111111111111 0.48776041666666664 0.42685185185185187 0.48776041666666664 0.4287037037037037 0.48723958333333334 0.4300925925925926 0.48723958333333334 0.4305555555555556 0.4869791666666667 0.43148148148148147 0.4869791666666667 0.43287037037037035 0.4864583333333333 0.4337962962962963 0.4864583333333333 0.43842592592592594 0.48515625 0.4398148148148148 0.484375 0.4398148148148148 0.48411458333333335 0.4425925925925926 0.4822916666666667 0.4425925925925926 0.48203125 0.44212962962962965 0.4817708333333333 0.44212962962962965 0.48046875 0.44166666666666665 0.48020833333333335 0.44166666666666665 0.4783854166666667 0.44074074074074077 0.4778645833333333 0.44074074074074077 0.47734375 0.4398148148148148 0.4765625 0.4398148148148148 0.47604166666666664 0.4393518518518518 0.47578125 0.4393518518518518 0.475 0.4388888888888889 0.4747395833333333 0.4388888888888889 0.47317708333333336 0.43842592592592594 0.47291666666666665 0.43842592592592594 0.47161458333333334 0.43796296296296294 0.4713541666666667 0.43796296296296294 0.4705729166666667 0.4375 0.4705729166666667 0.4351851851851852 0.46927083333333336 0.43425925925925923 0.46901041666666665 0.43333333333333335 0.46901041666666665 0.42962962962962964 0.46796875 0.42824074074074076 0.4671875 0.42777777777777776 0.4671875 0.4263888888888889 0.46640625 0.42592592592592593 0.46640625 0.42268518518518516 0.46458333333333335 0.4217592592592593 0.4635416666666667 0.4212962962962963 0.4622395833333333 0.4199074074074074 0.4609375 0.4199074074074074 0.46041666666666664 0.41712962962962963 0.45729166666666665 0.4162037037037037 0.45677083333333335 0.41574074074074074 0.45598958333333334 0.4148148148148148 0.45546875 0.4148148148148148 0.4549479166666667 0.41203703703703703 0.45208333333333334 0.41203703703703703 0.4515625 0.4111111111111111 0.4510416666666667 0.4101851851851852 0.45 0.40879629629629627 0.44921875 0.40879629629629627 0.44895833333333335 0.40694444444444444 0.4479166666666667 0.40555555555555556 0.44765625 0.4046296296296296 0.4471354166666667 0.4 0.4471354166666667 0.39814814814814814 0.4479166666666667 0.3972222222222222 0.4479166666666667
4 0.3527777777777778 0.6229166666666667 0.3490740740740741 0.621875 0.34814814814814815 0.6221354166666667 0.3449074074074074 0.6221354166666667 0.3421296296296296 0.6229166666666667 0.33935185185185185 0.6263020833333334 0.3388888888888889 0.6283854166666667 0.337037037037037 0.6315104166666666 0.33425925925925926 0.6330729166666667 0.3300925925925926 0.6346354166666667 0.3226851851851852 0.6364583333333333 0.32175925925925924 0.6364583333333333 0.3194444444444444 0.6372395833333333 0.31851851851851853 0.6372395833333333 0.3143518518518518 0.6385416666666667 0.31342592592592594 0.6385416666666667 0.3106481481481482 0.6393229166666666 0.3087962962962963 0.6403645833333333 0.3055555555555556 0.64140625 0.3023148148148148 0.6416666666666667 0.29259259259259257 0.64453125 0.287962962962963 0.6453125 0.2824074074074074 0.646875 0.2796296296296296 0.6471354166666666 0.2550925925925926 0.6541666666666667 0.2513888888888889 0.6557291666666667 0.24953703703703703 0.6578125 0.25 0.6609375 0.2513888888888889 0.66328125 0.25555555555555554 0.6653645833333334 0.25833333333333336 0.6653645833333334 0.2587962962962963 0.665625 0.2601851851851852 0.6653645833333334 0.26342592592592595 0.6653645833333334 0.2638888888888889 0.6651041666666667 0.26666666666666666 0.6651041666666667 0.2671296296296296 0.66484375 0.27037037037037037 0.6645833333333333 0.27314814814814814 0.6638020833333333 0.2740740740740741 0.6638020833333333 0.2800925925925926 0.6619791666666667 0.2810185185185185 0.6619791666666667 0.29074074074074074 0.6588541666666666 0.2986111111111111 0.6575520833333334 0.30648148148148147 0.6546875 0.3106481481481482 0.65390625 0.3143518518518518 0.6536458333333334 0.32222222222222224 0.6513020833333333 0.32731481481481484 0.65078125 0.3425925925925926 0.64765625 0.3476851851851852 0.6473958333333333 0.34814814814814815 0.6471354166666666 0.35462962962962963 0.6471354166666666 0.3611111111111111 0.6455729166666667 0.36435185185185187 0.6424479166666667 0.362962962962963 0.6401041666666667 0.362962962962963 0.6388020833333333 0.3611111111111111 0.63515625 0.3611111111111111 0.6338541666666667 0.3597222222222222 0.6322916666666667 0.3597222222222222 0.6317708333333333 0.3578703703703704 0.6302083333333334 0.3574074074074074 0.6283854166666667 0.35694444444444445 0.628125 0.35694444444444445 0.6268229166666667 0.3541666666666667 0.6255208333333333
5 0.47175925925925927 0.5869791666666667 0.46620370370370373 0.5903645833333333 0.4652777777777778 0.59140625 0.4648148148148148 0.59296875 0.4634259259259259 0.5950520833333334 0.4634259259259259 0.5997395833333333 0.46574074074074073 0.6010416666666667 0.47175925925925927 0.6036458333333333 0.4726851851851852 0.6036458333333333 0.4787037037037037 0.60546875 0.4810185185185185 0.6057291666666667 0.48333333333333334 0.6065104166666667 0.4842592592592593 0.6065104166666667 0.4888888888888889 0.6078125 0.4898148148148148 0.6078125 0.4930555555555556 0.6091145833333333 0.4962962962962963 0.6096354166666667 0.5018518518518519 0.6114583333333333 0.5055555555555555 0.61171875 0.5069444444444444 0.6122395833333333 0.5078703703703704 0.6122395833333333 0.5101851851851852 0.6130208333333333 0.5111111111111111 0.6130208333333333 0.512962962962963 0.6135416666666667 0.5157407407407407 0.6151041666666667 0.5157407407407407 0.6161458333333333 0.5162037037037037 0.61640625 0.5162037037037037 0.6182291666666667 0.5166666666666667 0.6184895833333334 0.5166666666666667 0.6192708333333333 0.5162037037037037 0.61953125 0.5162037037037037 0.6205729166666667 0.5157407407407407 0.6208333333333333 0.5157407407407407 0.621875 0.5152777777777777 0.6221354166666667 0.5152777777777777 0.6234375 0.5171296296296296 0.6260416666666667 0.5185185185185185 0.6268229166666667 0.5217592592592593 0.6270833333333333 0.525 0.6278645833333333 0.5291666666666667 0.6278645833333333 0.5314814814814814 0.6268229166666667 0.5328703703703703 0.62578125 0.5375 0.6200520833333333 0.5407407407407407 0.6174479166666667 0.5412037037037037 0.61640625 0.5425925925925926 0.6151041666666667 0.5425925925925926 0.6145833333333334 0.5449074074074074 0.6125 0.5462962962962963 0.6096354166666667 0.5476851851851852 0.6080729166666666 0.5486111111111112 0.6075520833333333 0.5486111111111112 0.60703125 0.5513888888888889 0.60390625 0.5523148148148148 0.6033854166666667 0.5523148148148148 0.6028645833333334 0.5541666666666667 0.6002604166666666 0.5541666666666667 0.59609375 0.5537037037037037 0.5958333333333333 0.5537037037037037 0.5953125 0.5527777777777778 0.5947916666666667 0.549074074074074 0.59375 0.5481481481481482 0.59375 0.5449074074074074 0.59296875 0.5407407407407407 0.5927083333333333 0.537962962962963 0.59375 0.5356481481481481 0.5950520833333334 0.5351851851851852 0.5958333333333333 0.5328703703703703 0.5973958333333333 0.5254629629629629 0.5973958333333333 0.5199074074074074 0.5955729166666667 0.5171296296296296 0.5953125 0.512962962962963 0.5940104166666667 0.5120370370370371 0.5940104166666667 0.5097222222222222 0.5932291666666667 0.5064814814814815 0.5927083333333333 0.5032407407407408 0.5916666666666667 0.49722222222222223 0.5908854166666667 0.4935185185185185 0.5895833333333333 0.4925925925925926 0.5895833333333333 0.4898148148148148 0.5885416666666666 0.4875 0.58828125 0.4861111111111111 0.5877604166666667 0.4828703703703704 0.5875 0.48148148148148145 0.5869791666666667 0.48055555555555557 0.5869791666666667 0.4787037037037037 0.5864583333333333 0.47685185185185186 0.5864583333333333 0.47638888888888886 0.5861979166666667 0.4740740740740741 0.5861979166666667 0.47314814814814815 0.58671875
2 0.6657407407407407 0.25677083333333334 0.6615740740740741 0.2565104166666667 0.6583333333333333 0.25703125 0.6541666666666667 0.2598958333333333 0.6518518518518519 0.2640625 0.649074074074074 0.27395833333333336 0.6462962962962963 0.2799479166666667 0.6453703703703704 0.28489583333333335 0.6412037037037037 0.2953125 0.6407407407407407 0.29921875 0.638425925925926 0.30520833333333336 0.6361111111111111 0.3151041666666667 0.6319444444444444 0.32578125 0.6282407407407408 0.33984375 0.6259259259259259 0.3450520833333333 0.625462962962963 0.3494791666666667 0.6236111111111111 0.3515625 0.6217592592592592 0.35260416666666666 0.6111111111111112 0.35520833333333335 0.6092592592592593 0.35703125 0.6087962962962963 0.3614583333333333 0.6111111111111112 0.3640625 0.6171296296296296 0.36744791666666665 0.624537037037037 0.36953125 0.6310185185185185 0.3697916666666667 0.637962962962963 0.36875 0.6472222222222223 0.3692708333333333 0.649537037037037 0.36875 0.6550925925925926 0.3651041666666667 0.6546296296296297 0.36223958333333334 0.6527777777777778 0.35989583333333336 0.6523148148148148 0.3575520833333333 0.65 0.3536458333333333 0.65 0.3455729166666667 0.6569444444444444 0.3216145833333333 0.6583333333333333 0.31875 0.6587962962962963 0.3151041666666667 0.6620370370370371 0.3065104166666667 0.6657407407407407 0.290625 0.6694444444444444 0.28177083333333336 0.674537037037037 0.26458333333333334 0.674537037037037 0.2625 0.6731481481481482 0.259375 0.6699074074074074 0.25755208333333335
4 0.7319444444444444 0.3645833333333333 0.7296296296296296 0.36223958333333334 0.7277777777777777 0.3611979166666667 0.725925925925926 0.3609375 0.7245370370370371 0.36041666666666666 0.7203703703703703 0.36041666666666666 0.7199074074074074 0.3606770833333333 0.7175925925925926 0.3606770833333333 0.7171296296296297 0.3609375 0.7138888888888889 0.3611979166666667 0.7050925925925926 0.36328125 0.700925925925926 0.36354166666666665 0.6976851851851852 0.36432291666666666 0.6930555555555555 0.36484375 0.6898148148148148 0.3658854166666667 0.6851851851851852 0.36640625 0.6824074074074075 0.36744791666666665 0.6805555555555556 0.36770833333333336 0.6791666666666667 0.36822916666666666 0.6763888888888889 0.36875 0.675 0.36875 0.674537037037037 0.3690104166666667 0.6731481481481482 0.3690104166666667 0.6699074074074074 0.3697916666666667 0.6648148148148149 0.3703125 0.662962962962963 0.37083333333333335 0.6615740740740741 0.37083333333333335 0.6583333333333333 0.37161458333333336 0.6546296296296297 0.37161458333333336 0.6541666666666667 0.371875 0.6513888888888889 0.371875 0.6504629629629629 0.37213541666666666 0.6476851851851851 0.37083333333333335 0.6421296296296296 0.36953125 0.6342592592592593 0.3697916666666667 0.6310185185185185 0.37057291666666664 0.6273148148148148 0.3703125 0.6268518518518519 0.37005208333333334 0.624537037037037 0.37213541666666666 0.6240740740740741 0.37421875 0.6236111111111111 0.37447916666666664 0.6236111111111111 0.37578125 0.6231481481481481 0.37604166666666666 0.6231481481481481 0.3815104166666667 0.6240740740740741 0.3828125 0.624537037037037 0.38515625 0.6268518518518519 0.3890625 0.6296296296296297 0.3919270833333333 0.6342592592592593 0.39479166666666665 0.6421296296296296 0.3963541666666667 0.6444444444444445 0.3958333333333333 0.6458333333333334 0.3958333333333333 0.649537037037037 0.39453125 0.6537037037037037 0.3921875 0.6560185185185186 0.3880208333333333 0.6583333333333333 0.38671875 0.6625 0.38567708333333334 0.663425925925926 0.38515625 0.6643518518518519 0.38515625 0.6675925925925926 0.3841145833333333 0.6699074074074074 0.38385416666666666 0.674074074074074 0.38255208333333335 0.6773148148148148 0.38229166666666664 0.6787037037037037 0.38177083333333334 0.6828703703703703 0.3809895833333333 0.6861111111111111 0.3807291666666667 0.6875 0.3802083333333333 0.6925925925925925 0.3796875 0.7046296296296296 0.3770833333333333 0.7087962962962963 0.3768229166666667 0.7106481481481481 0.37604166666666666 0.7166666666666667 0.375 0.7203703703703703 0.3736979166666667 0.7245370370370371 0.3729166666666667 0.7291666666666666 0.37057291666666664 0.7296296296296296 0.3697916666666667 0.7305555555555555 0.3692708333333333 0.7310185185185185 0.3671875 0.7319444444444444 0.3658854166666667
3 0.7912037037037037 0.17135416666666667 0.7842592592592592 0.171875 0.7814814814814814 0.17265625 0.7787037037037037 0.17291666666666666 0.775 0.17369791666666667 0.7736111111111111 0.17369791666666667 0.7722222222222223 0.17421875 0.7694444444444445 0.17447916666666666 0.7662037037037037 0.17552083333333332 0.763425925925926 0.17578125 0.7597222222222222 0.17708333333333334 0.7587962962962963 0.17708333333333334 0.7476851851851852 0.18046875 0.7458333333333333 0.18125 0.7398148148148148 0.18489583333333334 0.7398148148148148 0.18776041666666668 0.7402777777777778 0.18802083333333333 0.7402777777777778 0.18932291666666667 0.7435185185185185 0.19322916666666667 0.7476851851851852 0.19557291666666668 0.7518518518518519 0.1953125 0.7550925925925925 0.196875 0.7550925925925925 0.19713541666666667 0.7560185185185185 0.19739583333333333 0.7578703703703704 0.19895833333333332 0.7615740740740741 0.203125 0.7620370370370371 0.20442708333333334 0.7638888888888888 0.20625 0.7662037037037037 0.21041666666666667 0.7671296296296296 0.21119791666666668 0.7675925925925926 0.2125 0.7699074074074074 0.21536458333333333 0.7703703703703704 0.21666666666666667 0.7736111111111111 0.22005208333333334 0.7736111111111111 0.22057291666666667 0.775 0.22213541666666667 0.7759259259259259 0.22265625 0.7773148148148148 0.22447916666666667 0.7787037037037037 0.22552083333333334 0.7828703703703703 0.2265625 0.7870370370370371 0.2265625 0.7875 0.22630208333333332 0.7898148148148149 0.22604166666666667 0.7921296296296296 0.22526041666666666 0.7930555555555555 0.22526041666666666 0.7953703703703704 0.22447916666666667 0.7967592592592593 0.22447916666666667 0.799537037037037 0.22369791666666666 0.8004629629629629 0.22317708333333333 0.8013888888888889 0.22317708333333333 0.8032407407407407 0.22265625 0.8069444444444445 0.22083333333333333 0.8078703703703703 0.21953125 0.8078703703703703 0.21875 0.8087962962962963 0.21770833333333334 0.8087962962962963 0.21692708333333333 0.8092592592592592 0.21666666666666667 0.8083333333333333 0.21536458333333333 0.8083333333333333 0.21432291666666667 0.8078703703703703 0.2140625 0.8078703703703703 0.21302083333333333 0.8074074074074075 0.21276041666666667 0.8069444444444445 0.2109375 0.8050925925925926 0.20807291666666666 0.8050925925925926 0.20703125 0.8046296296296296 0.20677083333333332 0.8041666666666667 0.20494791666666667 0.8009259259259259 0.2 0.8009259259259259 0.19921875 0.8 0.19817708333333334 0.8 0.19739583333333333 0.799537037037037 0.19713541666666667 0.799537037037037 0.19635416666666666 0.799074074074074 0.19609375 0.799074074074074 0.1953125 0.7986111111111112 0.19505208333333332 0.7986111111111112 0.19427083333333334 0.7976851851851852 0.19322916666666667 0.7972222222222223 0.19114583333333332 0.7962962962962963 0.18984375 0.7962962962962963 0.18880208333333334 0.7981481481481482 0.18619791666666666 0.7981481481481482 0.18541666666666667 0.799537037037037 0.18463541666666666 0.8013888888888889 0.18203125 0.8009259259259259 0.1796875 0.8004629629629629 0.17942708333333332 0.8 0.17760416666666667 0.7976851851851852 0.17526041666666667 0.7976851851851852 0.17473958333333334 0.7962962962962963 0.17291666666666666 0.7944444444444444 0.171875 0.7916666666666666 0.17161458333333332
2 0.6805555555555556 0.5010416666666667 0.6620370370370371 0.49583333333333335 0.6574074074074074 0.49583333333333335 0.6523148148148148 0.4979166666666667 0.6486111111111111 0.5018229166666667 0.6527777777777778 0.50625 0.6527777777777778 0.51015625 0.6504629629629629 0.5138020833333333 0.6462962962962963 0.5166666666666667 0.6439814814814815 0.5197916666666667 0.638425925925926 0.5244791666666667 0.6365740740740741 0.5268229166666667 0.6296296296296297 0.5322916666666667 0.6268518518518519 0.5356770833333333 0.6148148148148148 0.5463541666666667 0.6125 0.54921875 0.6037037037037037 0.5567708333333333 0.6018518518518519 0.5591145833333333 0.5953703703703703 0.5643229166666667 0.5939814814814814 0.56640625 0.5879629629629629 0.5713541666666667 0.5782407407407407 0.58125 0.5680555555555555 0.58984375 0.5634259259259259 0.5953125 0.5643518518518519 0.5997395833333333 0.5712962962962963 0.6026041666666667 0.5740740740740741 0.603125 0.5791666666666667 0.6026041666666667 0.5847222222222223 0.5997395833333333 0.5949074074074074 0.5893229166666667 0.6152777777777778 0.57109375 0.6217592592592592 0.5638020833333334 0.6347222222222222 0.55234375 0.6435185185185185 0.5434895833333333 0.6583333333333333 0.5309895833333333 0.6689814814814815 0.5197916666666667 0.6731481481481482 0.5166666666666667 0.6773148148148148 0.5151041666666667 0.6875 0.5145833333333333 0.6902777777777778 0.5138020833333333 0.6930555555555555 0.5104166666666666 0.6930555555555555 0.5088541666666667 0.6902777777777778 0.5057291666666667
3 0.6361111111111111 0.63359375 0.6319444444444444 0.6338541666666667 0.6287037037037037 0.6346354166666667 0.6226851851851852 0.6377604166666667 0.6217592592592592 0.6385416666666667 0.6208333333333333 0.640625 0.6189814814814815 0.6421875 0.6185185185185185 0.6434895833333333 0.6148148148148148 0.646875 0.6148148148148148 0.64765625 0.6138888888888889 0.64921875 0.6125 0.6505208333333333 0.6125 0.6510416666666666 0.611574074074074 0.6515625 0.6101851851851852 0.6533854166666667 0.6074074074074074 0.6557291666666667 0.6069444444444444 0.6567708333333333 0.6055555555555555 0.6578125 0.6050925925925926 0.6588541666666666 0.6027777777777777 0.6611979166666667 0.5986111111111111 0.66328125 0.5916666666666667 0.6635416666666667 0.5875 0.6643229166666667 0.5856481481481481 0.6651041666666667 0.5828703703703704 0.6669270833333333 0.5805555555555556 0.66953125 0.5800925925925926 0.6721354166666667 0.5796296296296296 0.6723958333333333 0.5796296296296296 0.67421875 0.5828703703703704 0.67734375 0.5879629629629629 0.6799479166666667 0.5912037037037037 0.6807291666666667 0.5962962962962963 0.6833333333333333 0.6018518518518519 0.6854166666666667 0.6037037037037037 0.6856770833333333 0.6069444444444444 0.68671875 0.6111111111111112 0.6872395833333333 0.6125 0.6877604166666667 0.6148148148148148 0.6893229166666667 0.6189814814814815 0.690625 0.6222222222222222 0.6908854166666667 0.6263888888888889 0.6919270833333333 0.6314814814814815 0.6916666666666667 0.6342592592592593 0.6908854166666667 0.6370370370370371 0.6893229166666667 0.6375 0.6877604166666667 0.6393518518518518 0.6854166666666667 0.6393518518518518 0.684375 0.6398148148148148 0.6841145833333333 0.6398148148148148 0.6825520833333333 0.6402777777777777 0.6822916666666666 0.6402777777777777 0.6786458333333333 0.6407407407407407 0.6783854166666666 0.6402777777777777 0.6765625 0.638425925925926 0.6736979166666667 0.638425925925926 0.67109375 0.637962962962963 0.6708333333333333 0.637962962962963 0.66953125 0.6393518518518518 0.6671875 0.6393518518518518 0.6661458333333333 0.6407407407407407 0.6638020833333333 0.6462962962962963 0.6572916666666667 0.6467592592592593 0.6559895833333333 0.6509259259259259 0.6518229166666667 0.6509259259259259 0.6513020833333333 0.6518518518518519 0.6505208333333333 0.6523148148148148 0.6486979166666667 0.6546296296296297 0.6463541666666667 0.6550925925925926 0.64453125 0.6564814814814814 0.6424479166666667 0.6523148148148148 0.6385416666666667 0.649074074074074 0.6372395833333333 0.6458333333333334 0.6354166666666666 0.6425925925925926 0.634375 0.6398148148148148 0.6338541666666667 0.6365740740740741 0.6338541666666667
4 0.7032407407407407 0.42265625 0.7023148148148148 0.4239583333333333 0.7013888888888888 0.4244791666666667 0.6986111111111111 0.42734375 0.6986111111111111 0.4315104166666667 0.7013888888888888 0.43359375 0.7046296296296296 0.4348958333333333 0.7074074074074074 0.4354166666666667 0.711574074074074 0.4354166666666667 0.712037037037037 0.43515625 0.7171296296296297 0.4354166666666667 0.7208333333333333 0.43645833333333334 0.7217592592592592 0.43645833333333334 0.7268518518518519 0.43802083333333336 0.7291666666666666 0.4393229166666667 0.7314814814814815 0.4401041666666667 0.7449074074074075 0.44765625 0.7481481481481481 0.44895833333333335 0.750462962962963 0.4505208333333333 0.7513888888888889 0.4515625 0.7601851851851852 0.45677083333333335 0.763425925925926 0.45807291666666666 0.7643518518518518 0.4588541666666667 0.7648148148148148 0.4588541666666667 0.7708333333333334 0.46197916666666666 0.775 0.4635416666666667 0.7805555555555556 0.46458333333333335 0.7875 0.46458333333333335 0.7921296296296296 0.4627604166666667 0.7944444444444444 0.4596354166666667 0.7944444444444444 0.45807291666666666 0.7921296296296296 0.4552083333333333 0.7865740740740741 0.4510416666666667 0.7763888888888889 0.44557291666666665 0.7763888888888889 0.4453125 0.7717592592592593 0.44244791666666666 0.7662037037037037 0.4401041666666667 0.7583333333333333 0.4354166666666667 0.7550925925925925 0.434375 0.750462962962963 0.4315104166666667 0.7481481481481481 0.42942708333333335 0.7444444444444445 0.42734375 0.7416666666666667 0.42630208333333336 0.7384259259259259 0.4239583333333333 0.7384259259259259 0.4158854166666667 0.7375 0.41484375 0.7356481481481482 0.41380208333333335 0.7291666666666666 0.4122395833333333 0.725925925925926 0.4122395833333333 0.725462962962963 0.4125 0.7240740740740741 0.4125 0.7212962962962963 0.41302083333333334 0.7162037037037037 0.4153645833333333 0.7106481481481481 0.41848958333333336 0.7087962962962963 0.41901041666666666
2 0.7425925925925926 0.4625 0.7375 0.4578125 0.7319444444444444 0.4544270833333333 0.7245370370370371 0.45416666666666666 0.7217592592592592 0.4546875 0.7166666666666667 0.45703125 0.7152777777777778 0.4588541666666667 0.7152777777777778 0.4627604166666667 0.7101851851851851 0.465625 0.7041666666666667 0.4669270833333333 0.6981481481481482 0.46927083333333336 0.6856481481481481 0.47265625 0.6699074074074074 0.47604166666666664 0.6527777777777778 0.48125 0.6462962962962963 0.4822916666666667 0.6439814814814815 0.48333333333333334 0.638425925925926 0.484375 0.624537037037037 0.48854166666666665 0.6166666666666667 0.4901041666666667 0.6134259259259259 0.49140625 0.5921296296296297 0.496875 0.5861111111111111 0.4979166666666667 0.5791666666666667 0.5 0.575925925925926 0.5002604166666667 0.5578703703703703 0.5057291666666667 0.5532407407407407 0.5080729166666667 0.5523148148148148 0.5091145833333334 0.5523148148148148 0.5109375 0.5537037037037037 0.5138020833333333 0.5564814814814815 0.5166666666666667 0.5583333333333333 0.5174479166666667 0.5634259259259259 0.51796875 0.5675925925925925 0.5177083333333333 0.5782407407407407 0.51484375 0.5888888888888889 0.5127604166666667 0.5967592592592592 0.5096354166666667 0.6050925925925926 0.5078125 0.6111111111111112 0.5057291666666667 0.6148148148148148 0.5052083333333334 0.6268518518518519 0.5018229166666667 0.6421296296296296 0.4986979166666667 0.6462962962962963 0.4986979166666667 0.6476851851851851 0.49765625 0.6578703703703703 0.49453125 0.6620370370370371 0.49375 0.6666666666666666 0.49166666666666664 0.6837962962962963 0.4875 0.6893518518518519 0.48541666666666666 0.6976851851851852 0.48411458333333335 0.7037037037037037 0.4822916666666667 0.7134259259259259 0.48046875 0.7199074074074074 0.4783854166666667 0.725 0.478125 0.7287037037037037 0.4791666666666667 0.7319444444444444 0.4791666666666667 0.7361111111111112 0.48046875 0.7430555555555556 0.47942708333333334 0.7462962962962963 0.478125 0.7476851851851852 0.4765625 0.7481481481481481 0.471875 0.7458333333333333 0.4669270833333333
5 0.725462962962963 0.5708333333333333 0.7203703703703703 0.5708333333333333 0.7166666666666667 0.571875 0.7157407407407408 0.5723958333333333 0.7129629629629629 0.5752604166666667 0.7129629629629629 0.57578125 0.712037037037037 0.5768229166666666 0.712037037037037 0.5776041666666667 0.711574074074074 0.5778645833333333 0.711574074074074 0.5786458333333333 0.7111111111111111 0.57890625 0.7111111111111111 0.5799479166666667 0.7106481481481481 0.5802083333333333 0.7101851851851851 0.5822916666666667 0.7087962962962963 0.5841145833333333 0.7087962962962963 0.58515625 0.7078703703703704 0.5864583333333333 0.7078703703703704 0.5875 0.7074074074074074 0.5877604166666667 0.7064814814814815 0.59140625 0.7060185185185185 0.5916666666666667 0.7060185185185185 0.5924479166666666 0.7046296296296296 0.59453125 0.7041666666666667 0.596875 0.7037037037037037 0.5971354166666667 0.7037037037037037 0.5979166666666667 0.7032407407407407 0.5981770833333333 0.7018518518518518 0.6010416666666667 0.700462962962963 0.6018229166666667 0.6976851851851852 0.6020833333333333 0.6972222222222222 0.60234375 0.6921296296296297 0.6026041666666667 0.6916666666666667 0.6028645833333334 0.6893518518518519 0.603125 0.687037037037037 0.60390625 0.6856481481481481 0.6046875 0.6847222222222222 0.6057291666666667 0.6847222222222222 0.60625 0.6837962962962963 0.60703125 0.6833333333333333 0.6106770833333334 0.6828703703703703 0.6109375 0.6842592592592592 0.6135416666666667 0.6851851851851852 0.6143229166666667 0.6851851851851852 0.61484375 0.6888888888888889 0.6166666666666667 0.6907407407407408 0.6171875 0.6916666666666667 0.6171875 0.6930555555555555 0.6177083333333333 0.6939814814814815 0.6177083333333333 0.6967592592592593 0.6190104166666667 0.7 0.6192708333333333 0.700462962962963 0.61953125 0.7027777777777777 0.6197916666666666 0.7050925925925926 0.6205729166666667 0.7064814814814815 0.6205729166666667 0.7069444444444445 0.6208333333333333 0.711574074074074 0.6213541666666667 0.712037037037037 0.6216145833333333 0.7138888888888889 0.6216145833333333 0.7157407407407408 0.6221354166666667 0.7171296296296297 0.6221354166666667 0.7203703703703703 0.6208333333333333 0.7291666666666666 0.62109375 0.7310185185185185 0.6216145833333333 0.7351851851851852 0.6213541666666667 0.7393518518518518 0.6200520833333333 0.7412037037037037 0.6190104166666667 0.7412037037037037 0.6184895833333334 0.7421296296296296 0.6174479166666667 0.7421296296296296 0.6166666666666667 0.7425925925925926 0.61640625 0.7425925925925926 0.6153645833333333 0.7430555555555556 0.6151041666666667 0.7416666666666667 0.6111979166666667 0.7407407407407407 0.6106770833333334 0.7375 0.6072916666666667 0.7375 0.6067708333333334 0.7361111111111112 0.60546875 0.7361111111111112 0.6049479166666667 0.7351851851851852 0.6041666666666666 0.7347222222222223 0.603125 0.7351851851851852 0.6028645833333334 0.7351851851851852 0.59921875 0.7356481481481482 0.5989583333333334 0.7356481481481482 0.59765625 0.7361111111111112 0.5973958333333333 0.7361111111111112 0.5958333333333333 0.736574074074074 0.5955729166666667 0.7375 0.5927083333333333 0.7384259259259259 0.5916666666666667 0.7393518518518518 0.5880208333333333 0.7402777777777778 0.5869791666666667 0.7402777777777778 0.5861979166666667 0.7407407407407407 0.5859375 0.7407407407407407 0.58515625 0.7416666666666667 0.5838541666666667 0.7421296296296296 0.5815104166666667 0.7430555555555556 0.5802083333333333 0.7435185185185185 0.5763020833333333 0.7439814814814815 0.5760416666666667 0.7425925925925926 0.5744791666666667 0.7402777777777778 0.5731770833333333 0.736574074074074 0.5721354166666667 0.7324074074074074 0.571875 0.7319444444444444 0.5716145833333334 0.7305555555555555 0.5716145833333334 0.7282407407407407 0.57109375 0.725925925925926 0.57109375
6 0.7282407407407407 0.653125 0.7273148148148149 0.6536458333333334 0.725925925925926 0.65390625 0.7231481481481481 0.65546875 0.7231481481481481 0.6557291666666667 0.7222222222222222 0.65625 0.7208333333333333 0.6580729166666667 0.7185185185185186 0.6596354166666667 0.7185185185185186 0.6598958333333333 0.7166666666666667 0.6609375 0.7166666666666667 0.6611979166666667 0.7148148148148148 0.6625 0.7148148148148148 0.6627604166666666 0.7134259259259259 0.6638020833333333 0.7134259259259259 0.6640625 0.7129629629629629 0.6643229166666667 0.7129629629629629 0.66484375 0.712037037037037 0.665625 0.712037037037037 0.6692708333333334 0.7125 0.66953125 0.7125 0.6705729166666666 0.7129629629629629 0.6708333333333333 0.7129629629629629 0.6716145833333333 0.7134259259259259 0.671875 0.7134259259259259 0.6723958333333333 0.7138888888888889 0.67265625 0.7138888888888889 0.6731770833333334 0.7143518518518519 0.6734375 0.7143518518518519 0.6736979166666667 0.7157407407407408 0.6744791666666666 0.7157407407407408 0.6747395833333333 0.7166666666666667 0.6752604166666667 0.7166666666666667 0.6755208333333333 0.7194444444444444 0.6776041666666667 0.7222222222222222 0.68125 0.7240740740740741 0.6822916666666666 0.7300925925925926 0.6838541666666667 0.7319444444444444 0.6846354166666667 0.7333333333333333 0.6846354166666667 0.7337962962962963 0.6848958333333334 0.736574074074074 0.6848958333333334 0.737037037037037 0.68515625 0.7379629629629629 0.68515625 0.7384259259259259 0.6854166666666667 0.7393518518518518 0.6854166666666667 0.7398148148148148 0.6856770833333333 0.7462962962962963 0.6856770833333333 0.7467592592592592 0.6859375 0.7481481481481481 0.6859375 0.7486111111111111 0.6856770833333333 0.75 0.6856770833333333 0.750462962962963 0.6854166666666667 0.7518518518518519 0.6854166666666667 0.7523148148148148 0.68515625 0.7555555555555555 0.68515625 0.7569444444444444 0.6846354166666667 0.7578703703703704 0.6846354166666667 0.7583333333333333 0.684375 0.7597222222222222 0.6841145833333333 0.7601851851851852 0.6838541666666667 0.7601851851851852 0.68359375 0.762962962962963 0.68203125 0.763425925925926 0.68125 0.7643518518518518 0.6807291666666667 0.7643518518518518 0.68046875 0.7671296296296296 0.6776041666666667 0.7671296296296296 0.6770833333333334 0.7675925925925926 0.6768229166666667 0.7680555555555556 0.6755208333333333 0.7699074074074074 0.6736979166666667 0.7699074074074074 0.6731770833333334 0.7703703703703704 0.6729166666666667 0.7703703703703704 0.6721354166666667 0.7708333333333334 0.671875 0.7708333333333334 0.67109375 0.7712962962962963 0.6708333333333333 0.7712962962962963 0.6669270833333333 0.7708333333333334 0.6666666666666666 0.7708333333333334 0.665625 0.7703703703703704 0.6653645833333334 0.7699074074074074 0.6640625 0.7657407407407407 0.6596354166666667 0.7657407407407407 0.6591145833333333 0.7652777777777777 0.6588541666666666 0.7638888888888888 0.65703125 0.7606481481481482 0.6552083333333333 0.7601851851851852 0.6552083333333333 0.7592592592592593 0.6546875 0.7583333333333333 0.6546875 0.7578703703703704 0.6544270833333333 0.7574074074074074 0.6544270833333333 0.7569444444444444 0.6541666666666667 0.7560185185185185 0.6541666666666667 0.7555555555555555 0.65390625 0.7523148148148148 0.6536458333333334 0.7518518518518519 0.6533854166666667 0.7486111111111111 0.6533854166666667 0.7481481481481481 0.653125 0.7458333333333333 0.653125 0.7453703703703703 0.6528645833333333 0.7430555555555556 0.6528645833333333 0.7425925925925926 0.6526041666666667 0.7314814814814815 0.6526041666666667 0.7310185185185185 0.6528645833333333 0.7296296296296296 0.6528645833333333 0.7291666666666666 0.653125
2 0.8643518518518518 0.5328125 0.8472222222222222 0.5325520833333334 0.8449074074074074 0.5333333333333333 0.8421296296296297 0.5364583333333334 0.8425925925925926 0.540625 0.8467592592592592 0.5421875 0.85 0.5450520833333333 0.850462962962963 0.5505208333333333 0.8453703703703703 0.57578125 0.8430555555555556 0.5799479166666667 0.8412037037037037 0.5924479166666666 0.8398148148148148 0.5955729166666667 0.8375 0.6080729166666666 0.8342592592592593 0.6184895833333334 0.8337962962962963 0.6239583333333333 0.8296296296296296 0.6419270833333334 0.8300925925925926 0.646875 0.8324074074074074 0.6489583333333333 0.8356481481481481 0.6502604166666667 0.8402777777777778 0.65078125 0.8472222222222222 0.65078125 0.85 0.6502604166666667 0.8537037037037037 0.6466145833333333 0.8564814814814815 0.6380208333333334 0.8587962962962963 0.6244791666666667 0.8634259259259259 0.6091145833333333 0.8657407407407407 0.5955729166666667 0.8675925925925926 0.5908854166666667 0.8680555555555556 0.5869791666666667 0.8699074074074075 0.58359375 0.8712962962962963 0.5770833333333333 0.8731481481481481 0.5734375 0.8736111111111111 0.5630208333333333 0.875 0.5598958333333334 0.8773148148148148 0.5489583333333333 0.8787037037037037 0.5463541666666667 0.8814814814814815 0.5450520833333333 0.888425925925926 0.5440104166666667 0.8907407407407407 0.5411458333333333 0.8898148148148148 0.5375 0.888425925925926 0.5364583333333334 0.8810185185185185 0.5346354166666667
4 0.9671296296296297 0.34869791666666666 0.9666666666666667 0.34817708333333336 0.962037037037037 0.3458333333333333 0.9592592592592593 0.3450520833333333 0.9569444444444445 0.34479166666666666 0.9555555555555556 0.34427083333333336 0.9518518518518518 0.34427083333333336 0.9472222222222222 0.3453125 0.9421296296296297 0.3458333333333333 0.9402777777777778 0.3463541666666667 0.9342592592592592 0.346875 0.9259259259259259 0.3484375 0.9231481481481482 0.34921875 0.9208333333333333 0.34921875 0.9203703703703704 0.3494791666666667 0.9189814814814815 0.3494791666666667 0.913425925925926 0.35052083333333334 0.9111111111111111 0.35052083333333334 0.9083333333333333 0.35104166666666664 0.9037037037037037 0.35130208333333335 0.9032407407407408 0.3515625 0.9 0.35182291666666665 0.8949074074074074 0.3528645833333333 0.887962962962963 0.3528645833333333 0.8847222222222222 0.35182291666666665 0.8800925925925925 0.35182291666666665 0.8773148148148148 0.35130208333333335 0.8671296296296296 0.35130208333333335 0.8666666666666667 0.3515625 0.8648148148148148 0.3515625 0.861574074074074 0.3533854166666667 0.8574074074074074 0.35885416666666664 0.8574074074074074 0.35989583333333336 0.8569444444444444 0.36015625 0.8569444444444444 0.3653645833333333 0.8583333333333333 0.36744791666666665 0.8583333333333333 0.36822916666666666 0.8597222222222223 0.3697916666666667 0.8597222222222223 0.3703125 0.8625 0.3731770833333333 0.8652777777777778 0.375 0.8671296296296296 0.37552083333333336 0.8694444444444445 0.3768229166666667 0.8708333333333333 0.3768229166666667 0.8731481481481481 0.37734375 0.8805555555555555 0.37734375 0.8810185185185185 0.3770833333333333 0.8842592592592593 0.3768229166666667 0.888425925925926 0.37604166666666666 0.8902777777777777 0.37447916666666664 0.8930555555555556 0.37083333333333335 0.8949074074074074 0.3692708333333333 0.8972222222222223 0.36796875 0.9009259259259259 0.36692708333333335 0.9018518518518519 0.36692708333333335 0.9078703703703703 0.3651041666666667 0.9092592592592592 0.3651041666666667 0.9115740740740741 0.3645833333333333 0.913425925925926 0.3645833333333333 0.9138888888888889 0.36432291666666666 0.9157407407407407 0.36432291666666666 0.9254629629629629 0.3625 0.9333333333333333 0.3619791666666667 0.9356481481481481 0.3614583333333333 0.9416666666666667 0.3609375 0.9439814814814815 0.36041666666666666 0.9467592592592593 0.359375 0.9495370370370371 0.35911458333333335 0.9532407407407407 0.35833333333333334 0.9546296296296296 0.35833333333333334 0.9597222222222223 0.35703125 0.9625 0.35598958333333336 0.9666666666666667 0.3533854166666667 0.9671296296296297 0.35260416666666666 0.9671296296296297 0.35052083333333334 0.9675925925925926 0.3502604166666667
3 0.8768518518518519 0.5703125 0.874537037037037 0.571875 0.8736111111111111 0.5744791666666667 0.8726851851851852 0.5755208333333334 0.8722222222222222 0.5786458333333333 0.8717592592592592 0.57890625 0.8717592592592592 0.5807291666666666 0.8722222222222222 0.5809895833333333 0.8726851851851852 0.5830729166666667 0.8740740740740741 0.5854166666666667 0.875 0.5861979166666667 0.875 0.58671875 0.8759259259259259 0.5875 0.8768518518518519 0.5919270833333333 0.8759259259259259 0.5932291666666667 0.875462962962963 0.5958333333333333 0.874537037037037 0.5971354166666667 0.8740740740740741 0.59921875 0.8722222222222222 0.6015625 0.8717592592592592 0.6028645833333334 0.8708333333333333 0.6036458333333333 0.8708333333333333 0.6041666666666666 0.8694444444444445 0.60546875 0.8694444444444445 0.6059895833333333 0.8685185185185185 0.6065104166666667 0.8675925925925926 0.6080729166666666 0.8675925925925926 0.6088541666666667 0.8671296296296296 0.6091145833333333 0.8666666666666667 0.6114583333333333 0.8662037037037037 0.61171875 0.8662037037037037 0.6125 0.8652777777777778 0.6138020833333333 0.8652777777777778 0.61484375 0.8648148148148148 0.6151041666666667 0.8648148148148148 0.6158854166666666 0.8652777777777778 0.6161458333333333 0.8652777777777778 0.6190104166666667 0.8666666666666667 0.6203125 0.8694444444444445 0.621875 0.874537037037037 0.6234375 0.8759259259259259 0.6234375 0.8814814814814815 0.6244791666666667 0.8888888888888888 0.625 0.8893518518518518 0.6247395833333333 0.8921296296296296 0.6244791666666667 0.8967592592592593 0.6231770833333333 0.9009259259259259 0.6197916666666666 0.9032407407407408 0.6169270833333333 0.9037037037037037 0.615625 0.9055555555555556 0.6138020833333333 0.9064814814814814 0.6122395833333333 0.9069444444444444 0.61015625 0.9087962962962963 0.60703125 0.9115740740740741 0.60390625 0.9148148148148149 0.5981770833333333 0.9166666666666666 0.5963541666666666 0.9175925925925926 0.5947916666666667 0.9203703703703704 0.5934895833333333 0.9277777777777778 0.5934895833333333 0.9314814814814815 0.5924479166666666 0.9324074074074075 0.5919270833333333 0.9347222222222222 0.58828125 0.9347222222222222 0.58671875 0.9351851851851852 0.5864583333333333 0.9356481481481481 0.58359375 0.9337962962962963 0.5817708333333333 0.9305555555555556 0.5799479166666667 0.9296296296296296 0.5799479166666667 0.9273148148148148 0.5791666666666667 0.924074074074074 0.5786458333333333 0.9199074074074074 0.57734375 0.9171296296296296 0.5770833333333333 0.9143518518518519 0.5760416666666667 0.9023148148148148 0.57421875 0.9009259259259259 0.5736979166666667 0.8958333333333334 0.5729166666666666 0.8935185185185185 0.5721354166666667 0.8912037037037037 0.571875 0.8870370370370371 0.5708333333333333 0.8814814814814815 0.5705729166666667 0.8810185185185185 0.5703125
4 0.8865740740740741 0.26484375 0.8865740740740741 0.26666666666666666 0.8861111111111111 0.2669270833333333 0.8861111111111111 0.271875 0.887962962962963 0.275 0.8902777777777777 0.27578125 0.8930555555555556 0.27630208333333334 0.8972222222222223 0.2765625 0.8976851851851851 0.27682291666666664 0.9 0.27682291666666664 0.9004629629629629 0.27708333333333335 0.9032407407407408 0.27708333333333335 0.9037037037037037 0.27734375 0.9111111111111111 0.2755208333333333 0.9157407407407407 0.27265625 0.9199074074074074 0.2713541666666667 0.9203703703703704 0.2716145833333333 0.9226851851851852 0.2716145833333333 0.9231481481481482 0.271875 0.9254629629629629 0.271875 0.9277777777777778 0.27239583333333334 0.9319444444444445 0.27265625 0.9324074074074075 0.27291666666666664 0.9356481481481481 0.27317708333333335 0.9407407407407408 0.27421875 0.95 0.275 0.9569444444444445 0.27630208333333334 0.9606481481481481 0.2765625 0.9629629629629629 0.27708333333333335 0.9648148148148148 0.27708333333333335 0.9652777777777778 0.27734375 0.9666666666666667 0.27734375 0.9708333333333333 0.278125 0.975462962962963 0.27838541666666666 0.975925925925926 0.2786458333333333 0.9796296296296296 0.2786458333333333 0.9800925925925926 0.27890625 0.9847222222222223 0.27890625 0.9851851851851852 0.2791666666666667 0.986574074074074 0.2791666666666667 0.987037037037037 0.27890625 0.9898148148148148 0.2786458333333333 0.9930555555555556 0.2765625 0.9953703703703703 0.27421875 0.9962962962962963 0.27265625 0.9962962962962963 0.271875 0.9967592592592592 0.2716145833333333 0.9967592592592592 0.2703125 0.9962962962962963 0.27005208333333336 0.9962962962962963 0.26848958333333334 0.9949074074074075 0.2669270833333333 0.9925925925925926 0.26614583333333336 0.9916666666666667 0.26614583333333336 0.9902777777777778 0.265625 0.9861111111111112 0.26536458333333335 0.9842592592592593 0.26484375 0.9787037037037037 0.26458333333333334 0.9768518518518519 0.2640625 0.975462962962963 0.2640625 0.9712962962962963 0.26328125 0.9671296296296297 0.26328125 0.9666666666666667 0.2630208333333333 0.962037037037037 0.26276041666666666 0.961574074074074 0.2625 0.9601851851851851 0.2625 0.9518518518518518 0.2609375 0.95 0.2609375 0.9495370370370371 0.26067708333333334 0.9458333333333333 0.2604166666666667 0.9453703703703704 0.26015625 0.9430555555555555 0.26015625 0.9425925925925925 0.2598958333333333 0.9388888888888889 0.2596354166666667 0.9337962962962963 0.25859375 0.9314814814814815 0.25859375 0.9310185185185185 0.25833333333333336 0.9277777777777778 0.25807291666666665 0.924537037037037 0.25703125 0.9226851851851852 0.2559895833333333 0.9208333333333333 0.25416666666666665 0.9199074074074074 0.25234375 0.9189814814814815 0.2518229166666667 0.9162037037037037 0.2513020833333333 0.9138888888888889 0.2513020833333333 0.913425925925926 0.25104166666666666 0.9092592592592592 0.25104166666666666 0.9087962962962963 0.25078125 0.9050925925925926 0.25078125 0.9037037037037037 0.25052083333333336 0.9032407407407408 0.25078125 0.9004629629629629 0.25078125 0.8962962962962963 0.2520833333333333 0.8944444444444445 0.25390625 0.8921296296296296 0.25546875 0.8907407407407407 0.25833333333333336 0.888425925925926 0.2604166666666667 0.8875 0.2630208333333333 0.8870370370370371 0.26328125 0.8870370370370371 0.26458333333333334
1 0.9791666666666666 0.6036458333333333 0.9782407407407407 0.6026041666666667 0.9763888888888889 0.6013020833333333 0.975925925925926 0.6005208333333333 0.975 0.6 0.9745370370370371 0.59921875 0.9708333333333333 0.5971354166666667 0.9708333333333333 0.596875 0.9694444444444444 0.59609375 0.9694444444444444 0.5958333333333333 0.9657407407407408 0.59375 0.9629629629629629 0.59296875 0.9611111111111111 0.59296875 0.9606481481481481 0.5927083333333333 0.9583333333333334 0.5927083333333333 0.9569444444444445 0.5932291666666667 0.9555555555555556 0.5932291666666667 0.9532407407407407 0.5942708333333333 0.9527777777777777 0.5942708333333333 0.9513888888888888 0.5950520833333334 0.95 0.5953125 0.9476851851851852 0.5963541666666666 0.9467592592592593 0.5966145833333333 0.9444444444444444 0.5966145833333333 0.9407407407407408 0.59765625 0.9393518518518519 0.5984375 0.9384259259259259 0.5994791666666667 0.9384259259259259 0.6002604166666666 0.937962962962963 0.6005208333333333 0.9375 0.6018229166666667 0.9365740740740741 0.6026041666666667 0.9365740740740741 0.603125 0.9337962962962963 0.6049479166666667 0.9333333333333333 0.6049479166666667 0.9296296296296296 0.6067708333333334 0.9282407407407407 0.60703125 0.924537037037037 0.60859375 0.9231481481481482 0.6088541666666667 0.9212962962962963 0.6098958333333333 0.9208333333333333 0.6098958333333333 0.9194444444444444 0.6106770833333334 0.9189814814814815 0.6106770833333334 0.9166666666666666 0.61171875 0.9101851851851852 0.6135416666666667 0.9083333333333333 0.6145833333333334 0.9078703703703703 0.6145833333333334 0.9069444444444444 0.6151041666666667 0.9069444444444444 0.6153645833333333 0.9060185185185186 0.6158854166666666 0.9060185185185186 0.6161458333333333 0.9037037037037037 0.61796875 0.9037037037037037 0.6184895833333334 0.9032407407407408 0.61875 0.9037037037037037 0.6205729166666667 0.9055555555555556 0.6223958333333334 0.9055555555555556 0.6229166666666667 0.9060185185185186 0.6229166666666667 0.9069444444444444 0.6234375 0.9083333333333333 0.6236979166666666 0.9092592592592592 0.62421875 0.9111111111111111 0.6247395833333333 0.912962962962963 0.6247395833333333 0.913425925925926 0.6244791666666667 0.9157407407407407 0.62421875 0.9175925925925926 0.6234375 0.9212962962962963 0.6223958333333334 0.9236111111111112 0.6221354166666667 0.924537037037037 0.6216145833333333 0.9273148148148148 0.6208333333333333 0.9282407407407407 0.6203125 0.9310185185185185 0.61953125 0.9319444444444445 0.61953125 0.9337962962962963 0.61875 0.9351851851851852 0.6184895833333334 0.937962962962963 0.6171875 0.9472222222222222 0.61484375 0.9486111111111111 0.6140625 0.95 0.6138020833333333 0.950925925925926 0.61328125 0.9546296296296296 0.61328125 0.9564814814814815 0.6140625 0.9569444444444445 0.6140625 0.9587962962962963 0.6151041666666667 0.9592592592592593 0.61484375 0.9625 0.61484375 0.9666666666666667 0.6119791666666666 0.9675925925925926 0.61171875 0.9685185185185186 0.61171875 0.9689814814814814 0.6114583333333333 0.9699074074074074 0.6114583333333333 0.9703703703703703 0.6111979166666667 0.9712962962962963 0.6111979166666667 0.9717592592592592 0.6109375 0.9726851851851852 0.6109375 0.9731481481481481 0.6106770833333334 0.9745370370370371 0.6106770833333334 0.975925925925926 0.6098958333333333 0.9763888888888889 0.6098958333333333 0.9787037037037037 0.6088541666666667 0.9787037037037037 0.60859375 0.9800925925925926 0.6075520833333333 0.9800925925925926 0.60625 0.9796296296296296 0.6059895833333333
1 0.9365740740740741 0.4236979166666667 0.9365740740740741 0.425 0.937037037037037 0.42526041666666664 0.937037037037037 0.4265625 0.9375 0.42682291666666666 0.9375 0.4276041666666667 0.937962962962963 0.4278645833333333 0.937962962962963 0.428125 0.9384259259259259 0.4283854166666667 0.9384259259259259 0.42864583333333334 0.9388888888888889 0.42890625 0.9398148148148148 0.43020833333333336 0.9412037037037037 0.4309895833333333 0.9416666666666667 0.4309895833333333 0.9421296296296297 0.43125 0.9425925925925925 0.43125 0.9430555555555555 0.4315104166666667 0.9453703703703704 0.43203125 0.9462962962962963 0.43255208333333334 0.9467592592592593 0.43255208333333334 0.9472222222222222 0.4328125 0.9481481481481482 0.4328125 0.9486111111111111 0.43307291666666664 0.9495370370370371 0.43307291666666664 0.95 0.43333333333333335 0.950925925925926 0.43333333333333335 0.9523148148148148 0.43411458333333336 0.9537037037037037 0.434375 0.9546296296296296 0.4348958333333333 0.9597222222222223 0.4348958333333333 0.9601851851851851 0.43515625 0.962037037037037 0.43515625 0.9625 0.4354166666666667 0.9671296296296297 0.4354166666666667 0.9675925925925926 0.43515625 0.9685185185185186 0.43515625 0.9699074074074074 0.43463541666666666 0.9708333333333333 0.43463541666666666 0.9712962962962963 0.434375 0.9717592592592592 0.434375 0.9740740740740741 0.43333333333333335 0.975462962962963 0.43333333333333335 0.975925925925926 0.43359375 0.9777777777777777 0.43359375 0.9782407407407407 0.43385416666666665 0.9819444444444444 0.43385416666666665 0.9824074074074074 0.43411458333333336 0.9833333333333333 0.43411458333333336 0.9837962962962963 0.434375 0.9847222222222223 0.434375 0.9851851851851852 0.43463541666666666 0.987037037037037 0.43463541666666666 0.9875 0.4348958333333333 0.9898148148148148 0.4348958333333333 0.9902777777777778 0.43515625 0.9921296296296296 0.43515625 0.9925925925925926 0.4354166666666667 0.999537037037037 0.4354166666666667 0.999537037037037 0.425 0.9972222222222222 0.425 0.9967592592592592 0.42473958333333334 0.9953703703703703 0.42473958333333334 0.9949074074074075 0.4244791666666667 0.9935185185185185 0.4244791666666667 0.9930555555555556 0.42421875 0.9921296296296296 0.42421875 0.9916666666666667 0.4239583333333333 0.9907407407407407 0.4239583333333333 0.9902777777777778 0.4236979166666667 0.9888888888888889 0.4236979166666667 0.9884259259259259 0.4234375 0.9875 0.4234375 0.987037037037037 0.4231770833333333 0.986574074074074 0.4231770833333333 0.9842592592592593 0.421875 0.9842592592592593 0.42161458333333335 0.9833333333333333 0.42109375 0.9833333333333333 0.4205729166666667 0.9824074074074074 0.4197916666666667 0.9824074074074074 0.4192708333333333 0.9810185185185185 0.41848958333333336 0.9810185185185185 0.41822916666666665 0.9796296296296296 0.41744791666666664 0.9791666666666666 0.41744791666666664 0.9782407407407407 0.41692708333333334 0.9777777777777777 0.41692708333333334 0.9773148148148149 0.4166666666666667 0.975925925925926 0.4166666666666667 0.975462962962963 0.41640625 0.9745370370370371 0.41640625 0.9740740740740741 0.4161458333333333 0.9722222222222222 0.4161458333333333 0.9717592592592592 0.4158854166666667 0.9689814814814814 0.4158854166666667 0.9685185185185186 0.4161458333333333 0.9675925925925926 0.4161458333333333 0.9671296296296297 0.41640625 0.9662037037037037 0.41640625 0.9657407407407408 0.4161458333333333 0.9652777777777778 0.4161458333333333 0.9648148148148148 0.4158854166666667 0.9638888888888889 0.4158854166666667 0.9634259259259259 0.415625 0.961574074074074 0.415625 0.9611111111111111 0.4153645833333333 0.9592592592592593 0.4153645833333333 0.9587962962962963 0.41510416666666666 0.9564814814814815 0.41510416666666666 0.9560185185185185 0.41484375 0.9527777777777777 0.41484375 0.9523148148148148 0.41458333333333336 0.950462962962963 0.41458333333333336 0.95 0.41484375 0.9481481481481482 0.41484375 0.9476851851851852 0.41510416666666666 0.9467592592592593 0.41510416666666666 0.9458333333333333 0.415625 0.9453703703703704 0.415625 0.9425925925925925 0.4171875 0.9425925925925925 0.41744791666666664 0.9416666666666667 0.41796875 0.9416666666666667 0.41822916666666665 0.9398148148148148 0.4200520833333333 0.9398148148148148 0.42083333333333334 0.9393518518518519 0.42109375 0.9384259259259259 0.42239583333333336
1 0.8888888888888888 0.41354166666666664 0.8856481481481482 0.4153645833333333 0.8856481481481482 0.415625 0.8847222222222222 0.4161458333333333 0.8847222222222222 0.4166666666666667 0.8837962962962963 0.41770833333333335 0.8837962962962963 0.41848958333333336 0.8833333333333333 0.41875 0.8833333333333333 0.41953125 0.8828703703703704 0.4197916666666667 0.8842592592592593 0.42135416666666664 0.8856481481481482 0.42213541666666665 0.8856481481481482 0.42239583333333336 0.8898148148148148 0.42473958333333334 0.8902777777777777 0.42473958333333334 0.8912037037037037 0.42526041666666664 0.8930555555555556 0.42578125 0.8944444444444445 0.4265625 0.8949074074074074 0.4265625 0.8962962962962963 0.42734375 0.8981481481481481 0.4278645833333333 0.9041666666666667 0.43125 0.9041666666666667 0.4315104166666667 0.9055555555555556 0.4322916666666667 0.9078703703703703 0.4328125 0.9125 0.4354166666666667 0.9120370370370371 0.4356770833333333 0.9120370370370371 0.43984375 0.912962962962963 0.44088541666666664 0.9138888888888889 0.44140625 0.9138888888888889 0.44166666666666665 0.9157407407407407 0.4427083333333333 0.9166666666666666 0.4427083333333333 0.9171296296296296 0.44296875 0.9194444444444444 0.4432291666666667 0.9203703703703704 0.44375 0.9208333333333333 0.44375 0.9263888888888889 0.446875 0.9263888888888889 0.4471354166666667 0.9268518518518518 0.4471354166666667 0.9287037037037037 0.4479166666666667 0.9296296296296296 0.4479166666666667 0.9314814814814815 0.4484375 0.9324074074074075 0.44817708333333334 0.9347222222222222 0.44817708333333334 0.9365740740740741 0.44765625 0.9421296296296297 0.44453125 0.9425925925925925 0.44453125 0.9439814814814815 0.44375 0.9449074074074074 0.4434895833333333 0.9449074074074074 0.4432291666666667 0.9476851851851852 0.44166666666666665 0.9476851851851852 0.44140625 0.950925925925926 0.4393229166666667 0.9513888888888888 0.4388020833333333 0.9513888888888888 0.43828125 0.9532407407407407 0.4361979166666667 0.9541666666666667 0.4356770833333333 0.9541666666666667 0.43463541666666666 0.9527777777777777 0.43307291666666664 0.9518518518518518 0.43255208333333334 0.950462962962963 0.4322916666666667 0.9495370370370371 0.4317708333333333 0.9490740740740741 0.4317708333333333 0.9481481481481482 0.43125 0.9476851851851852 0.43125 0.9458333333333333 0.43046875 0.9449074074074074 0.43046875 0.9444444444444444 0.43020833333333336 0.9430555555555555 0.43020833333333336 0.9412037037037037 0.42916666666666664 0.9384259259259259 0.42578125 0.9361111111111111 0.42473958333333334 0.9347222222222222 0.42473958333333334 0.9319444444444445 0.42552083333333335 0.9305555555555556 0.42552083333333335 0.9300925925925926 0.42578125 0.9287037037037037 0.42578125 0.9282407407407407 0.42604166666666665 0.9273148148148148 0.42604166666666665 0.9222222222222223 0.4234375 0.9157407407407407 0.42161458333333335 0.9143518518518519 0.42083333333333334 0.9138888888888889 0.42083333333333334 0.9125 0.4200520833333333 0.9120370370370371 0.4200520833333333 0.9115740740740741 0.41953125 0.9092592592592592 0.41822916666666665 0.9046296296296297 0.41692708333333334 0.9013888888888889 0.41510416666666666 0.8986111111111111 0.41432291666666665 0.8962962962962963 0.41328125 0.8953703703703704 0.41328125 0.8935185185185185 0.4127604166666667 0.8916666666666667 0.4127604166666667