5 0.03564814814814815 0.37395833333333334 0.032407407407407406 0.37395833333333334 0.028703703703703703 0.37578125 0.027314814814814816 0.37734375 0.027314814814814816 0.37786458333333334 0.02638888888888889 0.37864583333333335 0.02638888888888889 0.37916666666666665 0.02546296296296296 0.37994791666666666 0.025 0.3809895833333333 0.02546296296296296 0.38125 0.025925925925925925 0.3828125 0.027314814814814816 0.384375 0.02824074074074074 0.3848958333333333 0.031018518518518518 0.3885416666666667 0.02962962962962963 0.39010416666666664 0.02962962962962963 0.390625 0.028703703703703703 0.39166666666666666 0.028703703703703703 0.3924479166666667 0.02638888888888889 0.39505208333333336 0.02546296296296296 0.39557291666666666 0.02361111111111111 0.39791666666666664 0.021296296296296296 0.39947916666666666 0.01898148148148148 0.40234375 0.01712962962962963 0.4036458333333333 0.016203703703703703 0.4046875 0.015277777777777777 0.40677083333333336 0.014351851851851852 0.4075520833333333 0.014351851851851852 0.4080729166666667 0.0125 0.41015625 0.010185185185185186 0.4119791666666667 0.010185185185185186 0.41302083333333334 0.009722222222222222 0.41328125 0.009722222222222222 0.41432291666666665 0.009259259259259259 0.41458333333333336 0.009259259259259259 0.415625 0.008796296296296297 0.4158854166666667 0.010648148148148148 0.41796875 0.013425925925925926 0.41953125 0.015277777777777777 0.4200520833333333 0.01898148148148148 0.4205729166666667 0.019444444444444445 0.42083333333333334 0.020833333333333332 0.42083333333333334 0.021296296296296296 0.42109375 0.022222222222222223 0.42109375 0.024074074074074074 0.42161458333333335 0.025925925925925925 0.42161458333333335 0.02638888888888889 0.421875 0.029166666666666667 0.421875 0.02962962962962963 0.42161458333333335 0.03194444444444444 0.42135416666666664 0.03287037037037037 0.42109375 0.03518518518518519 0.41953125 0.03564814814814815 0.41875 0.038425925925925926 0.4166666666666667 0.040740740740740744 0.4140625 0.041666666666666664 0.41354166666666664 0.043055555555555555 0.41171875 0.04398148148148148 0.41119791666666666 0.044444444444444446 0.41041666666666665 0.04537037037037037 0.40989583333333335 0.04583333333333333 0.40911458333333334 0.04953703703703704 0.40598958333333335 0.05185185185185185 0.40286458333333336 0.05648148148148148 0.4 0.05694444444444444 0.39921875 0.06018518518518518 0.3971354166666667 0.06342592592592593 0.396875 0.06388888888888888 0.3966145833333333 0.06574074074074074 0.3966145833333333 0.06620370370370371 0.3963541666666667 0.07222222222222222 0.3963541666666667 0.07592592592592592 0.3953125 0.07685185185185185 0.39427083333333335 0.07962962962962963 0.3924479166666667 0.07916666666666666 0.3885416666666667 0.0787037037037037 0.3885416666666667 0.07592592592592592 0.38697916666666665 0.07407407407407407 0.38645833333333335 0.06805555555555555 0.38385416666666666 0.06666666666666667 0.38359375 0.06527777777777778 0.3828125 0.06296296296296296 0.38203125 0.060648148148148145 0.3807291666666667 0.05648148148148148 0.37916666666666665 0.05416666666666667 0.37864583333333335 0.05 0.3768229166666667 0.049074074074074076 0.3768229166666667 0.04490740740740741 0.37552083333333336 0.040740740740740744 0.37526041666666665 0.0375 0.37421875 0.03611111111111111 0.37421875
3 0.03657407407407407 0.44244791666666666 0.034722222222222224 0.44244791666666666 0.03425925925925926 0.4421875 0.028703703703703703 0.4421875 0.025925925925925925 0.4432291666666667 0.01990740740740741 0.446875 0.016203703703703703 0.4510416666666667 0.016666666666666666 0.4515625 0.01712962962962963 0.4557291666666667 0.017592592592592594 0.45598958333333334 0.017592592592592594 0.45677083333333335 0.018055555555555554 0.45703125 0.01898148148148148 0.4591145833333333 0.017592592592592594 0.46015625 0.017592592592592594 0.46067708333333335 0.016666666666666666 0.46145833333333336 0.016666666666666666 0.46197916666666666 0.01574074074074074 0.4630208333333333 0.012037037037037037 0.46510416666666665 0.009722222222222222 0.4671875 0.004629629629629629 0.46979166666666666 0.0023148148148148147 0.47291666666666665 0.001851851851851852 0.47317708333333336 0.0 0.47317708333333336 0.0 0.4921875 0.001851851851851852 0.4921875 0.005555555555555556 0.4934895833333333 0.008333333333333333 0.4934895833333333 0.008796296296296297 0.49375 0.013425925925925926 0.4934895833333333 0.018518518518518517 0.49192708333333335 0.019444444444444445 0.49140625 0.02175925925925926 0.4908854166666667 0.03009259259259259 0.4864583333333333 0.03333333333333333 0.48385416666666664 0.03518518518518519 0.4817708333333333 0.041666666666666664 0.478125 0.04351851851851852 0.4765625 0.04490740740740741 0.47578125 0.046296296296296294 0.47552083333333334 0.04861111111111111 0.4739583333333333 0.05185185185185185 0.47317708333333336 0.06481481481481481 0.47317708333333336 0.06527777777777778 0.47291666666666665 0.06759259259259259 0.47265625 0.07037037037037037 0.47161458333333334 0.07453703703703704 0.46927083333333336 0.07592592592592592 0.46770833333333334 0.07592592592592592 0.4671875 0.0763888888888889 0.4669270833333333 0.0763888888888889 0.46380208333333334 0.07685185185185185 0.4635416666666667 0.07685185185185185 0.4627604166666667 0.07361111111111111 0.4591145833333333 0.0712962962962963 0.45755208333333336 0.06851851851851852 0.4549479166666667 0.06388888888888888 0.45234375 0.062037037037037036 0.4518229166666667 0.06111111111111111 0.4510416666666667 0.05694444444444444 0.44947916666666665 0.053703703703703705 0.44869791666666664 0.04675925925925926 0.44609375 0.04490740740740741 0.44505208333333335 0.041666666666666664 0.44427083333333334 0.03935185185185185 0.4432291666666667
4 0.15324074074074073 0.14635416666666667 0.15324074074074073 0.14661458333333333 0.15046296296296297 0.1484375 0.15046296296296297 0.14895833333333333 0.15 0.14921875 0.15 0.1515625 0.15046296296296297 0.15182291666666667 0.15046296296296297 0.15260416666666668 0.15138888888888888 0.15338541666666666 0.15138888888888888 0.15390625 0.15231481481481482 0.15442708333333333 0.15416666666666667 0.15651041666666668 0.15416666666666667 0.15703125 0.16018518518518518 0.16067708333333333 0.16111111111111112 0.16197916666666667 0.16435185185185186 0.1640625 0.16574074074074074 0.165625 0.1685185185185185 0.1671875 0.17175925925925925 0.16979166666666667 0.175 0.17161458333333332 0.175 0.171875 0.1763888888888889 0.17265625 0.17731481481481481 0.17395833333333333 0.18055555555555555 0.17604166666666668 0.18518518518518517 0.17994791666666668 0.1875 0.18125 0.1875 0.18177083333333333 0.18796296296296297 0.18203125 0.18796296296296297 0.18385416666666668 0.1884259259259259 0.18411458333333333 0.1884259259259259 0.18567708333333333 0.18611111111111112 0.1890625 0.18611111111111112 0.19010416666666666 0.1865740740740741 0.19036458333333334 0.1865740740740741 0.19270833333333334 0.18888888888888888 0.19479166666666667 0.19027777777777777 0.1953125 0.1935185185185185 0.19583333333333333 0.19583333333333333 0.19713541666666667 0.19907407407407407 0.19739583333333333 0.19953703703703704 0.19765625 0.2013888888888889 0.19765625 0.20416666666666666 0.1984375 0.2064814814814815 0.1984375 0.20694444444444443 0.19817708333333334 0.20879629629629629 0.19817708333333334 0.21157407407407408 0.19739583333333333 0.21388888888888888 0.19713541666666667 0.21574074074074073 0.19609375 0.22083333333333333 0.19453125 0.22407407407407406 0.19270833333333334 0.2273148148148148 0.1890625 0.2273148148148148 0.18776041666666668 0.22824074074074074 0.18645833333333334 0.22824074074074074 0.18359375 0.22777777777777777 0.18333333333333332 0.2273148148148148 0.18151041666666667 0.22268518518518518 0.17916666666666667 0.22037037037037038 0.17734375 0.21805555555555556 0.17734375 0.2175925925925926 0.17708333333333334 0.21666666666666667 0.17708333333333334 0.21296296296296297 0.175 0.21296296296296297 0.17473958333333334 0.20972222222222223 0.17369791666666667 0.20601851851851852 0.17369791666666667 0.2050925925925926 0.17395833333333333 0.2013888888888889 0.171875 0.2013888888888889 0.17161458333333332 0.19907407407407407 0.1703125 0.19907407407407407 0.16979166666666667 0.19398148148148148 0.16666666666666666 0.1935185185185185 0.16588541666666667 0.18981481481481483 0.16380208333333332 0.18611111111111112 0.16067708333333333 0.18518518518518517 0.159375 0.18009259259259258 0.15598958333333332 0.18009259259259258 0.15572916666666667 0.1787037037037037 0.15494791666666666 0.17824074074074073 0.15416666666666667 0.17453703703703705 0.15208333333333332 0.1726851851851852 0.15026041666666667 0.16944444444444445 0.1484375 0.16944444444444445 0.14817708333333332 0.16898148148148148 0.14817708333333332 0.16620370370370371 0.14661458333333333 0.1638888888888889 0.14609375 0.1625 0.14609375 0.16203703703703703 0.14583333333333334 0.15648148148148147 0.14583333333333334 0.15601851851851853 0.14609375
1 0.06435185185185185 0.47994791666666664 0.06296296296296296 0.48072916666666665 0.06296296296296296 0.48098958333333336 0.062037037037037036 0.4817708333333333 0.062037037037037036 0.4828125 0.0625 0.4830729166666667 0.0625 0.48359375 0.06296296296296296 0.48385416666666664 0.06296296296296296 0.484375 0.06342592592592593 0.48463541666666665 0.06342592592592593 0.48541666666666666 0.06388888888888888 0.4856770833333333 0.06388888888888888 0.4861979166666667 0.06527777777777778 0.48723958333333334 0.06527777777777778 0.4875 0.06620370370370371 0.48802083333333335 0.06620370370370371 0.48828125 0.06759259259259259 0.48932291666666666 0.06805555555555555 0.4901041666666667 0.06944444444444445 0.4908854166666667 0.06944444444444445 0.49114583333333334 0.07083333333333333 0.49192708333333335 0.07083333333333333 0.4921875 0.07361111111111111 0.4942708333333333 0.07361111111111111 0.49453125 0.07546296296296297 0.49635416666666665 0.07546296296296297 0.496875 0.07685185185185185 0.4981770833333333 0.07685185185185185 0.5036458333333333 0.07731481481481481 0.50390625 0.07731481481481481 0.5057291666666667 0.07777777777777778 0.5059895833333333 0.07824074074074074 0.5067708333333333 0.07916666666666666 0.5072916666666667 0.07916666666666666 0.5075520833333333 0.08009259259259259 0.5080729166666667 0.08055555555555556 0.5080729166666667 0.08564814814814815 0.5109375 0.08564814814814815 0.5111979166666667 0.08657407407407407 0.5119791666666667 0.08657407407407407 0.5125 0.08703703703703704 0.5127604166666667 0.08703703703703704 0.5135416666666667 0.08796296296296297 0.5140625 0.09027777777777778 0.5145833333333333 0.0912037037037037 0.5151041666666667 0.09166666666666666 0.5151041666666667 0.09490740740740741 0.5161458333333333 0.0962962962962963 0.5161458333333333 0.09675925925925925 0.5158854166666667 0.09907407407407408 0.515625 0.10046296296296296 0.5151041666666667 0.10138888888888889 0.5151041666666667 0.10185185185185185 0.51484375 0.10277777777777777 0.51484375 0.10324074074074074 0.5145833333333333 0.10416666666666667 0.5145833333333333 0.10462962962962963 0.5143229166666666 0.10601851851851851 0.5143229166666666 0.10648148148148148 0.5140625 0.10787037037037037 0.5140625 0.10833333333333334 0.5138020833333333 0.11018518518518519 0.5138020833333333 0.11064814814814815 0.5135416666666667 0.11157407407407408 0.5135416666666667 0.11435185185185186 0.5119791666666667 0.11481481481481481 0.5119791666666667 0.11527777777777778 0.51171875 0.11527777777777778 0.5114583333333333 0.1175925925925926 0.51015625 0.1175925925925926 0.5098958333333333 0.11805555555555555 0.5096354166666667 0.11805555555555555 0.5088541666666667 0.11851851851851852 0.50859375 0.11851851851851852 0.5067708333333333 0.11898148148148148 0.5065104166666666 0.11898148148148148 0.5057291666666667 0.1175925925925926 0.5049479166666667 0.1175925925925926 0.5046875 0.1162037037037037 0.50390625 0.1162037037037037 0.5036458333333333 0.11342592592592593 0.5015625 0.11342592592592593 0.5 0.11296296296296296 0.49973958333333335 0.11296296296296296 0.4979166666666667 0.1125 0.49765625 0.1125 0.4973958333333333 0.10925925925925926 0.49557291666666664 0.1087962962962963 0.49557291666666664 0.10740740740740741 0.4947916666666667 0.10740740740740741 0.49453125 0.10694444444444444 0.49453125 0.10648148148148148 0.4942708333333333 0.10555555555555556 0.4942708333333333 0.1050925925925926 0.4940104166666667 0.10324074074074074 0.4940104166666667 0.10277777777777777 0.49375 0.10138888888888889 0.49375 0.10092592592592593 0.4934895833333333 0.1 0.4934895833333333 0.09953703703703703 0.49322916666666666 0.09583333333333334 0.49322916666666666 0.09537037037037037 0.49296875 0.09490740740740741 0.49296875 0.09305555555555556 0.49192708333333335 0.09305555555555556 0.49166666666666664 0.09212962962962963 0.4908854166666667 0.09212962962962963 0.4903645833333333 0.09166666666666666 0.4901041666666667 0.09166666666666666 0.48984375 0.08888888888888889 0.48802083333333335 0.08888888888888889 0.48776041666666664 0.0875 0.48671875 0.0875 0.4864583333333333 0.08518518518518518 0.48515625 0.08518518518518518 0.48489583333333336 0.08425925925925926 0.484375 0.08425925925925926 0.48411458333333335 0.08287037037037037 0.48333333333333334 0.0824074074074074 0.4825520833333333 0.07916666666666666 0.48072916666666665 0.0787037037037037 0.48072916666666665 0.07592592592592592 0.4791666666666667 0.07592592592592592 0.47890625 0.0699074074074074 0.47890625 0.06944444444444445 0.4791666666666667 0.06759259259259259 0.4791666666666667 0.06712962962962964 0.47942708333333334 0.06620370370370371 0.47942708333333334 0.06574074074074074 0.4796875
4 0.08842592592592592 0.6541666666666667 0.08287037037037037 0.6510416666666666 0.08055555555555556 0.65 0.07916666666666666 0.6497395833333334 0.07546296296296297 0.6479166666666667 0.07453703703703704 0.6479166666666667 0.07175925925925926 0.6471354166666666 0.0699074074074074 0.6471354166666666 0.06944444444444445 0.646875 0.06712962962962964 0.646875 0.06435185185185185 0.6473958333333333 0.059722222222222225 0.6502604166666667 0.059722222222222225 0.6510416666666666 0.058333333333333334 0.6533854166666667 0.058333333333333334 0.6565104166666667 0.05787037037037037 0.6567708333333333 0.05787037037037037 0.6580729166666667 0.052314814814814814 0.6614583333333334 0.04212962962962963 0.665625 0.03796296296296296 0.6677083333333333 0.034722222222222224 0.66875 0.031018518518518518 0.6705729166666666 0.029166666666666667 0.67109375 0.026851851851851852 0.6723958333333333 0.022685185185185187 0.6736979166666667 0.018055555555555554 0.6760416666666667 0.011574074074074073 0.6776041666666667 0.001388888888888889 0.6825520833333333 0.0 0.6825520833333333 0.0 0.6966145833333334 0.001851851851851852 0.6966145833333334 0.004629629629629629 0.69609375 0.009259259259259259 0.6947916666666667 0.014351851851851852 0.6924479166666667 0.017592592592592594 0.6916666666666667 0.02175925925925926 0.68984375 0.024074074074074074 0.6893229166666667 0.025925925925925925 0.68828125 0.02962962962962963 0.6872395833333333 0.031018518518518518 0.6864583333333333 0.03611111111111111 0.68515625 0.0375 0.6841145833333333 0.0412037037037037 0.6822916666666666 0.04398148148148148 0.6815104166666667 0.05277777777777778 0.6776041666666667 0.060648148148148145 0.675 0.06759259259259259 0.6736979166666667 0.06898148148148148 0.6729166666666667 0.07175925925925926 0.6721354166666667 0.07731481481481481 0.6721354166666667 0.07916666666666666 0.67265625 0.08564814814814815 0.67265625 0.08611111111111111 0.6723958333333333 0.08888888888888889 0.6723958333333333 0.09166666666666666 0.671875 0.09305555555555556 0.6708333333333333 0.09537037037037037 0.6697916666666667 0.0962962962962963 0.6653645833333334 0.09583333333333334 0.6651041666666667 0.09583333333333334 0.6638020833333333 0.09537037037037037 0.6635416666666667 0.09537037037037037 0.6619791666666667 0.09444444444444444 0.6611979166666667 0.09305555555555556 0.6583333333333333 0.08888888888888889 0.6552083333333333
5 0.262037037037037 0.6096354166666667 0.26157407407407407 0.609375 0.26157407407407407 0.6075520833333333 0.2611111111111111 0.6072916666666667 0.2601851851851852 0.6036458333333333 0.25601851851851853 0.6 0.25277777777777777 0.59921875 0.25 0.59921875 0.24953703703703703 0.5989583333333334 0.2439814814814815 0.5989583333333334 0.24351851851851852 0.59921875 0.2412037037037037 0.5994791666666667 0.23425925925925925 0.6028645833333334 0.23287037037037037 0.603125 0.23194444444444445 0.6036458333333333 0.23055555555555557 0.6036458333333333 0.22824074074074074 0.6041666666666666 0.2273148148148148 0.6041666666666666 0.22685185185185186 0.60390625 0.22407407407407406 0.60390625 0.22037037037037038 0.603125 0.21712962962962962 0.603125 0.21666666666666667 0.6028645833333334 0.21481481481481482 0.6028645833333334 0.21435185185185185 0.6026041666666667 0.2125 0.6026041666666667 0.21203703703703702 0.60234375 0.2101851851851852 0.60234375 0.20972222222222223 0.6020833333333333 0.20324074074074075 0.6015625 0.20277777777777778 0.6013020833333333 0.19907407407407407 0.6010416666666667 0.1986111111111111 0.60078125 0.19675925925925927 0.60078125 0.1962962962962963 0.6005208333333333 0.19444444444444445 0.6005208333333333 0.19398148148148148 0.6002604166666666 0.18796296296296297 0.6 0.1875 0.5997395833333333 0.18425925925925926 0.5994791666666667 0.1837962962962963 0.5997395833333333 0.18101851851851852 0.5997395833333333 0.17962962962962964 0.6002604166666666 0.17777777777777778 0.6005208333333333 0.1736111111111111 0.603125 0.17083333333333334 0.6057291666666667 0.17083333333333334 0.60625 0.1699074074074074 0.60703125 0.16944444444444445 0.6114583333333333 0.1712962962962963 0.6138020833333333 0.1736111111111111 0.6151041666666667 0.1763888888888889 0.6158854166666666 0.17731481481481481 0.6158854166666666 0.18055555555555555 0.6169270833333333 0.18518518518518517 0.6174479166666667 0.18564814814814815 0.6177083333333333 0.18796296296296297 0.61796875 0.18935185185185185 0.6184895833333334 0.19074074074074074 0.6184895833333334 0.1912037037037037 0.61875 0.1925925925925926 0.61875 0.19305555555555556 0.6190104166666667 0.19444444444444445 0.6190104166666667 0.19490740740740742 0.6192708333333333 0.20185185185185187 0.6200520833333333 0.2064814814814815 0.62109375 0.20787037037037037 0.62109375 0.2175925925925926 0.6234375 0.2212962962962963 0.6252604166666667 0.22361111111111112 0.6278645833333333 0.22407407407407406 0.62890625 0.225 0.6294270833333333 0.22592592592592592 0.6307291666666667 0.22870370370370371 0.63203125 0.2300925925925926 0.63203125 0.23194444444444445 0.6325520833333333 0.24074074074074073 0.6330729166666667 0.2412037037037037 0.6328125 0.2439814814814815 0.6325520833333333 0.24722222222222223 0.6315104166666666 0.25092592592592594 0.6283854166666667 0.2564814814814815 0.6244791666666667 0.2601851851851852 0.6192708333333333 0.26064814814814813 0.6166666666666667 0.2611111111111111 0.61640625 0.2611111111111111 0.6153645833333333 0.26157407407407407 0.6151041666666667 0.26157407407407407 0.6130208333333333 0.262037037037037 0.6127604166666667
2 0.2601851851851852 0.271875 0.25555555555555554 0.27291666666666664 0.25324074074074077 0.2752604166666667 0.2518518518518518 0.28177083333333336 0.2513888888888889 0.3619791666666667 0.25 0.36432291666666666 0.24166666666666667 0.36822916666666666 0.23981481481481481 0.37005208333333334 0.23842592592592593 0.3729166666666667 0.2412037037037037 0.3768229166666667 0.24722222222222223 0.37916666666666665 0.25092592592592594 0.3796875 0.25972222222222224 0.38203125 0.26342592592592595 0.3815104166666667 0.2671296296296296 0.3802083333333333 0.27037037037037037 0.3796875 0.275 0.37994791666666666 0.27824074074074073 0.37786458333333334 0.28194444444444444 0.3768229166666667 0.28379629629629627 0.37578125 0.2851851851851852 0.3734375 0.2851851851851852 0.37265625 0.2828703703703704 0.37005208333333334 0.2763888888888889 0.3671875 0.27361111111111114 0.36484375 0.27314814814814814 0.36354166666666665 0.27314814814814814 0.35963541666666665 0.2740740740740741 0.3575520833333333 0.27361111111111114 0.27838541666666666 0.2722222222222222 0.275 0.26944444444444443 0.27291666666666664 0.2657407407407407 0.2721354166666667
4 0.3574074074074074 0.36302083333333335 0.3541666666666667 0.36223958333333334 0.3509259259259259 0.36223958333333334 0.350462962962963 0.3625 0.34675925925925927 0.36276041666666664 0.3337962962962963 0.36640625 0.33055555555555555 0.36692708333333335 0.3226851851851852 0.37005208333333334 0.3199074074074074 0.37083333333333335 0.3189814814814815 0.37083333333333335 0.3148148148148148 0.3723958333333333 0.30925925925925923 0.3736979166666667 0.3050925925925926 0.37552083333333336 0.30185185185185187 0.37604166666666666 0.2986111111111111 0.37734375 0.2935185185185185 0.37864583333333335 0.29074074074074074 0.3796875 0.2884259259259259 0.37994791666666666 0.2851851851851852 0.3809895833333333 0.2824074074074074 0.3815104166666667 0.28055555555555556 0.38255208333333335 0.2791666666666667 0.38385416666666666 0.275 0.38125 0.27175925925925926 0.3802083333333333 0.2671296296296296 0.38046875 0.2638888888888889 0.38177083333333334 0.2625 0.38203125 0.2611111111111111 0.3828125 0.2601851851851852 0.38385416666666666 0.2601851851851852 0.38515625 0.26064814814814813 0.3854166666666667 0.26157407407407407 0.38828125 0.26342592592592595 0.39088541666666665 0.26342592592592595 0.39166666666666666 0.2675925925925926 0.3963541666666667 0.26944444444444443 0.39739583333333334 0.27314814814814814 0.4010416666666667 0.27824074074074073 0.40390625 0.27824074074074073 0.4041666666666667 0.2791666666666667 0.4044270833333333 0.28055555555555556 0.4041666666666667 0.2833333333333333 0.4041666666666667 0.2847222222222222 0.4036458333333333 0.2865740740740741 0.40338541666666666 0.287962962962963 0.40286458333333336 0.2912037037037037 0.40078125 0.29074074074074074 0.39557291666666666 0.2916666666666667 0.39427083333333335 0.2935185185185185 0.3932291666666667 0.2949074074074074 0.39296875 0.29814814814814816 0.39140625 0.30462962962962964 0.38958333333333334 0.3074074074074074 0.3890625 0.31157407407407406 0.38723958333333336 0.32083333333333336 0.3846354166666667 0.32222222222222224 0.38385416666666666 0.3263888888888889 0.38307291666666665 0.3277777777777778 0.38229166666666664 0.3314814814814815 0.38125 0.33240740740740743 0.3807291666666667 0.3351851851851852 0.37994791666666666 0.3375 0.3796875 0.3421296296296296 0.37786458333333334 0.3458333333333333 0.3768229166666667 0.34675925925925927 0.3768229166666667 0.35648148148148145 0.3731770833333333 0.35833333333333334 0.371875 0.36018518518518516 0.36953125 0.3597222222222222 0.3651041666666667
3 0.3439814814814815 0.17760416666666667 0.3337962962962963 0.18046875 0.3314814814814815 0.18151041666666667 0.3300925925925926 0.18177083333333333 0.3277777777777778 0.18307291666666667 0.3226851851851852 0.18515625 0.3212962962962963 0.18541666666666667 0.3189814814814815 0.18671875 0.31851851851851853 0.18671875 0.3087962962962963 0.1921875 0.3074074074074074 0.19322916666666667 0.3074074074074074 0.19453125 0.30694444444444446 0.19479166666666667 0.30694444444444446 0.19635416666666666 0.30648148148148147 0.19661458333333334 0.30648148148148147 0.19713541666666667 0.30972222222222223 0.20130208333333333 0.3143518518518518 0.20390625 0.31574074074074077 0.20416666666666666 0.3175925925925926 0.20494791666666667 0.3263888888888889 0.20546875 0.3282407407407407 0.20625 0.3296296296296296 0.20651041666666667 0.33101851851851855 0.20729166666666668 0.33240740740740743 0.20885416666666667 0.337037037037037 0.21145833333333333 0.33796296296296297 0.2125 0.34629629629629627 0.21848958333333332 0.3486111111111111 0.22083333333333333 0.35185185185185186 0.22291666666666668 0.35324074074074074 0.22447916666666667 0.35555555555555557 0.22604166666666667 0.3578703703703704 0.22838541666666667 0.3611111111111111 0.2296875 0.3625 0.2296875 0.362962962962963 0.22994791666666667 0.3680555555555556 0.22994791666666667 0.3685185185185185 0.2296875 0.3699074074074074 0.2296875 0.37407407407407406 0.22864583333333333 0.3819444444444444 0.22447916666666667 0.38472222222222224 0.221875 0.38472222222222224 0.22109375 0.3851851851851852 0.22083333333333333 0.38472222222222224 0.21875 0.38425925925925924 0.21848958333333332 0.38333333333333336 0.21640625 0.3768518518518518 0.2109375 0.3726851851851852 0.20625 0.37083333333333335 0.20494791666666667 0.36898148148148147 0.20260416666666667 0.3648148148148148 0.19973958333333333 0.3625 0.19739583333333333 0.36203703703703705 0.19557291666666668 0.36157407407407405 0.1953125 0.36157407407407405 0.19427083333333334 0.3611111111111111 0.19401041666666666 0.3611111111111111 0.19296875 0.36435185185185187 0.18932291666666667 0.36435185185185187 0.18541666666666667 0.3611111111111111 0.18151041666666667 0.35694444444444445 0.17890625 0.35324074074074074 0.17786458333333333 0.35138888888888886 0.17786458333333333 0.3509259259259259 0.17760416666666667
2 0.3458333333333333 0.4981770833333333 0.3337962962962963 0.49661458333333336 0.33055555555555555 0.49661458333333336 0.32592592592592595 0.49583333333333335 0.32314814814814813 0.4979166666666667 0.3236111111111111 0.5013020833333334 0.3263888888888889 0.5026041666666666 0.3282407407407407 0.5057291666666667 0.3277777777777778 0.509375 0.3087962962962963 0.53984375 0.30462962962962964 0.5447916666666667 0.3013888888888889 0.55078125 0.2986111111111111 0.55390625 0.2967592592592593 0.5578125 0.29074074074074074 0.5658854166666667 0.274537037037037 0.5911458333333334 0.27037037037037037 0.5958333333333333 0.2689814814814815 0.6002604166666666 0.2708333333333333 0.6026041666666667 0.27361111111111114 0.6036458333333333 0.27824074074074073 0.6044270833333333 0.2828703703703704 0.6044270833333333 0.2865740740740741 0.6033854166666667 0.2898148148148148 0.60078125 0.2986111111111111 0.58828125 0.3 0.58515625 0.30277777777777776 0.58203125 0.3050925925925926 0.5776041666666667 0.30925925925925923 0.57265625 0.31342592592592594 0.5640625 0.31851851851851853 0.5559895833333334 0.32222222222222224 0.5518229166666667 0.3347222222222222 0.53203125 0.3375 0.5291666666666667 0.3398148148148148 0.5244791666666667 0.3416666666666667 0.52265625 0.34675925925925927 0.5130208333333334 0.3490740740740741 0.5106770833333333 0.35462962962962963 0.5096354166666667 0.3611111111111111 0.51015625 0.362962962962963 0.5096354166666667 0.3648148148148148 0.5078125 0.36527777777777776 0.50546875 0.36064814814814816 0.50234375 0.35324074074074074 0.50078125 0.3509259259259259 0.49947916666666664
3 0.3449074074074074 0.6268229166666667 0.3402777777777778 0.6291666666666667 0.33796296296296297 0.63125 0.33611111111111114 0.634375 0.33611111111111114 0.63515625 0.3351851851851852 0.6359375 0.3347222222222222 0.6369791666666667 0.3337962962962963 0.6375 0.33194444444444443 0.6411458333333333 0.3296296296296296 0.64375 0.3296296296296296 0.64453125 0.3287037037037037 0.6453125 0.3277777777777778 0.646875 0.3277777777777778 0.64765625 0.3263888888888889 0.64921875 0.32546296296296295 0.65078125 0.32546296296296295 0.6515625 0.3236111111111111 0.6541666666666667 0.3236111111111111 0.6549479166666666 0.32222222222222224 0.6567708333333333 0.3199074074074074 0.6580729166666667 0.31666666666666665 0.6591145833333333 0.31574074074074077 0.6591145833333333 0.3143518518518518 0.6596354166666667 0.3101851851851852 0.6596354166666667 0.3087962962962963 0.66015625 0.30694444444444446 0.6604166666666667 0.30416666666666664 0.6619791666666667 0.30416666666666664 0.6625 0.3023148148148148 0.6643229166666667 0.3023148148148148 0.6651041666666667 0.30185185185185187 0.6653645833333334 0.30185185185185187 0.66953125 0.3023148148148148 0.6703125 0.3050925925925926 0.671875 0.30648148148148147 0.6723958333333333 0.30972222222222223 0.6729166666666667 0.3111111111111111 0.6736979166666667 0.3125 0.6736979166666667 0.3138888888888889 0.67421875 0.31527777777777777 0.67421875 0.32222222222222224 0.6760416666666667 0.32546296296296295 0.6763020833333333 0.33240740740740743 0.678125 0.3402777777777778 0.6791666666666667 0.3421296296296296 0.6796875 0.3453703703703704 0.6815104166666667 0.3476851851851852 0.6815104166666667 0.34814814814814815 0.6817708333333333 0.3541666666666667 0.6817708333333333 0.35462962962962963 0.6815104166666667 0.35694444444444445 0.6815104166666667 0.3587962962962963 0.6807291666666667 0.3611111111111111 0.6802083333333333 0.3638888888888889 0.6776041666666667 0.36574074074074076 0.6744791666666666 0.36574074074074076 0.6708333333333333 0.36527777777777776 0.6705729166666666 0.36527777777777776 0.66953125 0.36342592592592593 0.66796875 0.36018518518518516 0.6661458333333333 0.3597222222222222 0.6661458333333333 0.3578703703703704 0.66484375 0.3560185185185185 0.6625 0.3560185185185185 0.6609375 0.35648148148148145 0.6606770833333333 0.35648148148148145 0.659375 0.35694444444444445 0.6591145833333333 0.35694444444444445 0.6578125 0.3574074074074074 0.6575520833333334 0.3574074074074074 0.65625 0.3578703703703704 0.6559895833333333 0.3578703703703704 0.6544270833333333 0.35833333333333334 0.6541666666666667 0.35833333333333334 0.6533854166666667 0.3587962962962963 0.653125 0.36064814814814816 0.6481770833333333 0.3625 0.6450520833333333 0.36527777777777776 0.6421875 0.36574074074074076 0.6393229166666666 0.36712962962962964 0.6369791666666667 0.36898148148148147 0.63515625 0.36898148148148147 0.63359375 0.36712962962962964 0.6307291666666667 0.362962962962963 0.6296875 0.36203703703703705 0.6291666666666667 0.35185185185185186 0.6268229166666667
4 0.36064814814814816 0.41354166666666664 0.35648148148148145 0.41796875 0.35462962962962963 0.4192708333333333 0.3527777777777778 0.42239583333333336 0.35185185185185186 0.4231770833333333 0.34953703703703703 0.42421875 0.3476851851851852 0.4270833333333333 0.3476851851851852 0.4309895833333333 0.34814814814814815 0.43125 0.34814814814814815 0.4317708333333333 0.34953703703703703 0.43255208333333334 0.3527777777777778 0.43359375 0.3541666666666667 0.43359375 0.35462962962962963 0.43385416666666665 0.3574074074074074 0.43385416666666665 0.3611111111111111 0.4322916666666667 0.36203703703703705 0.43255208333333334 0.36666666666666664 0.43255208333333334 0.36712962962962964 0.4328125 0.36898148148148147 0.4328125 0.36944444444444446 0.43307291666666664 0.3731481481481482 0.43359375 0.37407407407407406 0.43411458333333336 0.3768518518518518 0.4348958333333333 0.37916666666666665 0.43515625 0.38101851851851853 0.4359375 0.3819444444444444 0.4359375 0.3875 0.4375 0.38842592592592595 0.4375 0.3925925925925926 0.4390625 0.40046296296296297 0.44114583333333335 0.40694444444444444 0.44375 0.412962962962963 0.44557291666666665 0.4166666666666667 0.4471354166666667 0.41759259259259257 0.4471354166666667 0.42268518518518516 0.44869791666666664 0.4236111111111111 0.44869791666666664 0.42453703703703705 0.44921875 0.43425925925925923 0.4518229166666667 0.43796296296296294 0.45208333333333334 0.43842592592592594 0.45234375 0.44074074074074077 0.45234375 0.4412037037037037 0.45208333333333334 0.44351851851851853 0.45208333333333334 0.4449074074074074 0.4515625 0.44583333333333336 0.4515625 0.44814814814814813 0.4505208333333333 0.44814814814814813 0.45 0.44907407407407407 0.44895833333333335 0.449537037037037 0.4466145833333333 0.44907407407407407 0.44635416666666666 0.4486111111111111 0.44479166666666664 0.44675925925925924 0.44296875 0.4393518518518518 0.4401041666666667 0.43842592592592594 0.4393229166666667 0.43796296296296294 0.4393229166666667 0.4351851851851852 0.43776041666666665 0.43194444444444446 0.43723958333333335 0.4310185185185185 0.43671875 0.42268518518518516 0.43411458333333336 0.4162037037037037 0.43125 0.4134259259259259 0.43072916666666666 0.4125 0.43020833333333336 0.4074074074074074 0.42890625 0.40370370370370373 0.42734375 0.39490740740740743 0.425 0.3939814814814815 0.4244791666666667 0.3925925925925926 0.42421875 0.38842592592592595 0.421875 0.3875 0.421875 0.38287037037037036 0.4203125 0.38101851851851853 0.4192708333333333 0.3773148148148148 0.4158854166666667 0.3773148148148148 0.41510416666666666 0.37777777777777777 0.41484375 0.37777777777777777 0.4125 0.37824074074074077 0.4119791666666667 0.3768518518518518 0.41119791666666666 0.375 0.4109375 0.3726851851851852 0.41015625 0.37222222222222223 0.41041666666666665 0.3685185185185185 0.41041666666666665 0.36666666666666664 0.4109375 0.36527777777777776 0.4109375 0.362962962962963 0.4119791666666667 0.362962962962963 0.4122395833333333
2 0.38935185185185184 0.45208333333333334 0.38472222222222224 0.44973958333333336 0.38101851851851853 0.44895833333333335 0.37453703703703706 0.4510416666666667 0.3731481481481482 0.4588541666666667 0.3699074074074074 0.4609375 0.3578703703703704 0.46640625 0.3490740740740741 0.46979166666666666 0.3458333333333333 0.47161458333333334 0.337037037037037 0.4747395833333333 0.3226851851851852 0.48125 0.3189814814814815 0.4822916666666667 0.3138888888888889 0.48515625 0.3106481481481482 0.4859375 0.30277777777777776 0.4895833333333333 0.2912037037037037 0.49375 0.28425925925925927 0.49713541666666666 0.27870370370370373 0.49895833333333334 0.274537037037037 0.5010416666666667 0.27175925925925926 0.5018229166666667 0.26435185185185184 0.5052083333333334 0.25277777777777777 0.5096354166666667 0.24953703703703703 0.5114583333333333 0.2412037037037037 0.5145833333333333 0.2351851851851852 0.51796875 0.23333333333333334 0.5216145833333333 0.23564814814814813 0.5239583333333333 0.2388888888888889 0.5255208333333333 0.24305555555555555 0.5263020833333333 0.24814814814814815 0.5260416666666666 0.2523148148148148 0.5247395833333334 0.2712962962962963 0.5174479166666667 0.2777777777777778 0.5140625 0.28425925925925927 0.5119791666666667 0.2935185185185185 0.5078125 0.30972222222222223 0.5018229166666667 0.3125 0.5002604166666667 0.3162037037037037 0.49921875 0.32546296296296295 0.49453125 0.3300925925925926 0.4934895833333333 0.33611111111111114 0.4903645833333333 0.34074074074074073 0.48880208333333336 0.34629629629629627 0.4856770833333333 0.3574074074074074 0.48125 0.36064814814814816 0.48046875 0.36666666666666664 0.47734375 0.37546296296296294 0.4744791666666667 0.38101851851851853 0.47213541666666664 0.38796296296296295 0.4703125 0.39675925925925926 0.4713541666666667 0.4009259259259259 0.4713541666666667 0.4041666666666667 0.4708333333333333 0.40555555555555556 0.46875 0.4060185185185185 0.46640625
5 0.412962962962963 0.5580729166666667 0.41064814814814815 0.55859375 0.4083333333333333 0.56015625 0.4074074074074074 0.5619791666666667 0.40694444444444444 0.5622395833333333 0.4064814814814815 0.5640625 0.4060185185185185 0.5643229166666667 0.4060185185185185 0.5661458333333333 0.40555555555555556 0.56640625 0.40555555555555556 0.5677083333333334 0.4050925925925926 0.56796875 0.4050925925925926 0.5697916666666667 0.4046296296296296 0.5700520833333333 0.4046296296296296 0.5716145833333334 0.4041666666666667 0.571875 0.4041666666666667 0.5734375 0.40370370370370373 0.5736979166666667 0.40370370370370373 0.5755208333333334 0.40324074074074073 0.57578125 0.40324074074074073 0.5776041666666667 0.4027777777777778 0.5778645833333333 0.4027777777777778 0.5794270833333334 0.4023148148148148 0.5796875 0.40185185185185185 0.5846354166666666 0.4013888888888889 0.5848958333333333 0.4009259259259259 0.58671875 0.399537037037037 0.58828125 0.39675925925925926 0.5901041666666667 0.3921296296296296 0.5911458333333334 0.38842592592592595 0.59140625 0.3875 0.5919270833333333 0.3861111111111111 0.5934895833333333 0.3851851851851852 0.5940104166666667 0.38425925925925924 0.5953125 0.38425925925925924 0.5981770833333333 0.3837962962962963 0.5984375 0.3837962962962963 0.5997395833333333 0.3851851851851852 0.6013020833333333 0.3888888888888889 0.6033854166666667 0.39166666666666666 0.6041666666666666 0.3939814814814815 0.6044270833333333 0.39537037037037037 0.6049479166666667 0.39675925925925926 0.6049479166666667 0.3972222222222222 0.6052083333333333 0.40370370370370373 0.6052083333333333 0.4041666666666667 0.60546875 0.40555555555555556 0.60546875 0.4078703703703704 0.6059895833333333 0.4097222222222222 0.6059895833333333 0.4115740740740741 0.6065104166666667 0.41759259259259257 0.6065104166666667 0.41805555555555557 0.6067708333333334 0.4203703703703704 0.6067708333333334 0.42268518518518516 0.60625 0.4263888888888889 0.60625 0.42685185185185187 0.6065104166666667 0.42777777777777776 0.6065104166666667 0.43148148148148147 0.60546875 0.43472222222222223 0.6052083333333333 0.43796296296296294 0.60390625 0.4393518518518518 0.6036458333333333 0.44212962962962965 0.5997395833333333 0.44166666666666665 0.5971354166666667 0.4412037037037037 0.596875 0.4412037037037037 0.5955729166666667 0.44027777777777777 0.5947916666666667 0.4337962962962963 0.5911458333333334 0.43287037037037035 0.5893229166666667 0.4324074074074074 0.5890625 0.4324074074074074 0.58828125 0.43194444444444446 0.5880208333333333 0.43194444444444446 0.5872395833333334 0.4324074074074074 0.5869791666666667 0.4324074074074074 0.5833333333333334 0.43287037037037035 0.5830729166666667 0.43287037037037035 0.5809895833333333 0.43333333333333335 0.5807291666666666 0.43333333333333335 0.5776041666666667 0.4337962962962963 0.57734375 0.4337962962962963 0.5734375 0.43425925925925923 0.5731770833333333 0.43425925925925923 0.57109375 0.43472222222222223 0.5708333333333333 0.43472222222222223 0.5692708333333333 0.4351851851851852 0.5690104166666666 0.4351851851851852 0.565625 0.4356481481481482 0.5653645833333333 0.4351851851851852 0.5619791666666667 0.43472222222222223 0.56171875 0.43472222222222223 0.5606770833333333 0.43333333333333335 0.5596354166666667 0.4310185185185185 0.5588541666666667 0.4300925925925926 0.5588541666666667 0.42824074074074076 0.5583333333333333 0.425 0.5583333333333333 0.42453703703703705 0.5580729166666667
6 0.4703703703703704 0.6317708333333333 0.46944444444444444 0.6317708333333333 0.4689814814814815 0.6315104166666666 0.4671296296296296 0.6315104166666666 0.4666666666666667 0.63125 0.4615740740740741 0.63125 0.46111111111111114 0.6315104166666666 0.45416666666666666 0.6315104166666666 0.4537037037037037 0.6317708333333333 0.45231481481481484 0.6317708333333333 0.45185185185185184 0.63203125 0.45 0.63203125 0.449537037037037 0.6322916666666667 0.44722222222222224 0.6322916666666667 0.44675925925925924 0.6325520833333333 0.44583333333333336 0.6325520833333333 0.44537037037037036 0.6328125 0.4439814814814815 0.6328125 0.44351851851851853 0.6330729166666667 0.44305555555555554 0.6330729166666667 0.4398148148148148 0.6348958333333333 0.43796296296296294 0.6372395833333333 0.43703703703703706 0.6377604166666667 0.43703703703703706 0.6380208333333334 0.4337962962962963 0.64140625 0.4337962962962963 0.6419270833333334 0.43333333333333335 0.6421875 0.43333333333333335 0.6424479166666667 0.4324074074074074 0.6432291666666666 0.4324074074074074 0.64375 0.4310185185185185 0.6450520833333333 0.4310185185185185 0.6455729166666667 0.4305555555555556 0.6458333333333334 0.4305555555555556 0.6463541666666667 0.4300925925925926 0.6466145833333333 0.4300925925925926 0.6505208333333333 0.4305555555555556 0.65078125 0.43148148148148147 0.6520833333333333 0.43333333333333335 0.653125 0.43333333333333335 0.6533854166666667 0.43425925925925923 0.65390625 0.43425925925925923 0.6541666666666667 0.4388888888888889 0.65703125 0.4388888888888889 0.6572916666666667 0.44074074074074077 0.6583333333333333 0.44074074074074077 0.65859375 0.4439814814814815 0.6604166666666667 0.4444444444444444 0.6604166666666667 0.44537037037037036 0.6609375 0.44583333333333336 0.6609375 0.4476851851851852 0.66171875 0.4486111111111111 0.66171875 0.44907407407407407 0.6619791666666667 0.45 0.6619791666666667 0.45046296296296295 0.6622395833333333 0.45416666666666666 0.6622395833333333 0.4546296296296296 0.6625 0.4625 0.6625 0.46296296296296297 0.6622395833333333 0.4648148148148148 0.6622395833333333 0.4652777777777778 0.6619791666666667 0.4666666666666667 0.6619791666666667 0.4671296296296296 0.66171875 0.4685185185185185 0.66171875 0.4689814814814815 0.6614583333333334 0.47129629629629627 0.6611979166666667 0.47175925925925927 0.6609375 0.4740740740740741 0.6604166666666667 0.4759259259259259 0.659375 0.47638888888888886 0.659375 0.4787037037037037 0.6580729166666667 0.4787037037037037 0.6578125 0.4810185185185185 0.6565104166666667 0.4810185185185185 0.65625 0.4824074074074074 0.65546875 0.4828703703703704 0.65546875 0.4837962962962963 0.6549479166666666 0.4842592592592593 0.6549479166666666 0.4861111111111111 0.65390625 0.4861111111111111 0.653125 0.48657407407407405 0.6528645833333333 0.48657407407407405 0.6520833333333333 0.48703703703703705 0.6518229166666667 0.48703703703703705 0.6510416666666666 0.4875 0.65078125 0.4875 0.6497395833333334 0.487962962962963 0.6494791666666667 0.487962962962963 0.6479166666666667 0.48842592592592593 0.64765625 0.48842592592592593 0.6447916666666667 0.487962962962963 0.64453125 0.487962962962963 0.6432291666666666 0.4875 0.64296875 0.4875 0.6424479166666667 0.48657407407407405 0.6419270833333334 0.48657407407407405 0.6416666666666667 0.4842592592592593 0.6403645833333333 0.4837962962962963 0.6403645833333333 0.48148148148148145 0.6393229166666666 0.48009259259259257 0.6375 0.4791666666666667 0.6369791666666667 0.4791666666666667 0.63671875 0.47824074074074074 0.6361979166666667 0.47824074074074074 0.6359375 0.47638888888888886 0.6348958333333333 0.47638888888888886 0.6346354166666667 0.47314814814814815 0.6328125 0.4726851851851852 0.6328125 0.47129629629629627 0.63203125 0.4708333333333333 0.63203125
2 0.5300925925925926 0.5072916666666667 0.5236111111111111 0.5080729166666667 0.5180555555555556 0.5096354166666667 0.5162037037037037 0.5119791666666667 0.5157407407407407 0.5140625 0.5180555555555556 0.5161458333333333 0.5208333333333334 0.5169270833333334 0.525 0.5169270833333334 0.5273148148148148 0.5182291666666666 0.5291666666666667 0.5205729166666667 0.5287037037037037 0.5255208333333333 0.5310185185185186 0.5408854166666667 0.5314814814814814 0.5520833333333334 0.5324074074074074 0.5559895833333334 0.5342592592592592 0.5807291666666666 0.5361111111111111 0.5934895833333333 0.5370370370370371 0.6114583333333333 0.537962962962963 0.6145833333333334 0.5398148148148149 0.6171875 0.5425925925925926 0.61875 0.5523148148148148 0.61953125 0.5564814814814815 0.6190104166666667 0.5587962962962963 0.6171875 0.5597222222222222 0.6151041666666667 0.5601851851851852 0.61015625 0.5592592592592592 0.59140625 0.5574074074074075 0.5786458333333333 0.5564814814814815 0.5643229166666667 0.5550925925925926 0.5611979166666666 0.5541666666666667 0.5528645833333333 0.5527777777777778 0.55 0.5532407407407407 0.5388020833333333 0.5523148148148148 0.5208333333333334 0.5555555555555556 0.5177083333333333 0.5611111111111111 0.515625 0.562962962962963 0.5138020833333333 0.562962962962963 0.5122395833333333 0.562037037037037 0.5096354166666667 0.5592592592592592 0.5080729166666667 0.5564814814814815 0.5072916666666667
4 0.575925925925926 0.3221354166666667 0.575 0.3221354166666667 0.5717592592592593 0.32135416666666666 0.5685185185185185 0.32109375 0.5680555555555555 0.32083333333333336 0.5666666666666667 0.32135416666666666 0.5625 0.321875 0.549537037037037 0.3255208333333333 0.5486111111111112 0.3255208333333333 0.5472222222222223 0.3260416666666667 0.5453703703703704 0.3263020833333333 0.5402777777777777 0.32838541666666665 0.5365740740740741 0.32890625 0.5324074074074074 0.33046875 0.5314814814814814 0.33046875 0.5194444444444445 0.3338541666666667 0.5185185185185185 0.3338541666666667 0.5152777777777777 0.33489583333333334 0.5143518518518518 0.33489583333333334 0.5055555555555555 0.3377604166666667 0.5009259259259259 0.3377604166666667 0.49398148148148147 0.33567708333333335 0.49027777777777776 0.3359375 0.4898148148148148 0.33619791666666665 0.4861111111111111 0.33619791666666665 0.48148148148148145 0.3375 0.48009259259259257 0.33880208333333334 0.47962962962962963 0.34036458333333336 0.4791666666666667 0.340625 0.47962962962962963 0.3458333333333333 0.48148148148148145 0.34791666666666665 0.48194444444444445 0.34921875 0.48564814814814816 0.353125 0.48564814814814816 0.3536458333333333 0.487962962962963 0.35546875 0.48935185185185187 0.3572916666666667 0.49444444444444446 0.35989583333333336 0.4976851851851852 0.3609375 0.5 0.3609375 0.500462962962963 0.3606770833333333 0.5023148148148148 0.3606770833333333 0.5027777777777778 0.36041666666666666 0.5060185185185185 0.36015625 0.5078703703703704 0.35911458333333335 0.5083333333333333 0.35911458333333335 0.5106481481481482 0.3575520833333333 0.5115740740740741 0.35234375 0.512962962962963 0.35052083333333334 0.5157407407407407 0.3489583333333333 0.5254629629629629 0.3458333333333333 0.5263888888888889 0.3458333333333333 0.5296296296296297 0.34479166666666666 0.5328703703703703 0.34427083333333336 0.5407407407407407 0.3419270833333333 0.5416666666666666 0.3419270833333333 0.5462962962962963 0.340625 0.5486111111111112 0.34036458333333336 0.5578703703703703 0.3377604166666667 0.5587962962962963 0.3377604166666667 0.5597222222222222 0.3372395833333333 0.5606481481481481 0.3372395833333333 0.5643518518518519 0.33619791666666665 0.5662037037037037 0.33515625 0.5722222222222222 0.33359375 0.5745370370370371 0.33255208333333336 0.575925925925926 0.33229166666666665 0.5777777777777777 0.33125 0.5791666666666667 0.3299479166666667 0.5791666666666667 0.32916666666666666 0.5796296296296296 0.32890625 0.5796296296296296 0.3268229166666667 0.5800925925925926 0.3265625 0.5800925925925926 0.3260416666666667 0.5787037037037037 0.32447916666666665
3 0.5564814814814815 0.5416666666666666 0.5541666666666667 0.5427083333333333 0.5532407407407407 0.54375 0.5532407407407407 0.54453125 0.5527777777777778 0.5447916666666667 0.5527777777777778 0.54765625 0.5523148148148148 0.5479166666666667 0.5523148148148148 0.5489583333333333 0.5527777777777778 0.54921875 0.5532407407407407 0.5515625 0.5550925925925926 0.55390625 0.5569444444444445 0.5552083333333333 0.5606481481481481 0.5565104166666667 0.5615740740740741 0.5575520833333333 0.5625 0.56015625 0.562962962962963 0.5604166666666667 0.5625 0.5606770833333333 0.562037037037037 0.5625 0.5601851851851852 0.5643229166666667 0.5601851851851852 0.5651041666666666 0.5606481481481481 0.5653645833333333 0.5606481481481481 0.56953125 0.5601851851851852 0.5697916666666667 0.5601851851851852 0.5713541666666667 0.5597222222222222 0.5716145833333334 0.5597222222222222 0.5731770833333333 0.5601851851851852 0.5734375 0.5601851851851852 0.5838541666666667 0.5606481481481481 0.5841145833333333 0.5606481481481481 0.5856770833333333 0.5611111111111111 0.5859375 0.5615740740740741 0.5877604166666667 0.562037037037037 0.58828125 0.5643518518518519 0.5893229166666667 0.5671296296296297 0.5895833333333333 0.5675925925925925 0.58984375 0.5717592592592593 0.58984375 0.5722222222222222 0.5901041666666667 0.5837962962962963 0.5901041666666667 0.5842592592592593 0.58984375 0.5879629629629629 0.5895833333333333 0.5902777777777778 0.5888020833333333 0.5912037037037037 0.5888020833333333 0.5935185185185186 0.5875 0.5944444444444444 0.5854166666666667 0.5958333333333333 0.5838541666666667 0.5958333333333333 0.58125 0.5962962962962963 0.5809895833333333 0.5962962962962963 0.5794270833333334 0.5967592592592592 0.5791666666666667 0.5967592592592592 0.5776041666666667 0.5972222222222222 0.57734375 0.5976851851851852 0.5697916666666667 0.5981481481481481 0.56953125 0.5981481481481481 0.5671875 0.5986111111111111 0.5669270833333333 0.5986111111111111 0.56484375 0.5990740740740741 0.5645833333333333 0.5990740740740741 0.5619791666666667 0.5995370370370371 0.56171875 0.5995370370370371 0.5604166666666667 0.6 0.56015625 0.6 0.5596354166666667 0.6023148148148149 0.5578125 0.6046296296296296 0.55703125 0.6074074074074074 0.5567708333333333 0.6111111111111112 0.5546875 0.6111111111111112 0.5541666666666667 0.6125 0.5526041666666667 0.6129629629629629 0.5479166666666667 0.6125 0.54765625 0.6125 0.5466145833333333 0.612037037037037 0.5463541666666667 0.611574074074074 0.5450520833333333 0.6106481481481482 0.54453125 0.6097222222222223 0.54453125 0.6069444444444444 0.5434895833333333 0.6060185185185185 0.5434895833333333 0.6046296296296296 0.54296875 0.6037037037037037 0.54296875 0.600462962962963 0.5421875 0.5967592592592592 0.5419270833333333 0.5962962962962963 0.5416666666666666 0.5925925925925926 0.5416666666666666 0.5921296296296297 0.54140625 0.5893518518518519 0.54140625 0.5888888888888889 0.5411458333333333 0.5856481481481481 0.5411458333333333 0.5851851851851851 0.5408854166666667 0.5740740740740741 0.5408854166666667 0.5736111111111111 0.540625 0.5712962962962963 0.540625 0.5708333333333333 0.5408854166666667 0.562962962962963 0.5408854166666667 0.5592592592592592 0.5416666666666666
4 0.47962962962962963 0.24505208333333334 0.47962962962962963 0.25104166666666666 0.48009259259259257 0.2513020833333333 0.48055555555555557 0.25625 0.4810185185185185 0.2565104166666667 0.48194444444444445 0.2598958333333333 0.4847222222222222 0.2625 0.4861111111111111 0.26328125 0.4875 0.26328125 0.487962962962963 0.2635416666666667 0.4925925925925926 0.2635416666666667 0.4930555555555556 0.26328125 0.49444444444444446 0.26328125 0.4949074074074074 0.2630208333333333 0.49722222222222223 0.26276041666666666 0.5009259259259259 0.2596354166666667 0.5013888888888889 0.25859375 0.5032407407407408 0.25755208333333335 0.5060185185185185 0.25677083333333334 0.5078703703703704 0.25677083333333334 0.5083333333333333 0.2565104166666667 0.5101851851851852 0.2565104166666667 0.5106481481481482 0.25625 0.5125 0.25625 0.512962962962963 0.2559895833333333 0.5152777777777777 0.2559895833333333 0.5157407407407407 0.2557291666666667 0.5347222222222222 0.25546875 0.5351851851851852 0.2552083333333333 0.5375 0.2552083333333333 0.537962962962963 0.25546875 0.5425925925925926 0.25546875 0.5430555555555555 0.2552083333333333 0.5486111111111112 0.2552083333333333 0.549074074074074 0.25494791666666666 0.5666666666666667 0.25494791666666666 0.5671296296296297 0.2546875 0.5726851851851852 0.25494791666666666 0.5731481481481482 0.2546875 0.575925925925926 0.2546875 0.5782407407407407 0.25416666666666665 0.5800925925925926 0.25416666666666665 0.5837962962962963 0.25338541666666664 0.5837962962962963 0.25286458333333334 0.5847222222222223 0.2520833333333333 0.5847222222222223 0.2513020833333333 0.5851851851851851 0.25104166666666666 0.5851851851851851 0.24895833333333334 0.5856481481481481 0.24869791666666666 0.5851851851851851 0.24583333333333332 0.5837962962962963 0.24401041666666667 0.5796296296296296 0.24270833333333333 0.5787037037037037 0.24270833333333333 0.5768518518518518 0.2421875 0.5740740740740741 0.2421875 0.5736111111111111 0.24192708333333332 0.5708333333333333 0.24192708333333332 0.5703703703703704 0.2421875 0.5574074074074075 0.2421875 0.5569444444444445 0.24244791666666668 0.5472222222222223 0.24244791666666668 0.5467592592592593 0.24270833333333333 0.5416666666666666 0.24270833333333333 0.5412037037037037 0.24296875 0.5337962962962963 0.24296875 0.5333333333333333 0.24270833333333333 0.5282407407407408 0.24270833333333333 0.5277777777777778 0.24296875 0.5060185185185185 0.24296875 0.5055555555555555 0.24270833333333333 0.5041666666666667 0.24270833333333333 0.5037037037037037 0.24244791666666668 0.5013888888888889 0.2421875 0.5 0.24140625 0.49953703703703706 0.24036458333333333 0.4981481481481482 0.23880208333333333 0.49722222222222223 0.23828125 0.4962962962962963 0.23828125 0.49444444444444446 0.23776041666666667 0.49027777777777776 0.23776041666666667 0.4898148148148148 0.2375 0.48657407407407405 0.2375 0.4861111111111111 0.23723958333333334 0.48148148148148145 0.24010416666666667 0.48148148148148145 0.24088541666666666 0.4810185185185185 0.24114583333333334 0.4810185185185185 0.24192708333333332 0.48009259259259257 0.24322916666666666 0.48009259259259257 0.24479166666666666
1 0.663425925925926 0.5604166666666667 0.6592592592592592 0.5583333333333333 0.6592592592592592 0.5580729166666667 0.6578703703703703 0.5572916666666666 0.6578703703703703 0.55703125 0.6569444444444444 0.5565104166666667 0.6564814814814814 0.5565104166666667 0.6509259259259259 0.5533854166666666 0.6509259259259259 0.553125 0.65 0.5526041666666667 0.6476851851851851 0.55234375 0.6462962962962963 0.5518229166666667 0.6458333333333334 0.5518229166666667 0.6453703703703704 0.5520833333333334 0.6421296296296296 0.5520833333333334 0.6416666666666667 0.55234375 0.6412037037037037 0.55234375 0.638425925925926 0.55390625 0.638425925925926 0.5541666666666667 0.6375 0.5546875 0.6375 0.5549479166666667 0.6365740740740741 0.55546875 0.6365740740740741 0.5557291666666667 0.6333333333333333 0.5575520833333333 0.6328703703703704 0.5575520833333333 0.6310185185185185 0.5583333333333333 0.6296296296296297 0.55859375 0.6268518518518519 0.5598958333333334 0.6268518518518519 0.56015625 0.6263888888888889 0.5604166666666667 0.6263888888888889 0.5645833333333333 0.6259259259259259 0.56484375 0.625462962962963 0.565625 0.624537037037037 0.5661458333333333 0.624537037037037 0.56640625 0.6212962962962963 0.5682291666666667 0.6212962962962963 0.5684895833333333 0.6148148148148148 0.5721354166666667 0.6148148148148148 0.5723958333333333 0.611574074074074 0.57421875 0.6111111111111112 0.57421875 0.6013888888888889 0.5799479166666667 0.6013888888888889 0.5802083333333333 0.600925925925926 0.58046875 0.600925925925926 0.5809895833333333 0.600462962962963 0.58125 0.600462962962963 0.5817708333333333 0.6 0.58203125 0.6 0.5825520833333333 0.5995370370370371 0.5828125 0.5995370370370371 0.58359375 0.5990740740740741 0.5838541666666667 0.5995370370370371 0.5841145833333333 0.6 0.5848958333333333 0.6018518518518519 0.5859375 0.6041666666666666 0.5864583333333333 0.6050925925925926 0.5869791666666667 0.6055555555555555 0.5869791666666667 0.6069444444444444 0.5875 0.6087962962962963 0.5875 0.6092592592592593 0.5877604166666667 0.611574074074074 0.5877604166666667 0.612037037037037 0.5875 0.6143518518518518 0.5869791666666667 0.6152777777777778 0.5864583333333333 0.6157407407407407 0.5864583333333333 0.6189814814814815 0.5846354166666666 0.6194444444444445 0.5846354166666666 0.6208333333333333 0.5838541666666667 0.6208333333333333 0.58359375 0.6217592592592592 0.5830729166666667 0.6222222222222222 0.5830729166666667 0.6277777777777778 0.5799479166666667 0.6282407407407408 0.5799479166666667 0.6310185185185185 0.5783854166666667 0.6314814814814815 0.5783854166666667 0.6328703703703704 0.5776041666666667 0.6333333333333333 0.5776041666666667 0.6361111111111111 0.5763020833333333 0.6365740740740741 0.5763020833333333 0.6388888888888888 0.575 0.6393518518518518 0.575 0.6402777777777777 0.5744791666666667 0.6407407407407407 0.5744791666666667 0.6425925925925926 0.5736979166666667 0.6435185185185185 0.5736979166666667 0.6439814814814815 0.5734375 0.6453703703703704 0.5734375 0.6458333333333334 0.5731770833333333 0.65 0.5731770833333333 0.6518518518518519 0.5723958333333333 0.6523148148148148 0.5723958333333333 0.6569444444444444 0.56953125 0.6574074074074074 0.56953125 0.6587962962962963 0.56875 0.6592592592592592 0.56875 0.6606481481481481 0.56796875 0.6611111111111111 0.56796875 0.6652777777777777 0.565625 0.6652777777777777 0.5653645833333333 0.6662037037037037 0.5645833333333333 0.6662037037037037 0.5635416666666667 0.6657407407407407 0.56328125 0.6657407407407407 0.5627604166666667 0.6652777777777777 0.5625 0.6643518518518519 0.5611979166666666 0.663425925925926 0.5606770833333333
1 0.575925925925926 0.3932291666666667 0.575925925925926 0.39505208333333336 0.575462962962963 0.3953125 0.575462962962963 0.39791666666666664 0.575925925925926 0.39817708333333335 0.575925925925926 0.39895833333333336 0.5763888888888888 0.39921875 0.5763888888888888 0.3997395833333333 0.5768518518518518 0.4 0.5773148148148148 0.40078125 0.5796296296296296 0.40208333333333335 0.5800925925925926 0.40208333333333335 0.5814814814814815 0.40260416666666665 0.5837962962962963 0.40286458333333336 0.5847222222222223 0.40338541666666666 0.5851851851851851 0.40338541666666666 0.5875 0.4041666666666667 0.5884259259259259 0.4041666666666667 0.5888888888888889 0.4044270833333333 0.5902777777777778 0.4044270833333333 0.5907407407407408 0.4046875 0.5944444444444444 0.4046875 0.5949074074074074 0.4044270833333333 0.5953703703703703 0.4044270833333333 0.5958333333333333 0.4046875 0.5962962962962963 0.4046875 0.5967592592592592 0.4049479166666667 0.5976851851851852 0.4049479166666667 0.5981481481481481 0.40520833333333334 0.600925925925926 0.40520833333333334 0.6013888888888889 0.4049479166666667 0.6027777777777777 0.4049479166666667 0.6046296296296296 0.4041666666666667 0.6050925925925926 0.4041666666666667 0.6069444444444444 0.403125 0.6074074074074074 0.403125 0.6097222222222223 0.40234375 0.6106481481481482 0.40234375 0.6111111111111112 0.40208333333333335 0.6240740740740741 0.40208333333333335 0.624537037037037 0.40234375 0.6342592592592593 0.40234375 0.6347222222222222 0.40260416666666665 0.6351851851851852 0.40234375 0.6425925925925926 0.40234375 0.6430555555555556 0.40208333333333335 0.6462962962962963 0.40130208333333334 0.6481481481481481 0.4002604166666667 0.6481481481481481 0.39947916666666666 0.6486111111111111 0.39921875 0.6486111111111111 0.39765625 0.649074074074074 0.39739583333333334 0.649074074074074 0.39609375 0.6486111111111111 0.3958333333333333 0.6467592592592593 0.39348958333333334 0.6444444444444445 0.3927083333333333 0.6435185185185185 0.3927083333333333 0.6430555555555556 0.3924479166666667 0.6421296296296296 0.3924479166666667 0.6416666666666667 0.3921875 0.6393518518518518 0.3921875 0.6388888888888888 0.3919270833333333 0.6337962962962963 0.3919270833333333 0.6333333333333333 0.39166666666666666 0.6314814814814815 0.39166666666666666 0.6310185185185185 0.39140625 0.625462962962963 0.39140625 0.625 0.39114583333333336 0.6189814814814815 0.39114583333333336 0.6185185185185185 0.39088541666666665 0.6166666666666667 0.39088541666666665 0.6162037037037037 0.390625 0.6148148148148148 0.390625 0.6143518518518518 0.39036458333333335 0.6129629629629629 0.39010416666666664 0.611574074074074 0.3893229166666667 0.6111111111111112 0.3885416666666667 0.6097222222222223 0.38776041666666666 0.6092592592592593 0.38776041666666666 0.6074074074074074 0.38671875 0.6069444444444444 0.38671875 0.6064814814814815 0.38645833333333335 0.6018518518518519 0.38645833333333335 0.6013888888888889 0.38671875 0.600462962962963 0.38671875 0.6 0.38697916666666665 0.5986111111111111 0.38697916666666665 0.5981481481481481 0.38723958333333336 0.5972222222222222 0.38723958333333336 0.5967592592592592 0.3875 0.5958333333333333 0.3875 0.5953703703703703 0.38776041666666666 0.5949074074074074 0.3875 0.5930555555555556 0.3875 0.5925925925925926 0.38723958333333336 0.5898148148148148 0.38723958333333336 0.5893518518518519 0.38697916666666665 0.5837962962962963 0.38697916666666665 0.5833333333333334 0.38723958333333336 0.5819444444444445 0.38723958333333336 0.5814814814814815 0.3875 0.5805555555555556 0.3875 0.5787037037037037 0.38828125 0.5787037037037037 0.3885416666666667 0.5777777777777777 0.3893229166666667 0.5777777777777777 0.38984375 0.5773148148148148 0.39010416666666664 0.5773148148148148 0.390625 0.5768518518518518 0.39088541666666665 0.5768518518518518 0.39166666666666666 0.5763888888888888 0.3919270833333333 0.5763888888888888 0.39296875
1 0.525 0.3932291666666667 0.524537037037037 0.39401041666666664 0.5236111111111111 0.39453125 0.5231481481481481 0.3953125 0.5217592592592593 0.3963541666666667 0.5222222222222223 0.3966145833333333 0.5222222222222223 0.39791666666666664 0.5226851851851851 0.39817708333333335 0.5226851851851851 0.39895833333333336 0.5231481481481481 0.39921875 0.5231481481481481 0.3997395833333333 0.5236111111111111 0.4 0.5236111111111111 0.4002604166666667 0.5254629629629629 0.4010416666666667 0.5259259259259259 0.4010416666666667 0.5277777777777778 0.40182291666666664 0.5282407407407408 0.40182291666666664 0.5328703703703703 0.4041666666666667 0.5333333333333333 0.4041666666666667 0.5347222222222222 0.4046875 0.5356481481481481 0.4046875 0.5361111111111111 0.4049479166666667 0.5365740740740741 0.4049479166666667 0.5375 0.40546875 0.5425925925925926 0.40677083333333336 0.5449074074074074 0.4078125 0.5462962962962963 0.4080729166666667 0.55 0.41015625 0.55 0.41041666666666665 0.5509259259259259 0.4109375 0.5509259259259259 0.41119791666666666 0.5523148148148148 0.4125 0.5523148148148148 0.41302083333333334 0.5527777777777778 0.41328125 0.5527777777777778 0.41380208333333335 0.5537037037037037 0.41458333333333336 0.5537037037037037 0.41510416666666666 0.5550925925925926 0.4161458333333333 0.5555555555555556 0.4161458333333333 0.5564814814814815 0.4166666666666667 0.5583333333333333 0.4166666666666667 0.5587962962962963 0.41692708333333334 0.5606481481481481 0.41692708333333334 0.5611111111111111 0.4171875 0.5634259259259259 0.41744791666666664 0.5638888888888889 0.41770833333333335 0.5643518518518519 0.41770833333333335 0.5680555555555555 0.4197916666666667 0.5685185185185185 0.4197916666666667 0.5689814814814815 0.4200520833333333 0.5699074074074074 0.4200520833333333 0.5703703703703704 0.4203125 0.5712962962962963 0.4203125 0.5717592592592593 0.4205729166666667 0.575462962962963 0.4205729166666667 0.575925925925926 0.42083333333333334 0.5763888888888888 0.4205729166666667 0.5773148148148148 0.4205729166666667 0.5777777777777777 0.4203125 0.5791666666666667 0.4203125 0.5796296296296296 0.4200520833333333 0.5800925925925926 0.4200520833333333 0.5814814814814815 0.4192708333333333 0.5814814814814815 0.41901041666666666 0.5828703703703704 0.41822916666666665 0.5828703703703704 0.41796875 0.5847222222222223 0.41692708333333334 0.586574074074074 0.41458333333333336 0.5884259259259259 0.41328125 0.5884259259259259 0.41302083333333334 0.5888888888888889 0.4127604166666667 0.5888888888888889 0.4122395833333333 0.5893518518518519 0.4119791666666667 0.5893518518518519 0.41119791666666666 0.5898148148148148 0.4109375 0.5898148148148148 0.41015625 0.5902777777777778 0.40989583333333335 0.5902777777777778 0.4088541666666667 0.5907407407407408 0.40859375 0.5907407407407408 0.40651041666666665 0.5902777777777778 0.40625 0.5902777777777778 0.4049479166666667 0.5898148148148148 0.4046875 0.5898148148148148 0.4044270833333333 0.5884259259259259 0.4036458333333333 0.5879629629629629 0.4036458333333333 0.5861111111111111 0.40286458333333336 0.5856481481481481 0.40286458333333336 0.5833333333333334 0.4015625 0.5824074074074074 0.4015625 0.5819444444444445 0.40130208333333334 0.5805555555555556 0.4010416666666667 0.5773148148148148 0.39921875 0.5768518518518518 0.39921875 0.575925925925926 0.39869791666666665 0.5740740740740741 0.39869791666666665 0.5736111111111111 0.3984375 0.5694444444444444 0.3984375 0.5689814814814815 0.39869791666666665 0.5675925925925925 0.39869791666666665 0.5643518518518519 0.3997395833333333 0.5597222222222222 0.3997395833333333 0.5592592592592592 0.39947916666666666 0.5541666666666667 0.39817708333333335 0.5532407407407407 0.39765625 0.5509259259259259 0.3971354166666667 0.5481481481481482 0.3958333333333333 0.5472222222222223 0.3958333333333333 0.5467592592592593 0.39557291666666666 0.5444444444444444 0.3953125 0.5439814814814815 0.39505208333333336 0.5416666666666666 0.39453125 0.5407407407407407 0.39401041666666664 0.5402777777777777 0.39401041666666664 0.5342592592592592 0.3921875 0.5333333333333333 0.3921875 0.5328703703703703 0.3919270833333333 0.5319444444444444 0.3919270833333333 0.5314814814814814 0.39166666666666666 0.5300925925925926 0.39166666666666666 0.5296296296296297 0.39140625 0.5287037037037037 0.39140625 0.5282407407407408 0.39166666666666666 0.5277777777777778 0.39166666666666666
1 0.7240740740740741 0.57578125 0.7217592592592592 0.5783854166666667 0.7217592592592592 0.57890625 0.7208333333333333 0.5796875 0.7208333333333333 0.58046875 0.7222222222222222 0.58203125 0.7231481481481481 0.5825520833333333 0.7231481481481481 0.5828125 0.725925925925926 0.584375 0.7263888888888889 0.584375 0.7277777777777777 0.58515625 0.7296296296296296 0.5856770833333333 0.7310185185185185 0.5864583333333333 0.7337962962962963 0.5872395833333334 0.7347222222222223 0.5877604166666667 0.7361111111111112 0.5880208333333333 0.7388888888888889 0.5893229166666667 0.7393518518518518 0.5893229166666667 0.7402777777777778 0.58984375 0.7421296296296296 0.5903645833333333 0.7439814814814815 0.59140625 0.7444444444444445 0.59140625 0.7453703703703703 0.5919270833333333 0.7467592592592592 0.5921875 0.7476851851851852 0.5927083333333333 0.749537037037037 0.5932291666666667 0.7513888888888889 0.5942708333333333 0.7513888888888889 0.59453125 0.7527777777777778 0.5955729166666667 0.7527777777777778 0.5994791666666667 0.7555555555555555 0.6010416666666667 0.7597222222222222 0.6010416666666667 0.7601851851851852 0.6013020833333333 0.7615740740740741 0.6013020833333333 0.7620370370370371 0.6015625 0.762962962962963 0.6015625 0.7648148148148148 0.60234375 0.7652777777777777 0.60234375 0.7662037037037037 0.6028645833333334 0.7666666666666667 0.6028645833333334 0.7717592592592593 0.60546875 0.7731481481481481 0.6057291666666667 0.775 0.6065104166666667 0.7759259259259259 0.60625 0.7782407407407408 0.60625 0.7796296296296297 0.6057291666666667 0.7796296296296297 0.60546875 0.7824074074074074 0.60390625 0.7824074074074074 0.6036458333333333 0.7833333333333333 0.603125 0.7833333333333333 0.6028645833333334 0.7842592592592592 0.60234375 0.7851851851851852 0.6013020833333333 0.7865740740740741 0.6005208333333333 0.787962962962963 0.5989583333333334 0.7888888888888889 0.5984375 0.7888888888888889 0.5981770833333333 0.7898148148148149 0.59765625 0.7898148148148149 0.5973958333333333 0.7907407407407407 0.596875 0.7907407407407407 0.5966145833333333 0.7921296296296296 0.5955729166666667 0.7921296296296296 0.59296875 0.7925925925925926 0.5927083333333333 0.7925925925925926 0.5916666666666667 0.7902777777777777 0.5903645833333333 0.7888888888888889 0.5901041666666667 0.7870370370370371 0.5893229166666667 0.7837962962962963 0.5890625 0.7833333333333333 0.5888020833333333 0.7824074074074074 0.5888020833333333 0.7819444444444444 0.5885416666666666 0.7810185185185186 0.5885416666666666 0.7791666666666667 0.5880208333333333 0.7754629629629629 0.5838541666666667 0.774537037037037 0.58359375 0.7703703703703704 0.58359375 0.7699074074074074 0.5838541666666667 0.7685185185185185 0.5838541666666667 0.7671296296296296 0.584375 0.7657407407407407 0.584375 0.7652777777777777 0.5846354166666666 0.762962962962963 0.5846354166666666 0.7620370370370371 0.5841145833333333 0.7550925925925925 0.5822916666666667 0.7523148148148148 0.5809895833333333 0.7509259259259259 0.5807291666666666 0.75 0.5802083333333333 0.7435185185185185 0.5786458333333333 0.7402777777777778 0.5770833333333333 0.7337962962962963 0.5752604166666667 0.7328703703703704 0.5752604166666667 0.7314814814814815 0.5747395833333333 0.7305555555555555 0.5747395833333333 0.7300925925925926 0.5744791666666667 0.7287037037037037 0.5744791666666667 0.7282407407407407 0.57421875 0.7263888888888889 0.5747395833333333
2 0.6564814814814814 0.26588541666666665 0.6541666666666667 0.2674479166666667 0.6532407407407408 0.27057291666666666 0.6537037037037037 0.2734375 0.6578703703703703 0.28046875 0.6638888888888889 0.28828125 0.6657407407407407 0.29192708333333334 0.675 0.30364583333333334 0.6768518518518518 0.3072916666666667 0.6833333333333333 0.315625 0.6893518518518519 0.3260416666666667 0.6912037037037037 0.32760416666666664 0.6921296296296297 0.3299479166666667 0.6995370370370371 0.33932291666666664 0.7083333333333334 0.3528645833333333 0.7074074074074074 0.35651041666666666 0.7046296296296296 0.3580729166666667 0.7023148148148148 0.3611979166666667 0.7050925925925926 0.3651041666666667 0.7125 0.36744791666666665 0.7171296296296297 0.36770833333333336 0.725462962962963 0.36666666666666664 0.7361111111111112 0.36380208333333336 0.7425925925925926 0.3611979166666667 0.7472222222222222 0.3572916666666667 0.7453703703703703 0.3533854166666667 0.7402777777777778 0.35078125 0.7361111111111112 0.3494791666666667 0.7328703703703704 0.34921875 0.7300925925925926 0.34791666666666665 0.7287037037037037 0.3455729166666667 0.7263888888888889 0.34375 0.725 0.34088541666666666 0.7185185185185186 0.33255208333333336 0.7171296296296297 0.3294270833333333 0.7148148148148148 0.32734375 0.711574074074074 0.3221354166666667 0.7087962962962963 0.3190104166666667 0.7087962962962963 0.3182291666666667 0.7060185185185185 0.3151041666666667 0.700925925925926 0.3065104166666667 0.6953703703703704 0.29921875 0.6930555555555555 0.29375 0.6902777777777778 0.2908854166666667 0.6851851851851852 0.2828125 0.6828703703703703 0.28072916666666664 0.6773148148148148 0.2721354166666667 0.6731481481481482 0.2674479166666667 0.6694444444444444 0.26458333333333334 0.6648148148148149 0.2643229166666667
2 0.7069444444444445 0.4158854166666667 0.7083333333333334 0.42161458333333335 0.7092592592592593 0.42291666666666666 0.7125 0.42473958333333334 0.7162037037037037 0.42604166666666665 0.7208333333333333 0.42604166666666665 0.7277777777777777 0.425 0.7351851851851852 0.4200520833333333 0.7439814814814815 0.41901041666666666 0.7541666666666667 0.41953125 0.7592592592592593 0.41901041666666666 0.8032407407407407 0.41822916666666665 0.8194444444444444 0.41848958333333336 0.8333333333333334 0.41796875 0.8740740740740741 0.41770833333333335 0.8902777777777777 0.41692708333333334 0.8953703703703704 0.4161458333333333 0.9004629629629629 0.41432291666666665 0.9037037037037037 0.41171875 0.9046296296296297 0.4078125 0.9032407407407408 0.40598958333333335 0.9004629629629629 0.4041666666666667 0.8921296296296296 0.403125 0.8791666666666667 0.4036458333333333 0.8462962962962963 0.4036458333333333 0.8143518518518519 0.4044270833333333 0.8 0.4041666666666667 0.7833333333333333 0.4049479166666667 0.7712962962962963 0.4046875 0.763425925925926 0.4049479166666667 0.7597222222222222 0.40546875 0.7476851851851852 0.40520833333333334 0.7435185185185185 0.40572916666666664 0.7393518518518518 0.40520833333333334 0.7319444444444444 0.40520833333333334 0.7300925925925926 0.4036458333333333 0.7240740740740741 0.4005208333333333 0.7129629629629629 0.4002604166666667 0.7092592592592593 0.403125 0.7078703703703704 0.40520833333333334 0.7069444444444445 0.4078125
4 0.762962962962963 0.6971354166666667 0.7587962962962963 0.7010416666666667 0.7587962962962963 0.7026041666666667 0.7583333333333333 0.7028645833333333 0.7583333333333333 0.7049479166666667 0.7587962962962963 0.70546875 0.7615740740740741 0.7067708333333333 0.763425925925926 0.7072916666666667 0.7657407407407407 0.70859375 0.7722222222222223 0.7106770833333333 0.7759259259259259 0.7125 0.7787037037037037 0.7130208333333333 0.7805555555555556 0.7138020833333333 0.7907407407407407 0.7197916666666667 0.7921296296296296 0.7197916666666667 0.7953703703703704 0.7205729166666667 0.7967592592592593 0.7205729166666667 0.8027777777777778 0.721875 0.8064814814814815 0.7236979166666667 0.8097222222222222 0.7247395833333333 0.8143518518518519 0.7268229166666667 0.8263888888888888 0.7302083333333333 0.8305555555555556 0.73203125 0.8337962962962963 0.7330729166666666 0.8421296296296297 0.7380208333333333 0.8476851851851852 0.7403645833333333 0.8495370370370371 0.7408854166666666 0.85 0.740625 0.8532407407407407 0.7403645833333333 0.8569444444444444 0.7385416666666667 0.8638888888888889 0.7317708333333334 0.8638888888888889 0.7307291666666667 0.8652777777777778 0.7283854166666667 0.8643518518518518 0.7268229166666667 0.862037037037037 0.7255208333333333 0.8592592592592593 0.7244791666666667 0.8583333333333333 0.7231770833333333 0.8578703703703704 0.7205729166666667 0.8569444444444444 0.7197916666666667 0.8527777777777777 0.7216145833333333 0.850462962962963 0.7216145833333333 0.85 0.721875 0.8449074074074074 0.7216145833333333 0.8430555555555556 0.7208333333333333 0.8388888888888889 0.7197916666666667 0.8333333333333334 0.7171875 0.8277777777777777 0.715625 0.8217592592592593 0.7130208333333333 0.8162037037037037 0.71171875 0.812037037037037 0.71015625 0.8097222222222222 0.7088541666666667 0.8074074074074075 0.70859375 0.8037037037037037 0.7075520833333333 0.8018518518518518 0.7065104166666667 0.799537037037037 0.7059895833333333 0.7967592592592593 0.7046875 0.7921296296296296 0.7036458333333333 0.7875 0.7015625 0.7828703703703703 0.7002604166666667 0.7759259259259259 0.6971354166666667 0.774074074074074 0.6966145833333334 0.7722222222222223 0.6966145833333334 0.7717592592592593 0.6963541666666667 0.7680555555555556 0.69609375 0.7675925925925926 0.6958333333333333 0.7657407407407407 0.69609375
6 0.8347222222222223 0.66484375 0.8342592592592593 0.6651041666666667 0.8328703703703704 0.6653645833333334 0.8319444444444445 0.6658854166666667 0.8314814814814815 0.6658854166666667 0.8268518518518518 0.6684895833333333 0.8263888888888888 0.6684895833333333 0.8217592592592593 0.67109375 0.8217592592592593 0.6713541666666667 0.8208333333333333 0.671875 0.8203703703703704 0.67265625 0.8194444444444444 0.6731770833333334 0.8194444444444444 0.6734375 0.8189814814814815 0.6736979166666667 0.8189814814814815 0.67421875 0.8194444444444444 0.6744791666666666 0.8194444444444444 0.6763020833333333 0.8199074074074074 0.6765625 0.8199074074074074 0.6778645833333333 0.8203703703703704 0.678125 0.8203703703703704 0.6786458333333333 0.8208333333333333 0.67890625 0.8208333333333333 0.6794270833333333 0.8212962962962963 0.6796875 0.8212962962962963 0.68046875 0.8217592592592593 0.6807291666666667 0.8217592592592593 0.6815104166666667 0.8222222222222222 0.6817708333333333 0.8222222222222222 0.68203125 0.8231481481481482 0.6825520833333333 0.8231481481481482 0.6828125 0.8240740740740741 0.6833333333333333 0.8240740740740741 0.68359375 0.825 0.684375 0.825 0.6848958333333334 0.825462962962963 0.68515625 0.825462962962963 0.6856770833333333 0.825925925925926 0.6859375 0.825925925925926 0.6861979166666666 0.8273148148148148 0.6869791666666667 0.8273148148148148 0.6872395833333333 0.8296296296296296 0.6885416666666667 0.8300925925925926 0.6885416666666667 0.8305555555555556 0.6888020833333334 0.8310185185185185 0.6888020833333334 0.8333333333333334 0.6895833333333333 0.8342592592592593 0.6895833333333333 0.8347222222222223 0.68984375 0.8361111111111111 0.68984375 0.836574074074074 0.6901041666666666 0.8375 0.6901041666666666 0.8379629629629629 0.6903645833333333 0.8388888888888889 0.6903645833333333 0.8393518518518519 0.690625 0.8402777777777778 0.690625 0.8407407407407408 0.6908854166666667 0.8416666666666667 0.6908854166666667 0.8421296296296297 0.6911458333333333 0.8435185185185186 0.6911458333333333 0.8439814814814814 0.69140625 0.8458333333333333 0.69140625 0.8462962962962963 0.6916666666666667 0.850462962962963 0.6916666666666667 0.850925925925926 0.69140625 0.8523148148148149 0.69140625 0.8527777777777777 0.6911458333333333 0.8537037037037037 0.6911458333333333 0.8546296296296296 0.690625 0.8555555555555555 0.690625 0.8569444444444444 0.6901041666666666 0.8578703703703704 0.6901041666666666 0.8583333333333333 0.68984375 0.8587962962962963 0.68984375 0.8592592592592593 0.6895833333333333 0.8606481481481482 0.6893229166666667 0.8611111111111112 0.6890625 0.8611111111111112 0.6888020833333334 0.861574074074074 0.6885416666666667 0.861574074074074 0.68828125 0.8629629629629629 0.6869791666666667 0.8629629629629629 0.6864583333333333 0.8634259259259259 0.6861979166666666 0.8634259259259259 0.6859375 0.8638888888888889 0.6856770833333333 0.8638888888888889 0.6854166666666667 0.8643518518518518 0.68515625 0.8648148148148148 0.684375 0.8657407407407407 0.6838541666666667 0.8657407407407407 0.68359375 0.8662037037037037 0.6833333333333333 0.8662037037037037 0.6830729166666667 0.8675925925925926 0.6817708333333333 0.8675925925925926 0.6791666666666667 0.8671296296296296 0.67890625 0.8671296296296296 0.67734375 0.8666666666666667 0.6770833333333334 0.8666666666666667 0.6763020833333333 0.8662037037037037 0.6760416666666667 0.8662037037037037 0.6752604166666667 0.8657407407407407 0.675 0.8657407407407407 0.67421875 0.8652777777777778 0.6739583333333333 0.8652777777777778 0.6729166666666667 0.8648148148148148 0.67265625 0.8648148148148148 0.6716145833333333 0.8643518518518518 0.6713541666666667 0.8643518518518518 0.6708333333333333 0.8638888888888889 0.6705729166666666 0.8638888888888889 0.6700520833333333 0.8634259259259259 0.6697916666666667 0.8629629629629629 0.6690104166666667 0.861574074074074 0.6682291666666667 0.8611111111111112 0.6682291666666667 0.8601851851851852 0.6677083333333333 0.8597222222222223 0.6677083333333333 0.8569444444444444 0.6661458333333333 0.8564814814814815 0.6661458333333333 0.8560185185185185 0.6658854166666667 0.8550925925925926 0.6658854166666667 0.8546296296296296 0.665625 0.8537037037037037 0.665625 0.8532407407407407 0.6653645833333334 0.8518518518518519 0.6653645833333334 0.8513888888888889 0.6651041666666667 0.85 0.6651041666666667 0.8495370370370371 0.66484375 0.8458333333333333 0.66484375 0.8453703703703703 0.6645833333333333 0.8361111111111111 0.6645833333333333 0.8356481481481481 0.66484375
2 0.8300925925925926 0.5302083333333333 0.825925925925926 0.5328125 0.8277777777777777 0.5369791666666667 0.8300925925925926 0.5385416666666667 0.8328703703703704 0.5393229166666667 0.8416666666666667 0.5395833333333333 0.8439814814814814 0.5408854166666667 0.8472222222222222 0.54453125 0.8523148148148149 0.5481770833333334 0.8648148148148148 0.5627604166666667 0.8828703703703704 0.5809895833333333 0.9069444444444444 0.6083333333333333 0.9097222222222222 0.6104166666666667 0.9217592592592593 0.6236979166666666 0.9263888888888889 0.6270833333333333 0.9310185185185185 0.6283854166666667 0.9351851851851852 0.62890625 0.9407407407407408 0.6278645833333333 0.9435185185185185 0.6268229166666667 0.9462962962962963 0.6231770833333333 0.9444444444444444 0.6190104166666667 0.9412037037037037 0.6161458333333333 0.9351851851851852 0.6088541666666667 0.924537037037037 0.5981770833333333 0.9199074074074074 0.5924479166666666 0.9175925925925926 0.590625 0.8925925925925926 0.56328125 0.8796296296296297 0.5502604166666667 0.8712962962962963 0.540625 0.8689814814814815 0.5369791666666667 0.8685185185185185 0.5328125 0.8712962962962963 0.5294270833333333 0.8708333333333333 0.5252604166666667 0.8689814814814815 0.5234375 0.8652777777777778 0.52265625 0.8611111111111112 0.52265625 0.8537037037037037 0.5239583333333333 0.8435185185185186 0.5268229166666667 0.8407407407407408 0.5270833333333333
1 0.9282407407407407 0.4354166666666667 0.9277777777777778 0.4354166666666667 0.9268518518518518 0.4348958333333333 0.9263888888888889 0.4348958333333333 0.9254629629629629 0.434375 0.925 0.434375 0.9236111111111112 0.43385416666666665 0.9189814814814815 0.43385416666666665 0.9185185185185185 0.43411458333333336 0.9175925925925926 0.43411458333333336 0.9162037037037037 0.43463541666666666 0.9152777777777777 0.43463541666666666 0.9148148148148149 0.4348958333333333 0.9115740740740741 0.4356770833333333 0.9101851851851852 0.43645833333333334 0.9097222222222222 0.43645833333333334 0.9060185185185186 0.43802083333333336 0.9055555555555556 0.43802083333333336 0.9050925925925926 0.43828125 0.9037037037037037 0.43854166666666666 0.9027777777777778 0.4390625 0.9013888888888889 0.4393229166666667 0.9 0.4401041666666667 0.899537037037037 0.4401041666666667 0.8986111111111111 0.440625 0.8972222222222223 0.44088541666666664 0.8962962962962963 0.44140625 0.8949074074074074 0.44140625 0.8944444444444445 0.44166666666666665 0.8930555555555556 0.44166666666666665 0.8925925925925926 0.44192708333333336 0.8921296296296296 0.44192708333333336 0.8916666666666667 0.44166666666666665 0.8898148148148148 0.44166666666666665 0.8893518518518518 0.44140625 0.8837962962962963 0.44140625 0.8833333333333333 0.44166666666666665 0.8814814814814815 0.44166666666666665 0.8810185185185185 0.44192708333333336 0.8800925925925925 0.44192708333333336 0.8796296296296297 0.4421875 0.8773148148148148 0.4427083333333333 0.875 0.4440104166666667 0.875 0.44427083333333334 0.8666666666666667 0.44895833333333335 0.8662037037037037 0.44895833333333335 0.8643518518518518 0.44973958333333336 0.8643518518518518 0.45 0.8629629629629629 0.45078125 0.8629629629629629 0.4510416666666667 0.8625 0.4513020833333333 0.8625 0.45286458333333335 0.862037037037037 0.453125 0.862037037037037 0.45546875 0.8629629629629629 0.45625 0.8629629629629629 0.45677083333333335 0.8638888888888889 0.45755208333333336 0.8638888888888889 0.45807291666666666 0.8643518518518518 0.4583333333333333 0.8648148148148148 0.4591145833333333 0.8662037037037037 0.45989583333333334 0.8662037037037037 0.46015625 0.8694444444444445 0.46197916666666666 0.8699074074074075 0.46197916666666666 0.8731481481481481 0.4630208333333333 0.8740740740740741 0.4630208333333333 0.874537037037037 0.46328125 0.8759259259259259 0.46328125 0.8763888888888889 0.4635416666666667 0.8787037037037037 0.4635416666666667 0.8791666666666667 0.46380208333333334 0.8810185185185185 0.46380208333333334 0.8814814814814815 0.4635416666666667 0.8824074074074074 0.4635416666666667 0.8837962962962963 0.4630208333333333 0.8861111111111111 0.4627604166666667 0.8870370370370371 0.4622395833333333 0.8875 0.4622395833333333 0.887962962962963 0.46197916666666666 0.8893518518518518 0.46171875 0.8902777777777777 0.46119791666666665 0.8907407407407407 0.46119791666666665 0.8921296296296296 0.46041666666666664 0.8962962962962963 0.459375 0.9 0.45755208333333336 0.9004629629629629 0.45755208333333336 0.9023148148148148 0.45651041666666664 0.9023148148148148 0.45625 0.9041666666666667 0.4552083333333333 0.9041666666666667 0.4549479166666667 0.9046296296296297 0.4546875 0.9046296296296297 0.45416666666666666 0.9050925925925926 0.45390625 0.9055555555555556 0.453125 0.9064814814814814 0.45260416666666664 0.9064814814814814 0.45234375 0.9074074074074074 0.4518229166666667 0.9074074074074074 0.4515625 0.9087962962962963 0.45078125 0.9092592592592592 0.45078125 0.9115740740740741 0.44947916666666665 0.9120370370370371 0.44947916666666665 0.913425925925926 0.44869791666666664 0.9138888888888889 0.44869791666666664 0.9148148148148149 0.44817708333333334 0.9152777777777777 0.44817708333333334 0.9185185185185185 0.4466145833333333 0.9189814814814815 0.4466145833333333 0.9199074074074074 0.44609375 0.9203703703703704 0.44609375 0.9212962962962963 0.44557291666666665 0.9217592592592593 0.44557291666666665 0.9282407407407407 0.4421875 0.9282407407407407 0.44192708333333336 0.9305555555555556 0.4395833333333333 0.9305555555555556 0.43854166666666666 0.9300925925925926 0.43828125 0.9296296296296296 0.43697916666666664 0.9291666666666667 0.43671875
1 0.9208333333333333 0.5091145833333334 0.9208333333333333 0.5106770833333333 0.9203703703703704 0.5109375 0.9203703703703704 0.5138020833333333 0.9212962962962963 0.5143229166666666 0.9217592592592593 0.5151041666666667 0.9236111111111112 0.51640625 0.924074074074074 0.51640625 0.9263888888888889 0.5174479166666667 0.9282407407407407 0.51796875 0.9305555555555556 0.5182291666666666 0.9310185185185185 0.5184895833333333 0.9333333333333333 0.5184895833333333 0.9337962962962963 0.51875 0.9356481481481481 0.51875 0.9361111111111111 0.5190104166666667 0.9384259259259259 0.5192708333333333 0.9398148148148148 0.5197916666666667 0.9407407407407408 0.5197916666666667 0.9421296296296297 0.5203125 0.9430555555555555 0.5203125 0.9435185185185185 0.5205729166666667 0.9453703703703704 0.5205729166666667 0.9458333333333333 0.5208333333333334 0.9518518518518518 0.5208333333333334 0.9523148148148148 0.5205729166666667 0.9546296296296296 0.5205729166666667 0.9550925925925926 0.5203125 0.9592592592592593 0.5203125 0.9625 0.5213541666666667 0.9638888888888889 0.5213541666666667 0.9657407407407408 0.521875 0.9671296296296297 0.521875 0.9689814814814814 0.5223958333333333 0.9703703703703703 0.5223958333333333 0.9717592592592592 0.5229166666666667 0.9726851851851852 0.5229166666666667 0.9731481481481481 0.5231770833333333 0.9740740740740741 0.5231770833333333 0.9745370370370371 0.5234375 0.975462962962963 0.5234375 0.975925925925926 0.5236979166666667 0.9782407407407407 0.5239583333333333 0.9814814814814815 0.525 0.9824074074074074 0.525 0.9828703703703704 0.5252604166666667 0.9851851851851852 0.5252604166666667 0.9856481481481482 0.5255208333333333 0.9902777777777778 0.5255208333333333 0.9907407407407407 0.5252604166666667 0.9921296296296296 0.5252604166666667 0.9939814814814815 0.5244791666666667 0.9944444444444445 0.5244791666666667 0.9972222222222222 0.5229166666666667 0.9976851851851852 0.5223958333333333 0.999537037037037 0.5223958333333333 0.999537037037037 0.51640625 0.9976851851851852 0.51640625 0.9972222222222222 0.5161458333333333 0.9953703703703703 0.5161458333333333 0.9949074074074075 0.5158854166666667 0.9939814814814815 0.5158854166666667 0.9902777777777778 0.5145833333333333 0.9888888888888889 0.5145833333333333 0.9884259259259259 0.5143229166666666 0.987037037037037 0.5143229166666666 0.9851851851851852 0.5138020833333333 0.9837962962962963 0.5138020833333333 0.9833333333333333 0.5135416666666667 0.9819444444444444 0.5135416666666667 0.9814814814814815 0.51328125 0.9805555555555555 0.51328125 0.9791666666666666 0.5127604166666667 0.9782407407407407 0.5127604166666667 0.9777777777777777 0.5125 0.9768518518518519 0.5125 0.9763888888888889 0.5122395833333333 0.9740740740740741 0.5119791666666667 0.9685185185185186 0.5104166666666666 0.9662037037037037 0.509375 0.9634259259259259 0.5088541666666667 0.961574074074074 0.5078125 0.9601851851851851 0.50625 0.9601851851851851 0.5057291666666667 0.9583333333333334 0.50390625 0.9578703703703704 0.50390625 0.9560185185185185 0.503125 0.9537037037037037 0.5028645833333333 0.950925925925926 0.5020833333333333 0.9490740740740741 0.5020833333333333 0.9486111111111111 0.5018229166666667 0.9425925925925925 0.5018229166666667 0.9412037037037037 0.5013020833333334 0.9402777777777778 0.5013020833333334 0.9388888888888889 0.50078125 0.937962962962963 0.50078125 0.9361111111111111 0.5002604166666667 0.9314814814814815 0.5002604166666667 0.9300925925925926 0.5010416666666667 0.9296296296296296 0.5010416666666667 0.9263888888888889 0.5028645833333333 0.9263888888888889 0.503125 0.925 0.50390625 0.925 0.5041666666666667 0.924074074074074 0.5046875 0.9226851851851852 0.50625 0.9226851851851852 0.5067708333333333 0.9217592592592593 0.5075520833333333 0.9217592592592593 0.5080729166666667
5 0.999537037037037 0.2557291666666667 0.9967592592592592 0.2557291666666667 0.9962962962962963 0.25546875 0.9921296296296296 0.25546875 0.9916666666666667 0.2557291666666667 0.9902777777777778 0.2557291666666667 0.9884259259259259 0.2565104166666667 0.987037037037037 0.25677083333333334 0.9851851851851852 0.25807291666666665 0.9847222222222223 0.25885416666666666 0.9833333333333333 0.2596354166666667 0.9833333333333333 0.26015625 0.9828703703703704 0.2604166666666667 0.9828703703703704 0.2609375 0.9824074074074074 0.26119791666666664 0.9824074074074074 0.26171875 0.9819444444444444 0.26197916666666665 0.9819444444444444 0.2625 0.9814814814814815 0.26276041666666666 0.9810185185185185 0.2638020833333333 0.9745370370370371 0.2677083333333333 0.9708333333333333 0.26875 0.9671296296296297 0.27057291666666666 0.9657407407407408 0.2708333333333333 0.9606481481481481 0.27291666666666664 0.9578703703703704 0.27369791666666665 0.9569444444444445 0.27369791666666665 0.9550925925925926 0.27447916666666666 0.9541666666666667 0.27447916666666666 0.95 0.27578125 0.9490740740740741 0.27578125 0.9476851851851852 0.27630208333333334 0.9467592592592593 0.27630208333333334 0.9425925925925925 0.27760416666666665 0.9412037037037037 0.27760416666666665 0.9393518518518519 0.278125 0.9361111111111111 0.2799479166666667 0.9310185185185185 0.28151041666666665 0.9291666666666667 0.28359375 0.9287037037037037 0.2875 0.9291666666666667 0.2877604166666667 0.9291666666666667 0.28828125 0.9296296296296296 0.28854166666666664 0.9296296296296296 0.2890625 0.9310185185185185 0.2908854166666667 0.9337962962962963 0.29270833333333335 0.9356481481481481 0.2947916666666667 0.9398148148148148 0.29609375 0.9412037037037037 0.29609375 0.9430555555555555 0.29661458333333335 0.9486111111111111 0.29661458333333335 0.9490740740740741 0.29635416666666664 0.9513888888888888 0.29635416666666664 0.9518518518518518 0.29609375 0.9527777777777777 0.29609375 0.9532407407407407 0.29583333333333334 0.9583333333333334 0.2950520833333333 0.9601851851851851 0.2942708333333333 0.9629629629629629 0.29348958333333336 0.9638888888888889 0.29348958333333336 0.9652777777777778 0.29296875 0.9662037037037037 0.29296875 0.9708333333333333 0.29140625 0.9717592592592592 0.29140625 0.9791666666666666 0.28932291666666665 0.9842592592592593 0.28854166666666664 0.9898148148148148 0.2869791666666667 0.9907407407407407 0.2869791666666667 0.9912037037037037 0.28671875 0.9930555555555556 0.28671875 0.9935185185185185 0.2864583333333333 0.9949074074074075 0.2864583333333333 0.9953703703703703 0.28619791666666666 0.9967592592592592 0.28619791666666666 0.9972222222222222 0.2859375 0.999537037037037 0.2859375
4 0.9726851851851852 0.2515625 0.9666666666666667 0.24817708333333333 0.9666666666666667 0.24791666666666667 0.9625 0.24635416666666668 0.9606481481481481 0.24635416666666668 0.9587962962962963 0.24583333333333332 0.9574074074074074 0.24609375 0.950925925925926 0.24609375 0.9444444444444444 0.24791666666666667 0.9444444444444444 0.24921875 0.9449074074074074 0.24947916666666667 0.9449074074074074 0.25104166666666666 0.9453703703703704 0.2518229166666667 0.9430555555555555 0.25416666666666665 0.9421296296296297 0.2557291666666667 0.9407407407407408 0.2565104166666667 0.937037037037037 0.25755208333333335 0.9314814814814815 0.2596354166666667 0.9282407407407407 0.26145833333333335 0.9212962962962963 0.26328125 0.9138888888888889 0.26640625 0.9078703703703703 0.2677083333333333 0.9069444444444444 0.2682291666666667 0.9004629629629629 0.27005208333333336 0.8939814814814815 0.27239583333333334 0.8930555555555556 0.27239583333333334 0.8875 0.27395833333333336 0.8851851851851852 0.27421875 0.8837962962962963 0.2752604166666667 0.8768518518518519 0.27890625 0.8763888888888889 0.2794270833333333 0.8763888888888889 0.28098958333333335 0.8759259259259259 0.28125 0.8759259259259259 0.2828125 0.875462962962963 0.2830729166666667 0.8800925925925925 0.2877604166666667 0.8837962962962963 0.28880208333333335 0.8893518518518518 0.28880208333333335 0.8935185185185185 0.28802083333333334 0.8976851851851851 0.2869791666666667 0.899074074074074 0.28619791666666666 0.9064814814814814 0.28411458333333334 0.9074074074074074 0.28359375 0.9097222222222222 0.2830729166666667 0.9138888888888889 0.28125 0.9185185185185185 0.2799479166666667 0.9268518518518518 0.27838541666666666 0.9324074074074075 0.278125 0.9351851851851852 0.27734375 0.937962962962963 0.27578125 0.9384259259259259 0.27578125 0.9430555555555555 0.27291666666666664 0.9462962962962963 0.27239583333333334 0.9476851851851852 0.27109375 0.950925925925926 0.27005208333333336 0.9523148148148148 0.2703125 0.9550925925925926 0.2716145833333333 0.9587962962962963 0.26979166666666665 0.9625 0.26953125 0.9652777777777778 0.2682291666666667 0.9703703703703703 0.2677083333333333 0.9726851851851852 0.2669270833333333 0.9745370370370371 0.26666666666666666 0.9745370370370371 0.26640625 0.9777777777777777 0.26458333333333334 0.9782407407407407 0.26458333333333334 0.9791666666666666 0.2638020833333333 0.9800925925925926 0.259375 0.9777777777777777 0.25729166666666664 0.9773148148148149 0.2557291666666667 0.975462962962963 0.2546875