1 0.4101851851851852 0.4005208333333333 0.4101851851851852 0.4010416666666667 0.4078703703703704 0.4036458333333333 0.4078703703703704 0.4049479166666667 0.40925925925925927 0.40651041666666665 0.4101851851851852 0.40703125 0.4101851851851852 0.40729166666666666 0.4115740740740741 0.4080729166666667 0.4125 0.4080729166666667 0.41712962962962963 0.409375 0.41805555555555557 0.40989583333333335 0.4273148148148148 0.4125 0.4310185185185185 0.4140625 0.43842592592592594 0.4161458333333333 0.44212962962962965 0.41822916666666665 0.44351851851851853 0.4197916666666667 0.44351851851851853 0.4203125 0.4444444444444444 0.42109375 0.4444444444444444 0.42161458333333335 0.4449074074074074 0.421875 0.4449074074074074 0.42239583333333336 0.44537037037037036 0.42265625 0.44537037037037036 0.4231770833333333 0.44583333333333336 0.4234375 0.44583333333333336 0.4239583333333333 0.4462962962962963 0.4244791666666667 0.4476851851851852 0.42526041666666664 0.44907407407407407 0.42552083333333335 0.45092592592592595 0.42630208333333336 0.45185185185185184 0.42630208333333336 0.4546296296296296 0.42734375 0.45787037037037037 0.42734375 0.46064814814814814 0.428125 0.46296296296296297 0.4283854166666667 0.4666666666666667 0.42942708333333335 0.4703703703703704 0.4283854166666667 0.47453703703703703 0.42630208333333336 0.475 0.42552083333333335 0.47685185185185186 0.42421875 0.4787037037037037 0.42213541666666665 0.4828703703703704 0.4197916666666667 0.4837962962962963 0.41875 0.4837962962962963 0.41822916666666665 0.48564814814814816 0.41640625 0.48564814814814816 0.41510416666666666 0.48518518518518516 0.41484375 0.48518518518518516 0.4140625 0.4847222222222222 0.41380208333333335 0.4847222222222222 0.41328125 0.4837962962962963 0.4122395833333333 0.4828703703703704 0.41171875 0.4810185185185185 0.41119791666666666 0.48009259259259257 0.41119791666666666 0.47824074074074074 0.41067708333333336 0.475 0.41067708333333336 0.47314814814814815 0.41015625 0.4699074074074074 0.4083333333333333 0.4689814814814815 0.40729166666666666 0.46620370370370373 0.40546875 0.4652777777777778 0.40546875 0.4634259259259259 0.4049479166666667 0.4615740740740741 0.4049479166666667 0.46111111111111114 0.40520833333333334 0.4597222222222222 0.40520833333333334 0.45694444444444443 0.40598958333333335 0.4550925925925926 0.40677083333333336 0.4537037037037037 0.40677083333333336 0.4532407407407407 0.40651041666666665 0.4513888888888889 0.40651041666666665 0.45092592592592595 0.40625 0.449537037037037 0.40625 0.44907407407407407 0.40598958333333335 0.44814814814814813 0.40598958333333335 0.44722222222222224 0.40572916666666664 0.4462962962962963 0.40520833333333334 0.44583333333333336 0.40520833333333334 0.4449074074074074 0.4046875 0.44305555555555554 0.4041666666666667 0.44212962962962965 0.4041666666666667 0.44074074074074077 0.4036458333333333 0.4398148148148148 0.4036458333333333 0.43796296296296294 0.403125 0.4356481481481482 0.40208333333333335 0.43472222222222223 0.40182291666666664 0.4337962962962963 0.40182291666666664 0.43194444444444446 0.4010416666666667 0.42824074074074076 0.4 0.4273148148148148 0.4 0.42685185185185187 0.3997395833333333 0.425462962962963 0.3997395833333333 0.4199074074074074 0.39817708333333335 0.41805555555555557 0.39817708333333335 0.41759259259259257 0.39791666666666664 0.4162037037037037 0.39791666666666664 0.41574074074074074 0.39765625 0.41435185185185186 0.3984375 0.4125 0.39895833333333336 0.41064814814814815 0.4
3 0.4740740740740741 0.16744791666666667 0.4708333333333333 0.16640625 0.4666666666666667 0.16640625 0.46620370370370373 0.16666666666666666 0.46435185185185185 0.16666666666666666 0.4638888888888889 0.16692708333333334 0.4597222222222222 0.16744791666666667 0.45601851851851855 0.16848958333333333 0.4546296296296296 0.16927083333333334 0.45416666666666666 0.16979166666666667 0.45416666666666666 0.171875 0.4537037037037037 0.17213541666666668 0.4537037037037037 0.17421875 0.4532407407407407 0.17447916666666666 0.4532407407407407 0.17526041666666667 0.45185185185185184 0.1765625 0.45 0.17734375 0.44583333333333336 0.178125 0.4444444444444444 0.17864583333333334 0.44351851851851853 0.17864583333333334 0.4361111111111111 0.18072916666666666 0.43194444444444446 0.18125 0.43148148148148147 0.18151041666666667 0.42962962962962964 0.18151041666666667 0.42824074074074076 0.18203125 0.42268518518518516 0.18307291666666667 0.4212962962962963 0.18307291666666667 0.41944444444444445 0.18359375 0.41805555555555557 0.18359375 0.4125 0.18463541666666666 0.4111111111111111 0.18515625 0.40879629629629627 0.18541666666666667 0.40046296296296297 0.18802083333333333 0.3962962962962963 0.18854166666666666 0.39537037037037037 0.18932291666666667 0.39537037037037037 0.19244791666666666 0.39490740740740743 0.19270833333333334 0.3958333333333333 0.19557291666666668 0.39675925925925926 0.19713541666666667 0.39814814814814814 0.1984375 0.40046296296296297 0.20260416666666667 0.40185185185185185 0.20390625 0.4023148148148148 0.20520833333333333 0.40324074074074073 0.20572916666666666 0.40370370370370373 0.20651041666666667 0.4060185185185185 0.2078125 0.4078703703703704 0.20833333333333334 0.4097222222222222 0.20833333333333334 0.4101851851851852 0.20807291666666666 0.41203703703703703 0.20807291666666666 0.4125 0.2078125 0.4212962962962963 0.20677083333333332 0.42824074074074076 0.20546875 0.43194444444444446 0.20442708333333334 0.43472222222222223 0.20416666666666666 0.43842592592592594 0.20286458333333332 0.44166666666666665 0.20260416666666667 0.44583333333333336 0.20182291666666666 0.44814814814814813 0.20182291666666666 0.4486111111111111 0.2015625 0.46064814814814814 0.2015625 0.46111111111111114 0.20182291666666666 0.46296296296296297 0.20182291666666666 0.46805555555555556 0.20338541666666668 0.4708333333333333 0.2046875 0.4722222222222222 0.2046875 0.4726851851851852 0.20494791666666667 0.4824074074074074 0.2046875 0.4861111111111111 0.20364583333333333 0.4898148148148148 0.2015625 0.49027777777777776 0.20104166666666667 0.49027777777777776 0.19791666666666666 0.49074074074074076 0.19765625 0.49074074074074076 0.196875 0.49027777777777776 0.19661458333333334 0.4898148148148148 0.19296875 0.4875 0.1890625 0.48703703703703705 0.18541666666666667 0.48333333333333334 0.17994791666666668 0.4824074074074074 0.17682291666666666 0.48009259259259257 0.17395833333333333 0.48009259259259257 0.1734375 0.4787037037037037 0.17213541666666668 0.4773148148148148 0.16979166666666667
4 0.3560185185185185 0.40234375 0.35462962962962963 0.40390625 0.3537037037037037 0.4080729166666667 0.35694444444444445 0.4119791666666667 0.3611111111111111 0.41432291666666665 0.362962962962963 0.41484375 0.3680555555555556 0.41744791666666664 0.3736111111111111 0.4192708333333333 0.37777777777777777 0.42239583333333336 0.38055555555555554 0.4231770833333333 0.3861111111111111 0.42552083333333335 0.38981481481481484 0.4265625 0.39305555555555555 0.4270833333333333 0.3972222222222222 0.42890625 0.40185185185185185 0.43020833333333336 0.4060185185185185 0.4322916666666667 0.4125 0.43411458333333336 0.41574074074074074 0.4356770833333333 0.42314814814814816 0.43828125 0.425462962962963 0.4395833333333333 0.425462962962963 0.44036458333333334 0.42592592592592593 0.440625 0.42592592592592593 0.44192708333333336 0.4263888888888889 0.4421875 0.42592592592592593 0.4471354166666667 0.43148148148148147 0.4505208333333333 0.43287037037037035 0.4505208333333333 0.4351851851851852 0.4510416666666667 0.44305555555555554 0.44765625 0.4449074074074074 0.44609375 0.44722222222222224 0.44505208333333335 0.45 0.44296875 0.4513888888888889 0.44114583333333335 0.4537037037037037 0.4393229166666667 0.4546296296296296 0.4375 0.45694444444444443 0.43515625 0.45694444444444443 0.43411458333333336 0.45740740740740743 0.43385416666666665 0.45740740740740743 0.4309895833333333 0.45601851851851855 0.42942708333333335 0.4546296296296296 0.42864583333333334 0.4476851851851852 0.42682291666666666 0.4462962962962963 0.42682291666666666 0.44351851851851853 0.4278645833333333 0.44212962962962965 0.4278645833333333 0.44166666666666665 0.428125 0.4388888888888889 0.428125 0.43472222222222223 0.4270833333333333 0.4324074074074074 0.42604166666666665 0.4300925925925926 0.42552083333333335 0.42592592592592593 0.4239583333333333 0.4217592592592593 0.42135416666666664 0.4199074074074074 0.42083333333333334 0.41712962962962963 0.4192708333333333 0.4115740740740741 0.41744791666666664 0.4078703703703704 0.415625 0.4027777777777778 0.41380208333333335 0.4 0.4122395833333333 0.3972222222222222 0.4114583333333333 0.3962962962962963 0.4114583333333333 0.39490740740740743 0.41067708333333336 0.39305555555555555 0.41015625 0.3875 0.40729166666666666 0.38564814814814813 0.40677083333333336 0.38425925925925924 0.40598958333333335 0.38055555555555554 0.4049479166666667 0.37916666666666665 0.4041666666666667 0.37546296296296294 0.40338541666666666 0.3731481481481482 0.40234375 0.3680555555555556 0.40078125 0.36527777777777776 0.4002604166666667 0.3611111111111111 0.4002604166666667
4 0.3962962962962963 0.43776041666666665 0.39444444444444443 0.4354166666666667 0.39305555555555555 0.43463541666666666 0.3888888888888889 0.43359375 0.3875 0.43359375 0.387037037037037 0.43385416666666665 0.3851851851851852 0.43385416666666665 0.3819444444444444 0.43515625 0.37962962962962965 0.43854166666666666 0.37962962962962965 0.4393229166666667 0.37824074074074077 0.44088541666666664 0.3763888888888889 0.44192708333333336 0.3736111111111111 0.4427083333333333 0.3680555555555556 0.44296875 0.3675925925925926 0.4432291666666667 0.36574074074074076 0.4432291666666667 0.362962962962963 0.44375 0.3587962962962963 0.44375 0.35833333333333334 0.4440104166666667 0.35555555555555557 0.4440104166666667 0.35509259259259257 0.44427083333333334 0.3486111111111111 0.44453125 0.34814814814814815 0.44479166666666664 0.3458333333333333 0.44479166666666664 0.3425925925925926 0.4453125 0.33564814814814814 0.44557291666666665 0.33287037037037037 0.44609375 0.3300925925925926 0.44609375 0.3296296296296296 0.44635416666666666 0.32685185185185184 0.44635416666666666 0.3263888888888889 0.4466145833333333 0.3236111111111111 0.4466145833333333 0.32314814814814813 0.446875 0.3148148148148148 0.4471354166666667 0.3143518518518518 0.4473958333333333 0.31203703703703706 0.4473958333333333 0.3087962962962963 0.4479166666666667 0.2962962962962963 0.4484375 0.29583333333333334 0.44869791666666664 0.2935185185185185 0.44869791666666664 0.29305555555555557 0.44895833333333335 0.29074074074074074 0.44895833333333335 0.28888888888888886 0.44947916666666665 0.2875 0.44947916666666665 0.28425925925925927 0.4505208333333333 0.2833333333333333 0.4505208333333333 0.28194444444444444 0.4513020833333333 0.28055555555555556 0.45390625 0.28055555555555556 0.4557291666666667 0.2814814814814815 0.45677083333333335 0.2814814814814815 0.45755208333333336 0.2824074074074074 0.4591145833333333 0.28379629629629627 0.45989583333333334 0.2865740740740741 0.46067708333333335 0.2902777777777778 0.4609375 0.29074074074074074 0.46119791666666665 0.2953703703703704 0.46119791666666665 0.29814814814814816 0.46171875 0.30462962962962964 0.46171875 0.3050925925925926 0.46145833333333336 0.31157407407407406 0.46119791666666665 0.3143518518518518 0.46067708333333335 0.3189814814814815 0.46067708333333335 0.32175925925925924 0.46015625 0.3282407407407407 0.45989583333333334 0.3287037037037037 0.4596354166666667 0.3398148148148148 0.459375 0.3402777777777778 0.4591145833333333 0.3425925925925926 0.4591145833333333 0.3449074074074074 0.45859375 0.34953703703703703 0.45859375 0.35 0.4583333333333333 0.3527777777777778 0.4583333333333333 0.35324074074074074 0.45807291666666666 0.3578703703703704 0.4578125 0.35833333333333334 0.45755208333333336 0.36157407407407405 0.45755208333333336 0.36203703703703705 0.45729166666666665 0.3680555555555556 0.45703125 0.3685185185185185 0.45677083333333335 0.37222222222222223 0.45677083333333335 0.3726851851851852 0.45651041666666664 0.3763888888888889 0.45729166666666665 0.37962962962962965 0.45729166666666665 0.3819444444444444 0.4583333333333333 0.3819444444444444 0.4588541666666667 0.38333333333333336 0.4596354166666667 0.38472222222222224 0.46119791666666665 0.38657407407407407 0.46171875 0.38842592592592595 0.4627604166666667 0.39305555555555555 0.4627604166666667 0.3958333333333333 0.46197916666666666 0.4 0.4588541666666667 0.4 0.4549479166666667 0.399537037037037 0.4546875 0.399537037037037 0.45234375 0.3990740740740741 0.45208333333333334 0.3990740740740741 0.44635416666666666 0.39861111111111114 0.44609375 0.39814814814814814 0.4421875 0.3972222222222222 0.44088541666666664
4 0.20092592592592592 0.2713541666666667 0.1986111111111111 0.2752604166666667 0.1986111111111111 0.2794270833333333 0.20046296296296295 0.28125 0.2064814814814815 0.2838541666666667 0.20925925925925926 0.28463541666666664 0.21157407407407408 0.28489583333333335 0.21388888888888888 0.28567708333333336 0.21481481481481482 0.28567708333333336 0.2222222222222222 0.2877604166666667 0.22546296296296298 0.28828125 0.22870370370370371 0.28932291666666665 0.2310185185185185 0.28958333333333336 0.2375 0.2916666666666667 0.23981481481481481 0.29192708333333334 0.24166666666666667 0.29270833333333335 0.24861111111111112 0.29453125 0.2537037037037037 0.2950520833333333 0.2601851851851852 0.29661458333333335 0.2638888888888889 0.29713541666666665 0.26805555555555555 0.2984375 0.275 0.29921875 0.2833333333333333 0.30104166666666665 0.2851851851851852 0.3026041666666667 0.28564814814814815 0.3059895833333333 0.2861111111111111 0.30625 0.2865740740740741 0.30807291666666664 0.2884259259259259 0.3098958333333333 0.2912037037037037 0.3109375 0.29444444444444445 0.31145833333333334 0.300462962962963 0.31145833333333334 0.30092592592592593 0.3111979166666667 0.3023148148148148 0.3111979166666667 0.30416666666666664 0.3106770833333333 0.30694444444444446 0.30911458333333336 0.3087962962962963 0.30755208333333334 0.31203703703703706 0.30364583333333334 0.3138888888888889 0.3020833333333333 0.3162037037037037 0.29713541666666665 0.31666666666666665 0.2947916666666667 0.31712962962962965 0.29453125 0.31712962962962965 0.2911458333333333 0.3175925925925926 0.2908854166666667 0.31712962962962965 0.290625 0.31712962962962965 0.2872395833333333 0.31527777777777777 0.28489583333333335 0.3138888888888889 0.28411458333333334 0.31203703703703706 0.28411458333333334 0.3087962962962963 0.2833333333333333 0.2986111111111111 0.2830729166666667 0.2953703703703704 0.2838541666666667 0.29305555555555557 0.28515625 0.29074074074074074 0.28567708333333336 0.2865740740740741 0.284375 0.2796296296296296 0.2830729166666667 0.275 0.2828125 0.2712962962962963 0.28177083333333336 0.2671296296296296 0.28125 0.26481481481481484 0.28046875 0.25787037037037036 0.2791666666666667 0.25555555555555554 0.2791666666666667 0.25277777777777777 0.2786458333333333 0.24074074074074073 0.2755208333333333 0.23564814814814813 0.2747395833333333 0.23194444444444445 0.27369791666666665 0.21342592592592594 0.27005208333333336 0.21157407407407408 0.27005208333333336 0.20879629629629629 0.26953125 0.20787037037037037 0.26979166666666665 0.20462962962962963 0.26979166666666665
5 0.5569444444444445 0.3533854166666667 0.5541666666666667 0.3533854166666667 0.5537037037037037 0.353125 0.5527777777777778 0.353125 0.5523148148148148 0.3533854166666667 0.549074074074074 0.3536458333333333 0.5453703703703704 0.35520833333333335 0.5421296296296296 0.3572916666666667 0.5421296296296296 0.35833333333333334 0.5416666666666666 0.35859375 0.5416666666666666 0.35963541666666665 0.5412037037037037 0.35989583333333336 0.5412037037037037 0.3609375 0.5407407407407407 0.3611979166666667 0.5462962962962963 0.3653645833333333 0.5462962962962963 0.36770833333333336 0.5467592592592593 0.36796875 0.5462962962962963 0.3697916666666667 0.5444444444444444 0.371875 0.5407407407407407 0.375 0.5310185185185186 0.3807291666666667 0.5310185185185186 0.3809895833333333 0.5287037037037037 0.38229166666666664 0.5277777777777778 0.38333333333333336 0.5254629629629629 0.3846354166666667 0.524537037037037 0.3859375 0.5189814814814815 0.39010416666666664 0.5175925925925926 0.390625 0.5143518518518518 0.3927083333333333 0.5138888888888888 0.39479166666666665 0.513425925925926 0.39505208333333336 0.513425925925926 0.3966145833333333 0.5162037037037037 0.39921875 0.5180555555555556 0.4002604166666667 0.5212962962962963 0.4010416666666667 0.5254629629629629 0.40286458333333336 0.5291666666666667 0.40390625 0.5324074074074074 0.40390625 0.5370370370370371 0.40208333333333335 0.5407407407407407 0.4 0.5407407407407407 0.3997395833333333 0.5462962962962963 0.3966145833333333 0.5472222222222223 0.3963541666666667 0.5486111111111112 0.39505208333333336 0.5532407407407407 0.3924479166666667 0.5537037037037037 0.39166666666666666 0.5601851851851852 0.3880208333333333 0.5634259259259259 0.38515625 0.5662037037037037 0.38359375 0.5662037037037037 0.38333333333333336 0.5708333333333333 0.3807291666666667 0.5712962962962963 0.3807291666666667 0.5717592592592593 0.3802083333333333 0.5726851851851852 0.3802083333333333 0.5731481481481482 0.37994791666666666 0.5763888888888888 0.37994791666666666 0.5777777777777777 0.38046875 0.5787037037037037 0.38046875 0.5805555555555556 0.3809895833333333 0.5819444444444445 0.3809895833333333 0.5824074074074074 0.38125 0.5879629629629629 0.3815104166666667 0.5907407407407408 0.3807291666666667 0.5953703703703703 0.37786458333333334 0.5962962962962963 0.3768229166666667 0.5962962962962963 0.37421875 0.5958333333333333 0.37395833333333334 0.5958333333333333 0.37265625 0.5953703703703703 0.37213541666666666 0.5939814814814814 0.37135416666666665 0.5916666666666667 0.3692708333333333 0.5856481481481481 0.36614583333333334 0.5847222222222223 0.3651041666666667 0.5837962962962963 0.36484375 0.5800925925925926 0.36276041666666664 0.5800925925925926 0.3625 0.5796296296296296 0.3625 0.5777777777777777 0.3614583333333333 0.5777777777777777 0.3611979166666667 0.5773148148148148 0.3611979166666667 0.575462962962963 0.36015625 0.5731481481481482 0.35963541666666665 0.5685185185185185 0.3572916666666667 0.5662037037037037 0.3567708333333333 0.5643518518518519 0.35598958333333336 0.5611111111111111 0.35546875
3 0.5361111111111111 0.4276041666666667 0.5333333333333333 0.4270833333333333 0.5319444444444444 0.42734375 0.5291666666666667 0.42734375 0.5254629629629629 0.4283854166666667 0.5199074074074074 0.4315104166666667 0.5194444444444445 0.43385416666666665 0.5185185185185185 0.4354166666666667 0.5199074074074074 0.43645833333333334 0.5212962962962963 0.43828125 0.5231481481481481 0.4393229166666667 0.5212962962962963 0.440625 0.5212962962962963 0.44114583333333335 0.5199074074074074 0.44244791666666666 0.5171296296296296 0.4440104166666667 0.5157407407407407 0.4453125 0.5083333333333333 0.44947916666666665 0.5050925925925925 0.45078125 0.500462962962963 0.45364583333333336 0.48935185185185187 0.4583333333333333 0.48518518518518516 0.46067708333333335 0.48148148148148145 0.4622395833333333 0.4787037037037037 0.4640625 0.47685185185185186 0.46640625 0.47824074074074074 0.46875 0.4791666666666667 0.46927083333333336 0.47962962962962963 0.4700520833333333 0.4898148148148148 0.47578125 0.4898148148148148 0.47604166666666664 0.49537037037037035 0.47734375 0.5018518518518519 0.47734375 0.5064814814814815 0.47604166666666664 0.5078703703703704 0.4752604166666667 0.5162037037037037 0.47239583333333335 0.5254629629629629 0.46796875 0.5287037037037037 0.4669270833333333 0.5337962962962963 0.4635416666666667 0.5402777777777777 0.46171875 0.5476851851851852 0.46119791666666665 0.5481481481481482 0.4609375 0.5509259259259259 0.46119791666666665 0.5513888888888889 0.46145833333333336 0.5541666666666667 0.46145833333333336 0.5546296296296296 0.46171875 0.5606481481481481 0.46145833333333336 0.5643518518518519 0.46067708333333335 0.5685185185185185 0.4588541666666667 0.5708333333333333 0.45546875 0.5703703703703704 0.4510416666666667 0.5671296296296297 0.44869791666666664 0.5657407407407408 0.446875 0.5643518518518519 0.44583333333333336 0.5569444444444445 0.44140625 0.5546296296296296 0.4393229166666667 0.55 0.43671875 0.5486111111111112 0.4354166666666667 0.5449074074074074 0.43333333333333335 0.5412037037037037 0.43046875
4 0.725462962962963 0.125 0.7245370370370371 0.12526041666666668 0.7222222222222222 0.12682291666666667 0.7203703703703703 0.12942708333333333 0.7203703703703703 0.13020833333333334 0.7199074074074074 0.13046875 0.7203703703703703 0.13385416666666666 0.7240740740740741 0.13776041666666666 0.7263888888888889 0.13932291666666666 0.7282407407407407 0.14140625 0.7282407407407407 0.14192708333333334 0.7305555555555555 0.14322916666666666 0.7324074074074074 0.14479166666666668 0.737037037037037 0.14973958333333334 0.7412037037037037 0.153125 0.7425925925925926 0.1546875 0.7458333333333333 0.15703125 0.7476851851851852 0.15911458333333334 0.7523148148148148 0.16197916666666667 0.7550925925925925 0.16588541666666667 0.7560185185185185 0.17005208333333333 0.7541666666666667 0.17213541666666668 0.7518518518518519 0.17369791666666667 0.7518518518518519 0.17604166666666668 0.7513888888888889 0.17630208333333333 0.7518518518518519 0.17838541666666666 0.7555555555555555 0.18177083333333333 0.7587962962962963 0.18359375 0.7592592592592593 0.184375 0.7611111111111111 0.18541666666666667 0.7625 0.18567708333333333 0.7643518518518518 0.18567708333333333 0.7671296296296296 0.18489583333333334 0.7712962962962963 0.184375 0.7800925925925926 0.18203125 0.7810185185185186 0.18151041666666667 0.7824074074074074 0.18125 0.7856481481481481 0.17942708333333332 0.788425925925926 0.17838541666666666 0.7962962962962963 0.17369791666666667 0.7967592592592593 0.17213541666666668 0.7986111111111112 0.16979166666666667 0.7962962962962963 0.16744791666666667 0.7953703703703704 0.16588541666666667 0.7930555555555555 0.16432291666666668 0.7907407407407407 0.16197916666666667 0.788425925925926 0.16171875 0.7870370370370371 0.16119791666666666 0.7787037037037037 0.16197916666666667 0.7759259259259259 0.16119791666666666 0.7731481481481481 0.159375 0.7726851851851851 0.15807291666666667 0.7694444444444445 0.15520833333333334 0.7685185185185185 0.15364583333333334 0.7657407407407407 0.1515625 0.7606481481481482 0.14609375 0.7578703703703704 0.14401041666666667 0.7564814814814815 0.1421875 0.7546296296296297 0.14088541666666668 0.7518518518518519 0.13723958333333333 0.7490740740740741 0.13541666666666666 0.7439814814814815 0.13020833333333334 0.7416666666666667 0.12890625 0.7407407407407407 0.12786458333333334 0.7361111111111112 0.12526041666666668 0.7351851851851852 0.12526041666666668 0.7324074074074074 0.12447916666666667 0.7296296296296296 0.12447916666666667 0.7291666666666666 0.12473958333333333
1 0.5523148148148148 0.46848958333333335 0.549537037037037 0.4700520833333333 0.5486111111111112 0.4713541666666667 0.5476851851851852 0.471875 0.5476851851851852 0.47239583333333335 0.5467592592592593 0.4734375 0.5467592592592593 0.475 0.5555555555555556 0.48489583333333336 0.5574074074074075 0.4861979166666667 0.5606481481481481 0.48984375 0.5606481481481481 0.4903645833333333 0.5615740740740741 0.49140625 0.5615740740740741 0.4921875 0.562037037037037 0.49244791666666665 0.562037037037037 0.49322916666666666 0.5625 0.4934895833333333 0.5625 0.4947916666666667 0.562037037037037 0.49505208333333334 0.562037037037037 0.49609375 0.5615740740740741 0.49635416666666665 0.5615740740740741 0.49765625 0.5611111111111111 0.4979166666666667 0.5615740740740741 0.4981770833333333 0.562037037037037 0.5015625 0.5638888888888889 0.5036458333333333 0.5662037037037037 0.5052083333333334 0.5666666666666667 0.5059895833333333 0.5689814814814815 0.5075520833333333 0.5689814814814815 0.5078125 0.5708333333333333 0.5088541666666667 0.5708333333333333 0.5091145833333334 0.5722222222222222 0.5098958333333333 0.575 0.5106770833333333 0.575925925925926 0.5111979166666667 0.5800925925925926 0.5111979166666667 0.5805555555555556 0.5109375 0.5819444444444445 0.5109375 0.5824074074074074 0.5106770833333333 0.5837962962962963 0.5106770833333333 0.5842592592592593 0.5104166666666666 0.5875 0.51015625 0.5879629629629629 0.5098958333333333 0.5888888888888889 0.5098958333333333 0.5893518518518519 0.5096354166666667 0.5916666666666667 0.509375 0.5930555555555556 0.5088541666666667 0.5939814814814814 0.5088541666666667 0.5958333333333333 0.5083333333333333 0.600925925925926 0.5057291666666667 0.6018518518518519 0.5046875 0.6018518518518519 0.5041666666666667 0.6023148148148149 0.50390625 0.6023148148148149 0.503125 0.6027777777777777 0.5028645833333333 0.6027777777777777 0.50234375 0.6032407407407407 0.5020833333333333 0.6027777777777777 0.5015625 0.6027777777777777 0.5010416666666667 0.5990740740740741 0.496875 0.5990740740740741 0.49635416666666665 0.5986111111111111 0.49609375 0.5986111111111111 0.49557291666666664 0.5976851851851852 0.49453125 0.5976851851851852 0.4934895833333333 0.5972222222222222 0.49322916666666666 0.5972222222222222 0.49244791666666665 0.5967592592592592 0.4921875 0.5967592592592592 0.49166666666666664 0.5962962962962963 0.49140625 0.5962962962962963 0.490625 0.5958333333333333 0.4901041666666667 0.5939814814814814 0.48932291666666666 0.5930555555555556 0.48932291666666666 0.5916666666666667 0.48880208333333336 0.5907407407407408 0.48880208333333336 0.5879629629629629 0.48802083333333335 0.587037037037037 0.48802083333333335 0.5851851851851851 0.4875 0.5842592592592593 0.4869791666666667 0.5833333333333334 0.4869791666666667 0.5805555555555556 0.4861979166666667 0.5796296296296296 0.4856770833333333 0.5773148148148148 0.4830729166666667 0.575462962962963 0.48203125 0.575 0.48125 0.5740740740740741 0.48072916666666665 0.5731481481481482 0.47942708333333334 0.5722222222222222 0.47890625 0.5703703703703704 0.4765625 0.5694444444444444 0.47604166666666664 0.5675925925925925 0.4739583333333333 0.5648148148148148 0.471875 0.5643518518518519 0.47109375 0.562962962962963 0.4703125 0.562962962962963 0.4700520833333333 0.5611111111111111 0.46875 0.5601851851851852 0.46848958333333335 0.5569444444444445 0.46848958333333335 0.5564814814814815 0.46822916666666664 0.5560185185185185 0.46848958333333335
4 0.5254629629629629 0.6505208333333333 0.5217592592592593 0.6494791666666667 0.5171296296296296 0.6494791666666667 0.5143518518518518 0.6502604166666667 0.513425925925926 0.65078125 0.5111111111111111 0.6536458333333334 0.5111111111111111 0.6544270833333333 0.5106481481481482 0.6546875 0.5106481481481482 0.6580729166666667 0.5060185185185185 0.6604166666666667 0.5018518518518519 0.66171875 0.49953703703703706 0.6630208333333333 0.49166666666666664 0.6653645833333334 0.4888888888888889 0.6658854166666667 0.48194444444444445 0.6684895833333333 0.475462962962963 0.66953125 0.4564814814814815 0.6752604166666667 0.45555555555555555 0.6752604166666667 0.449537037037037 0.6768229166666667 0.44722222222222224 0.6770833333333334 0.44351851851851853 0.678125 0.4425925925925926 0.6786458333333333 0.4375 0.6799479166666667 0.4300925925925926 0.6828125 0.425 0.6856770833333333 0.425 0.6869791666666667 0.42453703703703705 0.6872395833333333 0.42453703703703705 0.6895833333333333 0.4273148148148148 0.6924479166666667 0.43148148148148147 0.6940104166666666 0.4393518518518518 0.6934895833333333 0.44305555555555554 0.6924479166666667 0.4462962962962963 0.6921875 0.4486111111111111 0.69140625 0.449537037037037 0.69140625 0.4527777777777778 0.6903645833333333 0.45694444444444443 0.6895833333333333 0.46064814814814814 0.68828125 0.4634259259259259 0.6877604166666667 0.4666666666666667 0.68671875 0.47175925925925927 0.6859375 0.4787037037037037 0.6838541666666667 0.4810185185185185 0.68359375 0.48657407407407405 0.6815104166666667 0.4888888888888889 0.68125 0.49398148148148147 0.6796875 0.4949074074074074 0.6796875 0.49953703703703706 0.6783854166666666 0.5046296296296297 0.6776041666666667 0.5060185185185185 0.6770833333333334 0.5097222222222222 0.6768229166666667 0.5125 0.6760416666666667 0.5180555555555556 0.6760416666666667 0.5212962962962963 0.6752604166666667 0.5236111111111111 0.6752604166666667 0.524074074074074 0.675 0.5314814814814814 0.675 0.5370370370370371 0.6739583333333333 0.5393518518518519 0.6723958333333333 0.5412037037037037 0.6697916666666667 0.5393518518518519 0.6674479166666667 0.5393518518518519 0.6666666666666666 0.538425925925926 0.665625 0.538425925925926 0.66484375 0.5370370370370371 0.6625 0.5351851851851852 0.6609375 0.5328703703703703 0.6580729166666667 0.5305555555555556 0.6565104166666667
5 0.6370370370370371 0.6125 0.6337962962962963 0.615625 0.6333333333333333 0.6169270833333333 0.6319444444444444 0.6184895833333334 0.6319444444444444 0.6200520833333333 0.6314814814814815 0.6203125 0.6314814814814815 0.6229166666666667 0.6356481481481482 0.6255208333333333 0.6393518518518518 0.6268229166666667 0.6430555555555556 0.62734375 0.6453703703703704 0.628125 0.6481481481481481 0.6283854166666667 0.6578703703703703 0.6302083333333334 0.6699074074074074 0.63359375 0.6731481481481482 0.6348958333333333 0.6782407407407407 0.6359375 0.6847222222222222 0.63828125 0.6856481481481481 0.6388020833333333 0.6856481481481481 0.6395833333333333 0.6865740740740741 0.6408854166666667 0.6884259259259259 0.6473958333333333 0.6893518518518519 0.6484375 0.6935185185185185 0.6502604166666667 0.6949074074074074 0.6502604166666667 0.6986111111111111 0.6510416666666666 0.7032407407407407 0.6510416666666666 0.7037037037037037 0.65078125 0.7050925925925926 0.65078125 0.7087962962962963 0.6489583333333333 0.711574074074074 0.6466145833333333 0.7138888888888889 0.64375 0.7157407407407408 0.6424479166666667 0.7175925925925926 0.6401041666666667 0.7175925925925926 0.6395833333333333 0.7189814814814814 0.63828125 0.7189814814814814 0.6377604166666667 0.7208333333333333 0.6359375 0.7222222222222222 0.63359375 0.7222222222222222 0.6328125 0.7236111111111111 0.63125 0.7236111111111111 0.63046875 0.7245370370370371 0.6294270833333333 0.7245370370370371 0.6286458333333333 0.725925925925926 0.6265625 0.7263888888888889 0.6247395833333333 0.7277777777777777 0.6229166666666667 0.7268518518518519 0.6190104166666667 0.7240740740740741 0.6174479166666667 0.7180555555555556 0.6158854166666666 0.7166666666666667 0.6151041666666667 0.712037037037037 0.61484375 0.7087962962962963 0.6161458333333333 0.7069444444444445 0.6182291666666667 0.7046296296296296 0.6200520833333333 0.700462962962963 0.6208333333333333 0.7 0.6205729166666667 0.6981481481481482 0.6205729166666667 0.6976851851851852 0.6203125 0.6962962962962963 0.6203125 0.6921296296296297 0.61953125 0.6907407407407408 0.6190104166666667 0.6861111111111111 0.6182291666666667 0.6810185185185185 0.6166666666666667 0.6787037037037037 0.61640625 0.6736111111111112 0.6151041666666667 0.6722222222222223 0.6151041666666667 0.6583333333333333 0.6125 0.6541666666666667 0.6111979166666667 0.6513888888888889 0.6109375 0.6467592592592593 0.6098958333333333 0.6425925925925926 0.6098958333333333 0.6398148148148148 0.6109375
2 0.8101851851851852 0.27005208333333336 0.8046296296296296 0.26979166666666665 0.799074074074074 0.2708333333333333 0.7944444444444444 0.2755208333333333 0.7907407407407407 0.29010416666666666 0.7893518518518519 0.29921875 0.7870370370370371 0.3065104166666667 0.7837962962962963 0.325 0.7819444444444444 0.32916666666666666 0.7814814814814814 0.3346354166666667 0.7768518518518519 0.3528645833333333 0.7763888888888889 0.3578125 0.775 0.3606770833333333 0.774537037037037 0.365625 0.7731481481481481 0.36744791666666665 0.7708333333333334 0.36875 0.762962962962963 0.3703125 0.7601851851851852 0.3729166666666667 0.7597222222222222 0.3770833333333333 0.7620370370370371 0.37916666666666665 0.762962962962963 0.3809895833333333 0.7671296296296296 0.38385416666666666 0.7712962962962963 0.3848958333333333 0.7754629629629629 0.38515625 0.7791666666666667 0.3846354166666667 0.7828703703703703 0.3854166666666667 0.7870370370370371 0.3841145833333333 0.7907407407407407 0.38359375 0.7958333333333333 0.3841145833333333 0.8023148148148148 0.38307291666666665 0.8069444444444445 0.3807291666666667 0.8074074074074075 0.37604166666666666 0.8046296296296296 0.37005208333333334 0.8009259259259259 0.36614583333333334 0.8009259259259259 0.359375 0.8023148148148148 0.3546875 0.8032407407407407 0.34453125 0.8046296296296296 0.3416666666666667 0.8078703703703703 0.3223958333333333 0.8111111111111111 0.3109375 0.8175925925925925 0.2755208333333333 0.8148148148148148 0.2716145833333333
4 0.8833333333333333 0.3768229166666667 0.8819444444444444 0.37552083333333336 0.8805555555555555 0.37473958333333335 0.8759259259259259 0.3736979166666667 0.8703703703703703 0.3736979166666667 0.8699074074074075 0.37395833333333334 0.8657407407407407 0.37421875 0.8592592592592593 0.37604166666666666 0.850925925925926 0.3776041666666667 0.8495370370370371 0.3776041666666667 0.8421296296296297 0.3796875 0.8361111111111111 0.3807291666666667 0.8328703703703704 0.38177083333333334 0.8296296296296296 0.38229166666666664 0.825462962962963 0.38359375 0.8171296296296297 0.38515625 0.8157407407407408 0.38515625 0.8115740740740741 0.3859375 0.8101851851851852 0.38645833333333335 0.8074074074074075 0.38645833333333335 0.8064814814814815 0.38671875 0.8023148148148148 0.38515625 0.7935185185185185 0.3846354166666667 0.7916666666666666 0.3841145833333333 0.7898148148148149 0.3841145833333333 0.7893518518518519 0.384375 0.7865740740740741 0.3846354166666667 0.7837962962962963 0.38567708333333334 0.7819444444444444 0.38567708333333334 0.7800925925925926 0.38515625 0.7787037037037037 0.38515625 0.7768518518518519 0.38567708333333334 0.7754629629629629 0.38645833333333335 0.774537037037037 0.3875 0.774074074074074 0.38958333333333334 0.7736111111111111 0.38984375 0.7736111111111111 0.39140625 0.7731481481481481 0.39166666666666666 0.7731481481481481 0.39375 0.7726851851851851 0.39401041666666664 0.7726851851851851 0.3971354166666667 0.7731481481481481 0.39739583333333334 0.7736111111111111 0.3997395833333333 0.7754629629629629 0.40208333333333335 0.7754629629629629 0.40260416666666665 0.7777777777777778 0.40520833333333334 0.7805555555555556 0.40703125 0.7824074074074074 0.4088541666666667 0.7861111111111111 0.41067708333333336 0.7944444444444444 0.4122395833333333 0.7986111111111112 0.4119791666666667 0.8032407407407407 0.4109375 0.8064814814814815 0.40911458333333334 0.8078703703703703 0.4075520833333333 0.8083333333333333 0.40625 0.8106481481481481 0.4041666666666667 0.8106481481481481 0.40338541666666666 0.812037037037037 0.40182291666666664 0.8143518518518519 0.4005208333333333 0.8185185185185185 0.4 0.8208333333333333 0.39895833333333336 0.8263888888888888 0.39817708333333335 0.8296296296296296 0.396875 0.8310185185185185 0.396875 0.8314814814814815 0.3966145833333333 0.8328703703703704 0.3966145833333333 0.8333333333333334 0.3963541666666667 0.8375 0.3958333333333333 0.8435185185185186 0.39401041666666664 0.8444444444444444 0.39401041666666664 0.8458333333333333 0.39348958333333334 0.8495370370370371 0.39296875 0.8532407407407407 0.3919270833333333 0.8569444444444444 0.39140625 0.8606481481481482 0.39036458333333335 0.8652777777777778 0.38958333333333334 0.8699074074074075 0.38828125 0.8722222222222222 0.38723958333333336 0.8763888888888889 0.38645833333333335 0.8791666666666667 0.3854166666666667 0.8810185185185185 0.384375 0.8833333333333333 0.3815104166666667
3 0.9319444444444445 0.18255208333333334 0.9263888888888889 0.18255208333333334 0.9259259259259259 0.1828125 0.9194444444444444 0.18307291666666667 0.9189814814814815 0.18333333333333332 0.9152777777777777 0.18385416666666668 0.9138888888888889 0.184375 0.9115740740740741 0.18463541666666666 0.9087962962962963 0.18541666666666667 0.9069444444444444 0.18645833333333334 0.9046296296296297 0.18671875 0.9 0.18828125 0.8967592592592593 0.18854166666666666 0.8962962962962963 0.18880208333333334 0.8925925925925926 0.18932291666666667 0.8916666666666667 0.18984375 0.8837962962962963 0.19192708333333333 0.8796296296296297 0.19401041666666666 0.8773148148148148 0.196875 0.8773148148148148 0.19791666666666666 0.8777777777777778 0.19817708333333334 0.8777777777777778 0.19921875 0.8782407407407408 0.19947916666666668 0.8787037037037037 0.20104166666666667 0.8814814814814815 0.20338541666666668 0.8847222222222222 0.20520833333333333 0.888425925925926 0.20625 0.8916666666666667 0.20677083333333332 0.8935185185185185 0.2078125 0.9013888888888889 0.21614583333333334 0.9027777777777778 0.21875 0.9055555555555556 0.22135416666666666 0.9055555555555556 0.221875 0.9078703703703703 0.22473958333333333 0.9078703703703703 0.22552083333333334 0.913425925925926 0.23255208333333333 0.9194444444444444 0.23619791666666667 0.924074074074074 0.23619791666666667 0.924537037037037 0.2359375 0.9268518518518518 0.23567708333333334 0.9310185185185185 0.23411458333333332 0.9337962962962963 0.23333333333333334 0.9347222222222222 0.23333333333333334 0.937037037037037 0.23255208333333333 0.937962962962963 0.23255208333333333 0.9430555555555555 0.23098958333333333 0.9462962962962963 0.22864583333333333 0.9458333333333333 0.22552083333333334 0.9453703703703704 0.22526041666666666 0.9453703703703704 0.22421875 0.9439814814814815 0.22239583333333332 0.9435185185185185 0.22057291666666667 0.9402777777777778 0.21666666666666667 0.9388888888888889 0.21380208333333334 0.937962962962963 0.21302083333333333 0.937962962962963 0.2125 0.9328703703703703 0.20442708333333334 0.9319444444444445 0.19713541666666667 0.9384259259259259 0.19322916666666667 0.9388888888888889 0.18932291666666667 0.9361111111111111 0.18645833333333334 0.9361111111111111 0.18567708333333333 0.9347222222222222 0.18411458333333333
2 0.8333333333333334 0.51484375 0.825 0.51328125 0.8212962962962963 0.51328125 0.8180555555555555 0.5140625 0.8134259259259259 0.5171875 0.8125 0.5216145833333333 0.8157407407407408 0.525 0.8157407407407408 0.5291666666666667 0.8134259259259259 0.5325520833333334 0.7981481481481482 0.5479166666666667 0.7930555555555555 0.5541666666666667 0.7842592592592592 0.5622395833333333 0.7810185185185186 0.56640625 0.774537037037037 0.5721354166666667 0.7662037037037037 0.5815104166666667 0.7597222222222222 0.5875 0.749537037037037 0.5989583333333334 0.7458333333333333 0.6020833333333333 0.7388888888888889 0.61015625 0.7375 0.6127604166666667 0.7351851851851852 0.61484375 0.7333333333333333 0.6192708333333333 0.737037037037037 0.6223958333333334 0.7425925925925926 0.62421875 0.7513888888888889 0.6236979166666666 0.7555555555555555 0.6213541666666667 0.7648148148148148 0.6119791666666666 0.7671296296296296 0.6080729166666666 0.7712962962962963 0.6044270833333333 0.7736111111111111 0.6013020833333333 0.7791666666666667 0.5966145833333333 0.8069444444444445 0.5658854166666667 0.8240740740740741 0.5484375 0.8287037037037037 0.5447916666666667 0.8361111111111111 0.5364583333333334 0.8412037037037037 0.5328125 0.850462962962963 0.5309895833333333 0.8546296296296296 0.52890625 0.8555555555555555 0.5247395833333334 0.8532407407407407 0.521875 0.8458333333333333 0.51875
3 0.8138888888888889 0.6546875 0.8097222222222222 0.6546875 0.8083333333333333 0.6549479166666666 0.8074074074074075 0.65546875 0.8027777777777778 0.6565104166666667 0.8009259259259259 0.6575520833333334 0.7958333333333333 0.66328125 0.7958333333333333 0.6638020833333333 0.7944444444444444 0.6651041666666667 0.7925925925925926 0.6682291666666667 0.7912037037037037 0.66953125 0.7893518518518519 0.6729166666666667 0.787962962962963 0.67421875 0.7875 0.6752604166666667 0.7851851851851852 0.67734375 0.7847222222222222 0.6786458333333333 0.7819444444444444 0.6822916666666666 0.7810185185185186 0.6830729166666667 0.7754629629629629 0.6859375 0.7675925925925926 0.68671875 0.762962962962963 0.6893229166666667 0.7597222222222222 0.6932291666666667 0.7597222222222222 0.6950520833333333 0.7592592592592593 0.6953125 0.7592592592592593 0.6979166666666666 0.7611111111111111 0.7010416666666667 0.7652777777777777 0.7033854166666667 0.7703703703703704 0.7057291666666666 0.7736111111111111 0.7065104166666667 0.7763888888888889 0.7075520833333333 0.7791666666666667 0.7091145833333333 0.7819444444444444 0.7096354166666666 0.7828703703703703 0.71015625 0.7893518518518519 0.7119791666666667 0.7912037037037037 0.7127604166666667 0.7967592592592593 0.7138020833333333 0.7981481481481482 0.7138020833333333 0.8023148148148148 0.71484375 0.8097222222222222 0.7153645833333333 0.8101851851851852 0.715625 0.8143518518518519 0.71484375 0.8152777777777778 0.7143229166666667 0.8166666666666667 0.7140625 0.8203703703703704 0.71171875 0.8226851851851852 0.70859375 0.8231481481481482 0.7065104166666667 0.8240740740740741 0.7052083333333333 0.8245370370370371 0.7020833333333333 0.825 0.7018229166666666 0.8245370370370371 0.69765625 0.8240740740740741 0.6973958333333333 0.8236111111111111 0.6950520833333333 0.8226851851851852 0.69375 0.8226851851851852 0.6893229166666667 0.8236111111111111 0.6877604166666667 0.8240740740740741 0.6846354166666667 0.8273148148148148 0.6791666666666667 0.8273148148148148 0.6783854166666666 0.8305555555555556 0.6734375 0.8305555555555556 0.6723958333333333 0.8310185185185185 0.6721354166666667 0.8314814814814815 0.6700520833333333 0.8324074074074074 0.66875 0.8324074074074074 0.6677083333333333 0.8333333333333334 0.66640625 0.8328703703703704 0.6619791666666667 0.8314814814814815 0.6609375 0.8245370370370371 0.6575520833333334 0.8175925925925925 0.65546875 0.8166666666666667 0.65546875
4 0.8569444444444444 0.4375 0.8550925925925926 0.4395833333333333 0.8546296296296296 0.44088541666666664 0.8532407407407407 0.4421875 0.8527777777777777 0.4440104166666667 0.8546296296296296 0.446875 0.8601851851851852 0.44973958333333336 0.8652777777777778 0.4513020833333333 0.8768518518518519 0.4515625 0.8814814814814815 0.45260416666666664 0.8925925925925926 0.45729166666666665 0.8972222222222223 0.46015625 0.9101851851851852 0.46588541666666666 0.9148148148148149 0.46848958333333335 0.9148148148148149 0.46875 0.924074074074074 0.47369791666666666 0.9319444444444445 0.47682291666666665 0.9361111111111111 0.478125 0.9388888888888889 0.4786458333333333 0.9407407407407408 0.4786458333333333 0.9412037037037037 0.47890625 0.9472222222222222 0.47890625 0.950925925925926 0.4778645833333333 0.9541666666666667 0.47604166666666664 0.9550925925925926 0.475 0.9550925925925926 0.47369791666666666 0.9541666666666667 0.47239583333333335 0.9541666666666667 0.4713541666666667 0.9523148148148148 0.46901041666666665 0.9486111111111111 0.46640625 0.9472222222222222 0.46588541666666666 0.9314814814814815 0.45677083333333335 0.9282407407407407 0.4557291666666667 0.9185185185185185 0.4505208333333333 0.9097222222222222 0.446875 0.9060185185185186 0.44427083333333334 0.8972222222222223 0.4393229166666667 0.8967592592592593 0.4309895833333333 0.8962962962962963 0.43020833333333336 0.8939814814814815 0.42864583333333334 0.8912037037037037 0.4276041666666667 0.8902777777777777 0.4276041666666667 0.887962962962963 0.42682291666666666 0.8851851851851852 0.42630208333333336 0.8824074074074074 0.42630208333333336 0.8819444444444444 0.4265625 0.8777777777777778 0.42682291666666666 0.8759259259259259 0.42734375 0.8736111111111111 0.42864583333333334 0.8708333333333333 0.4296875 0.8689814814814815 0.42994791666666665
2 0.9083333333333333 0.48098958333333336 0.9018518518518519 0.4747395833333333 0.8930555555555556 0.4705729166666667 0.8888888888888888 0.46953125 0.8837962962962963 0.46953125 0.8805555555555555 0.4705729166666667 0.8791666666666667 0.4705729166666667 0.8763888888888889 0.47239583333333335 0.874537037037037 0.4783854166666667 0.8699074074074075 0.48125 0.8472222222222222 0.48854166666666665 0.8240740740740741 0.49453125 0.8125 0.4979166666666667 0.8060185185185185 0.5005208333333333 0.7981481481481482 0.50234375 0.7953703703703704 0.5036458333333333 0.7787037037037037 0.5078125 0.7657407407407407 0.5119791666666667 0.7523148148148148 0.5153645833333333 0.7361111111111112 0.5208333333333334 0.7324074074074074 0.5213541666666667 0.7194444444444444 0.5252604166666667 0.7157407407407408 0.5270833333333333 0.7134259259259259 0.5291666666666667 0.7148148148148148 0.5330729166666667 0.7194444444444444 0.5359375 0.7222222222222222 0.5364583333333334 0.7305555555555555 0.5364583333333334 0.7379629629629629 0.5356770833333333 0.7476851851851852 0.5333333333333333 0.7513888888888889 0.53125 0.7550925925925925 0.5307291666666667 0.7652777777777777 0.52734375 0.7796296296296297 0.5236979166666667 0.7837962962962963 0.5216145833333333 0.799074074074074 0.51796875 0.8101851851851852 0.5169270833333334 0.8185185185185185 0.5130208333333334 0.8263888888888888 0.5111979166666667 0.8291666666666667 0.509375 0.8342592592592593 0.5083333333333333 0.8685185185185185 0.4979166666666667 0.887962962962963 0.4942708333333333 0.9009259259259259 0.49453125 0.9041666666666667 0.4940104166666667 0.9078703703703703 0.49270833333333336 0.9101851851851852 0.4901041666666667 0.9106481481481481 0.4856770833333333
5 0.8907407407407407 0.5888020833333333 0.8902777777777777 0.5890625 0.888425925925926 0.5890625 0.8875 0.5893229166666667 0.8837962962962963 0.5911458333333334 0.8819444444444444 0.5934895833333333 0.8819444444444444 0.5940104166666667 0.8805555555555555 0.5953125 0.8800925925925925 0.59765625 0.8796296296296297 0.5979166666666667 0.8796296296296297 0.5989583333333334 0.8791666666666667 0.59921875 0.8791666666666667 0.6005208333333333 0.8787037037037037 0.60078125 0.8787037037037037 0.6020833333333333 0.8782407407407408 0.60234375 0.8782407407407408 0.6036458333333333 0.8777777777777778 0.60390625 0.8777777777777778 0.60625 0.8773148148148148 0.6065104166666667 0.8773148148148148 0.6083333333333333 0.8768518518518519 0.60859375 0.8768518518518519 0.6104166666666667 0.8763888888888889 0.6106770833333334 0.8759259259259259 0.6151041666666667 0.875462962962963 0.6153645833333333 0.875462962962963 0.6166666666666667 0.875 0.6169270833333333 0.875 0.61796875 0.874537037037037 0.6182291666666667 0.8740740740740741 0.6197916666666666 0.8731481481481481 0.6205729166666667 0.8717592592592592 0.62109375 0.8708333333333333 0.62109375 0.8675925925925926 0.621875 0.8652777777777778 0.621875 0.8606481481481482 0.6231770833333333 0.8578703703703704 0.6265625 0.8574074074074074 0.6315104166666666 0.8578703703703704 0.6317708333333333 0.8578703703703704 0.6328125 0.8583333333333333 0.6330729166666667 0.8587962962962963 0.6346354166666667 0.8601851851851852 0.6359375 0.8657407407407407 0.63828125 0.8666666666666667 0.63828125 0.8740740740740741 0.63984375 0.8791666666666667 0.6403645833333333 0.8796296296296297 0.640625 0.8824074074074074 0.640625 0.8828703703703704 0.6408854166666667 0.8851851851851852 0.6408854166666667 0.8856481481481482 0.6411458333333333 0.8875 0.6411458333333333 0.887962962962963 0.64140625 0.8912037037037037 0.64140625 0.8916666666666667 0.6416666666666667 0.8939814814814815 0.6416666666666667 0.8962962962962963 0.6421875 0.8967592592592593 0.6419270833333334 0.9083333333333333 0.6416666666666667 0.9087962962962963 0.64140625 0.9120370370370371 0.6411458333333333 0.9148148148148149 0.6401041666666667 0.9175925925925926 0.6385416666666667 0.9180555555555555 0.6354166666666666 0.9185185185185185 0.63515625 0.9180555555555555 0.63046875 0.9175925925925926 0.6302083333333334 0.9175925925925926 0.6294270833333333 0.9162037037037037 0.6278645833333333 0.9162037037037037 0.62734375 0.9157407407407407 0.6268229166666667 0.9111111111111111 0.62421875 0.9097222222222222 0.6229166666666667 0.9101851851851852 0.6223958333333334 0.9106481481481481 0.6171875 0.9111111111111111 0.6169270833333333 0.9111111111111111 0.6153645833333333 0.9115740740740741 0.6151041666666667 0.9115740740740741 0.6135416666666667 0.9120370370370371 0.61328125 0.9120370370370371 0.61171875 0.9125 0.6114583333333333 0.9125 0.6072916666666667 0.912962962962963 0.60703125 0.913425925925926 0.6041666666666666 0.9138888888888889 0.60390625 0.9143518518518519 0.5986979166666667 0.9148148148148149 0.5984375 0.9148148148148149 0.59453125 0.912962962962963 0.5916666666666667 0.9083333333333333 0.5901041666666667 0.9055555555555556 0.58984375 0.9050925925925926 0.5895833333333333 0.9032407407407408 0.5895833333333333 0.9027777777777778 0.5893229166666667 0.9009259259259259 0.5893229166666667 0.9004629629629629 0.5890625 0.8981481481481481 0.5890625 0.8976851851851851 0.5888020833333333
6 0.9092592592592592 0.6721354166666667 0.9064814814814814 0.6729166666666667 0.9055555555555556 0.6734375 0.9050925925925926 0.6734375 0.9018518518518519 0.6752604166666667 0.9009259259259259 0.6763020833333333 0.8972222222222223 0.6783854166666666 0.8912037037037037 0.68515625 0.8912037037037037 0.6856770833333333 0.8902777777777777 0.68671875 0.8902777777777777 0.6875 0.8898148148148148 0.6877604166666667 0.8898148148148148 0.6885416666666667 0.8893518518518518 0.6888020833333334 0.8893518518518518 0.6895833333333333 0.8898148148148148 0.68984375 0.8902777777777777 0.6927083333333334 0.8907407407407407 0.69296875 0.8907407407407407 0.69375 0.8916666666666667 0.69453125 0.8921296296296296 0.6958333333333333 0.8930555555555556 0.696875 0.8958333333333334 0.6989583333333333 0.8962962962962963 0.6997395833333333 0.8986111111111111 0.7013020833333333 0.899074074074074 0.7013020833333333 0.9 0.7018229166666666 0.9027777777777778 0.7026041666666667 0.9037037037037037 0.7026041666666667 0.9064814814814814 0.7033854166666667 0.9087962962962963 0.7044270833333334 0.9115740740740741 0.7052083333333333 0.9125 0.7052083333333333 0.912962962962963 0.70546875 0.9138888888888889 0.70546875 0.9157407407407407 0.7059895833333333 0.9175925925925926 0.7059895833333333 0.9180555555555555 0.70625 0.9208333333333333 0.70625 0.9212962962962963 0.7065104166666667 0.925 0.7065104166666667 0.9254629629629629 0.7067708333333333 0.9273148148148148 0.7067708333333333 0.9277777777777778 0.70703125 0.9361111111111111 0.70703125 0.9393518518518519 0.7059895833333333 0.9407407407407408 0.7044270833333334 0.9435185185185185 0.70234375 0.9481481481481482 0.6971354166666667 0.9481481481481482 0.6966145833333334 0.9490740740740741 0.6958333333333333 0.9490740740740741 0.6953125 0.9513888888888888 0.6927083333333334 0.9513888888888888 0.69140625 0.9518518518518518 0.6911458333333333 0.9518518518518518 0.6901041666666666 0.9523148148148148 0.68984375 0.9523148148148148 0.6890625 0.9518518518518518 0.6888020833333334 0.9518518518518518 0.6880208333333333 0.9513888888888888 0.6877604166666667 0.9513888888888888 0.6869791666666667 0.950925925925926 0.68671875 0.950925925925926 0.6859375 0.950462962962963 0.6856770833333333 0.950462962962963 0.6848958333333334 0.95 0.6846354166666667 0.95 0.6838541666666667 0.9495370370370371 0.68359375 0.9495370370370371 0.6830729166666667 0.9490740740740741 0.6828125 0.9486111111111111 0.6815104166666667 0.9472222222222222 0.68046875 0.9472222222222222 0.6802083333333333 0.9458333333333333 0.6794270833333333 0.9458333333333333 0.6791666666666667 0.9449074074074074 0.6786458333333333 0.9439814814814815 0.6776041666666667 0.9425925925925925 0.6770833333333334 0.9425925925925925 0.6768229166666667 0.937037037037037 0.6734375 0.9351851851851852 0.6729166666666667 0.9342592592592592 0.6729166666666667 0.9324074074074075 0.6723958333333333 0.9310185185185185 0.6723958333333333 0.9305555555555556 0.6721354166666667 0.9287037037037037 0.6721354166666667 0.9282407407407407 0.671875 0.924537037037037 0.671875 0.924074074074074 0.6716145833333333 0.9120370370370371 0.6716145833333333 0.9115740740740741 0.671875