1 0.28703703703703703 0.32369791666666664 0.2865740740740741 0.32473958333333336 0.28564814814814815 0.3255208333333333 0.28564814814814815 0.32734375 0.2861111111111111 0.32760416666666664 0.2861111111111111 0.32890625 0.2865740740740741 0.32916666666666666 0.2865740740740741 0.3296875 0.2912037037037037 0.33177083333333335 0.2949074074074074 0.3328125 0.29768518518518516 0.3341145833333333 0.3023148148148148 0.33541666666666664 0.30648148148148147 0.3375 0.3106481481481482 0.3385416666666667 0.31157407407407406 0.3390625 0.31342592592592594 0.33958333333333335 0.3148148148148148 0.34036458333333336 0.31527777777777777 0.34036458333333336 0.3175925925925926 0.3416666666666667 0.31805555555555554 0.34322916666666664 0.31851851851851853 0.34348958333333335 0.31851851851851853 0.34427083333333336 0.3189814814814815 0.34453125 0.3189814814814815 0.3455729166666667 0.3194444444444444 0.3458333333333333 0.3199074074074074 0.34713541666666664 0.32083333333333336 0.34791666666666665 0.32083333333333336 0.3484375 0.32175925925925924 0.3494791666666667 0.32314814814814813 0.3497395833333333 0.32592592592592595 0.35104166666666664 0.32731481481481484 0.35130208333333335 0.3296296296296296 0.35234375 0.33425925925925926 0.35234375 0.3351851851851852 0.35260416666666666 0.3375 0.35390625 0.33796296296296297 0.35390625 0.3416666666666667 0.35546875 0.3435185185185185 0.35494791666666664 0.3449074074074074 0.35494791666666664 0.3476851851851852 0.3541666666666667 0.3486111111111111 0.3536458333333333 0.35 0.3533854166666667 0.35185185185185186 0.35234375 0.35324074074074074 0.35208333333333336 0.35324074074074074 0.35182291666666665 0.35462962962962963 0.35104166666666664 0.35462962962962963 0.35078125 0.36157407407407405 0.34661458333333334 0.36157407407407405 0.3463541666666667 0.3625 0.3458333333333333 0.362962962962963 0.3453125 0.362962962962963 0.34453125 0.36342592592592593 0.34427083333333336 0.36342592592592593 0.34348958333333335 0.3638888888888889 0.34322916666666664 0.3638888888888889 0.3419270833333333 0.36435185185185187 0.3416666666666667 0.3638888888888889 0.34140625 0.3638888888888889 0.34088541666666666 0.36342592592592593 0.340625 0.36342592592592593 0.34010416666666665 0.3625 0.3390625 0.36064814814814816 0.3377604166666667 0.3592592592592593 0.3375 0.35694444444444445 0.33645833333333336 0.35324074074074074 0.3359375 0.35 0.33489583333333334 0.3476851851851852 0.33307291666666666 0.3476851851851852 0.3328125 0.34629629629629627 0.33203125 0.34629629629629627 0.33177083333333335 0.3425925925925926 0.3299479166666667 0.3416666666666667 0.3296875 0.3365740740740741 0.3296875 0.33611111111111114 0.3299479166666667 0.3337962962962963 0.3302083333333333 0.33240740740740743 0.3307291666666667 0.3314814814814815 0.3307291666666667 0.3296296296296296 0.33125 0.3263888888888889 0.3296875 0.324537037037037 0.3294270833333333 0.32175925925925924 0.32864583333333336 0.3194444444444444 0.32760416666666664 0.31296296296296294 0.32578125 0.3101851851851852 0.32447916666666665 0.3087962962962963 0.32421875 0.3037037037037037 0.3221354166666667 0.30277777777777776 0.3221354166666667 0.3013888888888889 0.3216145833333333 0.2986111111111111 0.32135416666666666 0.2949074074074074 0.3203125 0.2935185185185185 0.3203125 0.29305555555555557 0.32057291666666665 0.2916666666666667 0.32057291666666665 0.29074074074074074 0.32083333333333336 0.28888888888888886 0.3221354166666667 0.2884259259259259 0.3229166666666667
3 0.38842592592592595 0.08776041666666666 0.3875 0.08776041666666666 0.3851851851851852 0.08697916666666666 0.37962962962962965 0.08697916666666666 0.37916666666666665 0.08723958333333333 0.3763888888888889 0.08723958333333333 0.3736111111111111 0.08776041666666666 0.3685185185185185 0.08932291666666667 0.36712962962962964 0.09114583333333333 0.36712962962962964 0.09296875 0.36666666666666664 0.09322916666666667 0.3662037037037037 0.09557291666666666 0.36157407407407405 0.09765625 0.3560185185185185 0.09869791666666666 0.3527777777777778 0.09895833333333333 0.3509259259259259 0.09947916666666666 0.34953703703703703 0.09947916666666666 0.34814814814814815 0.1 0.34675925925925927 0.1 0.33796296296296297 0.10182291666666667 0.33425925925925926 0.10208333333333333 0.33194444444444443 0.10260416666666666 0.3300925925925926 0.10260416666666666 0.32037037037037036 0.1046875 0.3189814814814815 0.1046875 0.31851851851851853 0.10494791666666667 0.3143518518518518 0.10546875 0.3074074074074074 0.10729166666666666 0.30648148148148147 0.10807291666666667 0.3055555555555556 0.11171875 0.30833333333333335 0.11640625 0.3087962962962963 0.11848958333333333 0.3101851851851852 0.1203125 0.3101851851851852 0.12109375 0.3143518518518518 0.1265625 0.31666666666666665 0.12708333333333333 0.32685185185185184 0.12708333333333333 0.32731481481481484 0.12682291666666667 0.3300925925925926 0.12682291666666667 0.33287037037037037 0.12604166666666666 0.33564814814814814 0.12578125 0.337037037037037 0.12526041666666668 0.3453703703703704 0.12369791666666667 0.34953703703703703 0.1234375 0.35185185185185186 0.12291666666666666 0.36666666666666664 0.12265625 0.36712962962962964 0.12239583333333333 0.37037037037037035 0.12239583333333333 0.37083333333333335 0.12265625 0.3763888888888889 0.12317708333333334 0.38101851851851853 0.12578125 0.38333333333333336 0.12630208333333334 0.38425925925925924 0.12682291666666667 0.38981481481481484 0.12682291666666667 0.3902777777777778 0.1265625 0.3925925925925926 0.1265625 0.39537037037037037 0.12578125 0.4 0.12526041666666668 0.4027777777777778 0.12317708333333334 0.4023148148148148 0.11927083333333334 0.40185185185185185 0.11901041666666666 0.4013888888888889 0.11588541666666667 0.4009259259259259 0.115625 0.4009259259259259 0.11354166666666667 0.40046296296296297 0.11328125 0.40046296296296297 0.11119791666666666 0.3990740740740741 0.109375 0.3990740740740741 0.10833333333333334 0.39861111111111114 0.10807291666666667 0.39861111111111114 0.10703125 0.3976851851851852 0.10572916666666667 0.3962962962962963 0.10078125 0.39490740740740743 0.09895833333333333 0.39351851851851855 0.09505208333333333 0.39166666666666666 0.09192708333333334 0.38842592592592595 0.08828125
4 0.2300925925925926 0.3216145833333333 0.22870370370370371 0.3223958333333333 0.22685185185185186 0.3260416666666667 0.2273148148148148 0.3263020833333333 0.22824074074074074 0.32916666666666666 0.22916666666666666 0.3302083333333333 0.23333333333333334 0.33307291666666666 0.2439814814814815 0.3390625 0.24722222222222223 0.34010416666666665 0.24861111111111112 0.34088541666666666 0.2518518518518518 0.34453125 0.25601851851851853 0.3453125 0.2601851851851852 0.34739583333333335 0.26296296296296295 0.34817708333333336 0.2657407407407407 0.3497395833333333 0.2671296296296296 0.35 0.2740740740740741 0.353125 0.27824074074074073 0.35442708333333334 0.28194444444444444 0.35651041666666666 0.2902777777777778 0.36015625 0.29212962962962963 0.3606770833333333 0.29398148148148145 0.36171875 0.2967592592592593 0.3645833333333333 0.2967592592592593 0.3658854166666667 0.2953703703703704 0.3684895833333333 0.2953703703703704 0.36953125 0.29583333333333334 0.3697916666666667 0.29583333333333334 0.37083333333333335 0.2967592592592593 0.37265625 0.29814814814814816 0.3734375 0.3023148148148148 0.37473958333333335 0.3074074074074074 0.37447916666666664 0.3101851851851852 0.37395833333333334 0.31527777777777777 0.37395833333333334 0.3194444444444444 0.3731770833333333 0.3263888888888889 0.3690104166666667 0.3277777777777778 0.36744791666666665 0.3314814814814815 0.3651041666666667 0.3314814814814815 0.3645833333333333 0.3347222222222222 0.36171875 0.3351851851851852 0.35963541666666665 0.337037037037037 0.3572916666666667 0.3337962962962963 0.35442708333333334 0.3300925925925926 0.3536458333333333 0.3287037037037037 0.3528645833333333 0.3263888888888889 0.35234375 0.32175925925925924 0.35052083333333334 0.3175925925925926 0.35052083333333334 0.3143518518518518 0.35182291666666665 0.3101851851851852 0.35078125 0.3060185185185185 0.34869791666666666 0.3037037037037037 0.34817708333333336 0.29907407407407405 0.3463541666666667 0.2902777777777778 0.3411458333333333 0.2875 0.34036458333333336 0.2828703703703704 0.3377604166666667 0.2800925925925926 0.33697916666666666 0.275 0.3338541666666667 0.27175925925925926 0.33307291666666666 0.26851851851851855 0.33177083333333335 0.26296296296296295 0.32838541666666665 0.2611111111111111 0.32786458333333335 0.24444444444444444 0.32057291666666665 0.23935185185185184 0.31953125 0.23564814814814813 0.31953125
4 0.2675925925925926 0.3606770833333333 0.2671296296296296 0.35963541666666665 0.2662037037037037 0.35911458333333335 0.26481481481481484 0.3572916666666667 0.262037037037037 0.35651041666666666 0.25833333333333336 0.35625 0.25787037037037036 0.35651041666666666 0.2513888888888889 0.3567708333333333 0.2490740740740741 0.35833333333333334 0.24675925925925926 0.36171875 0.2439814814814815 0.36328125 0.24166666666666667 0.36328125 0.23657407407407408 0.3640625 0.23333333333333334 0.3640625 0.23287037037037037 0.36432291666666666 0.22175925925925927 0.36432291666666666 0.2212962962962963 0.3645833333333333 0.21805555555555556 0.3645833333333333 0.2175925925925926 0.36432291666666666 0.21435185185185185 0.36432291666666666 0.21388888888888888 0.3645833333333333 0.19722222222222222 0.3645833333333333 0.19675925925925927 0.36484375 0.18981481481481483 0.36484375 0.18935185185185185 0.3651041666666667 0.1884259259259259 0.36484375 0.1537037037037037 0.3651041666666667 0.14675925925925926 0.36640625 0.14444444444444443 0.36770833333333336 0.14351851851851852 0.36875 0.14351851851851852 0.3731770833333333 0.14629629629629629 0.3768229166666667 0.14907407407407408 0.37786458333333334 0.16203703703703703 0.37994791666666666 0.16574074074074074 0.37994791666666666 0.16620370370370371 0.3796875 0.18518518518518517 0.3796875 0.18564814814814815 0.37942708333333336 0.2013888888888889 0.37942708333333336 0.20185185185185187 0.37916666666666665 0.21944444444444444 0.37916666666666665 0.2199074074074074 0.37890625 0.22314814814814815 0.37890625 0.22361111111111112 0.37916666666666665 0.2324074074074074 0.37890625 0.2351851851851852 0.37942708333333336 0.23935185185185184 0.37942708333333336 0.23981481481481481 0.37916666666666665 0.24768518518518517 0.37890625 0.2490740740740741 0.3802083333333333 0.2513888888888889 0.38515625 0.2550925925925926 0.38645833333333335 0.25925925925925924 0.38645833333333335 0.25972222222222224 0.38619791666666664 0.26342592592592595 0.3859375 0.2662037037037037 0.3846354166666667 0.26805555555555555 0.3807291666666667 0.26805555555555555 0.37786458333333334 0.26851851851851855 0.3776041666666667 0.26851851851851855 0.375 0.26805555555555555 0.37473958333333335 0.26851851851851855 0.36484375 0.26805555555555555 0.3645833333333333
4 0.08888888888888889 0.18151041666666667 0.0875 0.18411458333333333 0.08796296296296297 0.18880208333333334 0.08888888888888889 0.18984375 0.09212962962962963 0.19192708333333333 0.10138888888888889 0.19505208333333332 0.10324074074074074 0.19609375 0.10787037037037037 0.19739583333333333 0.1111111111111111 0.19895833333333332 0.11203703703703703 0.19895833333333332 0.11898148148148148 0.20104166666666667 0.12268518518518519 0.2015625 0.12824074074074074 0.203125 0.13148148148148148 0.20364583333333333 0.13657407407407407 0.20520833333333333 0.1375 0.20520833333333333 0.1439814814814815 0.20729166666666668 0.1449074074074074 0.20729166666666668 0.15 0.20885416666666667 0.1550925925925926 0.20989583333333334 0.15787037037037038 0.21119791666666668 0.16064814814814815 0.21171875 0.16666666666666666 0.21354166666666666 0.1699074074074074 0.21536458333333333 0.17083333333333334 0.21744791666666666 0.17083333333333334 0.22057291666666667 0.1736111111111111 0.22317708333333333 0.17824074074074073 0.22473958333333333 0.18194444444444444 0.22526041666666666 0.18472222222222223 0.22526041666666666 0.18518518518518517 0.22552083333333334 0.18888888888888888 0.225 0.19212962962962962 0.225 0.19444444444444445 0.22447916666666667 0.19675925925925927 0.2234375 0.20092592592592592 0.22057291666666667 0.20185185185185187 0.21848958333333332 0.20462962962962963 0.215625 0.20787037037037037 0.20885416666666667 0.20787037037037037 0.20572916666666666 0.20833333333333334 0.20546875 0.20787037037037037 0.20078125 0.20601851851851852 0.19921875 0.20462962962962963 0.19869791666666667 0.19768518518518519 0.19713541666666667 0.1962962962962963 0.19713541666666667 0.18888888888888888 0.19583333333333333 0.18518518518518517 0.19583333333333333 0.1814814814814815 0.19817708333333334 0.17777777777777778 0.19817708333333334 0.17175925925925925 0.19661458333333334 0.16944444444444445 0.19635416666666666 0.16527777777777777 0.19505208333333332 0.16435185185185186 0.19505208333333332 0.1587962962962963 0.19322916666666667 0.15462962962962962 0.19270833333333334 0.15231481481481482 0.19192708333333333 0.14351851851851852 0.19010416666666666 0.13842592592592592 0.18854166666666666 0.1361111111111111 0.18828125 0.12777777777777777 0.1859375 0.12685185185185185 0.18541666666666667 0.12361111111111112 0.18489583333333334 0.12268518518518519 0.184375 0.11527777777777778 0.18255208333333334 0.1125 0.18151041666666667 0.1087962962962963 0.18098958333333334 0.10185185185185185 0.17916666666666667 0.09490740740740741 0.17890625 0.0912037037037037 0.17994791666666668
5 0.45092592592592595 0.2828125 0.44814814814814813 0.2825520833333333 0.4439814814814815 0.28151041666666665 0.4393518518518518 0.28125 0.43657407407407406 0.28229166666666666 0.43333333333333335 0.28411458333333334 0.43333333333333335 0.284375 0.4310185185185185 0.28541666666666665 0.42916666666666664 0.2869791666666667 0.42962962962962964 0.2872395833333333 0.42962962962962964 0.28802083333333334 0.4300925925925926 0.28828125 0.4310185185185185 0.2903645833333333 0.4351851851851852 0.29453125 0.4351851851851852 0.2950520833333333 0.43194444444444446 0.2986979166666667 0.425462962962963 0.3026041666666667 0.41805555555555557 0.3078125 0.4162037037037037 0.30859375 0.41203703703703703 0.3111979166666667 0.4064814814814815 0.31536458333333334 0.39861111111111114 0.32005208333333335 0.3962962962962963 0.321875 0.3962962962962963 0.32317708333333334 0.39675925925925926 0.3234375 0.3976851851851852 0.3260416666666667 0.4083333333333333 0.33177083333333335 0.41203703703703703 0.33307291666666666 0.4162037037037037 0.3333333333333333 0.41712962962962963 0.3328125 0.42314814814814816 0.33098958333333334 0.425462962962963 0.3299479166666667 0.425462962962963 0.3296875 0.4324074074074074 0.32578125 0.4324074074074074 0.3255208333333333 0.4375 0.3223958333333333 0.43842592592592594 0.32135416666666666 0.44305555555555554 0.31875 0.44351851851851853 0.31875 0.44814814814814813 0.31614583333333335 0.45092592592592595 0.3151041666666667 0.45185185185185184 0.3151041666666667 0.4537037037037037 0.3145833333333333 0.4587962962962963 0.31223958333333335 0.4597222222222222 0.31223958333333335 0.4615740740740741 0.31171875 0.4638888888888889 0.31171875 0.46435185185185185 0.31197916666666664 0.46620370370370373 0.31197916666666664 0.4666666666666667 0.31223958333333335 0.4685185185185185 0.31223958333333335 0.4689814814814815 0.3125 0.47314814814814815 0.3125 0.4740740740740741 0.31276041666666665 0.47962962962962963 0.3111979166666667 0.48194444444444445 0.3098958333333333 0.4847222222222222 0.30703125 0.4847222222222222 0.30572916666666666 0.4842592592592593 0.30546875 0.4842592592592593 0.30442708333333335 0.4837962962962963 0.30416666666666664 0.48333333333333334 0.3026041666666667 0.4787037037037037 0.2981770833333333 0.4736111111111111 0.2955729166666667 0.47314814814814815 0.2947916666666667 0.4703703703703704 0.29270833333333335 0.46435185185185185 0.28958333333333336 0.46064814814814814 0.2869791666666667 0.4583333333333333 0.28619791666666666 0.45601851851851855 0.28489583333333335
3 0.41203703703703703 0.35651041666666666 0.4083333333333333 0.35572916666666665 0.4041666666666667 0.35625 0.4009259259259259 0.3572916666666667 0.39814814814814814 0.35911458333333335 0.3962962962962963 0.35963541666666665 0.39490740740740743 0.3609375 0.39490740740740743 0.36223958333333334 0.39537037037037037 0.3625 0.39537037037037037 0.36354166666666665 0.3962962962962963 0.3651041666666667 0.3962962962962963 0.36666666666666664 0.3972222222222222 0.36796875 0.3972222222222222 0.3692708333333333 0.39537037037037037 0.37109375 0.3939814814814815 0.371875 0.3921296296296296 0.3723958333333333 0.38472222222222224 0.3763020833333333 0.38101851851851853 0.37734375 0.375 0.3802083333333333 0.3731481481481482 0.3807291666666667 0.37083333333333335 0.38203125 0.36898148148148147 0.38255208333333335 0.36666666666666664 0.38385416666666666 0.3638888888888889 0.3846354166666667 0.36203703703703705 0.38567708333333334 0.3537037037037037 0.3885416666666667 0.3486111111111111 0.39088541666666665 0.3472222222222222 0.3924479166666667 0.3476851851851852 0.39453125 0.34814814814814815 0.39479166666666665 0.34814814814814815 0.39609375 0.34953703703703703 0.39765625 0.35509259259259257 0.4015625 0.3574074074074074 0.40390625 0.36157407407407405 0.40598958333333335 0.36435185185185187 0.40677083333333336 0.36666666666666664 0.40677083333333336 0.36712962962962964 0.40703125 0.3712962962962963 0.40703125 0.37592592592592594 0.40625 0.3819444444444444 0.4044270833333333 0.3837962962962963 0.40338541666666666 0.3902777777777778 0.4010416666666667 0.39444444444444443 0.39869791666666665 0.3962962962962963 0.39817708333333335 0.4 0.3963541666666667 0.4041666666666667 0.3953125 0.4078703703703704 0.39348958333333334 0.4203703703703704 0.39036458333333335 0.4236111111111111 0.38984375 0.42777777777777776 0.39140625 0.42916666666666664 0.39140625 0.43148148148148147 0.3919270833333333 0.4356481481481482 0.3919270833333333 0.4361111111111111 0.39166666666666666 0.4388888888888889 0.39166666666666666 0.4398148148148148 0.39140625 0.4449074074074074 0.3888020833333333 0.44537037037037036 0.38828125 0.44537037037037036 0.38697916666666665 0.44583333333333336 0.38671875 0.44583333333333336 0.3848958333333333 0.4462962962962963 0.3846354166666667 0.44305555555555554 0.38046875 0.44166666666666665 0.3796875 0.4398148148148148 0.3776041666666667 0.4393518518518518 0.3765625 0.4337962962962963 0.3731770833333333 0.4310185185185185 0.37057291666666664 0.42962962962962964 0.3697916666666667 0.42916666666666664 0.3690104166666667 0.4273148148148148 0.36796875 0.4199074074074074 0.3611979166666667 0.41759259259259257 0.36015625 0.41435185185185186 0.3575520833333333
4 0.6587962962962963 0.0609375 0.6569444444444444 0.06145833333333333 0.6541666666666667 0.06302083333333333 0.6527777777777778 0.06458333333333334 0.6518518518518519 0.06848958333333334 0.6523148148148148 0.06875 0.6532407407407408 0.07213541666666666 0.6560185185185186 0.07526041666666666 0.6560185185185186 0.07578125 0.6597222222222222 0.07916666666666666 0.6597222222222222 0.0796875 0.6615740740740741 0.08177083333333333 0.6638888888888889 0.08307291666666666 0.6657407407407407 0.08463541666666667 0.6685185185185185 0.08776041666666666 0.6685185185185185 0.08828125 0.6694444444444444 0.0890625 0.6694444444444444 0.08958333333333333 0.6703703703703704 0.09036458333333333 0.6712962962962963 0.09244791666666667 0.6731481481481482 0.09427083333333333 0.6731481481481482 0.09479166666666666 0.674537037037037 0.09583333333333334 0.6773148148148148 0.09895833333333333 0.6773148148148148 0.09947916666666666 0.6800925925925926 0.10130208333333333 0.6814814814814815 0.10338541666666666 0.6814814814814815 0.10755208333333334 0.6768518518518518 0.11119791666666666 0.6773148148148148 0.11588541666666667 0.6810185185185185 0.12005208333333334 0.6819444444444445 0.12057291666666667 0.6837962962962963 0.12317708333333334 0.6847222222222222 0.12395833333333334 0.6861111111111111 0.12447916666666667 0.6875 0.12447916666666667 0.687962962962963 0.12473958333333333 0.6925925925925925 0.12473958333333333 0.6930555555555555 0.12447916666666667 0.6949074074074074 0.12447916666666667 0.6953703703703704 0.12421875 0.700925925925926 0.12369791666666667 0.7023148148148148 0.12317708333333334 0.7046296296296296 0.12291666666666666 0.7083333333333334 0.121875 0.7111111111111111 0.1203125 0.7129629629629629 0.11979166666666667 0.7212962962962963 0.11510416666666666 0.7222222222222222 0.11380208333333333 0.725 0.11145833333333334 0.725 0.11041666666666666 0.7245370370370371 0.11015625 0.7245370370370371 0.10911458333333333 0.7240740740740741 0.10885416666666667 0.7236111111111111 0.10729166666666666 0.7217592592592592 0.10572916666666667 0.7217592592592592 0.10520833333333333 0.7199074074074074 0.10286458333333333 0.7171296296296297 0.10104166666666667 0.7166666666666667 0.10026041666666667 0.7143518518518519 0.09947916666666666 0.7129629629629629 0.09947916666666666 0.7125 0.09921875 0.7092592592592593 0.09921875 0.7087962962962963 0.09947916666666666 0.7083333333333334 0.09921875 0.7046296296296296 0.09921875 0.7027777777777777 0.09817708333333333 0.7013888888888888 0.09635416666666667 0.7013888888888888 0.09557291666666666 0.6986111111111111 0.09348958333333333 0.6981481481481482 0.0921875 0.6949074074074074 0.0890625 0.6944444444444444 0.08776041666666666 0.6884259259259259 0.08098958333333334 0.6875 0.07916666666666666 0.6819444444444445 0.0734375 0.6814814814814815 0.07213541666666666 0.6791666666666667 0.0703125 0.6782407407407407 0.06875 0.675 0.06588541666666667 0.6736111111111112 0.0640625 0.6689814814814815 0.06145833333333333 0.6680555555555555 0.06145833333333333 0.6657407407407407 0.06067708333333333 0.662962962962963 0.06067708333333333 0.6620370370370371 0.06041666666666667 0.6601851851851852 0.0609375
1 0.4273148148148148 0.4002604166666667 0.425 0.40130208333333334 0.4236111111111111 0.4015625 0.4199074074074074 0.4036458333333333 0.4199074074074074 0.40546875 0.4203703703703704 0.40572916666666664 0.42083333333333334 0.4080729166666667 0.4222222222222222 0.409375 0.4222222222222222 0.40989583333333335 0.42314814814814816 0.41067708333333336 0.4236111111111111 0.4119791666666667 0.4263888888888889 0.41484375 0.42685185185185187 0.4161458333333333 0.4287037037037037 0.41796875 0.4287037037037037 0.41848958333333336 0.42916666666666664 0.41875 0.42916666666666664 0.4192708333333333 0.4300925925925926 0.4203125 0.4300925925925926 0.42109375 0.4310185185185185 0.42213541666666665 0.4310185185185185 0.42291666666666666 0.43194444444444446 0.4236979166666667 0.43148148148148147 0.4239583333333333 0.43148148148148147 0.425 0.4310185185185185 0.42526041666666664 0.4310185185185185 0.42630208333333336 0.4305555555555556 0.4265625 0.4305555555555556 0.4276041666666667 0.4300925925925926 0.4278645833333333 0.4300925925925926 0.42994791666666665 0.42962962962962964 0.43020833333333336 0.42962962962962964 0.4317708333333333 0.4300925925925926 0.43203125 0.4300925925925926 0.43255208333333334 0.4305555555555556 0.4328125 0.4310185185185185 0.43411458333333336 0.43148148148148147 0.43463541666666666 0.4356481481481482 0.43697916666666664 0.43657407407407406 0.43802083333333336 0.43657407407407406 0.43854166666666666 0.43703703703703706 0.4388020833333333 0.43703703703703706 0.4395833333333333 0.4393518518518518 0.4421875 0.44305555555555554 0.4440104166666667 0.44907407407407407 0.4440104166666667 0.449537037037037 0.44375 0.45092592592592595 0.44375 0.4513888888888889 0.4434895833333333 0.4550925925925926 0.4434895833333333 0.45555555555555555 0.4432291666666667 0.45740740740740743 0.4432291666666667 0.4601851851851852 0.44244791666666666 0.4625 0.4421875 0.4634259259259259 0.44166666666666665 0.4648148148148148 0.44140625 0.46574074074074073 0.44088541666666664 0.4675925925925926 0.44036458333333334 0.4689814814814815 0.4395833333333333 0.4703703703703704 0.4393229166666667 0.4703703703703704 0.43802083333333336 0.4708333333333333 0.43776041666666665 0.4708333333333333 0.4356770833333333 0.47129629629629627 0.4354166666666667 0.4708333333333333 0.43515625 0.4703703703703704 0.43385416666666665 0.46944444444444444 0.43333333333333335 0.46805555555555556 0.4317708333333333 0.46805555555555556 0.4309895833333333 0.4675925925925926 0.43072916666666666 0.4675925925925926 0.4276041666666667 0.4671296296296296 0.42734375 0.4671296296296296 0.42604166666666665 0.4666666666666667 0.42578125 0.4666666666666667 0.4244791666666667 0.46620370370370373 0.42421875 0.46620370370370373 0.4236979166666667 0.46574074074074073 0.4236979166666667 0.4648148148148148 0.4231770833333333 0.46435185185185185 0.4231770833333333 0.4634259259259259 0.42265625 0.4615740740740741 0.42213541666666665 0.46064814814814814 0.42213541666666665 0.4601851851851852 0.421875 0.45925925925925926 0.421875 0.4587962962962963 0.42161458333333335 0.45787037037037037 0.42161458333333335 0.45740740740740743 0.42135416666666664 0.4564814814814815 0.42135416666666664 0.4546296296296296 0.42083333333333334 0.45092592592592595 0.41901041666666666 0.44907407407407407 0.41692708333333334 0.4486111111111111 0.415625 0.44675925925925924 0.41380208333333335 0.44675925925925924 0.41328125 0.44027777777777777 0.40598958333333335 0.44027777777777777 0.40546875 0.4393518518518518 0.4046875 0.4393518518518518 0.4041666666666667 0.43657407407407406 0.40208333333333335 0.4356481481481482 0.40078125 0.43472222222222223 0.4002604166666667 0.43333333333333335 0.4002604166666667 0.43148148148148147 0.3997395833333333 0.4310185185185185 0.4 0.42962962962962964 0.4 0.42916666666666664 0.4002604166666667
4 0.3685185185185185 0.5838541666666667 0.362962962962963 0.5807291666666666 0.3611111111111111 0.5802083333333333 0.3574074074074074 0.5802083333333333 0.35324074074074074 0.58203125 0.35185185185185186 0.58359375 0.35185185185185186 0.5877604166666667 0.35 0.5901041666666667 0.3458333333333333 0.5921875 0.34074074074074073 0.5934895833333333 0.3375 0.5947916666666667 0.33101851851851855 0.5955729166666667 0.324537037037037 0.5973958333333333 0.32222222222222224 0.59765625 0.31805555555555554 0.5989583333333334 0.31296296296296294 0.5997395833333333 0.30277777777777776 0.60234375 0.29768518518518516 0.603125 0.29444444444444445 0.6041666666666666 0.2902777777777778 0.6046875 0.2814814814814815 0.6067708333333334 0.2777777777777778 0.6072916666666667 0.27546296296296297 0.6083333333333333 0.27175925925925926 0.60859375 0.26666666666666666 0.61015625 0.26435185185185184 0.6104166666666667 0.26157407407407407 0.6111979166666667 0.2587962962962963 0.6125 0.25601851851851853 0.61484375 0.2564814814814815 0.6184895833333334 0.25972222222222224 0.6221354166666667 0.26296296296296295 0.6231770833333333 0.2722222222222222 0.6229166666666667 0.2759259259259259 0.6221354166666667 0.2828703703703704 0.6216145833333333 0.287962962962963 0.6203125 0.29583333333333334 0.6190104166666667 0.29953703703703705 0.6177083333333333 0.3023148148148148 0.6174479166666667 0.3138888888888889 0.6143229166666667 0.31527777777777777 0.6143229166666667 0.3226851851851852 0.6127604166666667 0.32407407407407407 0.6127604166666667 0.3296296296296296 0.6114583333333333 0.33287037037037037 0.6111979166666667 0.3384259259259259 0.6098958333333333 0.3416666666666667 0.6096354166666667 0.3458333333333333 0.6080729166666666 0.3523148148148148 0.6072916666666667 0.3574074074074074 0.6059895833333333 0.36157407407407405 0.6072916666666667 0.3685185185185185 0.60859375 0.37222222222222223 0.6078125 0.375 0.60625 0.3768518518518518 0.60390625 0.3768518518518518 0.5981770833333333 0.37175925925925923 0.5890625 0.36944444444444446 0.5864583333333333
5 0.49027777777777776 0.5497395833333333 0.4861111111111111 0.5526041666666667 0.48333333333333334 0.5557291666666667 0.4824074074074074 0.55625 0.48148148148148145 0.55859375 0.4810185185185185 0.5588541666666667 0.4810185185185185 0.5596354166666667 0.48055555555555557 0.5598958333333334 0.4810185185185185 0.5614583333333333 0.4824074074074074 0.5627604166666667 0.4861111111111111 0.5645833333333333 0.4925925925925926 0.56640625 0.4935185185185185 0.5669270833333333 0.4976851851851852 0.56796875 0.5013888888888889 0.5682291666666667 0.5083333333333333 0.5703125 0.5092592592592593 0.5708333333333333 0.513425925925926 0.571875 0.5171296296296296 0.5736979166666667 0.5259259259259259 0.57578125 0.5291666666666667 0.5776041666666667 0.5319444444444444 0.5783854166666667 0.5342592592592592 0.5796875 0.5347222222222222 0.58046875 0.5347222222222222 0.5817708333333333 0.5351851851851852 0.58203125 0.5351851851851852 0.5877604166666667 0.5365740740740741 0.5893229166666667 0.5402777777777777 0.5916666666666667 0.5444444444444444 0.5924479166666666 0.5458333333333333 0.5924479166666666 0.5462962962962963 0.5921875 0.549074074074074 0.5921875 0.5532407407407407 0.590625 0.5569444444444445 0.58828125 0.5574074074074075 0.5872395833333334 0.5587962962962963 0.5856770833333333 0.5606481481481481 0.584375 0.5611111111111111 0.5833333333333334 0.562962962962963 0.58125 0.5638888888888889 0.5807291666666666 0.5662037037037037 0.5778645833333333 0.5680555555555555 0.5768229166666666 0.5694444444444444 0.5752604166666667 0.5694444444444444 0.5747395833333333 0.5722222222222222 0.571875 0.5731481481481482 0.5700520833333333 0.5763888888888888 0.5674479166666667 0.5782407407407407 0.5643229166666667 0.5782407407407407 0.5604166666666667 0.575925925925926 0.55859375 0.5685185185185185 0.5565104166666667 0.5638888888888889 0.55625 0.5606481481481481 0.5575520833333333 0.5592592592592592 0.5591145833333333 0.5569444444444445 0.5604166666666667 0.5537037037037037 0.5611979166666666 0.5509259259259259 0.5611979166666666 0.5472222222222223 0.56015625 0.5462962962962963 0.56015625 0.5407407407407407 0.5583333333333333 0.538425925925926 0.5580729166666667 0.5310185185185186 0.5557291666666667 0.5300925925925926 0.5557291666666667 0.5199074074074074 0.5526041666666667 0.5157407407407407 0.5518229166666667 0.5115740740740741 0.5505208333333333 0.5083333333333333 0.55 0.5018518518518519 0.5481770833333334 0.49444444444444446 0.5481770833333334
2 0.7236111111111111 0.2109375 0.7199074074074074 0.21041666666666667 0.7125 0.21067708333333332 0.7092592592592593 0.21302083333333333 0.7060185185185185 0.21692708333333333 0.6962962962962963 0.24166666666666667 0.6935185185185185 0.246875 0.687962962962963 0.2643229166666667 0.6851851851851852 0.26927083333333335 0.6833333333333333 0.2755208333333333 0.6736111111111112 0.2981770833333333 0.6722222222222223 0.30625 0.6689814814814815 0.30807291666666664 0.6578703703703703 0.3106770833333333 0.6541666666666667 0.3138020833333333 0.6541666666666667 0.31953125 0.6574074074074074 0.32265625 0.6615740740740741 0.32526041666666666 0.6671296296296296 0.3265625 0.6777777777777778 0.3265625 0.6810185185185185 0.32526041666666666 0.6861111111111111 0.32526041666666666 0.6935185185185185 0.3263020833333333 0.6981481481481482 0.32473958333333336 0.7018518518518518 0.3223958333333333 0.7023148148148148 0.31796875 0.6972222222222222 0.31015625 0.6967592592592593 0.3059895833333333 0.7138888888888889 0.25807291666666665 0.7171296296296297 0.25052083333333336 0.7189814814814814 0.24791666666666667 0.7231481481481481 0.23541666666666666 0.7287037037037037 0.22291666666666668 0.7296296296296296 0.21588541666666666 0.7277777777777777 0.21276041666666667
4 0.7796296296296297 0.3229166666666667 0.7773148148148148 0.32135416666666666 0.775 0.32057291666666665 0.7726851851851851 0.32057291666666665 0.7722222222222223 0.3203125 0.7638888888888888 0.32057291666666665 0.7620370370370371 0.32109375 0.7606481481481482 0.32109375 0.7564814814814815 0.321875 0.7546296296296297 0.321875 0.7472222222222222 0.32317708333333334 0.7435185185185185 0.3234375 0.7361111111111112 0.325 0.7328703703703704 0.32526041666666666 0.7310185185185185 0.32578125 0.7277777777777777 0.3260416666666667 0.7208333333333333 0.32734375 0.7171296296296297 0.32760416666666664 0.7129629629629629 0.32864583333333336 0.7092592592592593 0.32890625 0.7050925925925926 0.3296875 0.7023148148148148 0.3296875 0.7018518518518518 0.3299479166666667 0.7 0.3299479166666667 0.6976851851851852 0.3294270833333333 0.6939814814814815 0.32734375 0.6921296296296297 0.3268229166666667 0.6912037037037037 0.3268229166666667 0.6898148148148148 0.3263020833333333 0.6856481481481481 0.3260416666666667 0.6851851851851852 0.32578125 0.6810185185185185 0.32578125 0.6773148148148148 0.3268229166666667 0.6726851851851852 0.32708333333333334 0.6699074074074074 0.32786458333333335 0.6685185185185185 0.3294270833333333 0.6680555555555555 0.33151041666666664 0.6671296296296296 0.3328125 0.6671296296296296 0.3341145833333333 0.6666666666666666 0.334375 0.6662037037037037 0.33958333333333335 0.6666666666666666 0.33984375 0.6666666666666666 0.3419270833333333 0.6675925925925926 0.34296875 0.6675925925925926 0.34401041666666665 0.6680555555555555 0.34427083333333336 0.6685185185185185 0.3458333333333333 0.6712962962962963 0.34921875 0.6731481481481482 0.35078125 0.6782407407407407 0.3536458333333333 0.6847222222222222 0.35494791666666664 0.6865740740740741 0.35494791666666664 0.6884259259259259 0.35442708333333334 0.6935185185185185 0.3536458333333333 0.6972222222222222 0.35130208333333335 0.6986111111111111 0.3497395833333333 0.6990740740740741 0.3484375 0.7027777777777777 0.34479166666666666 0.7041666666666667 0.34401041666666665 0.711574074074074 0.3424479166666667 0.7166666666666667 0.3421875 0.7240740740740741 0.340625 0.7282407407407407 0.340625 0.7337962962962963 0.33932291666666664 0.7398148148148148 0.33880208333333334 0.7444444444444445 0.3377604166666667 0.7518518518518519 0.3375 0.7523148148148148 0.3372395833333333 0.7555555555555555 0.33697916666666666 0.7597222222222222 0.3359375 0.762962962962963 0.33567708333333335 0.7680555555555556 0.3341145833333333 0.7712962962962963 0.3338541666666667 0.7736111111111111 0.33307291666666666 0.774537037037037 0.33307291666666666 0.7791666666666667 0.3307291666666667 0.7800925925925926 0.3296875 0.7800925925925926 0.32838541666666665 0.7810185185185186 0.3268229166666667 0.7810185185185186 0.32526041666666666
3 0.8578703703703704 0.12708333333333333 0.8449074074074074 0.12734375 0.8416666666666667 0.128125 0.8402777777777778 0.128125 0.8324074074074074 0.12994791666666666 0.8310185185185185 0.12994791666666666 0.8291666666666667 0.13046875 0.8273148148148148 0.13046875 0.8236111111111111 0.13125 0.8222222222222222 0.13125 0.8162037037037037 0.1328125 0.8152777777777778 0.13333333333333333 0.8106481481481481 0.13463541666666667 0.8083333333333333 0.1359375 0.8064814814814815 0.13645833333333332 0.8027777777777778 0.13880208333333333 0.8027777777777778 0.14296875 0.8060185185185185 0.14739583333333334 0.8106481481481481 0.14947916666666666 0.8115740740740741 0.14947916666666666 0.8162037037037037 0.15078125 0.8180555555555555 0.1515625 0.8194444444444444 0.15260416666666668 0.8203703703703704 0.15442708333333333 0.825462962962963 0.16015625 0.825925925925926 0.16171875 0.8277777777777777 0.16354166666666667 0.8291666666666667 0.16588541666666667 0.8296296296296296 0.16770833333333332 0.8310185185185185 0.16927083333333334 0.8310185185185185 0.17005208333333333 0.8319444444444445 0.17109375 0.8328703703703704 0.17395833333333333 0.8337962962962963 0.17473958333333334 0.8356481481481481 0.17786458333333333 0.8375 0.1796875 0.8379629629629629 0.18072916666666666 0.8416666666666667 0.18333333333333332 0.8430555555555556 0.18307291666666667 0.8467592592592592 0.18307291666666667 0.8518518518518519 0.18203125 0.8532407407407407 0.18203125 0.8574074074074074 0.18046875 0.8606481481481482 0.18020833333333333 0.8629629629629629 0.17942708333333332 0.8652777777777778 0.17916666666666667 0.8671296296296296 0.178125 0.8689814814814815 0.17760416666666667 0.8694444444444445 0.175 0.8699074074074075 0.17473958333333334 0.8699074074074075 0.17317708333333334 0.8671296296296296 0.16875 0.8671296296296296 0.16770833333333332 0.8666666666666667 0.16744791666666667 0.8662037037037037 0.16536458333333334 0.8652777777777778 0.1640625 0.8648148148148148 0.16171875 0.862037037037037 0.15703125 0.8597222222222223 0.15442708333333333 0.8592592592592593 0.15286458333333333 0.8587962962962963 0.15260416666666668 0.8587962962962963 0.15130208333333334 0.8583333333333333 0.15104166666666666 0.8578703703703704 0.14557291666666666 0.8583333333333333 0.1453125 0.8587962962962963 0.14375 0.8597222222222223 0.14270833333333333 0.8652777777777778 0.13984375 0.8662037037037037 0.13828125 0.8657407407407407 0.13802083333333334 0.8657407407407407 0.13645833333333332 0.8652777777777778 0.13619791666666667 0.8652777777777778 0.134375 0.8648148148148148 0.13411458333333334 0.8648148148148148 0.13333333333333333 0.8638888888888889 0.13255208333333332 0.8634259259259259 0.13072916666666667 0.8611111111111112 0.128125
2 0.7166666666666667 0.46432291666666664 0.7101851851851851 0.46197916666666666 0.6986111111111111 0.4588541666666667 0.6925925925925925 0.4591145833333333 0.6842592592592592 0.4630208333333333 0.6833333333333333 0.4666666666666667 0.6902777777777778 0.4705729166666667 0.6865740740740741 0.4752604166666667 0.6810185185185185 0.48046875 0.6638888888888889 0.4940104166666667 0.6555555555555556 0.5018229166666667 0.6462962962962963 0.5088541666666667 0.6435185185185185 0.5119791666666667 0.637962962962963 0.5158854166666667 0.6268518518518519 0.5263020833333333 0.6134259259259259 0.5369791666666667 0.6037037037037037 0.54609375 0.5958333333333333 0.5526041666666667 0.5902777777777778 0.55625 0.5875 0.5609375 0.587037037037037 0.5643229166666667 0.5916666666666667 0.5666666666666667 0.5981481481481481 0.5682291666666667 0.600925925925926 0.5682291666666667 0.6060185185185185 0.5669270833333333 0.6097222222222223 0.5651041666666666 0.6351851851851852 0.5440104166666667 0.6472222222222223 0.5328125 0.6541666666666667 0.5276041666666667 0.6569444444444444 0.52421875 0.6699074074074074 0.5143229166666666 0.674537037037037 0.509375 0.6828703703703703 0.503125 0.700462962962963 0.48802083333333335 0.7087962962962963 0.48333333333333334 0.7240740740740741 0.4796875 0.7263888888888889 0.4783854166666667 0.7300925925925926 0.4747395833333333 0.7287037037037037 0.47109375 0.7222222222222222 0.4669270833333333
3 0.6625 0.60078125 0.6574074074074074 0.60078125 0.6555555555555556 0.6013020833333333 0.6541666666666667 0.6013020833333333 0.6504629629629629 0.60234375 0.6481481481481481 0.6033854166666667 0.6412037037037037 0.609375 0.637962962962963 0.61328125 0.6356481481481482 0.6151041666666667 0.6356481481481482 0.615625 0.6314814814814815 0.6205729166666667 0.6305555555555555 0.62109375 0.6277777777777778 0.6244791666666667 0.6259259259259259 0.62578125 0.6236111111111111 0.6286458333333333 0.6222222222222222 0.6294270833333333 0.6189814814814815 0.6302083333333334 0.6143518518518518 0.63046875 0.6138888888888889 0.6307291666666667 0.6106481481481482 0.6307291666666667 0.6087962962962963 0.63125 0.6074074074074074 0.63125 0.6023148148148149 0.634375 0.5986111111111111 0.6385416666666667 0.5986111111111111 0.64296875 0.5990740740740741 0.64375 0.6018518518518519 0.6463541666666667 0.6050925925925926 0.6481770833333333 0.6106481481481482 0.65078125 0.6125 0.6513020833333333 0.6152777777777778 0.6528645833333333 0.6166666666666667 0.653125 0.6203703703703703 0.6546875 0.624537037037037 0.6557291666666667 0.6291666666666667 0.6580729166666667 0.6305555555555555 0.6583333333333333 0.6314814814814815 0.6588541666666666 0.637962962962963 0.6604166666666667 0.6416666666666667 0.6606770833333333 0.6453703703703704 0.6614583333333334 0.6504629629629629 0.6614583333333334 0.6541666666666667 0.6606770833333333 0.6578703703703703 0.6575520833333334 0.6601851851851852 0.6536458333333334 0.6601851851851852 0.6528645833333333 0.6615740740740741 0.6510416666666666 0.6620370370370371 0.6484375 0.6625 0.6481770833333333 0.6625 0.64453125 0.6620370370370371 0.6442708333333333 0.6620370370370371 0.6380208333333334 0.6625 0.6377604166666667 0.6625 0.6369791666666667 0.6643518518518519 0.6338541666666667 0.6671296296296296 0.6307291666666667 0.6671296296296296 0.6302083333333334 0.6726851851851852 0.6236979166666666 0.6736111111111112 0.6231770833333333 0.6754629629629629 0.62109375 0.6754629629629629 0.6205729166666667 0.6791666666666667 0.61640625 0.6819444444444445 0.6114583333333333 0.6814814814814815 0.6096354166666667 0.6796296296296296 0.6078125 0.6796296296296296 0.6072916666666667 0.6763888888888889 0.6059895833333333 0.6717592592592593 0.6033854166666667
4 0.7606481481481482 0.3768229166666667 0.7578703703703704 0.37864583333333335 0.7560185185185185 0.37916666666666665 0.7527777777777778 0.3809895833333333 0.7518518518518519 0.38203125 0.7467592592592592 0.3846354166666667 0.7458333333333333 0.3859375 0.7421296296296296 0.3885416666666667 0.7402777777777778 0.3924479166666667 0.7435185185185185 0.39557291666666666 0.7467592592592592 0.39739583333333334 0.7486111111111111 0.39791666666666664 0.7509259259259259 0.39791666666666664 0.7532407407407408 0.3984375 0.7550925925925925 0.3984375 0.763425925925926 0.4 0.7662037037037037 0.4015625 0.7685185185185185 0.40234375 0.7726851851851851 0.4046875 0.7759259259259259 0.40703125 0.7782407407407408 0.4078125 0.7851851851851852 0.4119791666666667 0.787962962962963 0.41302083333333334 0.7953703703703704 0.4171875 0.7986111111111112 0.4200520833333333 0.8023148148148148 0.42213541666666665 0.8027777777777778 0.42213541666666665 0.8092592592592592 0.42578125 0.8143518518518519 0.4276041666666667 0.8175925925925925 0.42916666666666664 0.8199074074074074 0.4296875 0.8217592592592593 0.43046875 0.8245370370370371 0.43072916666666666 0.825 0.4309895833333333 0.8282407407407407 0.4309895833333333 0.8287037037037037 0.43125 0.8296296296296296 0.43125 0.8314814814814815 0.43046875 0.8337962962962963 0.42994791666666665 0.836574074074074 0.428125 0.8375 0.4270833333333333 0.8379629629629629 0.42552083333333335 0.8384259259259259 0.42526041666666664 0.8384259259259259 0.4239583333333333 0.8388888888888889 0.4236979166666667 0.836574074074074 0.4203125 0.8337962962962963 0.41822916666666665 0.8305555555555556 0.41640625 0.8296296296296296 0.4153645833333333 0.825925925925926 0.4127604166666667 0.825462962962963 0.4127604166666667 0.825 0.4122395833333333 0.8180555555555555 0.40859375 0.8148148148148148 0.40625 0.8097222222222222 0.4036458333333333 0.8083333333333333 0.40234375 0.7976851851851852 0.3963541666666667 0.7944444444444444 0.39375 0.7935185185185185 0.39348958333333334 0.787962962962963 0.39010416666666664 0.7842592592592592 0.3885416666666667 0.7819444444444444 0.3848958333333333 0.7842592592592592 0.38125 0.7837962962962963 0.37838541666666664 0.7828703703703703 0.3768229166666667 0.7787037037037037 0.37473958333333335 0.7759259259259259 0.37421875 0.7689814814814815 0.37447916666666664
2 0.7870370370370371 0.4276041666666667 0.7791666666666667 0.4203125 0.7712962962962963 0.41822916666666665 0.7638888888888888 0.41848958333333336 0.7587962962962963 0.4200520833333333 0.7574074074074074 0.4244791666666667 0.7550925925925925 0.4270833333333333 0.7527777777777778 0.4283854166666667 0.7486111111111111 0.4296875 0.7402777777777778 0.4315104166666667 0.7356481481481482 0.43307291666666664 0.7222222222222222 0.4354166666666667 0.7185185185185186 0.43671875 0.7097222222222223 0.43828125 0.6962962962962963 0.4421875 0.6893518518518519 0.44375 0.6851851851851852 0.4440104166666667 0.6680555555555555 0.4484375 0.662962962962963 0.44921875 0.6504629629629629 0.45234375 0.6462962962962963 0.45286458333333335 0.6263888888888889 0.45807291666666666 0.6226851851851852 0.45807291666666666 0.5879629629629629 0.4666666666666667 0.5837962962962963 0.46848958333333335 0.5824074074074074 0.4700520833333333 0.5837962962962963 0.4752604166666667 0.5875 0.47890625 0.5916666666666667 0.4796875 0.5990740740740741 0.47942708333333334 0.6148148148148148 0.47630208333333335 0.6185185185185185 0.475 0.6226851851851852 0.4744791666666667 0.6314814814814815 0.471875 0.638425925925926 0.4705729166666667 0.6421296296296296 0.46901041666666665 0.6560185185185186 0.4661458333333333 0.6606481481481481 0.465625 0.6652777777777777 0.4640625 0.6819444444444445 0.4625 0.6888888888888889 0.46041666666666664 0.6930555555555555 0.45859375 0.6962962962962963 0.45807291666666666 0.7013888888888888 0.45807291666666666 0.7203703703703703 0.4518229166666667 0.7305555555555555 0.45 0.7435185185185185 0.4466145833333333 0.7546296296296297 0.44557291666666665 0.7592592592592593 0.44453125 0.7662037037037037 0.44453125 0.7726851851851851 0.4453125 0.7833333333333333 0.44479166666666664 0.787962962962963 0.44296875 0.7907407407407407 0.4395833333333333 0.7902777777777777 0.43515625
5 0.7569444444444444 0.5388020833333333 0.7518518518518519 0.5388020833333333 0.7481481481481481 0.5401041666666667 0.7467592592592592 0.5408854166666667 0.7435185185185185 0.54453125 0.7430555555555556 0.54609375 0.7388888888888889 0.55234375 0.7388888888888889 0.5533854166666666 0.7384259259259259 0.5536458333333333 0.7379629629629629 0.55546875 0.737037037037037 0.5565104166666667 0.737037037037037 0.5572916666666666 0.7361111111111112 0.5583333333333333 0.7361111111111112 0.5591145833333333 0.7351851851851852 0.5604166666666667 0.7351851851851852 0.56171875 0.7333333333333333 0.5645833333333333 0.7328703703703704 0.5666666666666667 0.7310185185185185 0.5690104166666666 0.7291666666666666 0.5700520833333333 0.7273148148148149 0.5705729166666667 0.725462962962963 0.5705729166666667 0.725 0.5708333333333333 0.7203703703703703 0.5708333333333333 0.7157407407407408 0.571875 0.712037037037037 0.57578125 0.711574074074074 0.5778645833333333 0.7106481481481481 0.5791666666666667 0.7106481481481481 0.5802083333333333 0.7129629629629629 0.58359375 0.7138888888888889 0.584375 0.7162037037037037 0.5856770833333333 0.7180555555555556 0.5861979166666667 0.7203703703703703 0.5875 0.7203703703703703 0.5877604166666667 0.7217592592592592 0.5877604166666667 0.7222222222222222 0.5880208333333333 0.725925925925926 0.5885416666666666 0.736574074074074 0.5916666666666667 0.7379629629629629 0.5916666666666667 0.7398148148148148 0.5921875 0.7412037037037037 0.5921875 0.7435185185185185 0.5927083333333333 0.7453703703703703 0.5927083333333333 0.7458333333333333 0.59296875 0.7490740740740741 0.59296875 0.7518518518518519 0.5921875 0.7527777777777778 0.5921875 0.7532407407407408 0.5924479166666666 0.7606481481481482 0.5924479166666666 0.7611111111111111 0.5921875 0.7638888888888888 0.5921875 0.7643518518518518 0.5919270833333333 0.7652777777777777 0.5919270833333333 0.7680555555555556 0.5908854166666667 0.7708333333333334 0.5893229166666667 0.7717592592592593 0.5880208333333333 0.7717592592592593 0.58671875 0.7722222222222223 0.5864583333333333 0.7722222222222223 0.584375 0.7726851851851851 0.5838541666666667 0.7722222222222223 0.58359375 0.7712962962962963 0.5799479166666667 0.7694444444444445 0.5786458333333333 0.7675925925925926 0.5765625 0.7675925925925926 0.5760416666666667 0.7666666666666667 0.5755208333333334 0.7652777777777777 0.5739583333333333 0.7643518518518518 0.5721354166666667 0.7666666666666667 0.5684895833333333 0.7666666666666667 0.5677083333333334 0.7671296296296296 0.5674479166666667 0.7671296296296296 0.5666666666666667 0.7675925925925926 0.56640625 0.7675925925925926 0.565625 0.7680555555555556 0.5653645833333333 0.7680555555555556 0.5645833333333333 0.7685185185185185 0.5643229166666667 0.7703703703703704 0.559375 0.7712962962962963 0.5583333333333333 0.7717592592592593 0.5565104166666667 0.7722222222222223 0.55625 0.7726851851851851 0.5546875 0.775 0.5510416666666667 0.775 0.55 0.7754629629629629 0.5497395833333333 0.7754629629629629 0.5486979166666667 0.7759259259259259 0.5484375 0.7763888888888889 0.5442708333333334 0.7754629629629629 0.5432291666666667 0.7717592592592593 0.54140625 0.7689814814814815 0.540625 0.7680555555555556 0.540625 0.7620370370370371 0.5393229166666667 0.7574074074074074 0.5390625
6 0.7555555555555555 0.6239583333333333 0.7527777777777778 0.6247395833333333 0.7425925925925926 0.6307291666666667 0.7421296296296296 0.6315104166666666 0.7412037037037037 0.63203125 0.7412037037037037 0.6322916666666667 0.7375 0.63515625 0.7375 0.6356770833333333 0.736574074074074 0.63671875 0.736574074074074 0.6375 0.7356481481481482 0.6385416666666667 0.7356481481481482 0.6403645833333333 0.7351851851851852 0.640625 0.7351851851851852 0.6427083333333333 0.7375 0.6450520833333333 0.7379629629629629 0.6463541666666667 0.7402777777777778 0.6489583333333333 0.7412037037037037 0.6494791666666667 0.7421296296296296 0.65078125 0.7444444444444445 0.65234375 0.7458333333333333 0.65390625 0.7476851851851852 0.6549479166666666 0.7486111111111111 0.6549479166666666 0.7490740740740741 0.6552083333333333 0.7518518518518519 0.6552083333333333 0.7555555555555555 0.6567708333333333 0.7578703703703704 0.65703125 0.7592592592592593 0.6575520833333334 0.7601851851851852 0.6575520833333334 0.7615740740740741 0.6580729166666667 0.762962962962963 0.6580729166666667 0.763425925925926 0.6583333333333333 0.7666666666666667 0.6583333333333333 0.7671296296296296 0.65859375 0.7699074074074074 0.65859375 0.7703703703703704 0.6588541666666666 0.7773148148148148 0.6588541666666666 0.7777777777777778 0.6591145833333333 0.7810185185185186 0.6591145833333333 0.7814814814814814 0.6588541666666666 0.7828703703703703 0.6588541666666666 0.7865740740740741 0.6567708333333333 0.7870370370370371 0.6559895833333333 0.787962962962963 0.65546875 0.788425925925926 0.6546875 0.7893518518518519 0.6541666666666667 0.7935185185185185 0.6486979166666667 0.7944444444444444 0.6481770833333333 0.7944444444444444 0.6479166666666667 0.7953703703703704 0.6473958333333333 0.7953703703703704 0.6471354166666666 0.7967592592592593 0.64609375 0.7967592592592593 0.6455729166666667 0.7972222222222223 0.6453125 0.7972222222222223 0.6447916666666667 0.7976851851851852 0.64453125 0.7976851851851852 0.6440104166666667 0.7986111111111112 0.64296875 0.7986111111111112 0.6411458333333333 0.7981481481481482 0.6408854166666667 0.7981481481481482 0.6395833333333333 0.7976851851851852 0.6393229166666666 0.7976851851851852 0.6385416666666667 0.7953703703703704 0.6361979166666667 0.7953703703703704 0.6356770833333333 0.7939814814814815 0.634375 0.7939814814814815 0.6338541666666667 0.7930555555555555 0.6330729166666667 0.7930555555555555 0.6325520833333333 0.7921296296296296 0.6317708333333333 0.7921296296296296 0.63125 0.7907407407407407 0.6296875 0.7865740740740741 0.6270833333333333 0.7851851851851852 0.6268229166666667 0.7842592592592592 0.6263020833333334 0.7796296296296297 0.625 0.7763888888888889 0.625 0.7759259259259259 0.6247395833333333 0.774537037037037 0.6247395833333333 0.774074074074074 0.6244791666666667 0.7731481481481481 0.6244791666666667 0.7712962962962963 0.6239583333333333 0.7694444444444445 0.6239583333333333 0.7689814814814815 0.6236979166666666 0.7662037037037037 0.6236979166666666 0.7657407407407407 0.6234375 0.7615740740740741 0.6234375 0.7611111111111111 0.6236979166666666 0.7583333333333333 0.6236979166666666 0.7578703703703704 0.6239583333333333
2 0.9060185185185186 0.503125 0.887962962962963 0.5026041666666666 0.8842592592592593 0.50390625 0.8824074074074074 0.5065104166666666 0.8819444444444444 0.5098958333333333 0.888425925925926 0.5151041666666667 0.8898148148148148 0.5169270833333334 0.888425925925926 0.5278645833333333 0.8810185185185185 0.5494791666666666 0.8787037037037037 0.559375 0.8759259259259259 0.56484375 0.875 0.5697916666666667 0.8685185185185185 0.5875 0.8606481481481482 0.6166666666666667 0.8606481481481482 0.6197916666666666 0.8634259259259259 0.6229166666666667 0.8712962962962963 0.6247395833333333 0.8800925925925925 0.6247395833333333 0.8828703703703704 0.6231770833333333 0.8847222222222222 0.6208333333333333 0.8925925925925926 0.5989583333333334 0.8935185185185185 0.59453125 0.8958333333333334 0.5908854166666667 0.8981481481481481 0.58125 0.9009259259259259 0.5755208333333334 0.9027777777777778 0.5674479166666667 0.9041666666666667 0.56484375 0.9055555555555556 0.55703125 0.9111111111111111 0.54375 0.912962962962963 0.53359375 0.9157407407407407 0.5283854166666667 0.9180555555555555 0.5203125 0.9203703703703704 0.5177083333333333 0.9282407407407407 0.5161458333333333 0.9314814814814815 0.5145833333333333 0.9324074074074075 0.509375 0.9277777777777778 0.50625
4 0.999537037037037 0.31223958333333335 0.9958333333333333 0.31223958333333335 0.9953703703703703 0.3125 0.9930555555555556 0.3125 0.9925925925925926 0.31276041666666665 0.9875 0.31328125 0.9828703703703704 0.3143229166666667 0.9814814814814815 0.3143229166666667 0.9810185185185185 0.3145833333333333 0.9796296296296296 0.3145833333333333 0.9777777777777777 0.3151041666666667 0.9763888888888889 0.3151041666666667 0.9745370370370371 0.315625 0.9722222222222222 0.315625 0.9717592592592592 0.31588541666666664 0.9689814814814814 0.31588541666666664 0.9685185185185186 0.31614583333333335 0.9652777777777778 0.31614583333333335 0.9648148148148148 0.31640625 0.9592592592592593 0.31666666666666665 0.9587962962962963 0.31692708333333336 0.9574074074074074 0.31692708333333336 0.9569444444444445 0.3171875 0.9555555555555556 0.3171875 0.9550925925925926 0.31744791666666666 0.9537037037037037 0.31744791666666666 0.9513888888888888 0.31796875 0.9486111111111111 0.31796875 0.9481481481481482 0.3177083333333333 0.9467592592592593 0.3177083333333333 0.9458333333333333 0.3171875 0.9407407407407408 0.31588541666666664 0.9393518518518519 0.31588541666666664 0.9388888888888889 0.315625 0.9342592592592592 0.315625 0.9337962962962963 0.31536458333333334 0.9319444444444445 0.31536458333333334 0.9314814814814815 0.3151041666666667 0.9236111111111112 0.3151041666666667 0.9231481481481482 0.31536458333333334 0.9217592592592593 0.31536458333333334 0.9212962962962963 0.315625 0.9199074074074074 0.315625 0.9189814814814815 0.31588541666666664 0.9157407407407407 0.31744791666666666 0.9152777777777777 0.3184895833333333 0.9143518518518519 0.31927083333333334 0.9143518518518519 0.31979166666666664 0.9120370370370371 0.3221354166666667 0.9120370370370371 0.3229166666666667 0.9115740740740741 0.32317708333333334 0.9115740740740741 0.32369791666666664 0.9111111111111111 0.32395833333333335 0.9111111111111111 0.325 0.9106481481481481 0.32526041666666666 0.9106481481481481 0.33046875 0.9115740740740741 0.33177083333333335 0.9120370370370371 0.3338541666666667 0.9148148148148149 0.33697916666666666 0.9152777777777777 0.3380208333333333 0.9208333333333333 0.3416666666666667 0.9236111111111112 0.3424479166666667 0.9254629629629629 0.3424479166666667 0.9259259259259259 0.34270833333333334 0.9333333333333333 0.34270833333333334 0.9337962962962963 0.3424479166666667 0.9351851851851852 0.3424479166666667 0.937037037037037 0.3419270833333333 0.9384259259259259 0.3419270833333333 0.9388888888888889 0.3416666666666667 0.9402777777777778 0.3416666666666667 0.9407407407407408 0.34140625 0.9430555555555555 0.3411458333333333 0.9449074074074074 0.33958333333333335 0.9467592592592593 0.3375 0.9467592592592593 0.33697916666666666 0.9476851851851852 0.33645833333333336 0.9481481481481482 0.33567708333333335 0.950925925925926 0.3338541666666667 0.950925925925926 0.33359375 0.9532407407407407 0.33255208333333336 0.9541666666666667 0.33255208333333336 0.9560185185185185 0.33203125 0.9574074074074074 0.33203125 0.9578703703703704 0.33177083333333335 0.9587962962962963 0.33177083333333335 0.962037037037037 0.33098958333333334 0.9634259259259259 0.33098958333333334 0.9652777777777778 0.33046875 0.9699074074074074 0.3302083333333333 0.9703703703703703 0.3299479166666667 0.9731481481481481 0.3299479166666667 0.9736111111111111 0.3296875 0.975 0.3296875 0.9773148148148149 0.32916666666666666 0.9824074074074074 0.32890625 0.9828703703703704 0.32864583333333336 0.9847222222222223 0.32864583333333336 0.9851851851851852 0.32838541666666665 0.9893518518518518 0.328125 0.9898148148148148 0.32786458333333335 0.9935185185185185 0.32760416666666664 0.9939814814814815 0.32734375 0.9972222222222222 0.32734375 0.9976851851851852 0.32708333333333334 0.999537037037037 0.32708333333333334
3 0.9166666666666666 0.5442708333333334 0.9138888888888889 0.5450520833333333 0.9120370370370371 0.54609375 0.9111111111111111 0.5479166666666667 0.9101851851851852 0.5486979166666667 0.9101851851851852 0.55 0.9092592592592592 0.5515625 0.9092592592592592 0.55390625 0.9097222222222222 0.5541666666666667 0.9097222222222222 0.5549479166666667 0.9111111111111111 0.5567708333333333 0.9125 0.5575520833333333 0.9138888888888889 0.5591145833333333 0.9143518518518519 0.5609375 0.9148148148148149 0.5611979166666666 0.9148148148148149 0.5640625 0.9152777777777777 0.5643229166666667 0.9148148148148149 0.5645833333333333 0.9143518518518519 0.5674479166666667 0.9138888888888889 0.5677083333333334 0.913425925925926 0.5692708333333333 0.9111111111111111 0.5716145833333334 0.9111111111111111 0.5723958333333333 0.9092592592592592 0.5755208333333334 0.9064814814814814 0.5783854166666667 0.9055555555555556 0.5799479166666667 0.9055555555555556 0.5807291666666666 0.9037037037037037 0.58359375 0.9027777777777778 0.5864583333333333 0.9004629629629629 0.5901041666666667 0.9 0.5919270833333333 0.9037037037037037 0.5953125 0.9050925925925926 0.5958333333333333 0.9078703703703703 0.5963541666666666 0.9125 0.5966145833333333 0.9152777777777777 0.5973958333333333 0.9180555555555555 0.59765625 0.9231481481481482 0.5986979166666667 0.9282407407407407 0.5986979166666667 0.9287037037037037 0.5984375 0.9314814814814815 0.5981770833333333 0.9351851851851852 0.59609375 0.9365740740740741 0.59453125 0.9365740740740741 0.5940104166666667 0.9384259259259259 0.5919270833333333 0.9388888888888889 0.5903645833333333 0.9398148148148148 0.5895833333333333 0.9407407407407408 0.5877604166666667 0.9430555555555555 0.5854166666666667 0.9435185185185185 0.5838541666666667 0.9453703703703704 0.5817708333333333 0.9476851851851852 0.5802083333333333 0.9486111111111111 0.5783854166666667 0.9513888888888888 0.5752604166666667 0.9546296296296296 0.5682291666666667 0.9564814814814815 0.5671875 0.9587962962962963 0.56640625 0.9648148148148148 0.56640625 0.9652777777777778 0.5666666666666667 0.9689814814814814 0.5666666666666667 0.9703703703703703 0.56640625 0.9736111111111111 0.5643229166666667 0.975 0.5606770833333333 0.975462962962963 0.5604166666666667 0.975462962962963 0.55859375 0.975 0.5583333333333333 0.975 0.5565104166666667 0.9745370370370371 0.5559895833333334 0.9717592592592592 0.5546875 0.9689814814814814 0.55390625 0.9680555555555556 0.55390625 0.9652777777777778 0.5528645833333333 0.9601851851851851 0.5520833333333334 0.9587962962962963 0.5515625 0.9555555555555556 0.5513020833333333 0.9513888888888888 0.55 0.9476851851851852 0.5494791666666666 0.9453703703703704 0.5486979166666667 0.9425925925925925 0.5484375 0.9361111111111111 0.5466145833333333 0.9351851851851852 0.54609375 0.9328703703703703 0.5458333333333333 0.9282407407407407 0.54453125 0.9254629629629629 0.54453125 0.925 0.5442708333333334
1 0.999537037037037 0.56796875 0.9939814814814815 0.56796875 0.9930555555555556 0.5684895833333333 0.9930555555555556 0.56875 0.9902777777777778 0.5703125 0.9898148148148148 0.5703125 0.9875 0.5713541666666667 0.987037037037037 0.5713541666666667 0.9856481481481482 0.571875 0.9842592592592593 0.571875 0.9837962962962963 0.5721354166666667 0.9819444444444444 0.5721354166666667 0.9819444444444444 0.5723958333333333 0.9800925925925926 0.5734375 0.9796296296296296 0.5734375 0.9787037037037037 0.5739583333333333 0.9782407407407407 0.5739583333333333 0.9782407407407407 0.57421875 0.9768518518518519 0.5755208333333334 0.9768518518518519 0.5760416666666667 0.9763888888888889 0.5763020833333333 0.9763888888888889 0.57734375 0.975925925925926 0.5776041666666667 0.975 0.57890625 0.9726851851851852 0.5802083333333333 0.9703703703703703 0.5807291666666666 0.9689814814814814 0.5815104166666667 0.9685185185185186 0.5815104166666667 0.9657407407407408 0.5828125 0.9652777777777778 0.5828125 0.9648148148148148 0.5830729166666667 0.9638888888888889 0.5830729166666667 0.9634259259259259 0.5833333333333334 0.9611111111111111 0.5838541666666667 0.9601851851851851 0.584375 0.9597222222222223 0.584375 0.9578703703703704 0.58515625 0.9574074074074074 0.58515625 0.9560185185185185 0.5859375 0.9546296296296296 0.5861979166666667 0.9537037037037037 0.58671875 0.9523148148148148 0.5869791666666667 0.9513888888888888 0.5875 0.9481481481481482 0.58828125 0.9458333333333333 0.5893229166666667 0.9453703703703704 0.5893229166666667 0.9449074074074074 0.5895833333333333 0.9435185185185185 0.58984375 0.9425925925925925 0.5903645833333333 0.9421296296296297 0.5903645833333333 0.9393518518518519 0.5921875 0.9393518518518519 0.5927083333333333 0.9388888888888889 0.59296875 0.9388888888888889 0.5932291666666667 0.937962962962963 0.5940104166666667 0.937962962962963 0.59453125 0.937037037037037 0.5953125 0.937037037037037 0.5958333333333333 0.9375 0.59609375 0.937962962962963 0.596875 0.9398148148148148 0.59765625 0.9398148148148148 0.5979166666666667 0.9421296296296297 0.59921875 0.9421296296296297 0.5994791666666667 0.9425925925925925 0.5994791666666667 0.9430555555555555 0.5997395833333333 0.9449074074074074 0.5997395833333333 0.9453703703703704 0.6 0.9472222222222222 0.6 0.9476851851851852 0.5997395833333333 0.9486111111111111 0.5997395833333333 0.9490740740740741 0.5994791666666667 0.9513888888888888 0.59921875 0.9527777777777777 0.5986979166666667 0.9550925925925926 0.5984375 0.9555555555555556 0.5981770833333333 0.9569444444444445 0.5979166666666667 0.9578703703703704 0.5973958333333333 0.9583333333333334 0.5973958333333333 0.9634259259259259 0.5958333333333333 0.9643518518518519 0.5958333333333333 0.9685185185185186 0.59453125 0.9694444444444444 0.59453125 0.9699074074074074 0.5942708333333333 0.9712962962962963 0.5940104166666667 0.9722222222222222 0.5934895833333333 0.9763888888888889 0.5924479166666666 0.9773148148148149 0.5919270833333333 0.9777777777777777 0.5919270833333333 0.9819444444444444 0.590625 0.9851851851851852 0.5903645833333333 0.9893518518518518 0.5890625 0.9907407407407407 0.5890625 0.9912037037037037 0.5893229166666667 0.9921296296296296 0.5893229166666667 0.9925925925925926 0.5895833333333333 0.9930555555555556 0.5895833333333333 0.9953703703703703 0.5903645833333333 0.9962962962962963 0.5903645833333333 0.9976851851851852 0.5908854166666667 0.999537037037037 0.5908854166666667
1 0.9384259259259259 0.3807291666666667 0.9347222222222222 0.3828125 0.9342592592592592 0.38359375 0.9328703703703703 0.3846354166666667 0.9328703703703703 0.38828125 0.9333333333333333 0.3888020833333333 0.9356481481481481 0.39010416666666664 0.9361111111111111 0.39010416666666664 0.9425925925925925 0.39375 0.9444444444444444 0.39427083333333335 0.9472222222222222 0.3958333333333333 0.9490740740740741 0.3963541666666667 0.9541666666666667 0.39947916666666666 0.9546296296296296 0.39947916666666666 0.9564814814814815 0.4005208333333333 0.9583333333333334 0.4010416666666667 0.9611111111111111 0.40260416666666665 0.9625 0.4041666666666667 0.962037037037037 0.4044270833333333 0.962037037037037 0.40729166666666666 0.961574074074074 0.4075520833333333 0.961574074074074 0.4083333333333333 0.962037037037037 0.40859375 0.962037037037037 0.409375 0.9625 0.40963541666666664 0.9625 0.41015625 0.9652777777777778 0.4119791666666667 0.9675925925925926 0.4125 0.9699074074074074 0.41354166666666664 0.9712962962962963 0.41380208333333335 0.975462962962963 0.4161458333333333 0.9782407407407407 0.41692708333333334 0.9796296296296296 0.41692708333333334 0.9800925925925926 0.4171875 0.9837962962962963 0.4171875 0.9842592592592593 0.41692708333333334 0.9861111111111112 0.41692708333333334 0.987037037037037 0.41640625 0.9875 0.41640625 0.9935185185185185 0.4127604166666667 0.9939814814814815 0.4127604166666667 0.9962962962962963 0.41171875 0.9962962962962963 0.4114583333333333 0.9976851851851852 0.41041666666666665 0.999537037037037 0.41041666666666665 0.999537037037037 0.39765625 0.9976851851851852 0.39765625 0.9967592592592592 0.3971354166666667 0.9953703703703703 0.396875 0.9930555555555556 0.39557291666666666 0.9921296296296296 0.39427083333333335 0.9912037037037037 0.39375 0.9902777777777778 0.3927083333333333 0.9898148148148148 0.3927083333333333 0.9898148148148148 0.39296875 0.9888888888888889 0.39348958333333334 0.987037037037037 0.39401041666666664 0.9856481481481482 0.39401041666666664 0.9851851851851852 0.39427083333333335 0.9842592592592593 0.39427083333333335 0.9824074074074074 0.39479166666666665 0.9810185185185185 0.39479166666666665 0.9805555555555555 0.39505208333333336 0.9791666666666666 0.39505208333333336 0.9782407407407407 0.3953125 0.9740740740740741 0.39296875 0.9740740740740741 0.3927083333333333 0.9731481481481481 0.3921875 0.9726851851851852 0.3921875 0.9712962962962963 0.39140625 0.9708333333333333 0.39140625 0.9699074074074074 0.39088541666666665 0.9685185185185186 0.390625 0.9671296296296297 0.38984375 0.9666666666666667 0.38984375 0.9569444444444445 0.384375 0.9564814814814815 0.384375 0.9550925925925926 0.38359375 0.9532407407407407 0.38307291666666665 0.950925925925926 0.38177083333333334 0.950925925925926 0.3815104166666667 0.950462962962963 0.3815104166666667 0.9476851851851852 0.3802083333333333 0.9467592592592593 0.3802083333333333 0.9449074074074074 0.3796875 0.9435185185185185 0.3796875 0.9430555555555555 0.37942708333333336