1 0.5648148148148148 0.43411458333333336 0.5643518518518519 0.43463541666666666 0.5643518518518519 0.43515625 0.5638888888888889 0.4354166666666667 0.5638888888888889 0.43723958333333335 0.5634259259259259 0.4375 0.5634259259259259 0.4395833333333333 0.5643518518518519 0.4401041666666667 0.5643518518518519 0.44036458333333334 0.5671296296296297 0.44166666666666665 0.5680555555555555 0.44192708333333336 0.5689814814814815 0.44192708333333336 0.5703703703703704 0.44244791666666666 0.5712962962962963 0.44244791666666666 0.5726851851851852 0.44296875 0.5736111111111111 0.44296875 0.5740740740740741 0.4432291666666667 0.575462962962963 0.4432291666666667 0.575925925925926 0.4434895833333333 0.5768518518518518 0.4434895833333333 0.5773148148148148 0.44375 0.5782407407407407 0.44375 0.5787037037037037 0.4440104166666667 0.5796296296296296 0.4440104166666667 0.5800925925925926 0.44427083333333334 0.5810185185185185 0.44427083333333334 0.5814814814814815 0.44453125 0.5837962962962963 0.44479166666666664 0.587037037037037 0.44583333333333336 0.5879629629629629 0.44583333333333336 0.5898148148148148 0.44635416666666666 0.5912037037037037 0.44635416666666666 0.5962962962962963 0.4479166666666667 0.5972222222222222 0.4479166666666667 0.5986111111111111 0.4484375 0.5995370370370371 0.4484375 0.6027777777777777 0.45 0.6074074074074074 0.4549479166666667 0.6087962962962963 0.4552083333333333 0.6106481481481482 0.45598958333333334 0.611574074074074 0.45598958333333334 0.612037037037037 0.45625 0.6134259259259259 0.45625 0.6152777777777778 0.45677083333333335 0.6166666666666667 0.45677083333333335 0.6185185185185185 0.45729166666666665 0.6217592592592592 0.45755208333333336 0.6222222222222222 0.4578125 0.6273148148148148 0.4578125 0.6277777777777778 0.45755208333333336 0.6287037037037037 0.45755208333333336 0.6305555555555555 0.45703125 0.6305555555555555 0.45677083333333335 0.6314814814814815 0.45625 0.6328703703703704 0.4546875 0.6328703703703704 0.45416666666666666 0.6361111111111111 0.4515625 0.6398148148148148 0.4473958333333333 0.6398148148148148 0.446875 0.6402777777777777 0.4466145833333333 0.6402777777777777 0.44583333333333336 0.6407407407407407 0.44557291666666665 0.6407407407407407 0.44479166666666664 0.6421296296296296 0.4432291666666667 0.6412037037037037 0.4421875 0.638425925925926 0.4401041666666667 0.6370370370370371 0.4401041666666667 0.6351851851851852 0.4395833333333333 0.6305555555555555 0.4395833333333333 0.6300925925925925 0.4393229166666667 0.6282407407407408 0.4393229166666667 0.6277777777777778 0.4390625 0.6268518518518519 0.4390625 0.6240740740740741 0.4375 0.6231481481481481 0.4361979166666667 0.6217592592592592 0.4354166666666667 0.6208333333333333 0.43515625 0.6199074074074075 0.43515625 0.6194444444444445 0.4348958333333333 0.6185185185185185 0.4348958333333333 0.6180555555555556 0.43515625 0.6171296296296296 0.43515625 0.6152777777777778 0.4356770833333333 0.6111111111111112 0.43776041666666665 0.6101851851851852 0.43776041666666665 0.6097222222222223 0.4375 0.6078703703703704 0.4375 0.6074074074074074 0.43723958333333335 0.6060185185185185 0.43723958333333335 0.6032407407407407 0.43645833333333334 0.6023148148148149 0.43645833333333334 0.6018518518518519 0.4361979166666667 0.600925925925926 0.4361979166666667 0.600462962962963 0.4359375 0.5995370370370371 0.4359375 0.5976851851851852 0.4354166666666667 0.5953703703703703 0.4354166666666667 0.5935185185185186 0.4348958333333333 0.5921296296296297 0.4348958333333333 0.5907407407407408 0.434375 0.5898148148148148 0.434375 0.5879629629629629 0.43385416666666665 0.586574074074074 0.43385416666666665 0.5861111111111111 0.43359375 0.5851851851851851 0.43359375 0.5833333333333334 0.43307291666666664 0.5805555555555556 0.43307291666666664 0.5800925925925926 0.4328125 0.5777777777777777 0.43255208333333334 0.575462962962963 0.4317708333333333 0.5740740740740741 0.4317708333333333 0.5736111111111111 0.4315104166666667 0.5680555555555555 0.4315104166666667 0.5657407407407408 0.43333333333333335 0.5657407407407408 0.43359375
3 0.5694444444444444 0.2046875 0.5662037037037037 0.20364583333333333 0.5625 0.20338541666666668 0.562037037037037 0.20364583333333333 0.5601851851851852 0.20364583333333333 0.5587962962962963 0.20416666666666666 0.5523148148148148 0.20520833333333333 0.5481481481481482 0.20755208333333333 0.5476851851851852 0.20833333333333334 0.5467592592592593 0.20885416666666667 0.5462962962962963 0.21276041666666667 0.5453703703703704 0.2140625 0.5425925925925926 0.21588541666666666 0.5398148148148149 0.21666666666666667 0.538425925925926 0.21744791666666666 0.5347222222222222 0.21848958333333332 0.5337962962962963 0.21848958333333332 0.5310185185185186 0.21953125 0.5268518518518519 0.22057291666666667 0.524537037037037 0.22161458333333334 0.5212962962962963 0.22239583333333332 0.5203703703703704 0.22291666666666668 0.5092592592592593 0.22578125 0.5032407407407408 0.228125 0.500462962962963 0.22890625 0.49583333333333335 0.23098958333333333 0.49444444444444446 0.23203125 0.49444444444444446 0.23333333333333334 0.4949074074074074 0.23359375 0.4949074074074074 0.23489583333333333 0.49537037037037035 0.23515625 0.49537037037037035 0.23619791666666667 0.4962962962962963 0.23776041666666667 0.49907407407407406 0.24114583333333334 0.5 0.24166666666666667 0.5 0.2421875 0.5013888888888889 0.24348958333333334 0.5018518518518519 0.24453125 0.5046296296296297 0.246875 0.5064814814814815 0.24791666666666667 0.5097222222222222 0.24869791666666666 0.5101851851851852 0.2484375 0.5120370370370371 0.2484375 0.5125 0.24817708333333333 0.5162037037037037 0.24791666666666667 0.5166666666666667 0.24765625 0.5180555555555556 0.24765625 0.5208333333333334 0.24713541666666666 0.5254629629629629 0.2453125 0.5291666666666667 0.24453125 0.5333333333333333 0.24270833333333333 0.5342592592592592 0.24270833333333333 0.5370370370370371 0.24192708333333332 0.537962962962963 0.24140625 0.5439814814814815 0.23984375 0.5449074074074074 0.23932291666666666 0.5486111111111112 0.2390625 0.5518518518518518 0.23802083333333332 0.5569444444444445 0.23776041666666667 0.5574074074074075 0.2375 0.5611111111111111 0.2375 0.5708333333333333 0.24010416666666667 0.575462962962963 0.24010416666666667 0.5782407407407407 0.23932291666666666 0.5791666666666667 0.23932291666666666 0.5810185185185185 0.23854166666666668 0.5833333333333334 0.23802083333333332 0.587037037037037 0.23619791666666667 0.5879629629629629 0.23541666666666666 0.5893518518518519 0.23307291666666666 0.5893518518518519 0.23046875 0.5888888888888889 0.23020833333333332 0.5888888888888889 0.22838541666666667 0.5884259259259259 0.228125 0.5879629629629629 0.22578125 0.5856481481481481 0.22213541666666667 0.5856481481481481 0.22135416666666666 0.5842592592592593 0.21927083333333333 0.5805555555555556 0.21614583333333334 0.5805555555555556 0.215625 0.5791666666666667 0.21432291666666667 0.5787037037037037 0.21302083333333333 0.575925925925926 0.20963541666666666
4 0.5152777777777777 0.44114583333333335 0.513425925925926 0.4427083333333333 0.513425925925926 0.4473958333333333 0.5148148148148148 0.44895833333333335 0.5175925925925926 0.4505208333333333 0.524074074074074 0.45286458333333335 0.5291666666666667 0.45416666666666666 0.5305555555555556 0.4549479166666667 0.5416666666666666 0.45807291666666666 0.5444444444444444 0.45859375 0.5486111111111112 0.46067708333333335 0.5555555555555556 0.4625 0.5564814814814815 0.4630208333333333 0.5587962962962963 0.46328125 0.562962962962963 0.46484375 0.5717592592592593 0.46640625 0.5782407407407407 0.46848958333333335 0.5819444444444445 0.46901041666666665 0.5833333333333334 0.46953125 0.5875 0.4703125 0.5888888888888889 0.4708333333333333 0.5921296296296297 0.47291666666666665 0.5930555555555556 0.4744791666666667 0.5930555555555556 0.47604166666666664 0.5935185185185186 0.47630208333333335 0.5939814814814814 0.4786458333333333 0.5962962962962963 0.48020833333333335 0.5990740740740741 0.48098958333333336 0.6032407407407407 0.48098958333333336 0.6083333333333333 0.4783854166666667 0.6083333333333333 0.4778645833333333 0.611574074074074 0.47421875 0.6157407407407407 0.4713541666666667 0.6175925925925926 0.46875 0.6208333333333333 0.4661458333333333 0.6212962962962963 0.46458333333333335 0.6217592592592592 0.46432291666666664 0.6217592592592592 0.46328125 0.6222222222222222 0.4630208333333333 0.6217592592592592 0.46145833333333336 0.6199074074074075 0.459375 0.6166666666666667 0.4583333333333333 0.6138888888888889 0.45807291666666666 0.6134259259259259 0.4578125 0.611574074074074 0.4578125 0.6111111111111112 0.45755208333333336 0.6069444444444444 0.45859375 0.6055555555555555 0.4583333333333333 0.6023148148148149 0.4583333333333333 0.6018518518518519 0.45807291666666666 0.6 0.45807291666666666 0.5916666666666667 0.45651041666666664 0.5898148148148148 0.4557291666666667 0.587037037037037 0.4552083333333333 0.5861111111111111 0.4546875 0.5837962962962963 0.45416666666666666 0.5791666666666667 0.45234375 0.5666666666666667 0.44895833333333335 0.5648148148148148 0.44817708333333334 0.5615740740740741 0.44765625 0.5564814814814815 0.44609375 0.5546296296296296 0.44583333333333336 0.5518518518518518 0.44479166666666664 0.5462962962962963 0.44375 0.5412037037037037 0.4421875 0.5402777777777777 0.4421875 0.537962962962963 0.44140625 0.5370370370370371 0.44140625 0.5347222222222222 0.440625 0.5337962962962963 0.440625 0.5263888888888889 0.4388020833333333 0.524537037037037 0.4388020833333333 0.524074074074074 0.43854166666666666 0.5212962962962963 0.43854166666666666 0.5180555555555556 0.4393229166666667
4 0.5671296296296297 0.4747395833333333 0.5643518518518519 0.471875 0.5601851851851852 0.46979166666666666 0.5592592592592592 0.4700520833333333 0.5523148148148148 0.4703125 0.5509259259259259 0.4708333333333333 0.5486111111111112 0.47369791666666666 0.5486111111111112 0.475 0.5476851851851852 0.4765625 0.5449074074074074 0.478125 0.5425925925925926 0.4783854166666667 0.5412037037037037 0.47890625 0.5356481481481481 0.47994791666666664 0.5328703703703703 0.48020833333333335 0.5287037037037037 0.48125 0.5180555555555556 0.4822916666666667 0.5162037037037037 0.4828125 0.5138888888888888 0.4828125 0.5092592592592593 0.48411458333333335 0.5032407407407408 0.48463541666666665 0.4981481481481482 0.4859375 0.4935185185185185 0.4864583333333333 0.487962962962963 0.4875 0.48657407407407405 0.48802083333333335 0.475462962962963 0.48932291666666666 0.4736111111111111 0.48984375 0.4685185185185185 0.4903645833333333 0.46574074074074073 0.49114583333333334 0.4648148148148148 0.49114583333333334 0.46111111111111114 0.4921875 0.45925925925925926 0.49296875 0.45740740740740743 0.4942708333333333 0.4564814814814815 0.4981770833333333 0.45694444444444443 0.4984375 0.45694444444444443 0.49947916666666664 0.45787037037037037 0.5013020833333334 0.4597222222222222 0.5026041666666666 0.4625 0.5036458333333333 0.46944444444444444 0.50390625 0.4699074074074074 0.5041666666666667 0.4708333333333333 0.50390625 0.47638888888888886 0.50390625 0.47685185185185186 0.5036458333333333 0.4791666666666667 0.5036458333333333 0.48194444444444445 0.503125 0.48518518518518516 0.503125 0.48564814814814816 0.5028645833333333 0.49074074074074076 0.5026041666666666 0.49537037037037035 0.5018229166666667 0.4976851851851852 0.5018229166666667 0.5018518518518519 0.49973958333333335 0.5060185185185185 0.49947916666666664 0.5078703703703704 0.49895833333333334 0.5138888888888888 0.4984375 0.5143518518518518 0.4981770833333333 0.5194444444444445 0.4979166666666667 0.5199074074074074 0.49765625 0.5287037037037037 0.49661458333333336 0.5342592592592592 0.49557291666666664 0.537962962962963 0.49557291666666664 0.5407407407407407 0.49505208333333334 0.5453703703703704 0.49505208333333334 0.5486111111111112 0.4940104166666667 0.5532407407407407 0.4947916666666667 0.5601851851851852 0.4981770833333333 0.5666666666666667 0.4981770833333333 0.5671296296296297 0.4979166666666667 0.5685185185185185 0.4979166666666667 0.5717592592592593 0.49557291666666664 0.5726851851851852 0.4942708333333333 0.5731481481481482 0.48984375 0.5726851851851852 0.4895833333333333 0.5726851851851852 0.48776041666666664 0.5722222222222222 0.4875 0.5722222222222222 0.4859375 0.5717592592592593 0.4856770833333333 0.5712962962962963 0.48203125 0.5689814814814815 0.4786458333333333 0.5689814814814815 0.4778645833333333
4 0.3337962962962963 0.32864583333333336 0.3333333333333333 0.3302083333333333 0.33287037037037037 0.33046875 0.33287037037037037 0.33203125 0.33240740740740743 0.33229166666666665 0.33240740740740743 0.33567708333333335 0.33287037037037037 0.3359375 0.33287037037037037 0.33697916666666666 0.3333333333333333 0.3377604166666667 0.3384259259259259 0.33984375 0.34120370370370373 0.34010416666666665 0.3421296296296296 0.340625 0.3458333333333333 0.3416666666666667 0.3527777777777778 0.3421875 0.35324074074074074 0.3424479166666667 0.35555555555555557 0.3424479166666667 0.3560185185185185 0.34270833333333334 0.36157407407407405 0.34296875 0.36574074074074076 0.34375 0.3675925925925926 0.34375 0.3699074074074074 0.34427083333333336 0.3736111111111111 0.34453125 0.3787037037037037 0.3455729166666667 0.38101851851851853 0.3455729166666667 0.38333333333333336 0.34609375 0.38842592592592595 0.3463541666666667 0.39351851851851855 0.34739583333333335 0.4041666666666667 0.34817708333333336 0.4078703703703704 0.3489583333333333 0.4125 0.34921875 0.4148148148148148 0.35 0.4185185185185185 0.35052083333333334 0.4203703703703704 0.35130208333333335 0.4222222222222222 0.3536458333333333 0.4222222222222222 0.3546875 0.4236111111111111 0.3572916666666667 0.42685185185185187 0.3580729166666667 0.4324074074074074 0.3580729166666667 0.43287037037037035 0.35833333333333334 0.4356481481481482 0.35833333333333334 0.4393518518518518 0.3572916666666667 0.4398148148148148 0.35598958333333336 0.44212962962962965 0.3533854166666667 0.44351851851851853 0.3497395833333333 0.4439814814814815 0.3494791666666667 0.4439814814814815 0.34817708333333336 0.4444444444444444 0.34791666666666665 0.4444444444444444 0.34661458333333334 0.4449074074074074 0.3463541666666667 0.4449074074074074 0.34453125 0.44537037037037036 0.34427083333333336 0.44537037037037036 0.3424479166666667 0.4462962962962963 0.3411458333333333 0.4462962962962963 0.33880208333333334 0.44675925925925924 0.3385416666666667 0.44675925925925924 0.3375 0.4462962962962963 0.3372395833333333 0.4449074074074074 0.3338541666666667 0.44027777777777777 0.33229166666666665 0.4361111111111111 0.33151041666666664 0.43194444444444446 0.33177083333333335 0.4287037037037037 0.33359375 0.42824074074074076 0.334375 0.4273148148148148 0.33489583333333334 0.42268518518518516 0.33515625 0.4162037037037037 0.3338541666666667 0.412962962962963 0.3338541666666667 0.4125 0.33359375 0.41064814814814815 0.33359375 0.4078703703703704 0.33307291666666666 0.40324074074074073 0.33307291666666666 0.4009259259259259 0.33255208333333336 0.3962962962962963 0.33229166666666665 0.39351851851851855 0.33177083333333335 0.387037037037037 0.33151041666666664 0.38657407407407407 0.33125 0.38287037037037036 0.33098958333333334 0.38055555555555554 0.33046875 0.3787037037037037 0.33046875 0.3726851851851852 0.3294270833333333 0.36944444444444446 0.3294270833333333 0.36527777777777776 0.32838541666666665 0.36203703703703705 0.32838541666666665 0.35648148148148145 0.32734375 0.3541666666666667 0.32734375 0.3537037037037037 0.32708333333333334 0.3490740740740741 0.3268229166666667 0.3486111111111111 0.3265625 0.3458333333333333 0.3265625 0.3435185185185185 0.3260416666666667 0.3388888888888889 0.3260416666666667 0.3375 0.3263020833333333
5 0.6967592592592593 0.3768229166666667 0.6884259259259259 0.3768229166666667 0.6856481481481481 0.37786458333333334 0.6814814814814815 0.3807291666666667 0.6814814814814815 0.38125 0.6796296296296296 0.38385416666666666 0.6796296296296296 0.38515625 0.6814814814814815 0.38723958333333336 0.6837962962962963 0.3885416666666667 0.6865740740740741 0.3924479166666667 0.6851851851851852 0.39401041666666664 0.6837962962962963 0.3966145833333333 0.6814814814814815 0.3984375 0.6787037037037037 0.40182291666666664 0.6777777777777778 0.40234375 0.675 0.40598958333333335 0.6689814814814815 0.4109375 0.6675925925925926 0.4127604166666667 0.6638888888888889 0.415625 0.663425925925926 0.4166666666666667 0.6620370370370371 0.41770833333333335 0.6620370370370371 0.41822916666666665 0.6611111111111111 0.4192708333333333 0.6611111111111111 0.4205729166666667 0.6615740740740741 0.42083333333333334 0.6615740740740741 0.42135416666666664 0.6625 0.42239583333333336 0.6648148148148149 0.4239583333333333 0.675 0.4265625 0.6768518518518518 0.4265625 0.6773148148148148 0.42682291666666666 0.6824074074074075 0.42682291666666666 0.6851851851851852 0.42604166666666665 0.6898148148148148 0.4234375 0.6902777777777778 0.42265625 0.6949074074074074 0.41953125 0.700462962962963 0.41354166666666664 0.7037037037037037 0.4114583333333333 0.7101851851851851 0.40598958333333335 0.7162037037037037 0.40208333333333335 0.7185185185185186 0.4015625 0.7217592592592592 0.4015625 0.7222222222222222 0.40130208333333334 0.7287037037037037 0.4015625 0.7300925925925926 0.4010416666666667 0.7310185185185185 0.4010416666666667 0.7337962962962963 0.3997395833333333 0.7375 0.3966145833333333 0.7375 0.3932291666666667 0.7379629629629629 0.39296875 0.7379629629629629 0.3924479166666667 0.736574074074074 0.39088541666666665 0.7337962962962963 0.3893229166666667 0.7333333333333333 0.3893229166666667 0.7236111111111111 0.3846354166666667 0.7189814814814814 0.38333333333333336 0.712037037037037 0.3807291666666667 0.7097222222222223 0.38046875 0.7041666666666667 0.37890625 0.7032407407407407 0.37890625
3 0.6967592592592593 0.45078125 0.6953703703703704 0.45078125 0.6935185185185185 0.45026041666666666 0.6893518518518519 0.4505208333333333 0.6861111111111111 0.4515625 0.6814814814814815 0.45416666666666666 0.6805555555555556 0.4549479166666667 0.6796296296296296 0.4591145833333333 0.6819444444444445 0.4625 0.6819444444444445 0.46432291666666664 0.6814814814814815 0.46458333333333335 0.6814814814814815 0.4669270833333333 0.6796296296296296 0.46901041666666665 0.6754629629629629 0.47213541666666664 0.6712962962962963 0.4744791666666667 0.6685185185185185 0.47708333333333336 0.6662037037037037 0.4783854166666667 0.6648148148148149 0.4796875 0.662962962962963 0.48046875 0.6592592592592592 0.4825520833333333 0.6587962962962963 0.48333333333333334 0.6541666666666667 0.4856770833333333 0.6518518518518519 0.48802083333333335 0.6486111111111111 0.4901041666666667 0.6486111111111111 0.4942708333333333 0.649537037037037 0.49505208333333334 0.6620370370370371 0.5018229166666667 0.662962962962963 0.5020833333333333 0.6638888888888889 0.5020833333333333 0.6657407407407407 0.5026041666666666 0.6703703703703704 0.5026041666666666 0.675 0.5015625 0.6777777777777778 0.5005208333333333 0.6810185185185185 0.4986979166666667 0.6810185185185185 0.4984375 0.6861111111111111 0.49583333333333335 0.6884259259259259 0.49375 0.6930555555555555 0.49140625 0.6953703703703704 0.48932291666666666 0.7041666666666667 0.48411458333333335 0.7060185185185185 0.48359375 0.7083333333333334 0.48333333333333334 0.7106481481481481 0.4825520833333333 0.7134259259259259 0.4822916666666667 0.7166666666666667 0.48151041666666666 0.7194444444444444 0.48151041666666666 0.7199074074074074 0.48125 0.7208333333333333 0.48125 0.7212962962962963 0.48151041666666666 0.725462962962963 0.48151041666666666 0.725925925925926 0.48125 0.7282407407407407 0.48098958333333336 0.7333333333333333 0.4783854166666667 0.7361111111111112 0.47552083333333334 0.7361111111111112 0.475 0.736574074074074 0.4747395833333333 0.736574074074074 0.4703125 0.7361111111111112 0.46979166666666666 0.7282407407407407 0.46536458333333336 0.725462962962963 0.46458333333333335 0.7240740740740741 0.46380208333333334 0.7236111111111111 0.4630208333333333 0.7143518518518519 0.45807291666666666 0.7087962962962963 0.45598958333333334 0.7018518518518518 0.45260416666666664 0.6995370370370371 0.45208333333333334
4 0.7925925925925926 0.13854166666666667 0.7907407407407407 0.13932291666666666 0.7865740740740741 0.14192708333333334 0.7865740740740741 0.14479166666666668 0.7861111111111111 0.14505208333333333 0.7865740740740741 0.14713541666666666 0.7893518518518519 0.14947916666666666 0.7893518518518519 0.15 0.7902777777777777 0.15078125 0.7939814814814815 0.15286458333333333 0.7953703703703704 0.15416666666666667 0.8004629629629629 0.15703125 0.8013888888888889 0.15807291666666667 0.8060185185185185 0.16015625 0.8078703703703703 0.16171875 0.812037037037037 0.16432291666666668 0.8134259259259259 0.16614583333333333 0.8180555555555555 0.16953125 0.8291666666666667 0.17604166666666668 0.8310185185185185 0.178125 0.8328703703703704 0.18125 0.8324074074074074 0.1828125 0.8305555555555556 0.18541666666666667 0.8314814814814815 0.18619791666666666 0.8314814814814815 0.18697916666666667 0.8324074074074074 0.18828125 0.8324074074074074 0.18932291666666667 0.8337962962962963 0.190625 0.8347222222222223 0.19088541666666667 0.8384259259259259 0.19322916666666667 0.8393518518518519 0.19322916666666667 0.8407407407407408 0.19375 0.8430555555555556 0.19375 0.8435185185185186 0.19348958333333333 0.8476851851851852 0.19322916666666667 0.8583333333333333 0.18958333333333333 0.8657407407407407 0.1859375 0.8671296296296296 0.18463541666666666 0.8703703703703703 0.18255208333333334 0.8726851851851852 0.18020833333333333 0.8726851851851852 0.1796875 0.8740740740740741 0.178125 0.8740740740740741 0.17708333333333334 0.8717592592592592 0.1734375 0.8675925925925926 0.17083333333333334 0.8648148148148148 0.16979166666666667 0.8611111111111112 0.16979166666666667 0.8574074074074074 0.17109375 0.8532407407407407 0.17161458333333332 0.8523148148148149 0.17109375 0.8518518518518519 0.1703125 0.8472222222222222 0.16770833333333332 0.8453703703703703 0.16588541666666667 0.8388888888888889 0.16223958333333333 0.8388888888888889 0.16197916666666667 0.8351851851851851 0.15989583333333332 0.8337962962962963 0.15859375 0.8305555555555556 0.15677083333333333 0.8263888888888888 0.15338541666666666 0.8236111111111111 0.15182291666666667 0.8222222222222222 0.15026041666666667 0.8194444444444444 0.14869791666666668 0.8180555555555555 0.14739583333333334 0.8138888888888889 0.14505208333333333 0.8111111111111111 0.14296875 0.8106481481481481 0.1421875 0.8032407407407407 0.13854166666666667 0.8018518518518518 0.13828125 0.8004629629629629 0.13828125 0.7986111111111112 0.13776041666666666 0.7981481481481482 0.13802083333333334 0.7953703703703704 0.13802083333333334
1 0.7175925925925926 0.48984375 0.7166666666666667 0.4903645833333333 0.7157407407407408 0.49140625 0.7157407407407408 0.49192708333333335 0.7148148148148148 0.49270833333333336 0.7148148148148148 0.4934895833333333 0.7143518518518519 0.49375 0.7148148148148148 0.4942708333333333 0.7148148148148148 0.4947916666666667 0.7162037037037037 0.49583333333333335 0.7171296296296297 0.49713541666666666 0.7180555555555556 0.49765625 0.7189814814814814 0.4986979166666667 0.7226851851851852 0.50078125 0.7226851851851852 0.5010416666666667 0.7240740740740741 0.5018229166666667 0.7240740740740741 0.5020833333333333 0.725925925925926 0.503125 0.725925925925926 0.5033854166666667 0.7291666666666666 0.50546875 0.7291666666666666 0.5057291666666667 0.7300925925925926 0.50625 0.7310185185185185 0.5072916666666667 0.7324074074074074 0.5080729166666667 0.7324074074074074 0.5083333333333333 0.7342592592592593 0.5096354166666667 0.7347222222222223 0.51015625 0.7347222222222223 0.5106770833333333 0.7356481481481482 0.5114583333333333 0.7356481481481482 0.5119791666666667 0.7361111111111112 0.5122395833333333 0.736574074074074 0.5135416666666667 0.737037037037037 0.5138020833333333 0.737037037037037 0.5145833333333333 0.7375 0.51484375 0.7375 0.5161458333333333 0.7379629629629629 0.51640625 0.7379629629629629 0.5177083333333333 0.7384259259259259 0.51796875 0.7384259259259259 0.5184895833333333 0.7388888888888889 0.51875 0.7388888888888889 0.5192708333333333 0.7393518518518518 0.51953125 0.7393518518518518 0.5200520833333333 0.7402777777777778 0.52109375 0.7509259259259259 0.5268229166666667 0.7527777777777778 0.52734375 0.7546296296296297 0.52734375 0.7550925925925925 0.5276041666666667 0.7560185185185185 0.5276041666666667 0.7587962962962963 0.5268229166666667 0.7597222222222222 0.5268229166666667 0.7601851851851852 0.5265625 0.7611111111111111 0.5265625 0.7615740740740741 0.5263020833333333 0.7638888888888888 0.5260416666666666 0.7652777777777777 0.5255208333333333 0.7662037037037037 0.5255208333333333 0.7680555555555556 0.525 0.7708333333333334 0.5236979166666667 0.7712962962962963 0.5236979166666667 0.7759259259259259 0.52109375 0.7759259259259259 0.5208333333333334 0.7768518518518519 0.5203125 0.7773148148148148 0.51953125 0.7782407407407408 0.5190104166666667 0.7791666666666667 0.51796875 0.7791666666666667 0.51640625 0.7787037037037037 0.5161458333333333 0.7782407407407408 0.51484375 0.7768518518518519 0.51328125 0.7726851851851851 0.5104166666666666 0.7717592592592593 0.509375 0.7717592592592593 0.5088541666666667 0.7708333333333334 0.5080729166666667 0.7708333333333334 0.5075520833333333 0.7694444444444445 0.5059895833333333 0.7680555555555556 0.5052083333333334 0.7671296296296296 0.5049479166666667 0.7662037037037037 0.5049479166666667 0.7657407407407407 0.5046875 0.7643518518518518 0.5046875 0.7638888888888888 0.5044270833333333 0.7597222222222222 0.5044270833333333 0.7592592592592593 0.5041666666666667 0.7569444444444444 0.50390625 0.7550925925925925 0.503125 0.7546296296296297 0.503125 0.7532407407407408 0.50234375 0.7527777777777778 0.50234375 0.749537037037037 0.5005208333333333 0.7467592592592592 0.49973958333333335 0.7435185185185185 0.4979166666666667 0.7435185185185185 0.49765625 0.7412037037037037 0.49609375 0.7412037037037037 0.49583333333333335 0.7402777777777778 0.4953125 0.7393518518518518 0.4942708333333333 0.7333333333333333 0.4908854166666667 0.7333333333333333 0.490625 0.7319444444444444 0.48984375 0.7314814814814815 0.48984375 0.7282407407407407 0.48828125 0.725925925925926 0.48828125 0.725462962962963 0.48802083333333335 0.7240740740740741 0.48802083333333335
4 0.7518518518518519 0.6700520833333333 0.7481481481481481 0.6682291666666667 0.7444444444444445 0.6671875 0.7416666666666667 0.6674479166666667 0.7361111111111112 0.66953125 0.7347222222222223 0.6716145833333333 0.7347222222222223 0.6731770833333334 0.7342592592592593 0.6734375 0.7342592592592593 0.675 0.7337962962962963 0.6752604166666667 0.7333333333333333 0.67734375 0.7273148148148149 0.6815104166666667 0.725 0.6822916666666666 0.7189814814814814 0.68515625 0.7166666666666667 0.6856770833333333 0.712037037037037 0.6880208333333333 0.7087962962962963 0.6888020833333334 0.7037037037037037 0.6911458333333333 0.6981481481481482 0.69296875 0.6949074074074074 0.6947916666666667 0.6888888888888889 0.6973958333333333 0.6856481481481481 0.6981770833333333 0.6810185185185185 0.7 0.6768518518518518 0.7010416666666667 0.674074074074074 0.7026041666666667 0.6680555555555555 0.7046875 0.6611111111111111 0.7088541666666667 0.6606481481481481 0.7130208333333333 0.6620370370370371 0.7145833333333333 0.6657407407407407 0.7166666666666667 0.6685185185185185 0.7171875 0.6722222222222223 0.7171875 0.6726851851851852 0.7169270833333333 0.6763888888888889 0.7166666666666667 0.6805555555555556 0.7153645833333333 0.6814814814814815 0.7153645833333333 0.6842592592592592 0.7145833333333333 0.6888888888888889 0.7127604166666667 0.6930555555555555 0.71171875 0.700925925925926 0.7083333333333334 0.7157407407407408 0.7028645833333333 0.7208333333333333 0.7002604166666667 0.7231481481481481 0.6997395833333333 0.736574074074074 0.69453125 0.7407407407407407 0.6934895833333333 0.7476851851851852 0.6911458333333333 0.749537037037037 0.6911458333333333 0.7550925925925925 0.6921875 0.7583333333333333 0.6921875 0.7597222222222222 0.6924479166666667 0.7601851851851852 0.6921875 0.763425925925926 0.6921875 0.7662037037037037 0.6911458333333333 0.7694444444444445 0.6893229166666667 0.7699074074074074 0.6854166666666667 0.763425925925926 0.6783854166666666 0.7560185185185185 0.6731770833333334 0.7541666666666667 0.6723958333333333
5 0.9356481481481481 0.6239583333333333 0.9351851851851852 0.6236979166666666 0.9351851851851852 0.6221354166666667 0.9347222222222222 0.6213541666666667 0.9324074074074075 0.6197916666666666 0.9314814814814815 0.61953125 0.9282407407407407 0.61953125 0.9277777777777778 0.6192708333333333 0.9259259259259259 0.6192708333333333 0.9231481481481482 0.61875 0.9157407407407407 0.61875 0.9138888888888889 0.6205729166666667 0.9078703703703703 0.62421875 0.9050925925925926 0.62421875 0.9046296296296297 0.6244791666666667 0.9018518518518519 0.6239583333333333 0.9004629629629629 0.6239583333333333 0.8986111111111111 0.6234375 0.8949074074074074 0.6231770833333333 0.8944444444444445 0.6229166666666667 0.8875 0.62265625 0.8851851851851852 0.6221354166666667 0.8828703703703704 0.6221354166666667 0.8824074074074074 0.621875 0.8800925925925925 0.621875 0.8796296296296297 0.6216145833333333 0.8773148148148148 0.6216145833333333 0.8768518518518519 0.6213541666666667 0.8731481481481481 0.6213541666666667 0.8685185185185185 0.6203125 0.8662037037037037 0.6203125 0.862037037037037 0.61953125 0.8564814814814815 0.61953125 0.8541666666666666 0.6190104166666667 0.8486111111111111 0.6190104166666667 0.8458333333333333 0.61953125 0.8416666666666667 0.6213541666666667 0.8402777777777778 0.6229166666666667 0.8402777777777778 0.6239583333333333 0.8393518518518519 0.6255208333333333 0.8393518518518519 0.6307291666666667 0.8412037037037037 0.6330729166666667 0.8453703703703703 0.6346354166666667 0.85 0.63515625 0.8532407407407407 0.6359375 0.8564814814814815 0.6359375 0.8606481481481482 0.6369791666666667 0.8657407407407407 0.6372395833333333 0.8694444444444445 0.6380208333333334 0.8717592592592592 0.6380208333333334 0.8763888888888889 0.6390625 0.8805555555555555 0.6393229166666666 0.8842592592592593 0.6401041666666667 0.8861111111111111 0.6401041666666667 0.8865740740740741 0.6403645833333333 0.8898148148148148 0.640625 0.8912037037037037 0.6411458333333333 0.8958333333333334 0.6419270833333334 0.9004629629629629 0.6447916666666667 0.9041666666666667 0.6505208333333333 0.9078703703703703 0.6528645833333333 0.9148148148148149 0.6541666666666667 0.9199074074074074 0.6541666666666667 0.9231481481481482 0.6528645833333333 0.9268518518518518 0.6502604166666667 0.9287037037037037 0.646875 0.9314814814814815 0.6440104166666667 0.9324074074074075 0.64140625 0.9347222222222222 0.6380208333333334 0.9347222222222222 0.63671875 0.9351851851851852 0.6364583333333333 0.9351851851851852 0.63359375 0.9356481481481481 0.6333333333333333
2 0.9120370370370371 0.27291666666666664 0.9074074074074074 0.27317708333333335 0.9046296296296297 0.27395833333333336 0.9018518518518519 0.2755208333333333 0.899537037037037 0.2786458333333333 0.899537037037037 0.29192708333333334 0.9004629629629629 0.30364583333333334 0.9018518518518519 0.31015625 0.9027777777777778 0.3328125 0.9041666666666667 0.34427083333333336 0.9041666666666667 0.3536458333333333 0.9055555555555556 0.3609375 0.9055555555555556 0.3697916666666667 0.9032407407407408 0.3723958333333333 0.9004629629629629 0.3736979166666667 0.8962962962962963 0.37447916666666664 0.8939814814814815 0.3768229166666667 0.8944444444444445 0.38125 0.8976851851851851 0.38515625 0.9004629629629629 0.38671875 0.9027777777777778 0.38723958333333336 0.9083333333333333 0.3875 0.9106481481481481 0.3880208333333333 0.9162037037037037 0.38723958333333336 0.9194444444444444 0.38723958333333336 0.9277777777777778 0.3848958333333333 0.9351851851851852 0.3846354166666667 0.9425925925925925 0.38046875 0.9425925925925925 0.3768229166666667 0.9412037037037037 0.37578125 0.9398148148148148 0.37265625 0.9384259259259259 0.37161458333333336 0.9351851851851852 0.37083333333333335 0.9314814814814815 0.3690104166666667 0.9300925925925926 0.3658854166666667 0.9300925925925926 0.35572916666666665 0.9282407407407407 0.346875 0.9282407407407407 0.34088541666666666 0.9254629629629629 0.31276041666666665 0.9254629629629629 0.30416666666666664 0.924074074074074 0.29609375 0.9226851851851852 0.27890625 0.9194444444444444 0.27447916666666666 0.9157407407407407 0.27317708333333335
4 0.999537037037037 0.3697916666666667 0.9976851851851852 0.3697916666666667 0.9962962962962963 0.3703125 0.9953703703703703 0.3703125 0.9925925925925926 0.37109375 0.9916666666666667 0.37161458333333336 0.987037037037037 0.3729166666666667 0.9861111111111112 0.3729166666666667 0.9777777777777777 0.37604166666666666 0.9745370370370371 0.3768229166666667 0.9703703703703703 0.37890625 0.9657407407407408 0.3796875 0.9560185185185185 0.38359375 0.9486111111111111 0.3854166666666667 0.9472222222222222 0.38619791666666664 0.9462962962962963 0.38619791666666664 0.9458333333333333 0.3859375 0.9435185185185185 0.3859375 0.9398148148148148 0.38515625 0.9365740740740741 0.3854166666666667 0.9361111111111111 0.38567708333333334 0.9273148148148148 0.38567708333333334 0.9212962962962963 0.38723958333333336 0.9203703703703704 0.38776041666666666 0.9152777777777777 0.3885416666666667 0.9152777777777777 0.3888020833333333 0.9120370370370371 0.39088541666666665 0.9111111111111111 0.3921875 0.9111111111111111 0.39765625 0.9115740740740741 0.39791666666666664 0.9115740740740741 0.39895833333333336 0.9120370370370371 0.39921875 0.9125 0.40078125 0.9148148148148149 0.403125 0.9148148148148149 0.4036458333333333 0.9162037037037037 0.4049479166666667 0.9185185185185185 0.40625 0.9203703703703704 0.4080729166666667 0.9273148148148148 0.41171875 0.9305555555555556 0.4119791666666667 0.9310185185185185 0.4122395833333333 0.9328703703703703 0.4122395833333333 0.9333333333333333 0.4125 0.9402777777777778 0.4125 0.9421296296296297 0.4119791666666667 0.9435185185185185 0.4119791666666667 0.9444444444444444 0.4114583333333333 0.9467592592592593 0.4109375 0.950925925925926 0.40859375 0.9523148148148148 0.40703125 0.9523148148148148 0.40651041666666665 0.9541666666666667 0.40390625 0.9541666666666667 0.40260416666666665 0.9546296296296296 0.40234375 0.9550925925925926 0.4010416666666667 0.9578703703703704 0.39921875 0.9583333333333334 0.39921875 0.9601851851851851 0.39817708333333335 0.9638888888888889 0.396875 0.9671296296296297 0.3953125 0.9740740740740741 0.39348958333333334 0.9768518518518519 0.3924479166666667 0.9787037037037037 0.39140625 0.9888888888888889 0.3888020833333333 0.9921296296296296 0.38723958333333336 0.9939814814814815 0.38671875 0.9981481481481481 0.3846354166666667 0.999537037037037 0.3846354166666667