1 0.17453703703703705 0.403125 0.17314814814814813 0.4046875 0.17314814814814813 0.40572916666666664 0.1726851851851852 0.40598958333333335 0.1726851851851852 0.40703125 0.17222222222222222 0.40729166666666666 0.17222222222222222 0.4083333333333333 0.1726851851851852 0.4088541666666667 0.17685185185185184 0.41119791666666666 0.18009259259259258 0.4119791666666667 0.18101851851851852 0.4125 0.18611111111111112 0.41380208333333335 0.18935185185185185 0.41510416666666666 0.20046296296296295 0.41822916666666665 0.2037037037037037 0.4200520833333333 0.2064814814814815 0.4231770833333333 0.2064814814814815 0.4236979166666667 0.20787037037037037 0.42526041666666664 0.20925925925925926 0.42604166666666665 0.20925925925925926 0.42630208333333336 0.21157407407407408 0.4276041666666667 0.21574074074074073 0.42864583333333334 0.21666666666666667 0.42916666666666664 0.2175925925925926 0.42890625 0.2212962962962963 0.42890625 0.22175925925925927 0.42916666666666664 0.22361111111111112 0.42916666666666664 0.22916666666666666 0.43072916666666666 0.2300925925925926 0.43072916666666666 0.23194444444444445 0.43125 0.2337962962962963 0.43072916666666666 0.2351851851851852 0.43072916666666666 0.23703703703703705 0.43020833333333336 0.23935185185185184 0.42916666666666664 0.23981481481481481 0.42916666666666664 0.24259259259259258 0.4276041666666667 0.24259259259259258 0.42734375 0.2449074074074074 0.42578125 0.24675925925925926 0.4236979166666667 0.24768518518518517 0.4231770833333333 0.25046296296296294 0.4200520833333333 0.25046296296296294 0.4158854166666667 0.2490740740740741 0.41484375 0.24861111111111112 0.4140625 0.24722222222222223 0.41328125 0.2462962962962963 0.41328125 0.24351851851851852 0.4125 0.24259259259259258 0.4119791666666667 0.24166666666666667 0.4119791666666667 0.24027777777777778 0.4114583333333333 0.2388888888888889 0.4114583333333333 0.23842592592592593 0.41119791666666666 0.23703703703703705 0.41119791666666666 0.2361111111111111 0.4109375 0.2337962962962963 0.40963541666666664 0.23287037037037037 0.4083333333333333 0.2310185185185185 0.4075520833333333 0.2300925925925926 0.4075520833333333 0.22824074074074074 0.40703125 0.2222222222222222 0.40703125 0.22175925925925927 0.40729166666666666 0.21388888888888888 0.40729166666666666 0.21296296296296297 0.4075520833333333 0.20972222222222223 0.40651041666666665 0.20879629629629629 0.40651041666666665 0.20833333333333334 0.40625 0.2074074074074074 0.40625 0.20694444444444443 0.40598958333333335 0.20601851851851852 0.40598958333333335 0.20555555555555555 0.40572916666666664 0.20324074074074075 0.40546875 0.20185185185185187 0.4049479166666667 0.19953703703703704 0.4046875 0.19814814814814816 0.4041666666666667 0.19583333333333333 0.40390625 0.19444444444444445 0.40338541666666666 0.1935185185185185 0.40338541666666666 0.19305555555555556 0.403125 0.19074074074074074 0.40286458333333336 0.18935185185185185 0.40234375 0.1884259259259259 0.40234375 0.18564814814814815 0.40130208333333334 0.18472222222222223 0.40130208333333334 0.18425925925925926 0.4010416666666667 0.18287037037037038 0.4010416666666667 0.1824074074074074 0.40078125 0.18055555555555555 0.40078125 0.18009259259259258 0.4010416666666667 0.17777777777777778 0.40130208333333334 0.17685185185185184 0.40182291666666664 0.1763888888888889 0.40182291666666664 0.1763888888888889 0.40208333333333335
3 0.2162037037037037 0.17395833333333333 0.21435185185185185 0.17395833333333333 0.21388888888888888 0.17369791666666667 0.2074074074074074 0.17395833333333333 0.20694444444444443 0.17421875 0.20416666666666666 0.17447916666666666 0.19768518518518519 0.17630208333333333 0.19490740740740742 0.178125 0.19444444444444445 0.18046875 0.19398148148148148 0.18072916666666666 0.19398148148148148 0.18203125 0.19305555555555556 0.18359375 0.19027777777777777 0.18567708333333333 0.18564814814814815 0.18697916666666667 0.1814814814814815 0.18880208333333334 0.17731481481481481 0.1890625 0.17175925925925925 0.19088541666666667 0.16944444444444445 0.19114583333333332 0.1587962962962963 0.19427083333333334 0.15787037037037038 0.19427083333333334 0.1550925925925926 0.19505208333333332 0.15092592592592594 0.19661458333333334 0.14722222222222223 0.19713541666666667 0.1425925925925926 0.19921875 0.1412037037037037 0.20104166666666667 0.1425925925925926 0.2046875 0.1449074074074074 0.20677083333333332 0.14629629629629629 0.20911458333333333 0.14814814814814814 0.21041666666666667 0.15 0.2125 0.15416666666666667 0.21536458333333333 0.1574074074074074 0.21614583333333334 0.16203703703703703 0.21614583333333334 0.1648148148148148 0.21536458333333333 0.16620370370370371 0.21536458333333333 0.16944444444444445 0.21458333333333332 0.1736111111111111 0.21432291666666667 0.17731481481481481 0.21328125 0.1814814814814815 0.21276041666666667 0.18287037037037038 0.21197916666666666 0.18935185185185185 0.21015625 0.19212962962962962 0.20989583333333334 0.1935185185185185 0.209375 0.20046296296296295 0.20807291666666666 0.20925925925925926 0.20859375 0.20972222222222223 0.20885416666666667 0.2125 0.20911458333333333 0.2162037037037037 0.21015625 0.21805555555555556 0.21015625 0.21851851851851853 0.21041666666666667 0.22546296296296298 0.21041666666666667 0.22592592592592592 0.21015625 0.23287037037037037 0.209375 0.23425925925925925 0.20885416666666667 0.2351851851851852 0.20885416666666667 0.23657407407407408 0.20807291666666666 0.23842592592592593 0.20546875 0.23842592592592593 0.20338541666666668 0.23796296296296296 0.203125 0.23796296296296296 0.20104166666666667 0.23703703703703705 0.2 0.23703703703703705 0.19895833333333332 0.23657407407407408 0.19869791666666667 0.2361111111111111 0.196875 0.23425925925925925 0.19505208333333332 0.23333333333333334 0.19270833333333334 0.23055555555555557 0.18984375 0.22962962962962963 0.18932291666666667 0.22777777777777777 0.18619791666666666 0.225 0.18359375 0.22361111111111112 0.18125 0.22175925925925927 0.1796875 0.22083333333333333 0.17760416666666667 0.21898148148148147 0.1765625
4 0.11898148148148148 0.4078125 0.11851851851851852 0.409375 0.11805555555555555 0.40963541666666664 0.11805555555555555 0.41067708333333336 0.1175925925925926 0.4109375 0.1175925925925926 0.4125 0.11944444444444445 0.41484375 0.12083333333333333 0.4158854166666667 0.125 0.41796875 0.13287037037037036 0.42083333333333334 0.13425925925925927 0.42161458333333335 0.14212962962962963 0.4239583333333333 0.15046296296296297 0.42734375 0.15462962962962962 0.42864583333333334 0.1587962962962963 0.4309895833333333 0.16018518518518518 0.43125 0.16157407407407406 0.43203125 0.1699074074074074 0.43411458333333336 0.17407407407407408 0.4359375 0.17592592592592593 0.4361979166666667 0.1837962962962963 0.4390625 0.1865740740740741 0.440625 0.18935185185185185 0.4432291666666667 0.19074074074074074 0.44869791666666664 0.19212962962962962 0.4505208333333333 0.1935185185185185 0.4513020833333333 0.19722222222222222 0.45234375 0.20277777777777778 0.45234375 0.20324074074074075 0.45208333333333334 0.20555555555555555 0.45208333333333334 0.21064814814814814 0.4510416666666667 0.21342592592592594 0.45 0.21712962962962962 0.4479166666666667 0.21851851851851853 0.44635416666666666 0.22453703703703703 0.44166666666666665 0.22453703703703703 0.44114583333333335 0.2263888888888889 0.4393229166666667 0.22685185185185186 0.4375 0.22824074074074074 0.4359375 0.22824074074074074 0.43255208333333334 0.2273148148148148 0.4315104166666667 0.22546296296296298 0.43125 0.22314814814814815 0.43020833333333336 0.22037037037037038 0.42942708333333335 0.2199074074074074 0.4296875 0.2162037037037037 0.4296875 0.21388888888888888 0.42890625 0.2111111111111111 0.42864583333333334 0.20925925925925926 0.428125 0.2050925925925926 0.42890625 0.20046296296296295 0.4283854166666667 0.19814814814814816 0.42734375 0.19722222222222222 0.42734375 0.18888888888888888 0.425 0.17731481481481481 0.4205729166666667 0.1736111111111111 0.41875 0.16944444444444445 0.41796875 0.16435185185185186 0.4158854166666667 0.16157407407407406 0.41510416666666666 0.15787037037037038 0.41328125 0.14305555555555555 0.40859375 0.13796296296296295 0.40625 0.13564814814814816 0.40598958333333335 0.13148148148148148 0.4049479166666667 0.12638888888888888 0.4049479166666667 0.12268518518518519 0.40572916666666664
4 0.1685185185185185 0.4505208333333333 0.1675925925925926 0.44921875 0.1675925925925926 0.44817708333333334 0.16712962962962963 0.4479166666666667 0.16712962962962963 0.446875 0.16620370370370371 0.44583333333333336 0.16574074074074074 0.4440104166666667 0.16111111111111112 0.4390625 0.15787037037037038 0.43723958333333335 0.15694444444444444 0.4375 0.15462962962962962 0.4375 0.15 0.4388020833333333 0.14629629629629629 0.4393229166666667 0.1425925925925926 0.44140625 0.1398148148148148 0.44479166666666664 0.13842592592592592 0.44557291666666665 0.1337962962962963 0.4466145833333333 0.12824074074074074 0.4471354166666667 0.12268518518518519 0.44817708333333334 0.11851851851851852 0.44817708333333334 0.11805555555555555 0.4484375 0.11435185185185186 0.44869791666666664 0.11388888888888889 0.44895833333333335 0.11018518518518519 0.44921875 0.10555555555555556 0.45 0.0912037037037037 0.45078125 0.09074074074074075 0.4510416666666667 0.08842592592592592 0.4510416666666667 0.08796296296296297 0.4513020833333333 0.0837962962962963 0.4515625 0.07916666666666666 0.45234375 0.07592592592592592 0.45234375 0.07268518518518519 0.453125 0.06805555555555555 0.453125 0.06018518518518518 0.4546875 0.05324074074074074 0.45546875 0.04861111111111111 0.45703125 0.046296296296296294 0.4588541666666667 0.04675925925925926 0.4627604166666667 0.04861111111111111 0.46484375 0.05277777777777778 0.4666666666666667 0.056018518518518516 0.4666666666666667 0.05648148148148148 0.4669270833333333 0.060648148148148145 0.4669270833333333 0.06111111111111111 0.4671875 0.07037037037037037 0.4671875 0.07083333333333333 0.4669270833333333 0.07407407407407407 0.4669270833333333 0.07453703703703704 0.4666666666666667 0.08101851851851852 0.4666666666666667 0.08148148148148149 0.46640625 0.0837962962962963 0.46640625 0.08657407407407407 0.46588541666666666 0.09166666666666666 0.46588541666666666 0.09212962962962963 0.465625 0.09583333333333334 0.465625 0.0962962962962963 0.46536458333333336 0.10092592592592593 0.46510416666666665 0.10138888888888889 0.46484375 0.10416666666666667 0.46484375 0.11296296296296296 0.46328125 0.12037037037037036 0.4630208333333333 0.12083333333333333 0.4627604166666667 0.12361111111111112 0.4627604166666667 0.12407407407407407 0.4625 0.13148148148148148 0.4625 0.13194444444444445 0.4622395833333333 0.1398148148148148 0.4622395833333333 0.1425925925925926 0.4630208333333333 0.14583333333333334 0.46328125 0.14953703703703702 0.46510416666666665 0.1537037037037037 0.4666666666666667 0.1597222222222222 0.4666666666666667 0.1638888888888889 0.46536458333333336 0.16666666666666666 0.46380208333333334 0.16805555555555557 0.4625 0.16805555555555557 0.46145833333333336 0.16944444444444445 0.459375 0.16944444444444445 0.45416666666666666 0.16898148148148148 0.45390625
5 0.31157407407407406 0.353125 0.30925925925925923 0.353125 0.3087962962962963 0.3533854166666667 0.30648148148148147 0.3536458333333333 0.3013888888888889 0.3572916666666667 0.29953703703703705 0.3614583333333333 0.3013888888888889 0.36380208333333336 0.30324074074074076 0.3651041666666667 0.30416666666666664 0.3690104166666667 0.30277777777777776 0.37005208333333334 0.3 0.3734375 0.29907407407407405 0.37395833333333334 0.2962962962962963 0.37734375 0.29074074074074074 0.38177083333333334 0.28703703703703703 0.3841145833333333 0.2833333333333333 0.3885416666666667 0.28055555555555556 0.39036458333333335 0.27870370370370373 0.3924479166666667 0.27870370370370373 0.3932291666666667 0.27824074074074073 0.39348958333333334 0.2773148148148148 0.39609375 0.27685185185185185 0.3963541666666667 0.2773148148148148 0.3966145833333333 0.2777777777777778 0.39869791666666665 0.27870370370370373 0.3997395833333333 0.2800925925925926 0.4005208333333333 0.28194444444444444 0.4010416666666667 0.2828703703703704 0.4010416666666667 0.28379629629629627 0.4015625 0.2851851851851852 0.40182291666666664 0.2861111111111111 0.40234375 0.2884259259259259 0.40286458333333336 0.2902777777777778 0.4036458333333333 0.29305555555555557 0.40390625 0.2935185185185185 0.4041666666666667 0.2953703703703704 0.4041666666666667 0.29583333333333334 0.40390625 0.29814814814814816 0.4036458333333333 0.30462962962962964 0.4 0.30462962962962964 0.3997395833333333 0.3074074074074074 0.39817708333333335 0.3074074074074074 0.39791666666666664 0.3106481481481482 0.39609375 0.3138888888888889 0.3927083333333333 0.31805555555555554 0.39036458333333335 0.32037037037037036 0.3885416666666667 0.32083333333333336 0.38776041666666666 0.32592592592592595 0.3846354166666667 0.32592592592592595 0.384375 0.3300925925925926 0.38203125 0.33194444444444443 0.3815104166666667 0.33425925925925926 0.3802083333333333 0.34675925925925927 0.3802083333333333 0.3472222222222222 0.37994791666666666 0.3490740740740741 0.37994791666666666 0.35324074074074074 0.37786458333333334 0.35462962962962963 0.3765625 0.35462962962962963 0.375 0.35509259259259257 0.37473958333333335 0.35509259259259257 0.3734375 0.35555555555555557 0.3729166666666667 0.3523148148148148 0.3697916666666667 0.34953703703703703 0.36796875 0.3490740740740741 0.36796875 0.3449074074074074 0.365625 0.3425925925925926 0.3651041666666667 0.34074074074074073 0.3640625 0.33935185185185185 0.36276041666666664 0.3365740740740741 0.3611979166666667 0.3333333333333333 0.36015625 0.3300925925925926 0.35859375 0.3263888888888889 0.3578125 0.32175925925925924 0.35572916666666665 0.32083333333333336 0.35572916666666665 0.31527777777777777 0.3541666666666667 0.3143518518518518 0.3536458333333333 0.31203703703703706 0.3533854166666667
3 0.2986111111111111 0.42630208333333336 0.2953703703703704 0.42630208333333336 0.2949074074074074 0.42604166666666665 0.29444444444444445 0.42630208333333336 0.29259259259259257 0.42630208333333336 0.29212962962962963 0.4265625 0.29074074074074074 0.4265625 0.287962962962963 0.4276041666666667 0.28564814814814815 0.4296875 0.2828703703703704 0.4315104166666667 0.2828703703703704 0.4356770833333333 0.2833333333333333 0.4359375 0.2833333333333333 0.43697916666666664 0.2847222222222222 0.4393229166666667 0.2828703703703704 0.44140625 0.2828703703703704 0.4421875 0.28194444444444444 0.4434895833333333 0.27361111111111114 0.44869791666666664 0.2712962962962963 0.44947916666666665 0.2657407407407407 0.45286458333333335 0.26342592592592595 0.45364583333333336 0.2611111111111111 0.4549479166666667 0.26064814814814813 0.4549479166666667 0.25833333333333336 0.45651041666666664 0.25601851851851853 0.45729166666666665 0.2537037037037037 0.45859375 0.2523148148148148 0.46015625 0.24722222222222223 0.4627604166666667 0.24722222222222223 0.46328125 0.24444444444444444 0.4666666666666667 0.24537037037037038 0.4674479166666667 0.24583333333333332 0.46848958333333335 0.24768518518518517 0.4700520833333333 0.25277777777777777 0.47265625 0.25324074074074077 0.47265625 0.25601851851851853 0.4744791666666667 0.25972222222222224 0.47552083333333334 0.2671296296296296 0.47578125 0.2675925925925926 0.47552083333333334 0.2722222222222222 0.475 0.2791666666666667 0.47291666666666665 0.287962962962963 0.46822916666666664 0.28935185185185186 0.4669270833333333 0.29212962962962963 0.46536458333333336 0.2967592592592593 0.4635416666666667 0.3 0.46171875 0.3013888888888889 0.46145833333333336 0.3060185185185185 0.459375 0.30833333333333335 0.4588541666666667 0.3101851851851852 0.45807291666666666 0.3143518518518518 0.4578125 0.3162037037037037 0.4588541666666667 0.31805555555555554 0.459375 0.3236111111111111 0.4596354166666667 0.32407407407407407 0.45989583333333334 0.3277777777777778 0.45989583333333334 0.3282407407407407 0.4596354166666667 0.3300925925925926 0.4596354166666667 0.33101851851851855 0.4591145833333333 0.33240740740740743 0.4588541666666667 0.33564814814814814 0.45703125 0.33796296296296297 0.4549479166666667 0.33796296296296297 0.4518229166666667 0.3375 0.4515625 0.3375 0.4505208333333333 0.3351851851851852 0.4479166666666667 0.33240740740740743 0.44583333333333336 0.3300925925925926 0.44296875 0.3277777777777778 0.44140625 0.32592592592592595 0.4393229166666667 0.3199074074074074 0.43671875 0.3189814814814815 0.4359375 0.3143518518518518 0.43359375 0.31157407407407406 0.4328125 0.30925925925925923 0.43125 0.3060185185185185 0.42994791666666665 0.30324074074074076 0.4283854166666667 0.3023148148148148 0.42734375 0.3013888888888889 0.42734375
4 0.4703703703703704 0.12265625 0.4685185185185185 0.12369791666666667 0.46620370370370373 0.12604166666666666 0.46620370370370373 0.13072916666666667 0.4685185185185185 0.13359375 0.4685185185185185 0.134375 0.4703703703703704 0.13671875 0.4736111111111111 0.13958333333333334 0.4773148148148148 0.1421875 0.4824074074074074 0.14713541666666666 0.4837962962962963 0.14791666666666667 0.4861111111111111 0.15104166666666666 0.4875 0.15182291666666667 0.4898148148148148 0.15442708333333333 0.4949074074074074 0.1578125 0.49953703703703706 0.16197916666666667 0.5009259259259259 0.16588541666666667 0.4981481481481482 0.16979166666666667 0.4981481481481482 0.17109375 0.4986111111111111 0.17135416666666667 0.4986111111111111 0.17395833333333333 0.5013888888888889 0.17708333333333334 0.5055555555555555 0.17942708333333332 0.5078703703703704 0.18020833333333333 0.5097222222222222 0.18125 0.5125 0.18177083333333333 0.5171296296296296 0.18177083333333333 0.5305555555555556 0.178125 0.5319444444444444 0.17760416666666667 0.537962962962963 0.17395833333333333 0.5388888888888889 0.17265625 0.5421296296296296 0.16979166666666667 0.5439814814814815 0.165625 0.5412037037037037 0.16197916666666667 0.538425925925926 0.1609375 0.5356481481481481 0.159375 0.5347222222222222 0.15833333333333333 0.5314814814814814 0.15677083333333333 0.5291666666666667 0.15625 0.5263888888888889 0.15677083333333333 0.524537037037037 0.15677083333333333 0.5203703703703704 0.1546875 0.5203703703703704 0.15416666666666667 0.5162037037037037 0.15104166666666666 0.5115740740740741 0.14635416666666667 0.5083333333333333 0.14401041666666667 0.5069444444444444 0.1421875 0.5041666666666667 0.14036458333333332 0.5018518518518519 0.13802083333333334 0.4976851851851852 0.13541666666666666 0.4930555555555556 0.13072916666666667 0.48518518518518516 0.12447916666666667 0.4847222222222222 0.12447916666666667 0.48194444444444445 0.12291666666666666 0.4791666666666667 0.12239583333333333 0.4777777777777778 0.12239583333333333 0.4773148148148148 0.12213541666666666 0.4740740740740741 0.121875 0.47129629629629627 0.12265625
1 0.3189814814814815 0.4669270833333333 0.31805555555555554 0.4674479166666667 0.31805555555555554 0.46796875 0.3175925925925926 0.46822916666666664 0.3175925925925926 0.46953125 0.31712962962962965 0.46979166666666666 0.31712962962962965 0.4708333333333333 0.3175925925925926 0.47109375 0.3175925925925926 0.47161458333333334 0.31805555555555554 0.471875 0.31805555555555554 0.47239583333333335 0.31851851851851853 0.47265625 0.31851851851851853 0.47317708333333336 0.3189814814814815 0.4734375 0.3194444444444444 0.4747395833333333 0.32037037037037036 0.4752604166666667 0.3212962962962963 0.4765625 0.32222222222222224 0.47708333333333336 0.3236111111111111 0.4786458333333333 0.324537037037037 0.4791666666666667 0.3277777777777778 0.4828125 0.3277777777777778 0.48333333333333334 0.32916666666666666 0.48463541666666665 0.32916666666666666 0.48515625 0.33055555555555555 0.48671875 0.33055555555555555 0.48776041666666664 0.33101851851851855 0.48802083333333335 0.33101851851851855 0.48932291666666666 0.3314814814814815 0.4895833333333333 0.3314814814814815 0.49375 0.33101851851851855 0.4940104166666667 0.3314814814814815 0.4942708333333333 0.3314814814814815 0.49557291666666664 0.33194444444444443 0.49583333333333335 0.33240740740740743 0.49765625 0.33425925925925926 0.4986979166666667 0.3347222222222222 0.4986979166666667 0.33796296296296297 0.5002604166666667 0.34120370370370373 0.50390625 0.34120370370370373 0.5044270833333333 0.3435185185185185 0.5057291666666667 0.34444444444444444 0.5057291666666667 0.3449074074074074 0.5059895833333333 0.3509259259259259 0.5059895833333333 0.35138888888888886 0.5057291666666667 0.35324074074074074 0.5057291666666667 0.3560185185185185 0.5049479166666667 0.3592592592592593 0.5049479166666667 0.3597222222222222 0.5052083333333334 0.3611111111111111 0.5052083333333334 0.362962962962963 0.5044270833333333 0.36342592592592593 0.5044270833333333 0.36435185185185187 0.50390625 0.3648148148148148 0.50390625 0.36574074074074076 0.5033854166666667 0.3662037037037037 0.5033854166666667 0.36944444444444446 0.5018229166666667 0.37083333333333335 0.5 0.3726851851851852 0.4986979166666667 0.3731481481481482 0.4981770833333333 0.3731481481481482 0.49765625 0.3726851851851852 0.4973958333333333 0.3726851851851852 0.496875 0.37175925925925923 0.49635416666666665 0.37175925925925923 0.49583333333333335 0.37037037037037035 0.49453125 0.3699074074074074 0.49322916666666666 0.36898148148148147 0.49244791666666665 0.36898148148148147 0.49192708333333335 0.3680555555555556 0.4908854166666667 0.3680555555555556 0.4901041666666667 0.3675925925925926 0.48984375 0.3675925925925926 0.4890625 0.36712962962962964 0.48880208333333336 0.36712962962962964 0.48802083333333335 0.36666666666666664 0.48776041666666664 0.36666666666666664 0.48723958333333334 0.3662037037037037 0.4869791666666667 0.3662037037037037 0.4864583333333333 0.36574074074074076 0.4859375 0.362962962962963 0.48515625 0.3611111111111111 0.484375 0.3597222222222222 0.484375 0.3592592592592593 0.48411458333333335 0.3578703703703704 0.48411458333333335 0.3574074074074074 0.48385416666666664 0.35324074074074074 0.48385416666666664 0.3509259259259259 0.4825520833333333 0.3509259259259259 0.4822916666666667 0.34953703703703703 0.48151041666666666 0.34953703703703703 0.48125 0.3476851851851852 0.47994791666666664 0.34675925925925927 0.47890625 0.34675925925925927 0.4783854166666667 0.3435185185185185 0.47604166666666664 0.3416666666666667 0.47369791666666666 0.3388888888888889 0.471875 0.3388888888888889 0.47161458333333334 0.337037037037037 0.4703125 0.3365740740740741 0.46953125 0.33564814814814814 0.46901041666666665 0.3347222222222222 0.46796875 0.3314814814814815 0.4661458333333333 0.33101851851851855 0.4661458333333333 0.3300925925925926 0.465625 0.3277777777777778 0.465625 0.32731481481481484 0.46536458333333336 0.32546296296296295 0.46536458333333336 0.32407407407407407 0.46588541666666666 0.32314814814814813 0.46588541666666666 0.32175925925925924 0.46640625 0.32083333333333336 0.46640625
4 0.30833333333333335 0.6466145833333333 0.30648148148148147 0.6455729166666667 0.3037037037037037 0.6447916666666667 0.29907407407407405 0.6424479166666667 0.2953703703703704 0.6427083333333333 0.29259259259259257 0.64375 0.2898148148148148 0.6453125 0.28888888888888886 0.6463541666666667 0.2884259259259259 0.65078125 0.2875 0.6526041666666667 0.2865740740740741 0.6536458333333334 0.2824074074074074 0.6559895833333333 0.2759259259259259 0.6583333333333333 0.27175925925925926 0.659375 0.26666666666666666 0.6614583333333334 0.26342592592592595 0.6622395833333333 0.26064814814814813 0.6635416666666667 0.2523148148148148 0.6658854166666667 0.24953703703703703 0.6671875 0.24259259259259258 0.6692708333333334 0.24027777777777778 0.66953125 0.23194444444444445 0.671875 0.22037037037037038 0.6763020833333333 0.21481481481481482 0.6776041666666667 0.21064814814814814 0.6791666666666667 0.2064814814814815 0.6817708333333333 0.2050925925925926 0.684375 0.2050925925925926 0.6859375 0.20879629629629629 0.6893229166666667 0.21203703703703702 0.690625 0.21944444444444444 0.690625 0.2199074074074074 0.6903645833333333 0.2212962962962963 0.6903645833333333 0.22268518518518518 0.68984375 0.225 0.6895833333333333 0.22870370370370371 0.68828125 0.23055555555555557 0.6880208333333333 0.23472222222222222 0.68671875 0.23935185185185184 0.6859375 0.24583333333333332 0.6838541666666667 0.24768518518518517 0.68359375 0.25277777777777777 0.6809895833333334 0.25555555555555554 0.68046875 0.2564814814814815 0.6799479166666667 0.26435185185185184 0.6778645833333333 0.2652777777777778 0.67734375 0.2800925925925926 0.6729166666666667 0.2833333333333333 0.6723958333333333 0.29074074074074074 0.6703125 0.29305555555555557 0.6700520833333333 0.29814814814814816 0.66875 0.30694444444444446 0.6684895833333333 0.3111111111111111 0.6674479166666667 0.3138888888888889 0.6674479166666667 0.31712962962962965 0.6653645833333334 0.3175925925925926 0.66328125 0.31805555555555554 0.6630208333333333 0.31805555555555554 0.66171875 0.3162037037037037 0.6583333333333333 0.31527777777777777 0.6541666666666667 0.3101851851851852 0.6481770833333333
5 0.4148148148148148 0.603125 0.4111111111111111 0.60703125 0.4101851851851852 0.6096354166666667 0.4097222222222222 0.6098958333333333 0.4097222222222222 0.6109375 0.40925925925925927 0.6111979166666667 0.40925925925925927 0.61171875 0.4097222222222222 0.6119791666666666 0.4097222222222222 0.6140625 0.41064814814814815 0.6153645833333333 0.4134259259259259 0.6161458333333333 0.41574074074074074 0.6171875 0.4217592592592593 0.6182291666666667 0.4236111111111111 0.6190104166666667 0.42777777777777776 0.61953125 0.4310185185185185 0.6205729166666667 0.43425925925925923 0.6208333333333333 0.44074074074074077 0.6229166666666667 0.4444444444444444 0.6234375 0.4486111111111111 0.6244791666666667 0.4513888888888889 0.6247395833333333 0.4546296296296296 0.62578125 0.4583333333333333 0.6263020833333334 0.4625 0.62734375 0.4648148148148148 0.6291666666666667 0.4648148148148148 0.6296875 0.46574074074074073 0.63046875 0.46620370370370373 0.634375 0.4666666666666667 0.6346354166666667 0.4666666666666667 0.6354166666666666 0.4685185185185185 0.6369791666666667 0.4722222222222222 0.6385416666666667 0.4740740740740741 0.6385416666666667 0.47453703703703703 0.6388020833333333 0.48055555555555557 0.6388020833333333 0.4810185185185185 0.6385416666666667 0.4824074074074074 0.6385416666666667 0.4828703703703704 0.6377604166666667 0.48657407407407405 0.6356770833333333 0.49027777777777776 0.63203125 0.49027777777777776 0.6315104166666666 0.4912037037037037 0.6307291666666667 0.4912037037037037 0.6299479166666667 0.49212962962962964 0.62890625 0.49212962962962964 0.628125 0.4930555555555556 0.6270833333333333 0.4930555555555556 0.6263020833333334 0.49398148148148147 0.6255208333333333 0.49398148148148147 0.625 0.49583333333333335 0.6223958333333334 0.49583333333333335 0.6216145833333333 0.4962962962962963 0.6213541666666667 0.4962962962962963 0.6205729166666667 0.49675925925925923 0.6203125 0.4976851851851852 0.6182291666666667 0.49953703703703706 0.6166666666666667 0.5013888888888889 0.6158854166666666 0.5018518518518519 0.6153645833333333 0.5018518518518519 0.6135416666666667 0.5023148148148148 0.61328125 0.5023148148148148 0.6091145833333333 0.5018518518518519 0.6088541666666667 0.5018518518518519 0.6072916666666667 0.500462962962963 0.60625 0.4976851851851852 0.60546875 0.49675925925925923 0.60546875 0.4935185185185185 0.6044270833333333 0.4912037037037037 0.6044270833333333 0.49074074074074076 0.6041666666666666 0.4861111111111111 0.6044270833333333 0.4861111111111111 0.6046875 0.4810185185185185 0.6072916666666667 0.47824074074074074 0.6096354166666667 0.4777777777777778 0.609375 0.47314814814814815 0.609375 0.4726851851851852 0.6091145833333333 0.4703703703703704 0.6091145833333333 0.4685185185185185 0.60859375 0.4666666666666667 0.60859375 0.46620370370370373 0.6083333333333333 0.4638888888888889 0.6080729166666666 0.4615740740740741 0.6072916666666667 0.4597222222222222 0.6072916666666667 0.45601851851851855 0.6065104166666667 0.45092592592592595 0.6059895833333333 0.44722222222222224 0.6049479166666667 0.44305555555555554 0.6046875 0.4310185185185185 0.6015625 0.42824074074074076 0.6015625 0.42777777777777776 0.6013020833333333 0.425462962962963 0.6013020833333333 0.425 0.6010416666666667 0.4199074074074074 0.6010416666666667 0.4166666666666667 0.6020833333333333
2 0.5601851851851852 0.2625 0.5560185185185185 0.2630208333333333 0.5541666666666667 0.2638020833333333 0.5513888888888889 0.26666666666666666 0.549537037037037 0.2713541666666667 0.5486111111111112 0.2794270833333333 0.5467592592592593 0.28619791666666666 0.5439814814814815 0.30963541666666666 0.5425925925925926 0.3140625 0.5416666666666666 0.3229166666666667 0.538425925925926 0.3377604166666667 0.538425925925926 0.34140625 0.5370370370370371 0.3453125 0.5356481481481481 0.35703125 0.5333333333333333 0.35989583333333336 0.5287037037037037 0.3619791666666667 0.5254629629629629 0.36276041666666664 0.5212962962962963 0.3651041666666667 0.5208333333333334 0.36744791666666665 0.5212962962962963 0.3697916666666667 0.5277777777777778 0.37421875 0.538425925925926 0.3770833333333333 0.5435185185185185 0.3776041666666667 0.5453703703703704 0.37734375 0.5486111111111112 0.37552083333333336 0.5569444444444445 0.37578125 0.5597222222222222 0.37526041666666665 0.5657407407407408 0.3729166666666667 0.5671296296296297 0.3690104166666667 0.5652777777777778 0.36796875 0.5611111111111111 0.3625 0.5606481481481481 0.3606770833333333 0.5587962962962963 0.35859375 0.5587962962962963 0.35234375 0.5611111111111111 0.3411458333333333 0.562037037037037 0.3294270833333333 0.5638888888888889 0.32265625 0.5643518518518519 0.3138020833333333 0.5662037037037037 0.3072916666666667 0.5666666666666667 0.2986979166666667 0.5680555555555555 0.29348958333333336 0.5694444444444444 0.28203125 0.5717592592592593 0.27317708333333335 0.5717592592592593 0.2671875 0.5703703703703704 0.26510416666666664 0.5680555555555555 0.2638020833333333
4 0.6439814814814815 0.3653645833333333 0.6425925925925926 0.36432291666666666 0.638425925925926 0.36302083333333335 0.6375 0.36328125 0.6333333333333333 0.36328125 0.6328703703703704 0.36354166666666665 0.6314814814814815 0.36354166666666665 0.6287037037037037 0.3640625 0.6259259259259259 0.36484375 0.6226851851851852 0.3651041666666667 0.6185185185185185 0.3658854166666667 0.6171296296296296 0.36640625 0.6148148148148148 0.36666666666666664 0.6138888888888889 0.3671875 0.6111111111111112 0.36770833333333336 0.6037037037037037 0.37005208333333334 0.600462962962963 0.37057291666666664 0.5949074074074074 0.37213541666666666 0.5907407407407408 0.3729166666666667 0.5893518518518519 0.3729166666666667 0.586574074074074 0.37395833333333334 0.5837962962962963 0.37421875 0.5763888888888888 0.3763020833333333 0.5699074074074074 0.37734375 0.5685185185185185 0.37786458333333334 0.5648148148148148 0.378125 0.5643518518518519 0.37838541666666664 0.5638888888888889 0.378125 0.5597222222222222 0.37786458333333334 0.5574074074074075 0.3770833333333333 0.5560185185185185 0.3770833333333333 0.5555555555555556 0.3768229166666667 0.5537037037037037 0.3768229166666667 0.5532407407407407 0.3765625 0.5486111111111112 0.3765625 0.5449074074074074 0.37838541666666664 0.5412037037037037 0.37864583333333335 0.538425925925926 0.38046875 0.537962962962963 0.38515625 0.538425925925926 0.3854166666666667 0.5388888888888889 0.3885416666666667 0.5407407407407407 0.39166666666666666 0.5439814814814815 0.39505208333333336 0.5449074074074074 0.3966145833333333 0.5467592592592593 0.39765625 0.5481481481481482 0.39895833333333336 0.5527777777777778 0.4015625 0.5560185185185185 0.40234375 0.5606481481481481 0.40234375 0.5634259259259259 0.4015625 0.5643518518518519 0.4010416666666667 0.5666666666666667 0.4005208333333333 0.5680555555555555 0.3997395833333333 0.5699074074074074 0.3971354166666667 0.5699074074074074 0.39609375 0.5703703703703704 0.3958333333333333 0.5703703703703704 0.39479166666666665 0.5708333333333333 0.39453125 0.5712962962962963 0.39296875 0.5731481481481482 0.39166666666666666 0.5768518518518518 0.39088541666666665 0.5800925925925926 0.38958333333333334 0.5851851851851851 0.3888020833333333 0.5930555555555556 0.38645833333333335 0.5995370370370371 0.3854166666666667 0.6013888888888889 0.3848958333333333 0.6027777777777777 0.3841145833333333 0.6060185185185185 0.38333333333333336 0.6074074074074074 0.38333333333333336 0.611574074074074 0.38177083333333334 0.6180555555555556 0.3807291666666667 0.6226851851851852 0.37942708333333336 0.6236111111111111 0.37942708333333336 0.6324074074074074 0.3768229166666667 0.6342592592592593 0.3765625 0.6351851851851852 0.37604166666666666 0.6398148148148148 0.37473958333333335 0.6430555555555556 0.3729166666666667 0.6444444444444445 0.37083333333333335 0.6449074074074074 0.36796875 0.6444444444444445 0.36770833333333336
3 0.6722222222222223 0.17083333333333334 0.6717592592592593 0.17109375 0.6694444444444444 0.17109375 0.6680555555555555 0.17161458333333332 0.6652777777777777 0.171875 0.6648148148148149 0.17213541666666668 0.6625 0.17213541666666668 0.6569444444444444 0.17369791666666667 0.6560185185185186 0.17369791666666667 0.65 0.17604166666666668 0.6467592592592593 0.1765625 0.6439814814814815 0.17734375 0.6402777777777777 0.17916666666666667 0.638425925925926 0.17942708333333332 0.6375 0.17994791666666668 0.6319444444444444 0.18151041666666667 0.6259259259259259 0.18515625 0.625462962962963 0.18567708333333333 0.625462962962963 0.18880208333333334 0.625 0.18932291666666667 0.6259259259259259 0.19010416666666666 0.6263888888888889 0.19140625 0.6277777777777778 0.19296875 0.6310185185185185 0.19505208333333332 0.6337962962962963 0.19583333333333333 0.6347222222222222 0.19635416666666666 0.6356481481481482 0.19635416666666666 0.6361111111111111 0.19609375 0.6388888888888888 0.19609375 0.6393518518518518 0.19635416666666666 0.6416666666666667 0.19635416666666666 0.6430555555555556 0.196875 0.6462962962962963 0.19947916666666668 0.6476851851851851 0.20130208333333333 0.6518518518518519 0.20416666666666666 0.6532407407407408 0.20598958333333334 0.6555555555555556 0.2078125 0.6578703703703703 0.21067708333333332 0.6583333333333333 0.21197916666666666 0.6620370370370371 0.21614583333333334 0.6620370370370371 0.21666666666666667 0.6643518518518519 0.21822916666666667 0.6662037037037037 0.22083333333333333 0.6689814814814815 0.22239583333333332 0.6689814814814815 0.22265625 0.6736111111111112 0.225 0.6777777777777778 0.225 0.6828703703703703 0.22369791666666666 0.6856481481481481 0.22265625 0.6893518518518519 0.22213541666666667 0.6902777777777778 0.22161458333333334 0.6939814814814815 0.22057291666666667 0.6972222222222222 0.21875 0.6990740740740741 0.21640625 0.6986111111111111 0.21614583333333334 0.6986111111111111 0.21380208333333334 0.6981481481481482 0.21354166666666666 0.6976851851851852 0.21171875 0.6944444444444444 0.20807291666666666 0.6930555555555555 0.20546875 0.6916666666666667 0.20442708333333334 0.6884259259259259 0.20078125 0.6884259259259259 0.20026041666666666 0.6865740740740741 0.19817708333333334 0.6851851851851852 0.19557291666666668 0.6833333333333333 0.19375 0.6814814814814815 0.19010416666666666 0.6805555555555556 0.18932291666666667 0.6805555555555556 0.18880208333333334 0.6810185185185185 0.18854166666666666 0.6810185185185185 0.18541666666666667 0.6833333333333333 0.18385416666666668 0.6856481481481481 0.18151041666666667 0.6856481481481481 0.18098958333333334 0.6851851851851852 0.18072916666666666 0.6851851851851852 0.17734375 0.6833333333333333 0.17578125 0.6814814814814815 0.1734375 0.6782407407407407 0.17135416666666667 0.6759259259259259 0.17109375 0.6754629629629629 0.17083333333333334
2 0.6157407407407407 0.5067708333333333 0.5916666666666667 0.5013020833333334 0.5879629629629629 0.50234375 0.5819444444444445 0.5057291666666667 0.5837962962962963 0.5080729166666667 0.5888888888888889 0.5109375 0.5898148148148148 0.5125 0.5893518518518519 0.5145833333333333 0.5837962962962963 0.52109375 0.5805555555555556 0.5263020833333333 0.5671296296296297 0.540625 0.5648148148148148 0.5442708333333334 0.5615740740740741 0.546875 0.5541666666666667 0.5552083333333333 0.5513888888888889 0.559375 0.5430555555555555 0.56796875 0.5314814814814814 0.58203125 0.5291666666666667 0.5838541666666667 0.5277777777777778 0.5861979166666667 0.5212962962962963 0.59296875 0.5189814814814815 0.596875 0.513425925925926 0.6026041666666667 0.5115740740740741 0.6072916666666667 0.513425925925926 0.609375 0.5157407407407407 0.6104166666666667 0.5212962962962963 0.61171875 0.525 0.61171875 0.5277777777777778 0.6111979166666667 0.5328703703703703 0.6088541666666667 0.5412037037037037 0.5981770833333333 0.5537037037037037 0.5841145833333333 0.5569444444444445 0.5794270833333334 0.5606481481481481 0.5763020833333333 0.5643518518518519 0.5708333333333333 0.575925925925926 0.55859375 0.5800925925925926 0.55234375 0.5935185185185186 0.53828125 0.5976851851851852 0.5328125 0.6018518518518519 0.5294270833333333 0.6083333333333333 0.5203125 0.6111111111111112 0.5184895833333333 0.6217592592592592 0.5182291666666666 0.6263888888888889 0.5171875 0.6277777777777778 0.5143229166666666 0.6268518518518519 0.51171875
3 0.5893518518518519 0.63984375 0.5888888888888889 0.6401041666666667 0.5847222222222223 0.6401041666666667 0.5833333333333334 0.6403645833333333 0.5791666666666667 0.6424479166666667 0.5791666666666667 0.64296875 0.575925925925926 0.6463541666666667 0.5736111111111111 0.65078125 0.5708333333333333 0.65390625 0.5699074074074074 0.6565104166666667 0.5662037037037037 0.6611979166666667 0.5634259259259259 0.66640625 0.562037037037037 0.66796875 0.5597222222222222 0.66953125 0.5583333333333333 0.6713541666666667 0.5564814814814815 0.6723958333333333 0.5518518518518518 0.6721354166666667 0.5513888888888889 0.6723958333333333 0.5486111111111112 0.6723958333333333 0.5462962962962963 0.6729166666666667 0.5444444444444444 0.6729166666666667 0.5430555555555555 0.6734375 0.5402777777777777 0.675 0.537962962962963 0.6776041666666667 0.537962962962963 0.68046875 0.5375 0.6807291666666667 0.5375 0.6817708333333333 0.537962962962963 0.68203125 0.5388888888888889 0.68515625 0.5407407407407407 0.6861979166666666 0.5439814814814815 0.6869791666666667 0.5486111111111112 0.6890625 0.5518518518518518 0.6895833333333333 0.5587962962962963 0.6921875 0.5625 0.6932291666666667 0.5634259259259259 0.6932291666666667 0.5685185185185185 0.6947916666666667 0.5694444444444444 0.6947916666666667 0.5763888888888888 0.696875 0.5796296296296296 0.6971354166666667 0.5814814814814815 0.69765625 0.587037037037037 0.6981770833333333 0.5875 0.6984375 0.5916666666666667 0.6984375 0.5962962962962963 0.6971354166666667 0.5990740740740741 0.6955729166666667 0.6018518518518519 0.6932291666666667 0.6018518518518519 0.6921875 0.6032407407407407 0.6901041666666666 0.6032407407407407 0.6885416666666667 0.6018518518518519 0.68671875 0.6018518518518519 0.6859375 0.600462962962963 0.684375 0.5967592592592592 0.6815104166666667 0.5962962962962963 0.6791666666666667 0.5958333333333333 0.67890625 0.5958333333333333 0.6760416666666667 0.5962962962962963 0.67578125 0.5962962962962963 0.67421875 0.5967592592592592 0.6739583333333333 0.5976851851851852 0.66953125 0.5995370370370371 0.6666666666666666 0.6013888888888889 0.6614583333333334 0.6032407407407407 0.6583333333333333 0.6041666666666666 0.6575520833333334 0.6064814814814815 0.6536458333333334 0.6064814814814815 0.6528645833333333 0.6083333333333333 0.6510416666666666 0.6097222222222223 0.6502604166666667 0.6097222222222223 0.6463541666666667 0.6078703703703704 0.6458333333333334 0.600462962962963 0.6421875 0.5916666666666667 0.63984375
4 0.6333333333333333 0.4197916666666667 0.6324074074074074 0.42135416666666664 0.6300925925925925 0.42265625 0.6296296296296297 0.4234375 0.6287037037037037 0.4239583333333333 0.6282407407407408 0.425 0.624537037037037 0.4276041666666667 0.6217592592592592 0.43125 0.6222222222222222 0.4354166666666667 0.6259259259259259 0.4375 0.6300925925925925 0.43828125 0.6342592592592593 0.4375 0.6421296296296296 0.43776041666666665 0.6481481481481481 0.4395833333333333 0.6509259259259259 0.4401041666666667 0.6574074074074074 0.44244791666666666 0.6597222222222222 0.44375 0.663425925925926 0.44505208333333335 0.6662037037037037 0.4466145833333333 0.675 0.44973958333333336 0.6782407407407407 0.4515625 0.6851851851851852 0.45416666666666666 0.687037037037037 0.4552083333333333 0.6939814814814815 0.45807291666666666 0.6967592592592593 0.4596354166666667 0.6995370370370371 0.46067708333333335 0.7087962962962963 0.46328125 0.711574074074074 0.46328125 0.712037037037037 0.4635416666666667 0.7152777777777778 0.46328125 0.7189814814814814 0.4622395833333333 0.7212962962962963 0.4609375 0.7231481481481481 0.4588541666666667 0.7226851851851852 0.4583333333333333 0.7226851851851852 0.45598958333333334 0.7208333333333333 0.45338541666666665 0.7175925925925926 0.4510416666666667 0.7111111111111111 0.44869791666666664 0.7050925925925926 0.44557291666666665 0.700462962962963 0.4440104166666667 0.6986111111111111 0.44296875 0.6893518518518519 0.4393229166666667 0.6861111111111111 0.43723958333333335 0.6847222222222222 0.43671875 0.6837962962962963 0.43671875 0.6810185185185185 0.43515625 0.6759259259259259 0.43333333333333335 0.6722222222222223 0.43125 0.6717592592592593 0.43125 0.6689814814814815 0.4296875 0.6671296296296296 0.42916666666666664 0.6597222222222222 0.42526041666666664 0.6578703703703703 0.4236979166666667 0.6583333333333333 0.41875 0.6578703703703703 0.41848958333333336 0.6578703703703703 0.4171875 0.6569444444444444 0.4166666666666667 0.6546296296296297 0.41640625 0.6518518518518519 0.4153645833333333 0.6486111111111111 0.41458333333333336 0.6449074074074074 0.41458333333333336 0.6444444444444445 0.41484375 0.6430555555555556 0.41484375 0.6407407407407407 0.415625
2 0.6722222222222223 0.46640625 0.6648148148148149 0.46015625 0.6583333333333333 0.45651041666666664 0.6541666666666667 0.4557291666666667 0.649537037037037 0.45625 0.6444444444444445 0.4588541666666667 0.6435185185185185 0.46588541666666666 0.6421296296296296 0.4671875 0.6300925925925925 0.4705729166666667 0.6138888888888889 0.4765625 0.6060185185185185 0.4786458333333333 0.5972222222222222 0.4817708333333333 0.5949074074074074 0.4830729166666667 0.5902777777777778 0.48385416666666664 0.5875 0.48515625 0.5833333333333334 0.4859375 0.5787037037037037 0.48802083333333335 0.5685185185185185 0.490625 0.5625 0.49322916666666666 0.5587962962962963 0.4940104166666667 0.5476851851851852 0.49765625 0.5407407407407407 0.5005208333333333 0.5356481481481481 0.5015625 0.5300925925925926 0.50390625 0.5055555555555555 0.5114583333333333 0.49074074074074076 0.5171875 0.48935185185185187 0.5182291666666666 0.4875 0.5213541666666667 0.49074074074074076 0.5252604166666667 0.49537037037037035 0.52734375 0.5027777777777778 0.52734375 0.5291666666666667 0.5200520833333333 0.5328703703703703 0.51796875 0.5375 0.5166666666666667 0.5462962962962963 0.5130208333333334 0.5606481481481481 0.5088541666666667 0.5643518518518519 0.50703125 0.575 0.5044270833333333 0.5800925925925926 0.5044270833333333 0.5837962962962963 0.5033854166666667 0.5875 0.5013020833333334 0.5935185185185186 0.5 0.5949074074074074 0.49921875 0.5958333333333333 0.49765625 0.5990740740740741 0.496875 0.6143518518518518 0.49114583333333334 0.6421296296296296 0.4825520833333333 0.6523148148148148 0.48072916666666665 0.6583333333333333 0.48072916666666665 0.6615740740740741 0.48151041666666666 0.6694444444444444 0.48151041666666666 0.6736111111111112 0.48020833333333335 0.6773148148148148 0.4778645833333333 0.6773148148148148 0.47369791666666666
5 0.6657407407407407 0.5723958333333333 0.6638888888888889 0.5731770833333333 0.6620370370370371 0.5734375 0.6606481481481481 0.57421875 0.6592592592592592 0.5755208333333334 0.6592592592592592 0.5760416666666667 0.6578703703703703 0.5778645833333333 0.6574074074074074 0.5802083333333333 0.6569444444444444 0.58046875 0.6569444444444444 0.58203125 0.6564814814814814 0.5822916666666667 0.6564814814814814 0.5838541666666667 0.6560185185185186 0.5841145833333333 0.6560185185185186 0.5859375 0.6555555555555556 0.5861979166666667 0.6550925925925926 0.5895833333333333 0.6546296296296297 0.58984375 0.6546296296296297 0.5908854166666667 0.6541666666666667 0.5911458333333334 0.6541666666666667 0.5921875 0.6537037037037037 0.5924479166666666 0.6537037037037037 0.59375 0.6532407407407408 0.5940104166666667 0.6527777777777778 0.5966145833333333 0.6523148148148148 0.596875 0.6518518518518519 0.6005208333333333 0.6513888888888889 0.60078125 0.6509259259259259 0.60234375 0.6486111111111111 0.6046875 0.6462962962962963 0.6059895833333333 0.6416666666666667 0.60625 0.6412037037037037 0.6065104166666667 0.638425925925926 0.6065104166666667 0.6356481481481482 0.6072916666666667 0.6347222222222222 0.6078125 0.6328703703703704 0.6106770833333334 0.6328703703703704 0.6145833333333334 0.6324074074074074 0.6151041666666667 0.6342592592592593 0.6174479166666667 0.6388888888888888 0.6200520833333333 0.6425925925925926 0.62109375 0.6458333333333334 0.6213541666666667 0.6462962962962963 0.6216145833333333 0.65 0.6221354166666667 0.6537037037037037 0.6231770833333333 0.6583333333333333 0.6234375 0.6587962962962963 0.6236979166666666 0.6606481481481481 0.6236979166666666 0.6611111111111111 0.6239583333333333 0.6638888888888889 0.6239583333333333 0.6643518518518519 0.62421875 0.6671296296296296 0.62421875 0.6694444444444444 0.6247395833333333 0.6703703703703704 0.6247395833333333 0.6708333333333333 0.6244791666666667 0.6754629629629629 0.6244791666666667 0.6759259259259259 0.6247395833333333 0.6851851851851852 0.6244791666666667 0.6898148148148148 0.6234375 0.6925925925925925 0.6216145833333333 0.6930555555555555 0.6203125 0.6935185185185185 0.6200520833333333 0.6935185185185185 0.6192708333333333 0.6939814814814815 0.6190104166666667 0.6939814814814815 0.6158854166666666 0.6944444444444444 0.615625 0.6930555555555555 0.6125 0.6907407407407408 0.6106770833333334 0.6847222222222222 0.6078125 0.6837962962962963 0.6067708333333334 0.6837962962962963 0.6052083333333333 0.6833333333333333 0.6049479166666667 0.6837962962962963 0.5994791666666667 0.6842592592592592 0.59921875 0.6847222222222222 0.59609375 0.6851851851851852 0.5958333333333333 0.6851851851851852 0.5947916666666667 0.6856481481481481 0.59453125 0.6856481481481481 0.5934895833333333 0.6861111111111111 0.5932291666666667 0.6861111111111111 0.5921875 0.6865740740740741 0.5919270833333333 0.687037037037037 0.5880208333333333 0.6875 0.5877604166666667 0.6875 0.58671875 0.687962962962963 0.5864583333333333 0.687962962962963 0.58515625 0.6884259259259259 0.5848958333333333 0.6884259259259259 0.58359375 0.6888888888888889 0.5833333333333334 0.6888888888888889 0.5815104166666667 0.6893518518518519 0.58125 0.6893518518518519 0.5778645833333333 0.6888888888888889 0.5776041666666667 0.6888888888888889 0.5760416666666667 0.6851851851851852 0.5739583333333333 0.6842592592592592 0.5739583333333333 0.6837962962962963 0.5736979166666667 0.6824074074074075 0.5736979166666667 0.6800925925925926 0.5731770833333333 0.6768518518518518 0.5731770833333333 0.6763888888888889 0.5729166666666666 0.6699074074074074 0.57265625 0.6694444444444444 0.5723958333333333
6 0.6851851851851852 0.6541666666666667 0.6833333333333333 0.6552083333333333 0.6833333333333333 0.65546875 0.6814814814814815 0.6567708333333333 0.6810185185185185 0.6575520833333334 0.6800925925925926 0.6580729166666667 0.6800925925925926 0.6583333333333333 0.6773148148148148 0.6604166666666667 0.6773148148148148 0.6609375 0.6768518518518518 0.6611979166666667 0.674537037037037 0.6640625 0.6736111111111112 0.6645833333333333 0.6736111111111112 0.66484375 0.6722222222222223 0.6661458333333333 0.6722222222222223 0.6666666666666666 0.6717592592592593 0.6669270833333333 0.6717592592592593 0.6674479166666667 0.6712962962962963 0.6677083333333333 0.6712962962962963 0.6684895833333333 0.6708333333333333 0.66875 0.6708333333333333 0.66953125 0.6703703703703704 0.6697916666666667 0.6708333333333333 0.6700520833333333 0.6708333333333333 0.6708333333333333 0.6712962962962963 0.67109375 0.6712962962962963 0.6716145833333333 0.6717592592592593 0.671875 0.6717592592592593 0.6723958333333333 0.6722222222222223 0.67265625 0.6722222222222223 0.6729166666666667 0.6731481481481482 0.6734375 0.6731481481481482 0.6736979166666667 0.6736111111111112 0.6739583333333333 0.674074074074074 0.6739583333333333 0.674537037037037 0.67421875 0.674537037037037 0.6744791666666666 0.6763888888888889 0.6755208333333333 0.6782407407407407 0.6778645833333333 0.6796296296296296 0.6786458333333333 0.6796296296296296 0.67890625 0.6810185185185185 0.6796875 0.6810185185185185 0.6799479166666667 0.6824074074074075 0.6807291666666667 0.6824074074074075 0.6809895833333334 0.6833333333333333 0.6815104166666667 0.6833333333333333 0.6817708333333333 0.6851851851851852 0.6828125 0.6851851851851852 0.6830729166666667 0.687037037037037 0.6838541666666667 0.6875 0.6838541666666667 0.6884259259259259 0.684375 0.6898148148148148 0.6846354166666667 0.6907407407407408 0.68515625 0.6912037037037037 0.68515625 0.6925925925925925 0.6856770833333333 0.6944444444444444 0.6856770833333333 0.6949074074074074 0.6859375 0.6976851851851852 0.6859375 0.6981481481481482 0.6861979166666666 0.7 0.6861979166666666 0.700462962962963 0.6864583333333333 0.7027777777777777 0.6864583333333333 0.7032407407407407 0.6861979166666666 0.7106481481481481 0.6861979166666666 0.7111111111111111 0.6859375 0.7134259259259259 0.6859375 0.7138888888888889 0.6856770833333333 0.7171296296296297 0.6856770833333333 0.7175925925925926 0.6854166666666667 0.7180555555555556 0.6854166666666667 0.7236111111111111 0.6825520833333333 0.7240740740740741 0.6825520833333333 0.7240740740740741 0.6822916666666666 0.7245370370370371 0.68203125 0.725 0.6807291666666667 0.7263888888888889 0.6794270833333333 0.7263888888888889 0.67890625 0.7268518518518519 0.6786458333333333 0.7268518518518519 0.6783854166666666 0.7277777777777777 0.6776041666666667 0.7277777777777777 0.6770833333333334 0.7282407407407407 0.6768229166666667 0.7282407407407407 0.6760416666666667 0.7287037037037037 0.67578125 0.7287037037037037 0.675 0.7291666666666666 0.6747395833333333 0.7291666666666666 0.6739583333333333 0.7296296296296296 0.6736979166666667 0.7296296296296296 0.6723958333333333 0.7300925925925926 0.6721354166666667 0.7300925925925926 0.67109375 0.7305555555555555 0.6708333333333333 0.7305555555555555 0.6700520833333333 0.7310185185185185 0.6697916666666667 0.7310185185185185 0.66953125 0.7305555555555555 0.6692708333333334 0.7305555555555555 0.6677083333333333 0.7300925925925926 0.6674479166666667 0.7300925925925926 0.6658854166666667 0.7296296296296296 0.665625 0.7263888888888889 0.66171875 0.7226851851851852 0.6591145833333333 0.7203703703703703 0.65625 0.7189814814814814 0.65546875 0.7185185185185186 0.65546875 0.7166666666666667 0.6544270833333333 0.7162037037037037 0.6544270833333333 0.7157407407407408 0.6541666666666667 0.7143518518518519 0.6541666666666667 0.7138888888888889 0.65390625 0.712037037037037 0.65390625 0.711574074074074 0.6536458333333334 0.6925925925925925 0.6536458333333334 0.6921296296296297 0.65390625 0.6888888888888889 0.65390625 0.6884259259259259 0.6541666666666667
2 0.7944444444444444 0.5278645833333333 0.7865740740740741 0.5283854166666667 0.7842592592592592 0.5296875 0.7824074074074074 0.53203125 0.7824074074074074 0.534375 0.7833333333333333 0.5359375 0.7847222222222222 0.53671875 0.7898148148148149 0.5377604166666666 0.7925925925925926 0.5395833333333333 0.7930555555555555 0.54609375 0.7939814814814815 0.5486979166666667 0.7916666666666666 0.5682291666666667 0.7888888888888889 0.60703125 0.787962962962963 0.6104166666666667 0.7865740740740741 0.63984375 0.7870370370370371 0.6427083333333333 0.7912037037037037 0.6458333333333334 0.7939814814814815 0.6466145833333333 0.8041666666666667 0.6466145833333333 0.8064814814814815 0.64609375 0.8101851851851852 0.6432291666666666 0.8115740740740741 0.6375 0.8138888888888889 0.6083333333333333 0.8148148148148148 0.584375 0.8171296296296297 0.5705729166666667 0.8180555555555555 0.56875 0.8175925925925925 0.5604166666666667 0.8189814814814815 0.54375 0.8199074074074074 0.5408854166666667 0.8212962962962963 0.5401041666666667 0.825462962962963 0.5388020833333333 0.8300925925925926 0.5380208333333333 0.8314814814814815 0.5364583333333334 0.8319444444444445 0.5328125 0.8300925925925926 0.5302083333333333 0.825462962962963 0.5291666666666667 0.8101851851851852 0.5283854166666667 0.7986111111111112 0.5283854166666667
4 0.8796296296296297 0.3380208333333333 0.8759259259259259 0.33567708333333335 0.8726851851851852 0.3346354166666667 0.8652777777777778 0.334375 0.8638888888888889 0.33489583333333334 0.8597222222222223 0.33567708333333335 0.8578703703703704 0.33567708333333335 0.8523148148148149 0.3372395833333333 0.8481481481481481 0.3377604166666667 0.8412037037037037 0.33958333333333335 0.8337962962962963 0.34088541666666666 0.8314814814814815 0.3416666666666667 0.8305555555555556 0.3416666666666667 0.8296296296296296 0.3421875 0.825 0.34270833333333334 0.8217592592592593 0.34375 0.8175925925925925 0.34375 0.8115740740740741 0.3450520833333333 0.8087962962962963 0.3453125 0.8064814814814815 0.34609375 0.8018518518518518 0.34609375 0.799537037037037 0.3455729166666667 0.7907407407407407 0.3455729166666667 0.7902777777777777 0.3453125 0.7828703703703703 0.3453125 0.7824074074074074 0.3455729166666667 0.7810185185185186 0.3455729166666667 0.775 0.34765625 0.7736111111111111 0.34921875 0.7736111111111111 0.35 0.7731481481481481 0.3502604166666667 0.7731481481481481 0.35104166666666664 0.7717592592592593 0.3533854166666667 0.7717592592592593 0.35703125 0.7712962962962963 0.3572916666666667 0.7722222222222223 0.35833333333333334 0.7726851851851851 0.3609375 0.774074074074074 0.3625 0.774074074074074 0.36302083333333335 0.7773148148148148 0.36666666666666664 0.7814814814814814 0.37005208333333334 0.7833333333333333 0.37109375 0.7865740740740741 0.37213541666666666 0.7953703703703704 0.37213541666666666 0.7962962962962963 0.37161458333333336 0.8032407407407407 0.3697916666666667 0.8046296296296296 0.3690104166666667 0.8064814814814815 0.36692708333333335 0.8064814814814815 0.36640625 0.8074074074074075 0.365625 0.8092592592592592 0.3625 0.8101851851851852 0.36171875 0.8125 0.3606770833333333 0.8222222222222222 0.3580729166666667 0.825462962962963 0.3578125 0.8300925925925926 0.35651041666666666 0.8333333333333334 0.35625 0.836574074074074 0.35520833333333335 0.8444444444444444 0.35390625 0.8458333333333333 0.3533854166666667 0.850925925925926 0.35260416666666666 0.8537037037037037 0.35182291666666665 0.8564814814814815 0.35182291666666665 0.8587962962962963 0.35104166666666664 0.8606481481481482 0.35 0.8634259259259259 0.3494791666666667 0.8648148148148148 0.3494791666666667 0.8671296296296296 0.34869791666666666 0.8680555555555556 0.34869791666666666 0.8731481481481481 0.34739583333333335 0.8773148148148148 0.3453125 0.8810185185185185 0.3419270833333333 0.8810185185185185 0.34088541666666666 0.8805555555555555 0.340625 0.8805555555555555 0.33958333333333335
3 0.8222222222222222 0.565625 0.8203703703703704 0.5669270833333333 0.8194444444444444 0.5682291666666667 0.8194444444444444 0.5690104166666666 0.8189814814814815 0.5692708333333333 0.8185185185185185 0.57265625 0.8180555555555555 0.5729166666666666 0.8180555555555555 0.5765625 0.8203703703703704 0.5791666666666667 0.8217592592592593 0.5799479166666667 0.8217592592592593 0.58046875 0.8231481481481482 0.5822916666666667 0.8231481481481482 0.5830729166666667 0.8236111111111111 0.5833333333333334 0.8236111111111111 0.5893229166666667 0.8231481481481482 0.5895833333333333 0.8231481481481482 0.5908854166666667 0.8226851851851852 0.5911458333333334 0.8222222222222222 0.5932291666666667 0.8199074074074074 0.5966145833333333 0.8194444444444444 0.5997395833333333 0.8189814814814815 0.6 0.8189814814814815 0.6010416666666667 0.8185185185185185 0.6013020833333333 0.8180555555555555 0.6033854166666667 0.8175925925925925 0.6036458333333333 0.8171296296296297 0.6075520833333333 0.8166666666666667 0.6078125 0.8166666666666667 0.6096354166666667 0.8162037037037037 0.6098958333333333 0.8162037037037037 0.6119791666666666 0.8166666666666667 0.6122395833333333 0.8171296296296297 0.6140625 0.8175925925925925 0.6143229166666667 0.8175925925925925 0.61484375 0.8203703703703704 0.6161458333333333 0.8222222222222222 0.6166666666666667 0.8236111111111111 0.6166666666666667 0.825925925925926 0.6171875 0.8314814814814815 0.6174479166666667 0.8319444444444445 0.6177083333333333 0.8356481481481481 0.61796875 0.8361111111111111 0.6182291666666667 0.8430555555555556 0.6182291666666667 0.8435185185185186 0.61796875 0.8449074074074074 0.61796875 0.8472222222222222 0.6174479166666667 0.8490740740740741 0.6174479166666667 0.8532407407407407 0.6151041666666667 0.8532407407407407 0.6145833333333334 0.8560185185185185 0.6111979166666667 0.8560185185185185 0.6067708333333334 0.8564814814814815 0.6065104166666667 0.8564814814814815 0.6057291666666667 0.8574074074074074 0.6044270833333333 0.8578703703703704 0.6020833333333333 0.8587962962962963 0.6010416666666667 0.8587962962962963 0.6002604166666666 0.8597222222222223 0.5994791666666667 0.8597222222222223 0.5986979166666667 0.8601851851851852 0.5984375 0.8611111111111112 0.5958333333333333 0.861574074074074 0.5955729166666667 0.861574074074074 0.59453125 0.862037037037037 0.5942708333333333 0.862037037037037 0.5932291666666667 0.8625 0.59296875 0.8625 0.5916666666666667 0.8629629629629629 0.59140625 0.8638888888888889 0.5880208333333333 0.8648148148148148 0.5869791666666667 0.8666666666666667 0.5859375 0.8685185185185185 0.5854166666666667 0.8722222222222222 0.5854166666666667 0.8726851851851852 0.58515625 0.8759259259259259 0.5848958333333333 0.8787037037037037 0.58359375 0.8805555555555555 0.5817708333333333 0.8805555555555555 0.5809895833333333 0.8810185185185185 0.5807291666666666 0.8814814814814815 0.57578125 0.8810185185185185 0.5755208333333334 0.8805555555555555 0.57421875 0.8782407407407408 0.5721354166666667 0.8768518518518519 0.5716145833333334 0.8726851851851852 0.5713541666666667 0.8694444444444445 0.5700520833333333 0.8638888888888889 0.56875 0.862037037037037 0.56875 0.8601851851851852 0.5682291666666667 0.8583333333333333 0.5682291666666667 0.8578703703703704 0.56796875 0.8560185185185185 0.56796875 0.8555555555555555 0.5677083333333334 0.850925925925926 0.5674479166666667 0.8490740740740741 0.5669270833333333 0.8453703703703703 0.5669270833333333 0.8449074074074074 0.5666666666666667 0.8425925925925926 0.5666666666666667 0.8421296296296297 0.56640625 0.8402777777777778 0.56640625 0.8398148148148148 0.5661458333333333 0.8379629629629629 0.5661458333333333 0.8375 0.5658854166666667 0.8347222222222223 0.5658854166666667 0.8342592592592593 0.565625 0.8282407407407407 0.565625 0.8277777777777777 0.5653645833333333 0.8240740740740741 0.5653645833333333 0.8236111111111111 0.565625
4 0.7875 0.2557291666666667 0.7875 0.2640625 0.787962962962963 0.2643229166666667 0.787962962962963 0.26536458333333335 0.788425925925926 0.265625 0.7888888888888889 0.2674479166666667 0.7907407407407407 0.26848958333333334 0.7949074074074074 0.26927083333333335 0.7967592592592593 0.26927083333333335 0.7972222222222223 0.26953125 0.8060185185185185 0.26953125 0.8106481481481481 0.26848958333333334 0.8125 0.2674479166666667 0.8138888888888889 0.26588541666666665 0.8175925925925925 0.26458333333333334 0.8203703703703704 0.2640625 0.8263888888888888 0.2640625 0.8291666666666667 0.2635416666666667 0.8328703703703704 0.2638020833333333 0.8333333333333334 0.2640625 0.8462962962962963 0.2643229166666667 0.8467592592592592 0.26458333333333334 0.8546296296296296 0.26484375 0.8550925925925926 0.26510416666666664 0.861574074074074 0.26536458333333335 0.862037037037037 0.265625 0.8648148148148148 0.265625 0.8652777777777778 0.26588541666666665 0.8722222222222222 0.26588541666666665 0.8726851851851852 0.26614583333333336 0.8759259259259259 0.26614583333333336 0.8763888888888889 0.26640625 0.8921296296296296 0.26640625 0.8967592592592593 0.2635416666666667 0.8981481481481481 0.26119791666666664 0.8981481481481481 0.2604166666666667 0.8986111111111111 0.26015625 0.8986111111111111 0.25755208333333335 0.8981481481481481 0.25729166666666664 0.8981481481481481 0.2557291666666667 0.8976851851851851 0.2552083333333333 0.8962962962962963 0.25442708333333336 0.8916666666666667 0.25338541666666664 0.8870370370370371 0.253125 0.8847222222222222 0.2526041666666667 0.8810185185185185 0.2526041666666667 0.8805555555555555 0.25234375 0.8685185185185185 0.2520833333333333 0.8680555555555556 0.2518229166666667 0.8611111111111112 0.2518229166666667 0.8606481481481482 0.2515625 0.8578703703703704 0.2515625 0.8574074074074074 0.2513020833333333 0.8523148148148149 0.2513020833333333 0.8518518518518519 0.25104166666666666 0.8472222222222222 0.25078125 0.8467592592592592 0.25052083333333336 0.8439814814814814 0.25052083333333336 0.8435185185185186 0.25026041666666665 0.8375 0.25026041666666665 0.8337962962962963 0.24947916666666667 0.8236111111111111 0.24947916666666667 0.8212962962962963 0.24895833333333334 0.8189814814814815 0.24765625 0.8152777777777778 0.24401041666666667 0.8143518518518519 0.24375 0.8083333333333333 0.24348958333333334 0.8078703703703703 0.24322916666666666 0.7981481481481482 0.24322916666666666 0.7967592592592593 0.24401041666666667 0.7916666666666666 0.24817708333333333 0.7916666666666666 0.24869791666666666 0.7907407407407407 0.24947916666666667 0.7888888888888889 0.2526041666666667 0.7888888888888889 0.25338541666666664
1 0.9314814814814815 0.5940104166666667 0.9305555555555556 0.5934895833333333 0.9300925925925926 0.5927083333333333 0.9291666666666667 0.5921875 0.9282407407407407 0.5911458333333334 0.9254629629629629 0.5895833333333333 0.9254629629629629 0.5893229166666667 0.924074074074074 0.5885416666666666 0.924074074074074 0.58828125 0.9157407407407407 0.5833333333333334 0.9152777777777777 0.5833333333333334 0.9143518518518519 0.5828125 0.9115740740740741 0.58203125 0.9111111111111111 0.5822916666666667 0.9087962962962963 0.5825520833333333 0.9074074074074074 0.5830729166666667 0.9064814814814814 0.5830729166666667 0.9050925925925926 0.58359375 0.9041666666666667 0.58359375 0.9027777777777778 0.5846354166666666 0.9027777777777778 0.5848958333333333 0.9009259259259259 0.5859375 0.9004629629629629 0.5859375 0.8972222222222223 0.5875 0.8967592592592593 0.5875 0.8958333333333334 0.5880208333333333 0.8953703703703704 0.5880208333333333 0.8944444444444445 0.5885416666666666 0.8925925925925926 0.5890625 0.8898148148148148 0.590625 0.8898148148148148 0.5908854166666667 0.888425925925926 0.5919270833333333 0.888425925925926 0.59296875 0.887962962962963 0.5932291666666667 0.887962962962963 0.5940104166666667 0.8875 0.5942708333333333 0.8875 0.5953125 0.8851851851851852 0.5966145833333333 0.8847222222222222 0.5966145833333333 0.8819444444444444 0.5979166666666667 0.8814814814814815 0.5979166666666667 0.8759259259259259 0.6010416666666667 0.875462962962963 0.6010416666666667 0.8726851851851852 0.60234375 0.8722222222222222 0.60234375 0.8712962962962963 0.6028645833333334 0.8694444444444445 0.6033854166666667 0.8675925925925926 0.6044270833333333 0.8671296296296296 0.6044270833333333 0.8662037037037037 0.6049479166666667 0.8648148148148148 0.6052083333333333 0.8634259259259259 0.6059895833333333 0.8629629629629629 0.6059895833333333 0.862037037037037 0.6065104166666667 0.862037037037037 0.6067708333333334 0.8587962962962963 0.6083333333333333 0.8574074074074074 0.6098958333333333 0.8574074074074074 0.6104166666666667 0.8569444444444444 0.6106770833333334 0.8574074074074074 0.6135416666666667 0.8578703703703704 0.6138020833333333 0.8583333333333333 0.6151041666666667 0.8601851851851852 0.615625 0.8611111111111112 0.6161458333333333 0.8648148148148148 0.6171875 0.8666666666666667 0.6171875 0.8671296296296296 0.6169270833333333 0.8694444444444445 0.6169270833333333 0.8703703703703703 0.61640625 0.8731481481481481 0.615625 0.874537037037037 0.61484375 0.875 0.61484375 0.8814814814814815 0.6122395833333333 0.8851851851851852 0.6111979166666667 0.887962962962963 0.6098958333333333 0.8912037037037037 0.6091145833333333 0.8935185185185185 0.6080729166666666 0.8972222222222223 0.60703125 0.9 0.6057291666666667 0.9037037037037037 0.6046875 0.9046296296296297 0.6046875 0.9050925925925926 0.6044270833333333 0.9064814814814814 0.6044270833333333 0.9069444444444444 0.6041666666666666 0.9087962962962963 0.6041666666666666 0.9092592592592592 0.6044270833333333 0.9111111111111111 0.6044270833333333 0.9115740740740741 0.6046875 0.9157407407407407 0.6046875 0.9171296296296296 0.60390625 0.9180555555555555 0.6028645833333334 0.9199074074074074 0.6018229166666667 0.9203703703703704 0.6018229166666667 0.9212962962962963 0.6013020833333333 0.9259259259259259 0.6 0.9268518518518518 0.6 0.9277777777777778 0.5997395833333333 0.9296296296296296 0.5986979166666667 0.9296296296296296 0.5984375 0.9310185185185185 0.59765625 0.9319444444444445 0.5966145833333333 0.9319444444444445 0.5958333333333333 0.9324074074074075 0.5955729166666667 0.9319444444444445 0.5953125
1 0.8606481481481482 0.4158854166666667 0.8611111111111112 0.41640625 0.8611111111111112 0.41692708333333334 0.861574074074074 0.4171875 0.861574074074074 0.41822916666666665 0.862037037037037 0.41848958333333336 0.862037037037037 0.4192708333333333 0.8638888888888889 0.42135416666666664 0.8657407407407407 0.42239583333333336 0.8694444444444445 0.4234375 0.8703703703703703 0.42421875 0.8708333333333333 0.42421875 0.8726851851851852 0.42526041666666664 0.8731481481481481 0.42526041666666664 0.8768518518518519 0.42682291666666666 0.8787037037037037 0.42604166666666665 0.8800925925925925 0.42604166666666665 0.8805555555555555 0.42578125 0.8814814814814815 0.42578125 0.8819444444444444 0.42552083333333335 0.8833333333333333 0.42552083333333335 0.8837962962962963 0.42526041666666664 0.8856481481481482 0.42526041666666664 0.8861111111111111 0.42552083333333335 0.8921296296296296 0.42552083333333335 0.8939814814814815 0.42473958333333334 0.8976851851851851 0.4236979166666667 0.8986111111111111 0.4236979166666667 0.9 0.4231770833333333 0.9050925925925926 0.4231770833333333 0.9055555555555556 0.4234375 0.9078703703703703 0.4234375 0.9083333333333333 0.4236979166666667 0.9106481481481481 0.4236979166666667 0.9111111111111111 0.4239583333333333 0.9143518518518519 0.4239583333333333 0.9148148148148149 0.42421875 0.9171296296296296 0.42421875 0.9175925925925926 0.4244791666666667 0.9194444444444444 0.4244791666666667 0.9199074074074074 0.42473958333333334 0.9231481481481482 0.42473958333333334 0.9236111111111112 0.425 0.924074074074074 0.42473958333333334 0.9291666666666667 0.42473958333333334 0.9296296296296296 0.4244791666666667 0.9319444444444445 0.4244791666666667 0.9324074074074075 0.42421875 0.9337962962962963 0.42421875 0.9342592592592592 0.4239583333333333 0.9351851851851852 0.4239583333333333 0.9361111111111111 0.4236979166666667 0.9393518518518519 0.4205729166666667 0.9393518518518519 0.41822916666666665 0.9388888888888889 0.41796875 0.9388888888888889 0.4171875 0.937962962962963 0.41640625 0.937962962962963 0.4158854166666667 0.9314814814814815 0.4140625 0.9305555555555556 0.4140625 0.9300925925925926 0.41380208333333335 0.9287037037037037 0.41380208333333335 0.9282407407407407 0.41354166666666664 0.9254629629629629 0.41354166666666664 0.925 0.41328125 0.9226851851851852 0.41328125 0.9222222222222223 0.41302083333333334 0.9212962962962963 0.41302083333333334 0.9194444444444444 0.4125 0.9171296296296296 0.4125 0.9166666666666666 0.4122395833333333 0.9152777777777777 0.4122395833333333 0.9148148148148149 0.4119791666666667 0.913425925925926 0.4119791666666667 0.912962962962963 0.41171875 0.9111111111111111 0.41171875 0.9106481481481481 0.4114583333333333 0.9083333333333333 0.4114583333333333 0.9064814814814814 0.41041666666666665 0.9055555555555556 0.409375 0.9055555555555556 0.4088541666666667 0.9046296296296297 0.4080729166666667 0.9046296296296297 0.4075520833333333 0.9041666666666667 0.40703125 0.9023148148148148 0.40625 0.9018518518518519 0.40625 0.9009259259259259 0.40572916666666664 0.9 0.40546875 0.899074074074074 0.40546875 0.8986111111111111 0.40520833333333334 0.8916666666666667 0.40520833333333334 0.8912037037037037 0.40546875 0.8888888888888888 0.40546875 0.888425925925926 0.40572916666666664 0.887962962962963 0.40546875 0.8856481481481482 0.40546875 0.8851851851851852 0.40520833333333334 0.8833333333333333 0.40520833333333334 0.8828703703703704 0.4049479166666667 0.8805555555555555 0.4049479166666667 0.8800925925925925 0.4046875 0.8731481481481481 0.4046875 0.8726851851851852 0.4049479166666667 0.8717592592592592 0.4049479166666667 0.8712962962962963 0.40520833333333334 0.8689814814814815 0.40546875 0.8689814814814815 0.40572916666666664 0.8662037037037037 0.4075520833333333 0.8662037037037037 0.4078125 0.8652777777777778 0.4083333333333333 0.8643518518518518 0.409375 0.8643518518518518 0.40989583333333335 0.8625 0.4119791666666667 0.8625 0.41328125 0.862037037037037 0.41354166666666664 0.862037037037037 0.41458333333333336 0.861574074074074 0.41484375 0.861574074074074 0.4153645833333333
1 0.8134259259259259 0.40572916666666664 0.8092592592592592 0.4080729166666667 0.8092592592592592 0.4083333333333333 0.8074074074074075 0.40963541666666664 0.8064814814814815 0.41067708333333336 0.8064814814814815 0.41119791666666666 0.8060185185185185 0.4114583333333333 0.8060185185185185 0.4127604166666667 0.8083333333333333 0.4153645833333333 0.8125 0.41770833333333335 0.812962962962963 0.41770833333333335 0.8143518518518519 0.41848958333333336 0.8175925925925925 0.4192708333333333 0.8203703703703704 0.4205729166666667 0.8222222222222222 0.42109375 0.8240740740740741 0.42213541666666665 0.8245370370370371 0.42213541666666665 0.8273148148148148 0.4236979166666667 0.8273148148148148 0.4239583333333333 0.8287037037037037 0.42473958333333334 0.8287037037037037 0.425 0.8305555555555556 0.42604166666666665 0.8314814814814815 0.42604166666666665 0.8319444444444445 0.42630208333333336 0.8333333333333334 0.42630208333333336 0.8342592592592593 0.4265625 0.8361111111111111 0.4276041666666667 0.8361111111111111 0.428125 0.836574074074074 0.4283854166666667 0.836574074074074 0.4296875 0.837037037037037 0.42994791666666665 0.837037037037037 0.4317708333333333 0.8375 0.43203125 0.8375 0.43255208333333334 0.8379629629629629 0.43307291666666664 0.8412037037037037 0.4348958333333333 0.8439814814814814 0.4356770833333333 0.8449074074074074 0.4356770833333333 0.850462962962963 0.43723958333333335 0.8541666666666666 0.4393229166666667 0.8550925925925926 0.4393229166666667 0.8569444444444444 0.43984375 0.8611111111111112 0.43984375 0.8629629629629629 0.4393229166666667 0.8638888888888889 0.4388020833333333 0.8643518518518518 0.4388020833333333 0.8648148148148148 0.43828125 0.8666666666666667 0.43723958333333335 0.8666666666666667 0.43697916666666664 0.8694444444444445 0.4354166666666667 0.8703703703703703 0.434375 0.8726851851851852 0.43307291666666664 0.8726851851851852 0.4328125 0.8736111111111111 0.4322916666666667 0.874537037037037 0.43125 0.874537037037037 0.43072916666666666 0.875462962962963 0.42994791666666665 0.875462962962963 0.42942708333333335 0.8763888888888889 0.42890625 0.8768518518518519 0.428125 0.8777777777777778 0.4276041666666667 0.8773148148148148 0.42734375 0.8773148148148148 0.4265625 0.875462962962963 0.4244791666666667 0.875462962962963 0.4239583333333333 0.875 0.4234375 0.8726851851851852 0.42213541666666665 0.8694444444444445 0.421875 0.8666666666666667 0.4205729166666667 0.8662037037037037 0.4205729166666667 0.8648148148148148 0.4197916666666667 0.8634259259259259 0.41796875 0.8611111111111112 0.4166666666666667 0.8574074074074074 0.4166666666666667 0.8555555555555555 0.41770833333333335 0.8550925925925926 0.41770833333333335 0.8532407407407407 0.41848958333333336 0.8523148148148149 0.41848958333333336 0.8518518518518519 0.41822916666666665 0.8495370370370371 0.41822916666666665 0.8449074074074074 0.4158854166666667 0.8439814814814814 0.415625 0.8430555555555556 0.415625 0.8421296296296297 0.41510416666666666 0.8407407407407408 0.41484375 0.8375 0.41328125 0.8361111111111111 0.41302083333333334 0.8333333333333334 0.4114583333333333 0.8287037037037037 0.41041666666666665 0.8231481481481482 0.4080729166666667 0.8194444444444444 0.40703125 0.8180555555555555 0.40625 0.8171296296296297 0.40625 0.8143518518518519 0.40546875
2 0.9777777777777777 0.2833333333333333 0.9736111111111111 0.284375 0.9703703703703703 0.28463541666666664 0.9666666666666667 0.2859375 0.9643518518518519 0.2872395833333333 0.9638888888888889 0.28880208333333335 0.9634259259259259 0.2890625 0.9634259259259259 0.29010416666666666 0.9629629629629629 0.2903645833333333 0.9629629629629629 0.2916666666666667 0.9634259259259259 0.29192708333333334 0.9643518518518519 0.2950520833333333 0.9666666666666667 0.2984375 0.9675925925925926 0.3020833333333333 0.9685185185185186 0.30364583333333334 0.9722222222222222 0.3078125 0.9731481481481481 0.31015625 0.9736111111111111 0.3104166666666667 0.9736111111111111 0.3111979166666667 0.9740740740740741 0.31145833333333334 0.9745370370370371 0.31354166666666666 0.9773148148148149 0.3177083333333333 0.9773148148148149 0.3184895833333333 0.9837962962962963 0.32838541666666665 0.9861111111111112 0.3346354166666667 0.9888888888888889 0.33880208333333334 0.9888888888888889 0.33958333333333335 0.9893518518518518 0.33984375 0.9893518518518518 0.340625 0.9898148148148148 0.34088541666666666 0.9898148148148148 0.3416666666666667 0.9902777777777778 0.3419270833333333 0.9902777777777778 0.34270833333333334 0.9907407407407407 0.34296875 0.9935185185185185 0.35 0.9958333333333333 0.35234375 0.9958333333333333 0.353125 0.9972222222222222 0.35546875 0.9972222222222222 0.35651041666666666 0.9976851851851852 0.3567708333333333 0.9976851851851852 0.3578125 0.9981481481481481 0.35833333333333334 0.999537037037037 0.35833333333333334 0.999537037037037 0.3065104166666667 0.9981481481481481 0.3065104166666667 0.9972222222222222 0.3059895833333333 0.9967592592592592 0.30364583333333334 0.9949074074074075 0.30052083333333335 0.9949074074074075 0.29973958333333334 0.9939814814814815 0.2986979166666667 0.9939814814814815 0.29765625 0.9925925925925926 0.2953125 0.9916666666666667 0.29453125 0.9916666666666667 0.29401041666666666 0.9907407407407407 0.29322916666666665 0.9898148148148148 0.2908854166666667 0.9879629629629629 0.28932291666666665 0.9879629629629629 0.28880208333333335 0.9861111111111112 0.2864583333333333 0.9837962962962963 0.28515625 0.9819444444444444 0.28359375