1 0.27361111111111114 0.3572916666666667 0.2722222222222222 0.35885416666666664 0.2712962962962963 0.359375 0.2708333333333333 0.36041666666666666 0.26990740740740743 0.3611979166666667 0.27037037037037037 0.3614583333333333 0.27037037037037037 0.36276041666666664 0.2708333333333333 0.36302083333333335 0.2708333333333333 0.3640625 0.2712962962962963 0.36432291666666666 0.2712962962962963 0.3651041666666667 0.2763888888888889 0.36796875 0.27685185185185185 0.36796875 0.27824074074074073 0.36875 0.27870370370370373 0.36875 0.2796296296296296 0.3692708333333333 0.2796296296296296 0.36953125 0.2824074074074074 0.37083333333333335 0.28425925925925927 0.37109375 0.2898148148148148 0.37265625 0.29074074074074074 0.37265625 0.29305555555555557 0.37421875 0.29305555555555557 0.37447916666666664 0.2949074074074074 0.37552083333333336 0.2967592592592593 0.37604166666666666 0.29814814814814816 0.37604166666666666 0.29907407407407405 0.3763020833333333 0.3 0.3768229166666667 0.30092592592592593 0.37786458333333334 0.30092592592592593 0.37838541666666664 0.30185185185185187 0.37942708333333336 0.30185185185185187 0.3802083333333333 0.3023148148148148 0.38046875 0.3023148148148148 0.38125 0.30277777777777776 0.3815104166666667 0.30277777777777776 0.38203125 0.30416666666666664 0.38359375 0.30648148148148147 0.3848958333333333 0.30787037037037035 0.38515625 0.31203703703703706 0.38697916666666665 0.3148148148148148 0.38776041666666666 0.31666666666666665 0.38776041666666666 0.31712962962962965 0.3880208333333333 0.31805555555555554 0.3880208333333333 0.32175925925925924 0.38958333333333334 0.324537037037037 0.39036458333333335 0.32546296296296295 0.39036458333333335 0.32592592592592595 0.390625 0.3263888888888889 0.39036458333333335 0.3296296296296296 0.39036458333333335 0.3314814814814815 0.38958333333333334 0.3337962962962963 0.3890625 0.33611111111111114 0.38776041666666666 0.33611111111111114 0.3875 0.3384259259259259 0.38619791666666664 0.3398148148148148 0.3846354166666667 0.3439814814814815 0.38177083333333334 0.3453703703703704 0.3802083333333333 0.3453703703703704 0.3796875 0.34629629629629627 0.37864583333333335 0.34629629629629627 0.3776041666666667 0.34675925925925927 0.37734375 0.34629629629629627 0.37447916666666664 0.3458333333333333 0.37421875 0.3458333333333333 0.3734375 0.3453703703703704 0.3729166666666667 0.3416666666666667 0.37109375 0.34120370370370373 0.37109375 0.3388888888888889 0.37005208333333334 0.337037037037037 0.3697916666666667 0.3365740740740741 0.36953125 0.3351851851851852 0.36953125 0.3347222222222222 0.3692708333333333 0.3337962962962963 0.3692708333333333 0.33240740740740743 0.3684895833333333 0.33240740740740743 0.36822916666666666 0.33101851851851855 0.36744791666666665 0.33101851851851855 0.3671875 0.3282407407407407 0.3653645833333333 0.3282407407407407 0.3651041666666667 0.32546296296296295 0.36432291666666666 0.3212962962962963 0.36432291666666666 0.31851851851851853 0.3651041666666667 0.3143518518518518 0.3651041666666667 0.3138888888888889 0.36484375 0.3106481481481482 0.3645833333333333 0.2986111111111111 0.3611979166666667 0.2949074074074074 0.359375 0.29074074074074074 0.35859375 0.287962962962963 0.3572916666666667 0.28703703703703703 0.3572916666666667 0.2865740740740741 0.35703125 0.2828703703703704 0.35651041666666666 0.2791666666666667 0.35546875 0.27870370370370373 0.35572916666666665 0.27685185185185185 0.35598958333333336 0.2740740740740741 0.3572916666666667
3 0.36018518518518516 0.13072916666666667 0.3574074074074074 0.12916666666666668 0.3560185185185185 0.12916666666666668 0.35555555555555557 0.12890625 0.34953703703703703 0.12890625 0.3490740740740741 0.12916666666666668 0.3458333333333333 0.12942708333333333 0.34120370370370373 0.13072916666666667 0.33935185185185185 0.13203125 0.3375 0.13411458333333334 0.3365740740740741 0.13776041666666666 0.33564814814814814 0.13880208333333333 0.3337962962962963 0.13958333333333334 0.33101851851851855 0.14010416666666667 0.32592592592592595 0.14166666666666666 0.3212962962962963 0.1421875 0.32083333333333336 0.14244791666666667 0.3189814814814815 0.14244791666666667 0.31712962962962965 0.14296875 0.31574074074074077 0.14296875 0.3111111111111111 0.14427083333333332 0.30648148148148147 0.14479166666666668 0.30277777777777776 0.14583333333333334 0.2986111111111111 0.14661458333333333 0.2972222222222222 0.14661458333333333 0.2967592592592593 0.146875 0.2953703703703704 0.146875 0.2949074074074074 0.14713541666666666 0.2935185185185185 0.14713541666666666 0.29074074074074074 0.14765625 0.2814814814814815 0.15026041666666667 0.2800925925925926 0.1515625 0.2791666666666667 0.153125 0.2791666666666667 0.15494791666666666 0.2833333333333333 0.16197916666666667 0.2875 0.16614583333333333 0.2916666666666667 0.16822916666666668 0.30092592592592593 0.16848958333333333 0.3013888888888889 0.16822916666666668 0.3101851851851852 0.16744791666666667 0.3125 0.16692708333333334 0.3143518518518518 0.16692708333333334 0.3189814814814815 0.16588541666666667 0.32083333333333336 0.16588541666666667 0.3236111111111111 0.16510416666666666 0.3300925925925926 0.16432291666666668 0.33055555555555555 0.1640625 0.3337962962962963 0.1640625 0.33425925925925926 0.16380208333333332 0.3365740740740741 0.16380208333333332 0.337037037037037 0.16354166666666667 0.33935185185185185 0.16354166666666667 0.3398148148148148 0.16328125 0.3416666666666667 0.16328125 0.3453703703703704 0.16484375 0.34814814814814815 0.16510416666666666 0.3523148148148148 0.16666666666666666 0.35555555555555557 0.16692708333333334 0.3560185185185185 0.1671875 0.36157407407407405 0.1671875 0.36203703703703705 0.16692708333333334 0.3638888888888889 0.16692708333333334 0.36435185185185187 0.16666666666666666 0.36898148148148147 0.16614583333333333 0.37222222222222223 0.16380208333333332 0.3731481481481482 0.1625 0.3731481481481482 0.15729166666666666 0.3726851851851852 0.15703125 0.3726851851851852 0.1546875 0.37222222222222223 0.15442708333333333 0.37175925925925923 0.1515625 0.3712962962962963 0.15130208333333334 0.3712962962962963 0.15026041666666667 0.37037037037037035 0.14869791666666668 0.37037037037037035 0.14739583333333334 0.3699074074074074 0.14713541666666666 0.36898148148148147 0.14270833333333333 0.36666666666666664 0.14036458333333332 0.362962962962963 0.13411458333333334
4 0.21666666666666667 0.35911458333333335 0.2152777777777778 0.3609375 0.2152777777777778 0.3651041666666667 0.21666666666666667 0.36692708333333335 0.21944444444444444 0.3692708333333333 0.22546296296296298 0.3729166666666667 0.23425925925925925 0.37604166666666666 0.2375 0.37786458333333334 0.24675925925925926 0.38203125 0.24953703703703703 0.38359375 0.2513888888888889 0.3854166666666667 0.25277777777777777 0.38619791666666664 0.26435185185185184 0.39010416666666664 0.26944444444444443 0.39140625 0.27314814814814814 0.3932291666666667 0.2773148148148148 0.39479166666666665 0.2800925925925926 0.3963541666666667 0.28194444444444444 0.39817708333333335 0.2828703703703704 0.3997395833333333 0.2824074074074074 0.4044270833333333 0.2828703703703704 0.40520833333333334 0.2851851851851852 0.40651041666666665 0.28703703703703703 0.4080729166666667 0.2902777777777778 0.4088541666666667 0.29444444444444445 0.4088541666666667 0.2949074074074074 0.40859375 0.3023148148148148 0.4080729166666667 0.3106481481481482 0.4041666666666667 0.31203703703703706 0.40234375 0.3148148148148148 0.4005208333333333 0.31574074074074077 0.39921875 0.3189814814814815 0.396875 0.32083333333333336 0.39375 0.32222222222222224 0.3924479166666667 0.32175925925925924 0.38984375 0.32083333333333336 0.3885416666666667 0.31805555555555554 0.3875 0.31527777777777777 0.3875 0.3125 0.38671875 0.3101851851851852 0.38645833333333335 0.3087962962962963 0.38567708333333334 0.3055555555555556 0.3848958333333333 0.30324074074074076 0.3848958333333333 0.3023148148148148 0.3846354166666667 0.2986111111111111 0.38567708333333334 0.2916666666666667 0.38229166666666664 0.2851851851851852 0.37994791666666666 0.2828703703703704 0.37942708333333336 0.2759259259259259 0.37552083333333336 0.27175925925925926 0.37395833333333334 0.2689814814814815 0.3723958333333333 0.2657407407407407 0.37135416666666665 0.2638888888888889 0.37109375 0.25972222222222224 0.36875 0.2574074074074074 0.36796875 0.2550925925925926 0.36666666666666664 0.2518518518518518 0.365625 0.24861111111111112 0.36380208333333336 0.24212962962962964 0.36171875 0.2361111111111111 0.35885416666666664 0.23472222222222222 0.35859375 0.2324074074074074 0.3575520833333333 0.22962962962962963 0.35703125 0.22777777777777777 0.35703125 0.2273148148148148 0.3567708333333333 0.225 0.3567708333333333 0.22453703703703703 0.35651041666666666 0.2199074074074074 0.3572916666666667
4 0.25555555555555554 0.3963541666666667 0.25277777777777777 0.39348958333333334 0.2518518518518518 0.3919270833333333 0.2513888888888889 0.3919270833333333 0.24814814814814815 0.3932291666666667 0.23981481481481481 0.3932291666666667 0.23842592592592593 0.39375 0.2375 0.39375 0.23564814814814813 0.39453125 0.2337962962962963 0.396875 0.2324074074074074 0.39791666666666664 0.22962962962962963 0.3984375 0.22777777777777777 0.3984375 0.22453703703703703 0.39921875 0.22083333333333333 0.39921875 0.22037037037037038 0.39947916666666666 0.21805555555555556 0.39947916666666666 0.2175925925925926 0.3997395833333333 0.21157407407407408 0.3997395833333333 0.2111111111111111 0.4 0.20416666666666666 0.4 0.2037037037037037 0.4002604166666667 0.19398148148148148 0.4002604166666667 0.1935185185185185 0.4005208333333333 0.1875 0.4005208333333333 0.18703703703703703 0.40078125 0.1787037037037037 0.40078125 0.17824074074074073 0.4010416666666667 0.17037037037037037 0.4010416666666667 0.1699074074074074 0.40130208333333334 0.1685185185185185 0.4010416666666667 0.16527777777777777 0.4010416666666667 0.1648148148148148 0.40130208333333334 0.15694444444444444 0.40130208333333334 0.15648148148148147 0.4015625 0.1486111111111111 0.4015625 0.14814814814814814 0.40182291666666664 0.14583333333333334 0.40182291666666664 0.14027777777777778 0.40286458333333336 0.13657407407407407 0.4041666666666667 0.1361111111111111 0.40598958333333335 0.13564814814814816 0.40625 0.13564814814814816 0.4078125 0.13518518518518519 0.4080729166666667 0.1361111111111111 0.40963541666666664 0.1361111111111111 0.4109375 0.13657407407407407 0.41119791666666666 0.13703703703703704 0.4127604166666667 0.13796296296296295 0.41328125 0.13842592592592592 0.4140625 0.14305555555555555 0.415625 0.14675925925925926 0.4158854166666667 0.14722222222222223 0.4161458333333333 0.15601851851851853 0.4161458333333333 0.15648148148148147 0.41640625 0.16018518518518518 0.41640625 0.16064814814814815 0.4161458333333333 0.175 0.4161458333333333 0.17546296296296296 0.4158854166666667 0.18564814814814815 0.415625 0.1884259259259259 0.41510416666666666 0.19675925925925927 0.41510416666666666 0.19722222222222222 0.41484375 0.2013888888888889 0.41484375 0.20185185185185187 0.41458333333333336 0.20601851851851852 0.41458333333333336 0.2064814814814815 0.41432291666666665 0.23194444444444445 0.4140625 0.23657407407407408 0.41640625 0.2412037037037037 0.41822916666666665 0.2449074074074074 0.41901041666666666 0.24953703703703703 0.41901041666666666 0.2518518518518518 0.41848958333333336 0.2537037037037037 0.4158854166666667 0.2537037037037037 0.41380208333333335 0.25416666666666665 0.41354166666666664 0.25416666666666665 0.4122395833333333 0.25462962962962965 0.4119791666666667 0.25462962962962965 0.4088541666666667 0.2550925925925926 0.40859375
4 0.07592592592592592 0.225 0.07361111111111111 0.22838541666666667 0.07407407407407407 0.22916666666666666 0.07407407407407407 0.23177083333333334 0.07546296296296297 0.23333333333333334 0.08055555555555556 0.23645833333333333 0.08333333333333333 0.2375 0.0912037037037037 0.23958333333333334 0.09351851851851851 0.240625 0.10092592592592593 0.24244791666666668 0.10324074074074074 0.24348958333333334 0.10740740740740741 0.24427083333333333 0.1111111111111111 0.24583333333333332 0.11388888888888889 0.24661458333333333 0.11805555555555555 0.24713541666666666 0.12083333333333333 0.24791666666666667 0.12361111111111112 0.24817708333333333 0.1259259259259259 0.24895833333333334 0.1310185185185185 0.24973958333333332 0.13472222222222222 0.25104166666666666 0.13564814814814816 0.25104166666666666 0.14027777777777778 0.25234375 0.1425925925925926 0.25338541666666664 0.1449074074074074 0.25364583333333335 0.15 0.2552083333333333 0.15231481481481482 0.25546875 0.15462962962962962 0.25703125 0.15601851851851853 0.26328125 0.15787037037037038 0.26458333333333334 0.16574074074074074 0.26666666666666666 0.17037037037037037 0.26666666666666666 0.17546296296296296 0.26588541666666665 0.18101851851851852 0.2640625 0.18472222222222223 0.26119791666666664 0.18611111111111112 0.2596354166666667 0.1865740740740741 0.25833333333333336 0.18935185185185185 0.2557291666666667 0.18935185185185185 0.25442708333333336 0.19027777777777777 0.2526041666666667 0.19074074074074074 0.2453125 0.19027777777777777 0.24505208333333334 0.19027777777777777 0.24348958333333334 0.18888888888888888 0.24166666666666667 0.17916666666666667 0.23932291666666666 0.17037037037037037 0.23802083333333332 0.1625 0.23958333333333334 0.15833333333333333 0.23880208333333333 0.15416666666666667 0.23880208333333333 0.1476851851851852 0.23723958333333334 0.14537037037037037 0.23697916666666666 0.14305555555555555 0.23619791666666667 0.14212962962962963 0.23619791666666667 0.13796296296296295 0.23463541666666668 0.13518518518518519 0.234375 0.12731481481481483 0.23229166666666667 0.12222222222222222 0.23151041666666666 0.12129629629629629 0.23098958333333333 0.12037037037037036 0.23098958333333333 0.11296296296296296 0.22890625 0.10740740740740741 0.22786458333333334 0.10462962962962963 0.22682291666666668 0.09953703703703703 0.22552083333333334 0.09537037037037037 0.22473958333333333 0.09398148148148149 0.22473958333333333 0.08935185185185185 0.22369791666666666 0.08564814814814815 0.2234375 0.08518518518518518 0.22317708333333333 0.08055555555555556 0.22317708333333333 0.07777777777777778 0.22395833333333334
5 0.4199074074074074 0.31588541666666664 0.41574074074074074 0.31640625 0.41388888888888886 0.31744791666666666 0.4134259259259259 0.31744791666666666 0.41064814814814815 0.3190104166666667 0.4078703703703704 0.3216145833333333 0.4078703703703704 0.32369791666666664 0.4083333333333333 0.32395833333333335 0.4083333333333333 0.325 0.4115740740740741 0.32916666666666666 0.4115740740740741 0.3307291666666667 0.40925925925925927 0.33359375 0.4041666666666667 0.33697916666666666 0.40185185185185185 0.33932291666666664 0.3976851851851852 0.3416666666666667 0.3976851851851852 0.3419270833333333 0.39166666666666666 0.3450520833333333 0.38935185185185184 0.34713541666666664 0.38101851851851853 0.3533854166666667 0.37916666666666665 0.35546875 0.37916666666666665 0.35598958333333336 0.37777777777777777 0.3572916666666667 0.37916666666666665 0.3611979166666667 0.3814814814814815 0.36223958333333334 0.38425925925925924 0.36302083333333335 0.38842592592592595 0.3651041666666667 0.3921296296296296 0.36614583333333334 0.39675925925925926 0.36640625 0.40046296296296297 0.3653645833333333 0.4027777777777778 0.3640625 0.4050925925925926 0.36328125 0.4115740740740741 0.35963541666666665 0.41203703703703703 0.35963541666666665 0.41203703703703703 0.359375 0.4152777777777778 0.3575520833333333 0.4152777777777778 0.3572916666666667 0.4199074074074074 0.35494791666666664 0.42268518518518516 0.35234375 0.42824074074074076 0.34921875 0.42824074074074076 0.3489583333333333 0.4351851851851852 0.3453125 0.43703703703703706 0.3453125 0.4393518518518518 0.3458333333333333 0.4476851851851852 0.3458333333333333 0.44814814814814813 0.34609375 0.4513888888888889 0.34609375 0.45185185185185184 0.3458333333333333 0.4546296296296296 0.3455729166666667 0.4587962962962963 0.34348958333333335 0.46064814814814814 0.3419270833333333 0.46064814814814814 0.3375 0.45925925925925926 0.33619791666666665 0.45925925925925926 0.33567708333333335 0.4583333333333333 0.3346354166666667 0.45555555555555555 0.33255208333333336 0.4527777777777778 0.33098958333333334 0.45185185185185184 0.3299479166666667 0.4476851851851852 0.32786458333333335 0.4462962962962963 0.3265625 0.4439814814814815 0.32526041666666666 0.44351851851851853 0.32526041666666666 0.4375 0.321875 0.43703703703703706 0.321875 0.4310185185185185 0.31875 0.42916666666666664 0.3184895833333333 0.42685185185185187 0.3177083333333333 0.42592592592592593 0.3177083333333333
3 0.39305555555555555 0.3885416666666667 0.3921296296296296 0.38828125 0.38842592592592595 0.38828125 0.3837962962962963 0.3893229166666667 0.3824074074074074 0.39010416666666664 0.38055555555555554 0.390625 0.37824074074074077 0.3924479166666667 0.37824074074074077 0.3932291666666667 0.3763888888888889 0.39609375 0.3763888888888889 0.39947916666666666 0.3768518518518518 0.4002604166666667 0.3763888888888889 0.4005208333333333 0.37592592592592594 0.40286458333333336 0.375 0.40390625 0.3680555555555556 0.4078125 0.3638888888888889 0.40911458333333334 0.3592592592592593 0.41171875 0.35694444444444445 0.4125 0.3541666666666667 0.4140625 0.3490740740740741 0.4158854166666667 0.3449074074074074 0.41796875 0.34074074074074073 0.4192708333333333 0.3375 0.42135416666666664 0.3337962962962963 0.42239583333333336 0.33240740740740743 0.4236979166666667 0.33240740740740743 0.42578125 0.33194444444444443 0.42604166666666665 0.33194444444444443 0.4278645833333333 0.3333333333333333 0.4296875 0.3402777777777778 0.43359375 0.3421296296296296 0.4354166666666667 0.3453703703703704 0.43723958333333335 0.34953703703703703 0.43828125 0.35648148148148145 0.43854166666666666 0.36064814814814816 0.4375 0.36435185185185187 0.43697916666666664 0.3680555555555556 0.4356770833333333 0.36944444444444446 0.4348958333333333 0.3726851851851852 0.43411458333333336 0.3800925925925926 0.43020833333333336 0.38842592592592595 0.4270833333333333 0.3925925925925926 0.4244791666666667 0.39814814814814814 0.4234375 0.40046296296296297 0.42265625 0.4023148148148148 0.42265625 0.4027777777777778 0.42239583333333336 0.40555555555555556 0.42239583333333336 0.4078703703703704 0.42291666666666666 0.41388888888888886 0.42291666666666666 0.4162037037037037 0.42239583333333336 0.41805555555555557 0.42239583333333336 0.4203703703703704 0.421875 0.42268518518518516 0.42083333333333334 0.4263888888888889 0.4197916666666667 0.42777777777777776 0.4158854166666667 0.4222222222222222 0.41067708333333336 0.4203703703703704 0.40729166666666666 0.41712962962962963 0.40520833333333334 0.4162037037037037 0.4041666666666667 0.4074074074074074 0.39869791666666665 0.4046296296296296 0.3963541666666667 0.4041666666666667 0.39557291666666666 0.4009259259259259 0.39375 0.3962962962962963 0.38984375 0.39444444444444443 0.3893229166666667
4 0.6194444444444445 0.09739583333333333 0.6171296296296296 0.0984375 0.6152777777777778 0.10026041666666667 0.6152777777777778 0.1015625 0.6148148148148148 0.10182291666666667 0.6148148148148148 0.10572916666666667 0.6152777777777778 0.10598958333333333 0.6152777777777778 0.10729166666666666 0.6166666666666667 0.10859375 0.6175925925925926 0.1109375 0.6208333333333333 0.11432291666666666 0.6208333333333333 0.11484375 0.625 0.11901041666666666 0.6268518518518519 0.12213541666666666 0.6291666666666667 0.12395833333333334 0.6319444444444444 0.12734375 0.6328703703703704 0.12786458333333334 0.6342592592592593 0.12942708333333333 0.6342592592592593 0.12994791666666666 0.6361111111111111 0.13151041666666666 0.638425925925926 0.134375 0.638425925925926 0.13489583333333333 0.6393518518518518 0.13541666666666666 0.6407407407407407 0.13723958333333333 0.6416666666666667 0.14010416666666667 0.6435185185185185 0.14244791666666667 0.6398148148148148 0.14583333333333334 0.6398148148148148 0.15052083333333333 0.6435185185185185 0.15364583333333334 0.6458333333333334 0.15625 0.6486111111111111 0.15807291666666667 0.65 0.15859375 0.6555555555555556 0.15911458333333334 0.6560185185185186 0.15885416666666666 0.6587962962962963 0.15885416666666666 0.6601851851851852 0.15833333333333333 0.6657407407407407 0.15755208333333334 0.6666666666666666 0.15703125 0.6703703703703704 0.15598958333333332 0.6722222222222223 0.15494791666666666 0.6768518518518518 0.153125 0.6814814814814815 0.15 0.6851851851851852 0.146875 0.6861111111111111 0.14557291666666666 0.6865740740740741 0.14296875 0.687037037037037 0.14270833333333333 0.6861111111111111 0.14088541666666668 0.6819444444444445 0.13723958333333333 0.6782407407407407 0.13463541666666667 0.675 0.13411458333333334 0.6736111111111112 0.13359375 0.6694444444444444 0.13359375 0.6680555555555555 0.13333333333333333 0.6652777777777777 0.13203125 0.6625 0.12838541666666667 0.6620370370370371 0.12708333333333333 0.6583333333333333 0.12473958333333333 0.6509259259259259 0.11614583333333334 0.6504629629629629 0.11484375 0.649537037037037 0.11432291666666666 0.6435185185185185 0.10703125 0.6425925925925926 0.10651041666666666 0.6388888888888888 0.10208333333333333 0.6361111111111111 0.10026041666666667 0.6356481481481482 0.09947916666666666 0.6310185185185185 0.09713541666666667 0.6282407407407408 0.09661458333333334 0.625 0.09661458333333334 0.624537037037037 0.096875 0.6226851851851852 0.096875 0.6222222222222222 0.09713541666666667
1 0.4083333333333333 0.43020833333333336 0.4041666666666667 0.4328125 0.4027777777777778 0.434375 0.4027777777777778 0.4361979166666667 0.40324074074074073 0.43645833333333334 0.40324074074074073 0.43723958333333335 0.40370370370370373 0.4375 0.40370370370370373 0.43802083333333336 0.4041666666666667 0.43828125 0.4046296296296296 0.4395833333333333 0.4060185185185185 0.44088541666666664 0.4060185185185185 0.44140625 0.4064814814814815 0.44166666666666665 0.40694444444444444 0.44296875 0.4083333333333333 0.44453125 0.40925925925925927 0.44505208333333335 0.4111111111111111 0.4471354166666667 0.4111111111111111 0.44765625 0.4125 0.44895833333333335 0.4125 0.44947916666666665 0.4134259259259259 0.45026041666666666 0.4134259259259259 0.4510416666666667 0.41388888888888886 0.4513020833333333 0.41388888888888886 0.45208333333333334 0.41435185185185186 0.45234375 0.41435185185185186 0.453125 0.4148148148148148 0.45338541666666665 0.4148148148148148 0.45416666666666666 0.4152777777777778 0.4544270833333333 0.4152777777777778 0.4557291666666667 0.4148148148148148 0.45598958333333334 0.4148148148148148 0.45703125 0.41435185185185186 0.45729166666666665 0.41435185185185186 0.45859375 0.41388888888888886 0.4588541666666667 0.41435185185185186 0.459375 0.41435185185185186 0.46119791666666665 0.4148148148148148 0.46145833333333336 0.4148148148148148 0.4625 0.4152777777777778 0.4630208333333333 0.4166666666666667 0.46380208333333334 0.4166666666666667 0.4640625 0.41805555555555557 0.46484375 0.41944444444444445 0.46640625 0.41944444444444445 0.4669270833333333 0.4212962962962963 0.46875 0.4212962962962963 0.46927083333333336 0.4217592592592593 0.46953125 0.4217592592592593 0.4700520833333333 0.42268518518518516 0.47109375 0.42407407407407405 0.471875 0.42453703703703705 0.471875 0.42685185185185187 0.47291666666666665 0.4324074074074074 0.47291666666666665 0.43287037037037035 0.47265625 0.43472222222222223 0.47265625 0.4351851851851852 0.47239583333333335 0.43657407407407406 0.47239583333333335 0.43703703703703706 0.47213541666666664 0.44027777777777777 0.471875 0.44074074074074077 0.47161458333333334 0.44166666666666665 0.47161458333333334 0.44212962962962965 0.4713541666666667 0.44305555555555554 0.4713541666666667 0.4444444444444444 0.4708333333333333 0.44537037037037036 0.4708333333333333 0.4462962962962963 0.4705729166666667 0.45046296296296295 0.46822916666666664 0.45092592592592595 0.46822916666666664 0.4537037037037037 0.4666666666666667 0.45416666666666666 0.4666666666666667 0.4537037037037037 0.46640625 0.4537037037037037 0.465625 0.4532407407407407 0.46536458333333336 0.4532407407407407 0.46380208333333334 0.4527777777777778 0.4635416666666667 0.4527777777777778 0.4625 0.45185185185185184 0.46171875 0.45185185185185184 0.46119791666666665 0.4513888888888889 0.4609375 0.4513888888888889 0.46015625 0.45092592592592595 0.45989583333333334 0.45092592592592595 0.4591145833333333 0.45046296296296295 0.4588541666666667 0.45046296296296295 0.45677083333333335 0.45 0.45651041666666664 0.45 0.4546875 0.44907407407407407 0.45416666666666666 0.44814814814814813 0.453125 0.44675925925925924 0.45234375 0.44583333333333336 0.45234375 0.4425925925925926 0.4513020833333333 0.44166666666666665 0.4513020833333333 0.44027777777777777 0.45078125 0.4393518518518518 0.45078125 0.43842592592592594 0.4505208333333333 0.43472222222222223 0.44869791666666664 0.43472222222222223 0.4484375 0.4337962962962963 0.4479166666666667 0.43194444444444446 0.44583333333333336 0.43194444444444446 0.4453125 0.42916666666666664 0.4421875 0.42824074074074076 0.44166666666666665 0.42685185185185187 0.43984375 0.42592592592592593 0.4393229166666667 0.425 0.43828125 0.425 0.43776041666666665 0.42407407407407405 0.43697916666666664 0.4236111111111111 0.4356770833333333 0.42268518518518516 0.43515625 0.4212962962962963 0.43359375 0.4203703703703704 0.43307291666666664 0.41898148148148145 0.43125 0.4162037037037037 0.4296875 0.41203703703703703 0.4296875 0.4115740740740741 0.42994791666666665 0.4097222222222222 0.42994791666666665 0.40925925925925927 0.43020833333333336
4 0.3578703703703704 0.6072916666666667 0.3541666666666667 0.6059895833333333 0.350462962962963 0.60625 0.34629629629629627 0.6072916666666667 0.3453703703703704 0.6078125 0.3439814814814815 0.6104166666666667 0.3439814814814815 0.6122395833333333 0.3435185185185185 0.6125 0.34305555555555556 0.6151041666666667 0.3398148148148148 0.6169270833333333 0.3337962962962963 0.6190104166666667 0.33287037037037037 0.6190104166666667 0.33194444444444443 0.61953125 0.3300925925925926 0.6197916666666666 0.3236111111111111 0.6216145833333333 0.31666666666666665 0.6229166666666667 0.31574074074074077 0.6234375 0.3106481481481482 0.6247395833333333 0.30972222222222223 0.6247395833333333 0.3055555555555556 0.6260416666666667 0.30185185185185187 0.6265625 0.2986111111111111 0.6276041666666666 0.29305555555555557 0.6286458333333333 0.29074074074074074 0.6294270833333333 0.27546296296296297 0.6325520833333333 0.2708333333333333 0.6341145833333334 0.2675925925925926 0.6346354166666667 0.2564814814814815 0.6385416666666667 0.2550925925925926 0.6393229166666666 0.25324074074074077 0.6419270833333334 0.25324074074074077 0.6432291666666666 0.2550925925925926 0.6463541666666667 0.25972222222222224 0.6486979166666667 0.2671296296296296 0.6486979166666667 0.2675925925925926 0.6484375 0.2712962962962963 0.6481770833333333 0.2726851851851852 0.64765625 0.2763888888888889 0.6471354166666666 0.2777777777777778 0.6466145833333333 0.2861111111111111 0.6450520833333333 0.2935185185185185 0.64296875 0.2962962962962963 0.6424479166666667 0.29814814814814816 0.6424479166666667 0.3087962962962963 0.6393229166666666 0.30972222222222223 0.6393229166666666 0.3189814814814815 0.6369791666666667 0.32314814814814813 0.6364583333333333 0.32916666666666666 0.6348958333333333 0.33564814814814814 0.634375 0.33935185185185185 0.6333333333333333 0.34814814814814815 0.6317708333333333 0.3527777777777778 0.6315104166666666 0.35324074074074074 0.63125 0.36157407407407405 0.63125 0.36435185185185187 0.6299479166666667 0.3675925925925926 0.6294270833333333 0.3685185185185185 0.62890625 0.36944444444444446 0.62734375 0.36898148148148147 0.6223958333333334 0.36574074074074076 0.6182291666666667 0.3648148148148148 0.615625 0.36203703703703705 0.6127604166666667 0.36157407407407405 0.6114583333333333 0.35833333333333334 0.6083333333333333
5 0.47824074074074074 0.5734375 0.4740740740740741 0.57578125 0.4708333333333333 0.5794270833333334 0.4708333333333333 0.5799479166666667 0.46944444444444444 0.5817708333333333 0.4689814814814815 0.58359375 0.4685185185185185 0.5838541666666667 0.4703703703703704 0.5861979166666667 0.4726851851851852 0.5875 0.47824074074074074 0.5890625 0.48194444444444445 0.5895833333333333 0.49027777777777776 0.5919270833333333 0.4930555555555556 0.5921875 0.4976851851851852 0.5934895833333333 0.5018518518518519 0.5953125 0.5037037037037037 0.5958333333333333 0.5074074074074074 0.5963541666666666 0.5115740740740741 0.59765625 0.5138888888888888 0.5979166666666667 0.5166666666666667 0.5986979166666667 0.5180555555555556 0.5994791666666667 0.5194444444444445 0.5997395833333333 0.5217592592592593 0.6013020833333333 0.5236111111111111 0.6033854166666667 0.5231481481481481 0.60390625 0.5231481481481481 0.6052083333333333 0.5226851851851851 0.60546875 0.5226851851851851 0.60703125 0.5222222222222223 0.6072916666666667 0.5226851851851851 0.6075520833333333 0.5226851851851851 0.6091145833333333 0.5231481481481481 0.609375 0.5231481481481481 0.6111979166666667 0.5236111111111111 0.6111979166666667 0.5259259259259259 0.6125 0.5314814814814814 0.6138020833333333 0.5337962962962963 0.6138020833333333 0.5370370370370371 0.6130208333333333 0.5407407407407407 0.6111979166666667 0.5412037037037037 0.6096354166666667 0.5449074074074074 0.60546875 0.5458333333333333 0.6036458333333333 0.5472222222222223 0.6020833333333333 0.5481481481481482 0.6015625 0.5513888888888889 0.5973958333333333 0.5523148148148148 0.596875 0.5523148148148148 0.5963541666666666 0.5532407407407407 0.5955729166666667 0.5541666666666667 0.59375 0.5569444444444445 0.5916666666666667 0.5583333333333333 0.5888020833333333 0.5601851851851852 0.5875 0.5601851851851852 0.5869791666666667 0.5611111111111111 0.5861979166666667 0.5611111111111111 0.5856770833333333 0.562037037037037 0.5846354166666666 0.562037037037037 0.5833333333333334 0.5601851851851852 0.5815104166666667 0.5574074074074075 0.5807291666666666 0.5564814814814815 0.5807291666666666 0.5555555555555556 0.5802083333333333 0.5527777777777778 0.5794270833333334 0.5481481481481482 0.57890625 0.5444444444444444 0.58046875 0.5439814814814815 0.5815104166666667 0.5407407407407407 0.58359375 0.5398148148148149 0.58359375 0.5365740740740741 0.584375 0.5347222222222222 0.5838541666666667 0.5328703703703703 0.5838541666666667 0.525 0.5815104166666667 0.524074074074074 0.5815104166666667 0.5208333333333334 0.58046875 0.5175925925925926 0.5799479166666667 0.5148148148148148 0.5791666666666667 0.5138888888888888 0.5786458333333333 0.5111111111111111 0.5783854166666667 0.5023148148148148 0.5755208333333334 0.4981481481481482 0.5752604166666667 0.4930555555555556 0.5736979166666667 0.48842592592592593 0.5729166666666666 0.48703703703703705 0.5723958333333333 0.48194444444444445 0.5723958333333333 0.48009259259259257 0.5731770833333333
2 0.6884259259259259 0.24244791666666668 0.6824074074074075 0.24166666666666667 0.6782407407407407 0.24244791666666668 0.675 0.24427083333333333 0.6722222222222223 0.24765625 0.6694444444444444 0.25390625 0.6675925925925926 0.26067708333333334 0.6657407407407407 0.2640625 0.6638888888888889 0.27109375 0.6615740740740741 0.2755208333333333 0.6569444444444444 0.29140625 0.6541666666666667 0.29739583333333336 0.649074074074074 0.3138020833333333 0.6462962962962963 0.31953125 0.6439814814814815 0.328125 0.6425925925925926 0.3299479166666667 0.6416666666666667 0.33541666666666664 0.6402777777777777 0.3372395833333333 0.638425925925926 0.33828125 0.6300925925925925 0.33984375 0.6268518518518519 0.34140625 0.6259259259259259 0.3424479166666667 0.625 0.3463541666666667 0.6273148148148148 0.3497395833333333 0.6328703703703704 0.3536458333333333 0.637962962962963 0.35546875 0.6462962962962963 0.35572916666666665 0.6537037037037037 0.3541666666666667 0.6564814814814814 0.3541666666666667 0.6611111111111111 0.35494791666666664 0.6657407407407407 0.3546875 0.6694444444444444 0.3533854166666667 0.6722222222222223 0.3497395833333333 0.6717592592592593 0.3455729166666667 0.6685185185185185 0.3424479166666667 0.6662037037037037 0.3375 0.6675925925925926 0.3296875 0.6754629629629629 0.30520833333333336 0.6851851851851852 0.278125 0.6861111111111111 0.27369791666666665 0.6944444444444444 0.2518229166666667 0.6949074074074074 0.24791666666666667 0.6921296296296297 0.24401041666666667
4 0.7472222222222222 0.3497395833333333 0.7444444444444445 0.34817708333333336 0.7407407407407407 0.34739583333333335 0.7319444444444444 0.34765625 0.7240740740740741 0.34921875 0.7129629629629629 0.35052083333333334 0.7083333333333334 0.35182291666666665 0.7 0.3533854166666667 0.6986111111111111 0.35390625 0.6939814814814815 0.35442708333333334 0.687962962962963 0.35572916666666665 0.6861111111111111 0.35572916666666665 0.6814814814814815 0.3567708333333333 0.6763888888888889 0.35703125 0.6759259259259259 0.3572916666666667 0.6736111111111112 0.3572916666666667 0.6731481481481482 0.3575520833333333 0.6708333333333333 0.3575520833333333 0.6703703703703704 0.3578125 0.6666666666666666 0.3575520833333333 0.663425925925926 0.35625 0.6578703703703703 0.35494791666666664 0.6546296296296297 0.35494791666666664 0.6541666666666667 0.3546875 0.6537037037037037 0.35494791666666664 0.6504629629629629 0.35520833333333335 0.6467592592592593 0.35598958333333336 0.6435185185185185 0.35598958333333336 0.6421296296296296 0.35625 0.6402777777777777 0.3580729166666667 0.6388888888888888 0.36041666666666666 0.6388888888888888 0.36171875 0.638425925925926 0.3619791666666667 0.638425925925926 0.3671875 0.6388888888888888 0.36744791666666665 0.6388888888888888 0.3690104166666667 0.6402777777777777 0.37109375 0.6407407407407407 0.3729166666666667 0.6430555555555556 0.37552083333333336 0.6430555555555556 0.37604166666666666 0.6458333333333334 0.37890625 0.649537037037037 0.38125 0.6532407407407408 0.38203125 0.6597222222222222 0.38203125 0.6601851851851852 0.38177083333333334 0.6620370370370371 0.38177083333333334 0.6648148148148149 0.3809895833333333 0.6666666666666666 0.37994791666666666 0.6699074074074074 0.3765625 0.6699074074074074 0.37578125 0.6712962962962963 0.37395833333333334 0.6754629629629629 0.371875 0.6763888888888889 0.371875 0.6800925925925926 0.37083333333333335 0.6814814814814815 0.37083333333333335 0.6833333333333333 0.3703125 0.6861111111111111 0.37005208333333334 0.6888888888888889 0.3692708333333333 0.6935185185185185 0.36875 0.6972222222222222 0.36770833333333336 0.700925925925926 0.36770833333333336 0.7027777777777777 0.36692708333333335 0.7037037037037037 0.36692708333333335 0.7050925925925926 0.36640625 0.7087962962962963 0.36614583333333334 0.7138888888888889 0.3651041666666667 0.7162037037037037 0.3651041666666667 0.7175925925925926 0.3645833333333333 0.7203703703703703 0.36432291666666666 0.7245370370370371 0.36354166666666665 0.725925925925926 0.36302083333333335 0.7324074074074074 0.3619791666666667 0.7347222222222223 0.3611979166666667 0.7356481481481482 0.3611979166666667 0.7375 0.36041666666666666 0.7398148148148148 0.36015625 0.7435185185185185 0.35911458333333335 0.7467592592592592 0.3572916666666667 0.7467592592592592 0.35651041666666666 0.7476851851851852 0.35546875 0.7481481481481481 0.35260416666666666 0.7476851851851852 0.35234375
3 0.8115740740740741 0.15807291666666667 0.8097222222222222 0.15807291666666667 0.8092592592592592 0.15833333333333333 0.8074074074074075 0.15833333333333333 0.8069444444444445 0.15859375 0.8050925925925926 0.15859375 0.8027777777777778 0.15911458333333334 0.8004629629629629 0.15911458333333334 0.8 0.159375 0.7972222222222223 0.15963541666666667 0.7949074074074074 0.16041666666666668 0.7861111111111111 0.16197916666666667 0.7722222222222223 0.16588541666666667 0.7666666666666667 0.16796875 0.763425925925926 0.16979166666666667 0.762962962962963 0.1703125 0.762962962962963 0.17161458333333332 0.7625 0.171875 0.7625 0.1734375 0.7620370370370371 0.17369791666666667 0.763425925925926 0.17578125 0.763425925925926 0.1765625 0.7662037037037037 0.17890625 0.7712962962962963 0.18151041666666667 0.775 0.18203125 0.7787037037037037 0.18307291666666667 0.7796296296296297 0.18359375 0.7824074074074074 0.18854166666666666 0.7856481481481481 0.19192708333333333 0.7865740740740741 0.19401041666666666 0.788425925925926 0.19583333333333333 0.7888888888888889 0.19713541666666667 0.7898148148148149 0.19791666666666666 0.7907407407407407 0.2 0.7921296296296296 0.2015625 0.7921296296296296 0.20234375 0.7925925925925926 0.20260416666666667 0.7939814814814815 0.20546875 0.7962962962962963 0.20807291666666666 0.7962962962962963 0.20859375 0.7986111111111112 0.2109375 0.8013888888888889 0.21276041666666667 0.8032407407407407 0.21328125 0.8055555555555556 0.21328125 0.8060185185185185 0.21354166666666666 0.812037037037037 0.21302083333333333 0.8157407407407408 0.21145833333333333 0.8189814814814815 0.21067708333333332 0.8199074074074074 0.21015625 0.825925925925926 0.20885416666666667 0.8287037037037037 0.20729166666666668 0.8300925925925926 0.20598958333333334 0.8300925925925926 0.20520833333333333 0.8305555555555556 0.20494791666666667 0.8296296296296296 0.20104166666666667 0.8277777777777777 0.19869791666666667 0.8277777777777777 0.19791666666666666 0.8263888888888888 0.19583333333333333 0.825925925925926 0.19348958333333333 0.8199074074074074 0.18359375 0.8189814814814815 0.18020833333333333 0.8185185185185185 0.17994791666666668 0.8185185185185185 0.17890625 0.8175925925925925 0.17760416666666667 0.8175925925925925 0.1734375 0.8208333333333333 0.17161458333333332 0.8212962962962963 0.17161458333333332 0.8240740740740741 0.16979166666666667 0.8236111111111111 0.16953125 0.8236111111111111 0.16640625 0.8231481481481482 0.16614583333333333 0.8231481481481482 0.16510416666666666 0.8222222222222222 0.1640625 0.8217592592592593 0.1625 0.8185185185185185 0.159375 0.8148148148148148 0.15833333333333333 0.812037037037037 0.15833333333333333
2 0.6851851851851852 0.4859375 0.6787037037037037 0.48463541666666665 0.6736111111111112 0.4828125 0.6694444444444444 0.4828125 0.663425925925926 0.4861979166666667 0.6638888888888889 0.4901041666666667 0.6671296296296296 0.49375 0.6638888888888889 0.4986979166666667 0.6606481481481481 0.5010416666666667 0.65 0.5111979166666667 0.6462962962962963 0.5138020833333333 0.6328703703703704 0.5265625 0.625462962962963 0.5322916666666667 0.6069444444444444 0.5497395833333333 0.6027777777777777 0.5528645833333333 0.5800925925925926 0.5739583333333333 0.5768518518518518 0.5760416666666667 0.5726851851851852 0.5799479166666667 0.5708333333333333 0.5841145833333333 0.5722222222222222 0.5859375 0.5768518518518518 0.58828125 0.5800925925925926 0.5893229166666667 0.5842592592592593 0.5893229166666667 0.5916666666666667 0.5872395833333334 0.5990740740740741 0.5796875 0.6078703703703704 0.57265625 0.6189814814814815 0.5619791666666667 0.6226851851851852 0.559375 0.624537037037037 0.5567708333333333 0.6398148148148148 0.5421875 0.6550925925925926 0.5294270833333333 0.6569444444444444 0.5270833333333333 0.6685185185185185 0.51796875 0.6833333333333333 0.5044270833333333 0.6893518518518519 0.5010416666666667 0.6967592592592593 0.5005208333333333 0.700925925925926 0.5010416666666667 0.7018518518518518 0.5 0.7050925925925926 0.4984375 0.7050925925925926 0.49661458333333336 0.7032407407407407 0.4940104166666667 0.6962962962962963 0.48984375
3 0.6425925925925926 0.62109375 0.638425925925926 0.6216145833333333 0.6337962962962963 0.6229166666666667 0.6328703703703704 0.6236979166666666 0.6300925925925925 0.6247395833333333 0.6273148148148148 0.62734375 0.6273148148148148 0.6278645833333333 0.6240740740740741 0.63125 0.6240740740740741 0.6317708333333333 0.6185185185185185 0.63828125 0.6138888888888889 0.6421875 0.6129629629629629 0.6440104166666667 0.6087962962962963 0.6481770833333333 0.6078703703703704 0.65 0.6069444444444444 0.6505208333333333 0.5958333333333333 0.6510416666666666 0.5935185185185186 0.6518229166666667 0.5916666666666667 0.6520833333333333 0.5884259259259259 0.6541666666666667 0.5884259259259259 0.6546875 0.5875 0.6552083333333333 0.5861111111111111 0.65703125 0.5856481481481481 0.6591145833333333 0.5851851851851851 0.659375 0.5851851851851851 0.6622395833333333 0.5875 0.66484375 0.5925925925925926 0.6677083333333333 0.5958333333333333 0.6690104166666667 0.5967592592592592 0.6697916666666667 0.5986111111111111 0.6705729166666666 0.6018518518518519 0.6713541666666667 0.6069444444444444 0.6734375 0.6129629629629629 0.6747395833333333 0.6138888888888889 0.6752604166666667 0.6189814814814815 0.6765625 0.6231481481481481 0.678125 0.6342592592592593 0.6802083333333333 0.637962962962963 0.6799479166666667 0.6402777777777777 0.6791666666666667 0.6435185185185185 0.67734375 0.6453703703703704 0.675 0.6462962962962963 0.6744791666666666 0.6467592592592593 0.6736979166666667 0.6472222222222223 0.6684895833333333 0.6476851851851851 0.6682291666666667 0.6476851851851851 0.6653645833333334 0.6472222222222223 0.6651041666666667 0.6462962962962963 0.6622395833333333 0.6453703703703704 0.6611979166666667 0.6449074074074074 0.6583333333333333 0.6444444444444445 0.6580729166666667 0.6458333333333334 0.6559895833333333 0.6462962962962963 0.6541666666666667 0.6476851851851851 0.6528645833333333 0.6476851851851851 0.65234375 0.6486111111111111 0.6518229166666667 0.6504629629629629 0.6497395833333334 0.6513888888888889 0.64765625 0.6532407407407408 0.6455729166666667 0.6541666666666667 0.6450520833333333 0.6583333333333333 0.6401041666666667 0.6583333333333333 0.6395833333333333 0.6597222222222222 0.6380208333333334 0.6601851851851852 0.6364583333333333 0.6611111111111111 0.6356770833333333 0.6638888888888889 0.6309895833333333 0.663425925925926 0.6296875 0.6611111111111111 0.6270833333333333 0.6569444444444444 0.6247395833333333 0.6518518518518519 0.6229166666666667 0.6509259259259259 0.6229166666666667 0.6476851851851851 0.621875 0.6430555555555556 0.6213541666666667
4 0.7356481481481482 0.3997395833333333 0.7319444444444444 0.40182291666666664 0.725925925925926 0.4041666666666667 0.725925925925926 0.4044270833333333 0.7194444444444444 0.4080729166666667 0.7180555555555556 0.40963541666666664 0.7138888888888889 0.4122395833333333 0.7111111111111111 0.415625 0.7134259259259259 0.4197916666666667 0.7171296296296297 0.42135416666666664 0.7208333333333333 0.42239583333333336 0.725462962962963 0.42265625 0.7277777777777777 0.42213541666666665 0.7319444444444444 0.42213541666666665 0.7384259259259259 0.4239583333333333 0.7486111111111111 0.42942708333333335 0.750462962962963 0.43125 0.750462962962963 0.4317708333333333 0.7518518518518519 0.43333333333333335 0.7555555555555555 0.4354166666666667 0.7583333333333333 0.4361979166666667 0.763425925925926 0.43828125 0.7703703703703704 0.44244791666666666 0.7703703703703704 0.4427083333333333 0.7759259259259259 0.4453125 0.7787037037037037 0.4471354166666667 0.7856481481481481 0.45078125 0.7902777777777777 0.45234375 0.7930555555555555 0.45260416666666664 0.7949074074074074 0.453125 0.7972222222222223 0.453125 0.7976851851851852 0.45338541666666665 0.8032407407407407 0.45234375 0.8064814814814815 0.45078125 0.8083333333333333 0.4479166666666667 0.8083333333333333 0.4466145833333333 0.8060185185185185 0.4432291666666667 0.8009259259259259 0.44036458333333334 0.7944444444444444 0.4356770833333333 0.7671296296296296 0.42083333333333334 0.763425925925926 0.41744791666666664 0.7625 0.4171875 0.7537037037037037 0.4119791666666667 0.7537037037037037 0.409375 0.7532407407407408 0.40911458333333334 0.7532407407407408 0.40520833333333334 0.7537037037037037 0.4049479166666667 0.7537037037037037 0.4041666666666667 0.7518518518518519 0.40234375 0.7439814814814815 0.39921875 0.7425925925925926 0.39947916666666666 0.737037037037037 0.39947916666666666
2 0.7574074074074074 0.4510416666666667 0.7523148148148148 0.44635416666666666 0.7472222222222222 0.4427083333333333 0.7402777777777778 0.44140625 0.736574074074074 0.44192708333333336 0.7333333333333333 0.4434895833333333 0.7291666666666666 0.4505208333333333 0.7263888888888889 0.45208333333333334 0.7050925925925926 0.4583333333333333 0.700925925925926 0.4588541666666667 0.687037037037037 0.46197916666666666 0.6736111111111112 0.4661458333333333 0.6694444444444444 0.4666666666666667 0.6657407407407407 0.46796875 0.6597222222222222 0.46875 0.6421296296296296 0.47369791666666666 0.6277777777777778 0.47682291666666665 0.6138888888888889 0.48098958333333336 0.6060185185185185 0.4822916666666667 0.6032407407407407 0.48333333333333334 0.5990740740740741 0.48385416666666664 0.5902777777777778 0.4859375 0.5805555555555556 0.48880208333333336 0.5763888888888888 0.48932291666666666 0.5634259259259259 0.4940104166666667 0.562962962962963 0.4979166666666667 0.5657407407407408 0.5015625 0.5689814814814815 0.503125 0.575925925925926 0.5036458333333333 0.5796296296296296 0.5033854166666667 0.5912037037037037 0.5010416666666667 0.6041666666666666 0.49713541666666666 0.6143518518518518 0.49505208333333334 0.6273148148148148 0.4908854166666667 0.6328703703703704 0.4901041666666667 0.6425925925925926 0.4875 0.6611111111111111 0.484375 0.6652777777777777 0.4828125 0.6726851851851852 0.48125 0.6791666666666667 0.4786458333333333 0.6847222222222222 0.47734375 0.6902777777777778 0.4752604166666667 0.7125 0.4705729166666667 0.7203703703703703 0.46822916666666664 0.7245370370370371 0.46796875 0.7356481481481482 0.4661458333333333 0.7472222222222222 0.4669270833333333 0.7513888888888889 0.46822916666666664 0.7555555555555555 0.46770833333333334 0.7592592592592593 0.4666666666666667 0.7615740740740741 0.4630208333333333 0.7611111111111111 0.4583333333333333
5 0.737037037037037 0.559375 0.7305555555555555 0.559375 0.7300925925925926 0.5596354166666667 0.7282407407407407 0.5596354166666667 0.7263888888888889 0.56015625 0.7240740740740741 0.5614583333333333 0.7212962962962963 0.5651041666666666 0.7212962962962963 0.5658854166666667 0.7203703703703703 0.5669270833333333 0.7189814814814814 0.5708333333333333 0.7180555555555556 0.571875 0.7180555555555556 0.5729166666666666 0.7166666666666667 0.5747395833333333 0.7166666666666667 0.5755208333333334 0.7157407407407408 0.5765625 0.7157407407407408 0.57734375 0.7148148148148148 0.5783854166666667 0.7138888888888889 0.58125 0.7129629629629629 0.5822916666666667 0.7129629629629629 0.5830729166666667 0.7125 0.5833333333333334 0.7125 0.5841145833333333 0.712037037037037 0.584375 0.7111111111111111 0.5864583333333333 0.7092592592592593 0.5885416666666666 0.7078703703703704 0.5893229166666667 0.7050925925925926 0.5901041666666667 0.7018518518518518 0.5901041666666667 0.7013888888888888 0.5903645833333333 0.6995370370370371 0.5903645833333333 0.6990740740740741 0.590625 0.6967592592592593 0.5908854166666667 0.6935185185185185 0.5927083333333333 0.6916666666666667 0.5955729166666667 0.6912037037037037 0.59921875 0.6907407407407408 0.5994791666666667 0.6912037037037037 0.5997395833333333 0.6912037037037037 0.60078125 0.6916666666666667 0.6010416666666667 0.6916666666666667 0.6018229166666667 0.6921296296296297 0.6020833333333333 0.6925925925925925 0.6033854166666667 0.6958333333333333 0.60546875 0.6958333333333333 0.6057291666666667 0.6995370370370371 0.6072916666666667 0.7018518518518518 0.6078125 0.7055555555555556 0.6080729166666666 0.7087962962962963 0.6091145833333333 0.7097222222222223 0.6091145833333333 0.7125 0.6098958333333333 0.7134259259259259 0.6098958333333333 0.7166666666666667 0.6106770833333334 0.7180555555555556 0.6106770833333334 0.7199074074074074 0.6111979166666667 0.7240740740740741 0.6114583333333333 0.7245370370370371 0.61171875 0.7268518518518519 0.61171875 0.7273148148148149 0.6119791666666666 0.7300925925925926 0.6119791666666666 0.7305555555555555 0.6122395833333333 0.7333333333333333 0.6122395833333333 0.7337962962962963 0.6119791666666666 0.7356481481481482 0.6119791666666666 0.7361111111111112 0.61171875 0.7439814814814815 0.6111979166666667 0.7476851851851852 0.61015625 0.7518518518518519 0.6075520833333333 0.7518518518518519 0.6046875 0.7523148148148148 0.6044270833333333 0.7523148148148148 0.603125 0.7518518518518519 0.6028645833333334 0.7518518518518519 0.6018229166666667 0.7513888888888889 0.6015625 0.7509259259259259 0.6 0.7486111111111111 0.5973958333333333 0.7481481481481481 0.59609375 0.7458333333333333 0.5942708333333333 0.7458333333333333 0.59375 0.7449074074074075 0.5927083333333333 0.7449074074074075 0.58984375 0.7453703703703703 0.5895833333333333 0.7453703703703703 0.5877604166666667 0.7458333333333333 0.5875 0.7472222222222222 0.58359375 0.7476851851851852 0.5833333333333334 0.7486111111111111 0.5807291666666666 0.7490740740740741 0.58046875 0.749537037037037 0.5778645833333333 0.75 0.5776041666666667 0.75 0.5763020833333333 0.750462962962963 0.5760416666666667 0.750462962962963 0.575 0.7513888888888889 0.5736979166666667 0.7513888888888889 0.57265625 0.7518518518518519 0.5723958333333333 0.7518518518518519 0.5713541666666667 0.7523148148148148 0.57109375 0.7523148148148148 0.5700520833333333 0.7527777777777778 0.5697916666666667 0.7527777777777778 0.56875 0.7532407407407408 0.5684895833333333 0.7532407407407408 0.5643229166666667 0.7513888888888889 0.5622395833333333 0.7472222222222222 0.5609375 0.7458333333333333 0.5609375 0.7416666666666667 0.5598958333333334 0.7375 0.5596354166666667
6 0.7361111111111112 0.6411458333333333 0.7347222222222223 0.6419270833333334 0.7342592592592593 0.6419270833333334 0.7324074074074074 0.64296875 0.7324074074074074 0.6432291666666666 0.7268518518518519 0.6463541666666667 0.7268518518518519 0.6466145833333333 0.725925925925926 0.6471354166666666 0.7236111111111111 0.65 0.7208333333333333 0.6520833333333333 0.7208333333333333 0.65234375 0.7189814814814814 0.6541666666666667 0.7189814814814814 0.65546875 0.7185185185185186 0.6557291666666667 0.7185185185185186 0.65703125 0.7180555555555556 0.6572916666666667 0.7180555555555556 0.6583333333333333 0.7194444444444444 0.6596354166666667 0.7194444444444444 0.66015625 0.7199074074074074 0.6604166666666667 0.7199074074074074 0.6606770833333333 0.7203703703703703 0.6609375 0.7203703703703703 0.6614583333333334 0.7212962962962963 0.6622395833333333 0.7212962962962963 0.6627604166666666 0.7217592592592592 0.6630208333333333 0.7217592592592592 0.6638020833333333 0.7222222222222222 0.6640625 0.7222222222222222 0.6645833333333333 0.7226851851851852 0.66484375 0.7231481481481481 0.6661458333333333 0.7240740740740741 0.6666666666666666 0.7245370370370371 0.6674479166666667 0.7324074074074074 0.671875 0.7328703703703704 0.671875 0.7333333333333333 0.6721354166666667 0.7342592592592593 0.6721354166666667 0.7361111111111112 0.6729166666666667 0.736574074074074 0.6729166666666667 0.7388888888888889 0.6736979166666667 0.7402777777777778 0.6736979166666667 0.7407407407407407 0.6739583333333333 0.7416666666666667 0.6739583333333333 0.7421296296296296 0.67421875 0.7435185185185185 0.67421875 0.7439814814814815 0.6744791666666666 0.7467592592592592 0.6744791666666666 0.7472222222222222 0.6747395833333333 0.7513888888888889 0.6747395833333333 0.7518518518518519 0.675 0.7527777777777778 0.675 0.7532407407407408 0.6747395833333333 0.7587962962962963 0.6747395833333333 0.7592592592592593 0.6744791666666666 0.763425925925926 0.6744791666666666 0.7638888888888888 0.67421875 0.7643518518518518 0.67421875 0.7662037037037037 0.6731770833333334 0.7666666666666667 0.6731770833333334 0.7675925925925926 0.67265625 0.7680555555555556 0.671875 0.7708333333333334 0.6697916666666667 0.7708333333333334 0.66953125 0.7717592592592593 0.66875 0.7717592592592593 0.6682291666666667 0.7726851851851851 0.6674479166666667 0.7726851851851851 0.6669270833333333 0.7736111111111111 0.6661458333333333 0.7736111111111111 0.6653645833333334 0.774537037037037 0.6645833333333333 0.774537037037037 0.6640625 0.775 0.6638020833333333 0.775 0.6635416666666667 0.7763888888888889 0.6622395833333333 0.7763888888888889 0.66171875 0.7768518518518519 0.6614583333333334 0.7768518518518519 0.66015625 0.7773148148148148 0.6598958333333333 0.7773148148148148 0.65859375 0.7777777777777778 0.6583333333333333 0.7777777777777778 0.6578125 0.7773148148148148 0.6575520833333334 0.7773148148148148 0.65625 0.7768518518518519 0.6559895833333333 0.7768518518518519 0.6546875 0.7763888888888889 0.6544270833333333 0.7759259259259259 0.653125 0.774537037037037 0.6518229166666667 0.774074074074074 0.6505208333333333 0.7717592592592593 0.6481770833333333 0.7717592592592593 0.64765625 0.7712962962962963 0.6473958333333333 0.7708333333333334 0.6466145833333333 0.7694444444444445 0.6458333333333334 0.7694444444444445 0.6455729166666667 0.763425925925926 0.6424479166666667 0.7620370370370371 0.6424479166666667 0.7615740740740741 0.6421875 0.7601851851851852 0.6421875 0.7597222222222222 0.6419270833333334 0.7583333333333333 0.6419270833333334 0.7578703703703704 0.6416666666666667 0.7560185185185185 0.6416666666666667 0.7555555555555555 0.64140625 0.7541666666666667 0.64140625 0.7537037037037037 0.6411458333333333 0.7518518518518519 0.6411458333333333 0.7513888888888889 0.6408854166666667 0.7481481481481481 0.6408854166666667 0.7476851851851852 0.640625 0.7472222222222222 0.640625 0.7467592592592592 0.6408854166666667 0.7384259259259259 0.6408854166666667 0.7379629629629629 0.6411458333333333
2 0.8671296296296296 0.521875 0.8574074074074074 0.5223958333333333 0.8546296296296296 0.525 0.8532407407407407 0.52890625 0.8541666666666666 0.5299479166666666 0.861574074074074 0.53359375 0.8625 0.5369791666666667 0.862037037037037 0.5419270833333333 0.8592592592592593 0.5481770833333334 0.8546296296296296 0.5692708333333333 0.850925925925926 0.58046875 0.8449074074074074 0.6067708333333334 0.8425925925925926 0.6111979166666667 0.8375 0.6333333333333333 0.8375 0.6354166666666666 0.8398148148148148 0.6388020833333333 0.8453703703703703 0.640625 0.8527777777777777 0.64140625 0.8569444444444444 0.6408854166666667 0.8611111111111112 0.6385416666666667 0.8634259259259259 0.63359375 0.8685185185185185 0.6138020833333333 0.8722222222222222 0.6059895833333333 0.874537037037037 0.5963541666666666 0.875462962962963 0.5869791666666667 0.8819444444444444 0.5703125 0.8842592592592593 0.5598958333333334 0.8842592592592593 0.55625 0.888425925925926 0.540625 0.8921296296296296 0.53671875 0.8949074074074074 0.5356770833333333 0.9004629629629629 0.5346354166666667 0.9018518518518519 0.5333333333333333 0.9027777777777778 0.5296875 0.9009259259259259 0.5268229166666667 0.8976851851851851 0.5252604166666667 0.8819444444444444 0.5229166666666667 0.8763888888888889 0.5229166666666667
4 0.9851851851851852 0.3377604166666667 0.9824074074074074 0.3359375 0.9796296296296296 0.33541666666666664 0.9773148148148149 0.3346354166666667 0.9763888888888889 0.3346354166666667 0.975 0.3341145833333333 0.9689814814814814 0.3341145833333333 0.9685185185185186 0.334375 0.9638888888888889 0.3346354166666667 0.9597222222222223 0.33567708333333335 0.9555555555555556 0.3359375 0.950462962962963 0.33697916666666666 0.9467592592592593 0.3372395833333333 0.9356481481481481 0.33932291666666664 0.9314814814814815 0.33958333333333335 0.9310185185185185 0.33984375 0.9277777777777778 0.33984375 0.924074074074074 0.340625 0.9222222222222223 0.340625 0.9217592592592593 0.34088541666666666 0.9180555555555555 0.3411458333333333 0.9162037037037037 0.3416666666666667 0.9143518518518519 0.3416666666666667 0.9125 0.3421875 0.9087962962962963 0.3419270833333333 0.9050925925925926 0.3411458333333333 0.9037037037037037 0.3411458333333333 0.9013888888888889 0.340625 0.899537037037037 0.340625 0.899074074074074 0.34036458333333336 0.8972222222222223 0.34036458333333336 0.8967592592592593 0.34010416666666665 0.8944444444444445 0.34010416666666665 0.8939814814814815 0.33984375 0.888425925925926 0.33984375 0.887962962962963 0.34010416666666665 0.8856481481481482 0.34010416666666665 0.8828703703703704 0.340625 0.8800925925925925 0.3416666666666667 0.8763888888888889 0.3463541666666667 0.8763888888888889 0.34713541666666664 0.875 0.3494791666666667 0.875 0.35182291666666665 0.874537037037037 0.35208333333333336 0.874537037037037 0.35390625 0.875 0.3541666666666667 0.8759259259259259 0.35703125 0.8782407407407408 0.35963541666666665 0.8787037037037037 0.3609375 0.8805555555555555 0.36276041666666664 0.8847222222222222 0.3651041666666667 0.888425925925926 0.36614583333333334 0.8930555555555556 0.36640625 0.8935185185185185 0.36666666666666664 0.8967592592592593 0.36666666666666664 0.8981481481481481 0.36614583333333334 0.9046296296296297 0.3651041666666667 0.9078703703703703 0.36302083333333335 0.9115740740740741 0.35859375 0.9157407407407407 0.35625 0.9180555555555555 0.35598958333333336 0.9194444444444444 0.35546875 0.924074074074074 0.35520833333333335 0.9273148148148148 0.35442708333333334 0.9287037037037037 0.35442708333333334 0.9305555555555556 0.35390625 0.9356481481481481 0.3533854166666667 0.9412037037037037 0.35234375 0.9430555555555555 0.35234375 0.9435185185185185 0.35208333333333336 0.9453703703703704 0.35208333333333336 0.9476851851851852 0.3515625 0.9513888888888888 0.35130208333333335 0.9541666666666667 0.35052083333333334 0.9592592592592593 0.35052083333333334 0.9634259259259259 0.34921875 0.9662037037037037 0.34869791666666666 0.9675925925925926 0.34869791666666666 0.9680555555555556 0.3484375 0.9722222222222222 0.34817708333333336 0.9787037037037037 0.346875 0.9810185185185185 0.3458333333333333 0.9824074074074074 0.3455729166666667 0.9842592592592593 0.34348958333333335 0.9861111111111112 0.3421875 0.9861111111111112 0.33984375 0.9856481481481482 0.33958333333333335
3 0.888425925925926 0.56015625 0.8865740740740741 0.5611979166666666 0.8851851851851852 0.5627604166666667 0.8842592592592593 0.5643229166666667 0.8842592592592593 0.5651041666666666 0.8837962962962963 0.5653645833333333 0.8833333333333333 0.5677083333333334 0.8828703703703704 0.56796875 0.8828703703703704 0.5734375 0.8837962962962963 0.575 0.8851851851851852 0.5760416666666667 0.8875 0.5799479166666667 0.8870370370370371 0.5802083333333333 0.8865740740740741 0.5830729166666667 0.8856481481481482 0.5846354166666666 0.8851851851851852 0.5877604166666667 0.8833333333333333 0.58984375 0.8828703703703704 0.59140625 0.8782407407407408 0.5986979166666667 0.8782407407407408 0.5994791666666667 0.8777777777777778 0.5997395833333333 0.8777777777777778 0.6005208333333333 0.8773148148148148 0.60078125 0.8773148148148148 0.6015625 0.8759259259259259 0.60390625 0.875 0.6075520833333333 0.875462962962963 0.6078125 0.875462962962963 0.6088541666666667 0.8768518518518519 0.6111979166666667 0.8800925925925925 0.6125 0.8865740740740741 0.61328125 0.8870370370370371 0.6135416666666667 0.888425925925926 0.6135416666666667 0.8921296296296296 0.6145833333333334 0.8935185185185185 0.6145833333333334 0.8958333333333334 0.6151041666666667 0.9004629629629629 0.6151041666666667 0.9009259259259259 0.61484375 0.9041666666666667 0.6145833333333334 0.9097222222222222 0.6111979166666667 0.9120370370370371 0.60859375 0.9120370370370371 0.6080729166666666 0.9148148148148149 0.6052083333333333 0.9148148148148149 0.6046875 0.9166666666666666 0.6028645833333334 0.9175925925925926 0.6013020833333333 0.9175925925925926 0.6005208333333333 0.9180555555555555 0.6002604166666666 0.9180555555555555 0.5994791666666667 0.9208333333333333 0.5963541666666666 0.9222222222222223 0.5940104166666667 0.9222222222222223 0.5932291666666667 0.924074074074074 0.590625 0.924074074074074 0.58984375 0.9259259259259259 0.5872395833333334 0.9259259259259259 0.5864583333333333 0.9268518518518518 0.5854166666666667 0.9287037037037037 0.584375 0.9310185185185185 0.58359375 0.9356481481481481 0.5833333333333334 0.9361111111111111 0.58359375 0.9393518518518519 0.5838541666666667 0.9425925925925925 0.5828125 0.9435185185185185 0.5822916666666667 0.9458333333333333 0.5796875 0.9472222222222222 0.57578125 0.9467592592592593 0.5755208333333334 0.9467592592592593 0.5739583333333333 0.9458333333333333 0.5723958333333333 0.9435185185185185 0.5713541666666667 0.9388888888888889 0.5700520833333333 0.9333333333333333 0.5690104166666666 0.9282407407407407 0.5674479166666667 0.9087962962962963 0.5640625 0.9064814814814814 0.56328125 0.9046296296296297 0.5622395833333333 0.9 0.56171875 0.8967592592592593 0.5604166666666667 0.8893518518518518 0.5604166666666667
4 0.9078703703703703 0.2518229166666667 0.9078703703703703 0.25364583333333335 0.9074074074074074 0.25390625 0.9074074074074074 0.2557291666666667 0.9069444444444444 0.2559895833333333 0.9069444444444444 0.2609375 0.9074074074074074 0.26119791666666664 0.9074074074074074 0.26223958333333336 0.9083333333333333 0.2635416666666667 0.912962962962963 0.26458333333333334 0.9166666666666666 0.26484375 0.9171296296296296 0.26510416666666664 0.9189814814814815 0.26510416666666664 0.9194444444444444 0.26536458333333335 0.9277777777777778 0.26536458333333335 0.9333333333333333 0.2638020833333333 0.9384259259259259 0.26119791666666664 0.9412037037037037 0.26119791666666664 0.9416666666666667 0.26145833333333335 0.9439814814814815 0.26145833333333335 0.9444444444444444 0.26171875 0.9472222222222222 0.26171875 0.9495370370370371 0.26223958333333336 0.9546296296296296 0.26223958333333336 0.9592592592592593 0.26328125 0.9625 0.26328125 0.9629629629629629 0.2635416666666667 0.9648148148148148 0.2635416666666667 0.9652777777777778 0.2638020833333333 0.9699074074074074 0.2640625 0.9703703703703703 0.2643229166666667 0.9717592592592592 0.2643229166666667 0.9736111111111111 0.26484375 0.975 0.26484375 0.9773148148148149 0.26536458333333335 0.9791666666666666 0.26536458333333335 0.9824074074074074 0.26614583333333336 0.9837962962962963 0.26614583333333336 0.9861111111111112 0.2669270833333333 0.9875 0.2669270833333333 0.9893518518518518 0.2674479166666667 0.9921296296296296 0.2674479166666667 0.9925925925925926 0.2677083333333333 0.999537037037037 0.2677083333333333 0.999537037037037 0.25416666666666665 0.9976851851851852 0.25416666666666665 0.9962962962962963 0.25364583333333335 0.9953703703703703 0.25364583333333335 0.9935185185185185 0.253125 0.9916666666666667 0.253125 0.9893518518518518 0.2526041666666667 0.9847222222222223 0.25234375 0.9828703703703704 0.2518229166666667 0.9777777777777777 0.2513020833333333 0.9745370370370371 0.25052083333333336 0.9731481481481481 0.25052083333333336 0.9726851851851852 0.25026041666666665 0.9699074074074074 0.25 0.9666666666666667 0.24895833333333334 0.9638888888888889 0.24895833333333334 0.9634259259259259 0.24869791666666666 0.961574074074074 0.24869791666666666 0.9611111111111111 0.2484375 0.9592592592592593 0.2484375 0.9587962962962963 0.24817708333333333 0.9541666666666667 0.24791666666666667 0.950462962962963 0.246875 0.9481481481481482 0.24661458333333333 0.9462962962962963 0.24583333333333332 0.9458333333333333 0.24479166666666666 0.9449074074074074 0.24401041666666667 0.9449074074074074 0.24348958333333334 0.9430555555555555 0.24140625 0.9402777777777778 0.23984375 0.937962962962963 0.23932291666666666 0.9365740740740741 0.23932291666666666 0.9361111111111111 0.2390625 0.925 0.23932291666666666 0.924537037037037 0.2390625 0.9236111111111112 0.2390625 0.9231481481481482 0.23932291666666666 0.9217592592592593 0.23932291666666666 0.9194444444444444 0.23984375 0.9157407407407407 0.2421875 0.9138888888888889 0.24375 0.913425925925926 0.24479166666666666 0.9106481481481481 0.24765625 0.9106481481481481 0.24817708333333333 0.9097222222222222 0.24895833333333334 0.9092592592592592 0.25026041666666665
1 0.9893518518518518 0.5942708333333333 0.9884259259259259 0.59375 0.986574074074074 0.59140625 0.9842592592592593 0.5901041666666667 0.9842592592592593 0.58984375 0.9824074074074074 0.5885416666666666 0.9819444444444444 0.5877604166666667 0.9814814814814815 0.5877604166666667 0.9787037037037037 0.5861979166666667 0.9787037037037037 0.5859375 0.975462962962963 0.5838541666666667 0.9745370370370371 0.58359375 0.9680555555555556 0.58359375 0.9675925925925926 0.5838541666666667 0.9662037037037037 0.5838541666666667 0.9648148148148148 0.5846354166666666 0.9634259259259259 0.5848958333333333 0.962037037037037 0.5856770833333333 0.961574074074074 0.5856770833333333 0.9597222222222223 0.58671875 0.9560185185185185 0.5877604166666667 0.9550925925925926 0.5877604166666667 0.9532407407407407 0.58828125 0.9518518518518518 0.58828125 0.95 0.5890625 0.95 0.5893229166666667 0.9490740740740741 0.58984375 0.9476851851851852 0.59140625 0.9476851851851852 0.5924479166666666 0.9472222222222222 0.5927083333333333 0.9472222222222222 0.5940104166666667 0.9467592592592593 0.5942708333333333 0.9467592592592593 0.5947916666666667 0.9458333333333333 0.5958333333333333 0.9425925925925925 0.5966145833333333 0.9375 0.5986979166666667 0.9361111111111111 0.5989583333333334 0.9351851851851852 0.5994791666666667 0.9314814814814815 0.6005208333333333 0.9291666666666667 0.6015625 0.9222222222222223 0.6033854166666667 0.9194444444444444 0.6046875 0.9180555555555555 0.6049479166666667 0.9162037037037037 0.6059895833333333 0.9157407407407407 0.6059895833333333 0.9152777777777777 0.6065104166666667 0.913425925925926 0.6072916666666667 0.913425925925926 0.6078125 0.912962962962963 0.6080729166666666 0.912962962962963 0.6088541666666667 0.9125 0.6091145833333333 0.9125 0.61015625 0.9120370370370371 0.6104166666666667 0.9120370370370371 0.6114583333333333 0.912962962962963 0.6119791666666666 0.9138888888888889 0.6130208333333333 0.9166666666666666 0.6145833333333334 0.9171296296296296 0.6145833333333334 0.9180555555555555 0.6151041666666667 0.9189814814814815 0.6153645833333333 0.9236111111111112 0.6153645833333333 0.924074074074074 0.6151041666666667 0.925 0.6151041666666667 0.9254629629629629 0.61484375 0.9277777777777778 0.6145833333333334 0.9287037037037037 0.6140625 0.9319444444444445 0.61328125 0.9328703703703703 0.6127604166666667 0.9458333333333333 0.6091145833333333 0.9467592592592593 0.60859375 0.9495370370370371 0.6078125 0.950925925925926 0.60703125 0.9527777777777777 0.60703125 0.9532407407407407 0.6067708333333334 0.9546296296296296 0.6067708333333334 0.9555555555555556 0.6065104166666667 0.9569444444444445 0.6057291666666667 0.9574074074074074 0.6057291666666667 0.9592592592592593 0.6049479166666667 0.962037037037037 0.6049479166666667 0.9625 0.6046875 0.9671296296296297 0.60625 0.9712962962962963 0.60625 0.9722222222222222 0.6057291666666667 0.9740740740740741 0.6052083333333333 0.9745370370370371 0.6046875 0.9782407407407407 0.6028645833333334 0.9791666666666666 0.6028645833333334 0.9796296296296296 0.6026041666666667 0.9819444444444444 0.6026041666666667 0.9851851851851852 0.6013020833333333 0.9861111111111112 0.6013020833333333 0.9898148148148148 0.5994791666666667 0.9898148148148148 0.59609375 0.9902777777777778 0.5955729166666667 0.9893518518518518 0.5947916666666667
1 0.9583333333333334 0.4078125 0.9583333333333334 0.4080729166666667 0.9578703703703704 0.4083333333333333 0.9578703703703704 0.40859375 0.9574074074074074 0.4088541666666667 0.9574074074074074 0.40911458333333334 0.9569444444444445 0.409375 0.9569444444444445 0.40963541666666664 0.9560185185185185 0.41041666666666665 0.9560185185185185 0.4109375 0.9550925925925926 0.41171875 0.9550925925925926 0.415625 0.9555555555555556 0.4158854166666667 0.9555555555555556 0.41640625 0.9560185185185185 0.4166666666666667 0.9560185185185185 0.41692708333333334 0.9564814814814815 0.4171875 0.9564814814814815 0.41744791666666664 0.9569444444444445 0.41770833333333335 0.9569444444444445 0.41796875 0.9578703703703704 0.41848958333333336 0.9578703703703704 0.41875 0.9597222222222223 0.4197916666666667 0.9597222222222223 0.4200520833333333 0.961574074074074 0.42109375 0.962037037037037 0.42109375 0.9638888888888889 0.42213541666666665 0.9643518518518519 0.42213541666666665 0.9685185185185186 0.4244791666666667 0.9689814814814814 0.4244791666666667 0.9703703703703703 0.42526041666666664 0.9708333333333333 0.42526041666666664 0.9712962962962963 0.425 0.9731481481481481 0.425 0.9736111111111111 0.42473958333333334 0.9745370370370371 0.42473958333333334 0.975 0.425 0.9763888888888889 0.425 0.9768518518518519 0.42526041666666664 0.9796296296296296 0.42526041666666664 0.9800925925925926 0.42552083333333335 0.9828703703703704 0.42552083333333335 0.9833333333333333 0.42526041666666664 0.9842592592592593 0.42526041666666664 0.9847222222222223 0.425 0.9851851851851852 0.425 0.9856481481481482 0.42473958333333334 0.9861111111111112 0.42473958333333334 0.986574074074074 0.4244791666666667 0.987037037037037 0.4244791666666667 0.9875 0.42421875 0.9879629629629629 0.42421875 0.9884259259259259 0.4239583333333333 0.9888888888888889 0.4239583333333333 0.9902777777777778 0.4234375 0.9953703703703703 0.4234375 0.9958333333333333 0.4236979166666667 0.999537037037037 0.4236979166666667 0.999537037037037 0.4083333333333333 0.9976851851851852 0.4083333333333333 0.9953703703703703 0.40703125 0.9949074074074075 0.40703125 0.9935185185185185 0.40651041666666665 0.9893518518518518 0.40651041666666665 0.9888888888888889 0.40625 0.9814814814814815 0.40625 0.9810185185185185 0.40598958333333335 0.9805555555555555 0.40598958333333335 0.9800925925925926 0.40572916666666664 0.9796296296296296 0.40572916666666664 0.9782407407407407 0.40520833333333334 0.9773148148148149 0.40520833333333334 0.9768518518518519 0.4049479166666667 0.975462962962963 0.4049479166666667 0.975 0.4046875 0.9731481481481481 0.4046875 0.9726851851851852 0.4044270833333333 0.9685185185185186 0.4044270833333333 0.9680555555555556 0.4041666666666667 0.9666666666666667 0.4041666666666667 0.9662037037037037 0.4044270833333333 0.9652777777777778 0.4044270833333333 0.9648148148148148 0.4046875 0.9643518518518519 0.4046875 0.9638888888888889 0.4049479166666667 0.9634259259259259 0.4049479166666667 0.9629629629629629 0.40520833333333334 0.9625 0.40520833333333334 0.9611111111111111 0.40598958333333335 0.9611111111111111 0.40625
1 0.9023148148148148 0.4041666666666667 0.899537037037037 0.40729166666666666 0.899537037037037 0.4088541666666667 0.9013888888888889 0.4109375 0.9046296296296297 0.4127604166666667 0.9046296296296297 0.41302083333333334 0.9060185185185186 0.41380208333333335 0.9060185185185186 0.4140625 0.9101851851851852 0.41640625 0.9106481481481481 0.41640625 0.912962962962963 0.41770833333333335 0.913425925925926 0.41770833333333335 0.9138888888888889 0.41822916666666665 0.9171296296296296 0.4200520833333333 0.9175925925925926 0.4200520833333333 0.9203703703703704 0.42135416666666664 0.9212962962962963 0.42161458333333335 0.9222222222222223 0.42161458333333335 0.9226851851851852 0.421875 0.9236111111111112 0.421875 0.924537037037037 0.42239583333333336 0.925 0.42239583333333336 0.9273148148148148 0.4236979166666667 0.9273148148148148 0.4244791666666667 0.9277777777777778 0.42473958333333334 0.9277777777777778 0.42604166666666665 0.9282407407407407 0.42630208333333336 0.9282407407407407 0.42890625 0.9287037037037037 0.42916666666666664 0.9287037037037037 0.43072916666666666 0.9291666666666667 0.4309895833333333 0.9291666666666667 0.4315104166666667 0.9337962962962963 0.4328125 0.9351851851851852 0.43359375 0.9356481481481481 0.43359375 0.937962962962963 0.4348958333333333 0.937962962962963 0.43515625 0.9388888888888889 0.4356770833333333 0.9407407407407408 0.4361979166666667 0.9421296296296297 0.43697916666666664 0.9439814814814815 0.4375 0.9462962962962963 0.43776041666666665 0.9467592592592593 0.43802083333333336 0.950925925925926 0.43776041666666665 0.9578703703703704 0.43411458333333336 0.9583333333333334 0.43411458333333336 0.961574074074074 0.4322916666666667 0.962037037037037 0.4322916666666667 0.9666666666666667 0.42942708333333335 0.9666666666666667 0.42916666666666664 0.9694444444444444 0.4276041666666667 0.9694444444444444 0.4270833333333333 0.9699074074074074 0.42682291666666666 0.9699074074074074 0.42421875 0.9703703703703703 0.4239583333333333 0.9699074074074074 0.4231770833333333 0.9689814814814814 0.42265625 0.9689814814814814 0.42239583333333336 0.9666666666666667 0.42109375 0.9652777777777778 0.42083333333333334 0.9634259259259259 0.4197916666666667 0.9625 0.41848958333333336 0.9587962962962963 0.4166666666666667 0.9583333333333334 0.4166666666666667 0.9560185185185185 0.4153645833333333 0.9541666666666667 0.41484375 0.950462962962963 0.41484375 0.9472222222222222 0.4158854166666667 0.9462962962962963 0.4158854166666667 0.9458333333333333 0.415625 0.9430555555555555 0.415625 0.9421296296296297 0.4153645833333333 0.9412037037037037 0.41484375 0.9398148148148148 0.41458333333333336 0.9388888888888889 0.4140625 0.9361111111111111 0.41328125 0.9337962962962963 0.4119791666666667 0.9300925925925926 0.4109375 0.9282407407407407 0.40989583333333335 0.9273148148148148 0.4088541666666667 0.9236111111111112 0.4078125 0.9189814814814815 0.40546875 0.9185185185185185 0.40546875 0.9162037037037037 0.4041666666666667 0.9148148148148149 0.40390625 0.9138888888888889 0.40338541666666666 0.913425925925926 0.40338541666666666 0.9115740740740741 0.40260416666666665 0.9106481481481481 0.40260416666666665 0.9101851851851852 0.40234375 0.9078703703703703 0.40208333333333335 0.9069444444444444 0.40234375 0.9055555555555556 0.403125 0.9041666666666667 0.40338541666666666 0.9027777777777778 0.4041666666666667