1 0.5078703703703704 0.4276041666666667 0.5078703703703704 0.43046875 0.5074074074074074 0.43072916666666666 0.5074074074074074 0.4315104166666667 0.5097222222222222 0.43359375 0.5189814814814815 0.4361979166666667 0.5199074074074074 0.4361979166666667 0.5231481481481481 0.43723958333333335 0.524074074074074 0.43723958333333335 0.5296296296296297 0.4388020833333333 0.5305555555555556 0.4388020833333333 0.5310185185185186 0.4390625 0.5333333333333333 0.4393229166666667 0.5347222222222222 0.43984375 0.5356481481481481 0.43984375 0.5439814814814815 0.4421875 0.5458333333333333 0.4434895833333333 0.5458333333333333 0.44427083333333334 0.5467592592592593 0.4453125 0.5467592592592593 0.44609375 0.5472222222222223 0.44635416666666666 0.5472222222222223 0.446875 0.5481481481481482 0.4479166666666667 0.5518518518518518 0.44973958333333336 0.5527777777777778 0.45 0.5537037037037037 0.45 0.5555555555555556 0.45078125 0.5592592592592592 0.4515625 0.5601851851851852 0.45208333333333334 0.5611111111111111 0.45208333333333334 0.5615740740740741 0.4518229166666667 0.5634259259259259 0.4518229166666667 0.5638888888888889 0.4515625 0.5648148148148148 0.4518229166666667 0.5675925925925925 0.4518229166666667 0.5680555555555555 0.45208333333333334 0.5699074074074074 0.4513020833333333 0.5712962962962963 0.4510416666666667 0.5763888888888888 0.4479166666666667 0.5773148148148148 0.4466145833333333 0.5782407407407407 0.44609375 0.5787037037037037 0.4453125 0.5805555555555556 0.4440104166666667 0.5842592592592593 0.43984375 0.5842592592592593 0.43854166666666666 0.5847222222222223 0.43828125 0.5847222222222223 0.43645833333333334 0.5851851851851851 0.4361979166666667 0.5851851851851851 0.4354166666666667 0.5824074074074074 0.43385416666666665 0.5810185185185185 0.43359375 0.5800925925925926 0.43307291666666664 0.5782407407407407 0.43307291666666664 0.5777777777777777 0.4328125 0.575925925925926 0.4328125 0.575462962962963 0.43255208333333334 0.5740740740740741 0.43255208333333334 0.5736111111111111 0.4322916666666667 0.5726851851851852 0.4322916666666667 0.5708333333333333 0.43125 0.5703703703703704 0.43125 0.5680555555555555 0.42994791666666665 0.5680555555555555 0.4296875 0.5666666666666667 0.42942708333333335 0.5643518518518519 0.4283854166666667 0.5597222222222222 0.4283854166666667 0.5578703703703703 0.42890625 0.5569444444444445 0.42942708333333335 0.5560185185185185 0.4296875 0.5550925925925926 0.4296875 0.5546296296296296 0.42994791666666665 0.5537037037037037 0.42994791666666665 0.5532407407407407 0.43020833333333336 0.5486111111111112 0.43020833333333336 0.5472222222222223 0.42942708333333335 0.5467592592592593 0.42942708333333335 0.5449074074074074 0.42864583333333334 0.5439814814814815 0.42864583333333334 0.5435185185185185 0.4283854166666667 0.5412037037037037 0.428125 0.5398148148148149 0.4276041666666667 0.538425925925926 0.4276041666666667 0.537962962962963 0.42734375 0.5365740740740741 0.42734375 0.5361111111111111 0.4270833333333333 0.5337962962962963 0.42682291666666666 0.5282407407407408 0.42526041666666664 0.5273148148148148 0.42526041666666664 0.5254629629629629 0.42473958333333334 0.524074074074074 0.42473958333333334 0.5236111111111111 0.4244791666666667 0.5222222222222223 0.4244791666666667 0.5217592592592593 0.42421875 0.5203703703703704 0.42421875 0.5199074074074074 0.4239583333333333 0.5175925925925926 0.4239583333333333 0.5171296296296296 0.4236979166666667 0.5152777777777777 0.4236979166666667 0.5148148148148148 0.4234375 0.512962962962963 0.4234375 0.5120370370370371 0.4239583333333333 0.5120370370370371 0.42421875 0.5097222222222222 0.42552083333333335
3 0.5328703703703703 0.19375 0.5305555555555556 0.19322916666666667 0.5268518518518519 0.19322916666666667 0.5222222222222223 0.19427083333333334 0.5208333333333334 0.19427083333333334 0.5185185185185185 0.19505208333333332 0.5175925925925926 0.19505208333333332 0.5138888888888888 0.196875 0.513425925925926 0.19765625 0.513425925925926 0.19947916666666668 0.512962962962963 0.19973958333333333 0.512962962962963 0.20130208333333333 0.5120370370370371 0.20286458333333332 0.5097222222222222 0.20494791666666667 0.5041666666666667 0.20598958333333334 0.4986111111111111 0.20807291666666666 0.49444444444444446 0.20885416666666667 0.4935185185185185 0.209375 0.48935185185185187 0.21041666666666667 0.48842592592592593 0.2109375 0.4847222222222222 0.21197916666666666 0.48009259259259257 0.21276041666666667 0.4773148148148148 0.21380208333333334 0.47638888888888886 0.21380208333333334 0.4722222222222222 0.21484375 0.47129629629629627 0.21536458333333333 0.46620370370370373 0.21666666666666667 0.46296296296296297 0.21848958333333332 0.45925925925925926 0.21953125 0.4583333333333333 0.22005208333333334 0.4583333333333333 0.221875 0.4587962962962963 0.22213541666666667 0.45925925925925926 0.22421875 0.462037037037037 0.22760416666666666 0.4625 0.22890625 0.4648148148148148 0.23125 0.4648148148148148 0.23177083333333334 0.4671296296296296 0.234375 0.46805555555555556 0.23489583333333333 0.4685185185185185 0.23567708333333334 0.4703703703703704 0.23671875 0.475 0.23697916666666666 0.4773148148148148 0.23645833333333333 0.4824074074074074 0.23619791666666667 0.48657407407407405 0.23489583333333333 0.4898148148148148 0.234375 0.49444444444444446 0.2328125 0.4976851851851852 0.23229166666666667 0.5018518518518519 0.23020833333333332 0.5046296296296297 0.22994791666666667 0.5125 0.22838541666666667 0.5148148148148148 0.22838541666666667 0.5152777777777777 0.228125 0.5226851851851851 0.228125 0.524537037037037 0.22864583333333333 0.5282407407407408 0.22890625 0.5324074074074074 0.23020833333333332 0.5333333333333333 0.23020833333333332 0.5361111111111111 0.23098958333333333 0.5388888888888889 0.23098958333333333 0.5407407407407407 0.23046875 0.5444444444444444 0.23046875 0.549074074074074 0.22916666666666666 0.5527777777777778 0.22604166666666667 0.5537037037037037 0.22447916666666667 0.5527777777777778 0.21822916666666667 0.55 0.2140625 0.55 0.21328125 0.5486111111111112 0.21145833333333333 0.5486111111111112 0.21067708333333332 0.5458333333333333 0.20729166666666668 0.5449074074074074 0.2046875 0.5425925925925926 0.20234375 0.5421296296296296 0.20104166666666667 0.5375 0.19661458333333334
4 0.45787037037037037 0.4315104166666667 0.45555555555555555 0.4348958333333333 0.45555555555555555 0.4359375 0.4564814814814815 0.4375 0.4583333333333333 0.4393229166666667 0.4601851851851852 0.43984375 0.4625 0.44114583333333335 0.46435185185185185 0.44140625 0.4666666666666667 0.4421875 0.4703703703703704 0.44453125 0.47453703703703703 0.44557291666666665 0.4777777777777778 0.4471354166666667 0.4824074074074074 0.44817708333333334 0.4861111111111111 0.45 0.49166666666666664 0.4513020833333333 0.5013888888888889 0.4546875 0.5064814814814815 0.45546875 0.5097222222222222 0.45677083333333335 0.5138888888888888 0.4578125 0.5157407407407407 0.4588541666666667 0.5310185185185186 0.46328125 0.5365740740740741 0.4666666666666667 0.5337962962962963 0.4700520833333333 0.5337962962962963 0.4708333333333333 0.5407407407407407 0.4734375 0.5444444444444444 0.47265625 0.5481481481481482 0.4703125 0.549537037037037 0.46796875 0.5523148148148148 0.4666666666666667 0.5606481481481481 0.4596354166666667 0.562962962962963 0.4549479166666667 0.562037037037037 0.45390625 0.5606481481481481 0.453125 0.5555555555555556 0.4515625 0.5518518518518518 0.4510416666666667 0.5513888888888889 0.4513020833333333 0.549537037037037 0.4513020833333333 0.5476851851851852 0.4518229166666667 0.5444444444444444 0.45208333333333334 0.5407407407407407 0.45078125 0.538425925925926 0.4505208333333333 0.5347222222222222 0.44921875 0.5282407407407408 0.44765625 0.5180555555555556 0.4440104166666667 0.5152777777777777 0.4432291666666667 0.5143518518518518 0.4432291666666667 0.5115740740740741 0.4421875 0.5055555555555555 0.440625 0.5018518518518519 0.4393229166666667 0.500462962962963 0.43854166666666666 0.4962962962962963 0.4375 0.48657407407407405 0.43385416666666665 0.48148148148148145 0.43255208333333334 0.48009259259259257 0.4317708333333333 0.47453703703703703 0.43072916666666666 0.4703703703703704 0.42942708333333335 0.4689814814814815 0.42942708333333335 0.4666666666666667 0.42890625 0.4625 0.42890625
4 0.5055555555555555 0.46510416666666665 0.5018518518518519 0.46145833333333336 0.4986111111111111 0.46041666666666664 0.4930555555555556 0.46067708333333335 0.49027777777777776 0.46145833333333336 0.4888888888888889 0.4625 0.487962962962963 0.46640625 0.48703703703703705 0.4674479166666667 0.4824074074074074 0.46979166666666666 0.47962962962962963 0.4700520833333333 0.4777777777777778 0.4705729166666667 0.4740740740740741 0.4708333333333333 0.4652777777777778 0.47239583333333335 0.45740740740740743 0.47317708333333336 0.45555555555555555 0.47369791666666666 0.4527777777777778 0.47369791666666666 0.4476851851851852 0.4744791666666667 0.44305555555555554 0.4747395833333333 0.43657407407407406 0.47604166666666664 0.4310185185185185 0.4765625 0.42592592592592593 0.47760416666666666 0.42407407407407405 0.47760416666666666 0.4199074074074074 0.4783854166666667 0.4152777777777778 0.4786458333333333 0.4134259259259259 0.4791666666666667 0.4083333333333333 0.4796875 0.40185185185185185 0.48098958333333336 0.40046296296296297 0.48151041666666666 0.3958333333333333 0.4822916666666667 0.39490740740740743 0.4830729166666667 0.39305555555555555 0.4856770833333333 0.39305555555555555 0.48671875 0.39351851851851855 0.4869791666666667 0.39444444444444443 0.48984375 0.39675925925925926 0.49166666666666664 0.4009259259259259 0.49296875 0.4111111111111111 0.49322916666666666 0.4125 0.4934895833333333 0.412962962962963 0.49322916666666666 0.4199074074074074 0.49296875 0.4236111111111111 0.49192708333333335 0.42777777777777776 0.49192708333333335 0.42824074074074076 0.49166666666666664 0.43703703703703706 0.490625 0.4388888888888889 0.4901041666666667 0.4439814814814815 0.48984375 0.4597222222222222 0.48723958333333334 0.4666666666666667 0.48671875 0.46944444444444444 0.4861979166666667 0.475 0.4859375 0.47824074074074074 0.48515625 0.4824074074074074 0.48515625 0.4875 0.484375 0.49027777777777776 0.484375 0.4981481481481482 0.4895833333333333 0.5018518518518519 0.4903645833333333 0.5023148148148148 0.4901041666666667 0.5060185185185185 0.48984375 0.5097222222222222 0.48802083333333335 0.5097222222222222 0.4875 0.5106481481481482 0.48671875 0.5106481481481482 0.4856770833333333 0.5111111111111111 0.48541666666666666 0.5111111111111111 0.48098958333333336 0.5106481481481482 0.48072916666666665 0.5101851851851852 0.47760416666666666 0.5097222222222222 0.47734375 0.5097222222222222 0.475 0.5083333333333333 0.47239583333333335 0.5069444444444444 0.4674479166666667
4 0.28703703703703703 0.3104166666666667 0.2851851851851852 0.31276041666666665 0.2851851851851852 0.31354166666666666 0.28425925925925927 0.31484375 0.28379629629629627 0.3190104166666667 0.2851851851851852 0.32083333333333336 0.287962962962963 0.3223958333333333 0.29074074074074074 0.3234375 0.2935185185185185 0.32369791666666664 0.30277777777777776 0.3263020833333333 0.3111111111111111 0.32734375 0.3138888888888889 0.328125 0.3189814814814815 0.32864583333333336 0.32175925925925924 0.3294270833333333 0.32546296296296295 0.3296875 0.3300925925925926 0.3307291666666667 0.33194444444444443 0.3307291666666667 0.33796296296296297 0.33177083333333335 0.3416666666666667 0.33203125 0.35185185185185186 0.3341145833333333 0.3574074074074074 0.3346354166666667 0.36203703703703705 0.33541666666666664 0.3685185185185185 0.3372395833333333 0.3699074074074074 0.3380208333333333 0.3712962962962963 0.33932291666666664 0.3712962962962963 0.33984375 0.3736111111111111 0.34270833333333334 0.3763888888888889 0.3450520833333333 0.37777777777777777 0.3455729166666667 0.38333333333333336 0.3458333333333333 0.3837962962962963 0.34609375 0.3875 0.3458333333333333 0.38842592592592595 0.3455729166666667 0.3925925925925926 0.34296875 0.3939814814814815 0.3416666666666667 0.3958333333333333 0.3385416666666667 0.3958333333333333 0.3377604166666667 0.39675925925925926 0.33697916666666666 0.3972222222222222 0.33541666666666664 0.39861111111111114 0.33359375 0.39861111111111114 0.33229166666666665 0.3990740740740741 0.33203125 0.3990740740740741 0.3307291666666667 0.4 0.32890625 0.4 0.3265625 0.40046296296296297 0.3263020833333333 0.4 0.32135416666666666 0.39814814814814814 0.31979166666666664 0.3962962962962963 0.3190104166666667 0.3902777777777778 0.31796875 0.38657407407407407 0.31796875 0.3861111111111111 0.3182291666666667 0.38425925925925924 0.3182291666666667 0.3773148148148148 0.32109375 0.3726851851851852 0.32109375 0.3662037037037037 0.31979166666666664 0.3625 0.31953125 0.3574074074074074 0.3182291666666667 0.3527777777777778 0.31796875 0.3486111111111111 0.3171875 0.3449074074074074 0.31692708333333336 0.3398148148148148 0.31588541666666664 0.33796296296296297 0.31588541666666664 0.3314814814814815 0.31484375 0.3296296296296296 0.31484375 0.32685185185185184 0.3140625 0.32222222222222224 0.3138020833333333 0.31851851851851853 0.31302083333333336 0.3143518518518518 0.31276041666666665 0.3101851851851852 0.31145833333333334 0.3074074074074074 0.31145833333333334 0.30324074074074076 0.3106770833333333 0.29814814814814816 0.3104166666666667 0.29583333333333334 0.3098958333333333 0.29074074074074074 0.3098958333333333 0.2902777777777778 0.31015625
5 0.6439814814814815 0.37213541666666666 0.637962962962963 0.37213541666666666 0.6337962962962963 0.37421875 0.6328703703703704 0.37526041666666665 0.6305555555555555 0.3768229166666667 0.6305555555555555 0.378125 0.6300925925925925 0.37838541666666664 0.6296296296296297 0.3809895833333333 0.6305555555555555 0.38229166666666664 0.6328703703703704 0.38385416666666666 0.6337962962962963 0.3848958333333333 0.6342592592592593 0.38828125 0.6347222222222222 0.3885416666666667 0.6342592592592593 0.3888020833333333 0.6328703703703704 0.39166666666666666 0.6305555555555555 0.39348958333333334 0.6273148148148148 0.3971354166666667 0.6240740740740741 0.3997395833333333 0.6222222222222222 0.40182291666666664 0.6194444444444445 0.40390625 0.6175925925925926 0.40625 0.6148148148148148 0.4078125 0.6129629629629629 0.40989583333333335 0.6097222222222223 0.4119791666666667 0.6097222222222223 0.4125 0.6083333333333333 0.41432291666666665 0.6083333333333333 0.41510416666666666 0.6078703703703704 0.4153645833333333 0.6078703703703704 0.4161458333333333 0.6087962962962963 0.4171875 0.612037037037037 0.41953125 0.6199074074074075 0.421875 0.6208333333333333 0.421875 0.625462962962963 0.42291666666666666 0.6296296296296297 0.42291666666666666 0.6300925925925925 0.42265625 0.6310185185185185 0.42265625 0.6356481481481482 0.4203125 0.6361111111111111 0.41953125 0.6402777777777777 0.4161458333333333 0.6412037037037037 0.41484375 0.6462962962962963 0.4109375 0.649074074074074 0.4080729166666667 0.6560185185185186 0.4044270833333333 0.6601851851851852 0.4005208333333333 0.6657407407407407 0.39739583333333334 0.6703703703703704 0.3971354166666667 0.6708333333333333 0.39739583333333334 0.6736111111111112 0.39739583333333334 0.6773148148148148 0.39817708333333335 0.6777777777777778 0.39791666666666664 0.6814814814814815 0.39739583333333334 0.6856481481481481 0.39453125 0.6875 0.3924479166666667 0.6865740740740741 0.3885416666666667 0.6810185185185185 0.384375 0.6791666666666667 0.38385416666666666 0.6731481481481482 0.3807291666666667 0.6717592592592593 0.38046875 0.6703703703703704 0.3796875 0.6685185185185185 0.37916666666666665 0.6648148148148149 0.37734375 0.6583333333333333 0.37552083333333336 0.6564814814814814 0.37526041666666665 0.6541666666666667 0.37421875 0.6513888888888889 0.37395833333333334 0.649537037037037 0.3729166666666667 0.6476851851851851 0.3729166666666667
3 0.637962962962963 0.44635416666666666 0.6342592592592593 0.44583333333333336 0.6296296296296297 0.446875 0.6226851851851852 0.4510416666666667 0.6226851851851852 0.4552083333333333 0.6240740740740741 0.45677083333333335 0.624537037037037 0.4583333333333333 0.625 0.45859375 0.6240740740740741 0.4622395833333333 0.6231481481481481 0.46328125 0.6194444444444445 0.46588541666666666 0.6175925925925926 0.46770833333333334 0.6162037037037037 0.46848958333333335 0.6148148148148148 0.46875 0.6111111111111112 0.4708333333333333 0.6101851851851852 0.471875 0.5976851851851852 0.4786458333333333 0.5949074074074074 0.48072916666666665 0.5912037037037037 0.4822916666666667 0.5898148148148148 0.48359375 0.587037037037037 0.48515625 0.5861111111111111 0.4861979166666667 0.586574074074074 0.4864583333333333 0.586574074074074 0.4875 0.5884259259259259 0.4903645833333333 0.5921296296296297 0.49244791666666665 0.5939814814814814 0.49296875 0.600462962962963 0.49713541666666666 0.6032407407407407 0.4981770833333333 0.6087962962962963 0.4981770833333333 0.6092592592592593 0.4979166666666667 0.6111111111111112 0.4979166666666667 0.6152777777777778 0.49661458333333336 0.6185185185185185 0.4947916666666667 0.6189814814814815 0.4947916666666667 0.6259259259259259 0.4908854166666667 0.6259259259259259 0.490625 0.6402777777777777 0.4828125 0.6416666666666667 0.48151041666666666 0.6458333333333334 0.47942708333333334 0.6486111111111111 0.47890625 0.6541666666666667 0.47708333333333336 0.6587962962962963 0.47708333333333336 0.6625 0.478125 0.6662037037037037 0.4783854166666667 0.6708333333333333 0.47708333333333336 0.6731481481481482 0.47682291666666665 0.6763888888888889 0.4744791666666667 0.6768518518518518 0.47291666666666665 0.6773148148148148 0.47265625 0.6773148148148148 0.47161458333333334 0.6777777777777778 0.4713541666666667 0.6773148148148148 0.46927083333333336 0.6754629629629629 0.46640625 0.6722222222222223 0.46432291666666664 0.6708333333333333 0.4627604166666667 0.6694444444444444 0.46197916666666666 0.6666666666666666 0.46119791666666665 0.6560185185185186 0.4546875 0.6504629629629629 0.45260416666666664 0.6467592592592593 0.45026041666666666 0.6439814814814815 0.44921875 0.6402777777777777 0.4471354166666667
4 0.7675925925925926 0.13645833333333332 0.7638888888888888 0.13854166666666667 0.762962962962963 0.14010416666666667 0.762962962962963 0.14114583333333333 0.7625 0.14140625 0.7625 0.14401041666666667 0.762962962962963 0.14427083333333332 0.763425925925926 0.146875 0.7643518518518518 0.14739583333333334 0.7671296296296296 0.15078125 0.7694444444444445 0.15208333333333332 0.7712962962962963 0.15390625 0.7782407407407408 0.15807291666666667 0.7791666666666667 0.15911458333333334 0.7796296296296297 0.15911458333333334 0.7837962962962963 0.16145833333333334 0.7842592592592592 0.16223958333333333 0.7861111111111111 0.16354166666666667 0.7865740740740741 0.16432291666666668 0.787962962962963 0.16510416666666666 0.788425925925926 0.16588541666666667 0.7958333333333333 0.17109375 0.8 0.17526041666666667 0.8009259259259259 0.17578125 0.8023148148148148 0.17760416666666667 0.8027777777777778 0.18072916666666666 0.8032407407407407 0.18098958333333334 0.8027777777777778 0.18255208333333334 0.8023148148148148 0.1828125 0.8023148148148148 0.18385416666666668 0.8018518518518518 0.18411458333333333 0.8018518518518518 0.1859375 0.8055555555555556 0.19036458333333334 0.8106481481481481 0.19375 0.8134259259259259 0.19401041666666666 0.8138888888888889 0.19427083333333334 0.8152777777777778 0.19401041666666666 0.8185185185185185 0.19401041666666666 0.8199074074074074 0.19348958333333333 0.8217592592592593 0.19322916666666667 0.825925925925926 0.19166666666666668 0.8300925925925926 0.19088541666666667 0.837037037037037 0.18723958333333332 0.837037037037037 0.18697916666666667 0.8421296296296297 0.18411458333333333 0.8458333333333333 0.18125 0.8476851851851852 0.17734375 0.8449074074074074 0.1734375 0.8398148148148148 0.1703125 0.8375 0.16953125 0.8324074074074074 0.16979166666666667 0.8305555555555556 0.1703125 0.825925925925926 0.1703125 0.8240740740740741 0.16927083333333334 0.8203703703703704 0.16640625 0.8189814814814815 0.16484375 0.8162037037037037 0.16302083333333334 0.8143518518518519 0.16119791666666666 0.8125 0.16015625 0.8106481481481481 0.15833333333333333 0.8064814814814815 0.15625 0.8032407407407407 0.15338541666666666 0.8004629629629629 0.1515625 0.799537037037037 0.15026041666666667 0.7958333333333333 0.14765625 0.7949074074074074 0.14635416666666667 0.7898148148148149 0.14322916666666666 0.7888888888888889 0.1421875 0.7828703703703703 0.13776041666666666 0.7759259259259259 0.13567708333333334 0.7722222222222223 0.13567708333333334 0.7717592592592593 0.1359375
1 0.6583333333333333 0.48671875 0.6550925925925926 0.48854166666666665 0.6550925925925926 0.48880208333333336 0.6541666666666667 0.48932291666666666 0.6541666666666667 0.48984375 0.6537037037037037 0.4901041666666667 0.6541666666666667 0.4903645833333333 0.6541666666666667 0.49114583333333334 0.6550925925925926 0.49192708333333335 0.6550925925925926 0.49244791666666665 0.6564814814814814 0.4940104166666667 0.6587962962962963 0.49557291666666664 0.6587962962962963 0.49583333333333335 0.6597222222222222 0.49635416666666665 0.6606481481481481 0.4973958333333333 0.6643518518518519 0.49973958333333335 0.6657407407407407 0.5013020833333334 0.6666666666666666 0.5018229166666667 0.6666666666666666 0.5020833333333333 0.6675925925925926 0.5026041666666666 0.6675925925925926 0.5028645833333333 0.6685185185185185 0.5033854166666667 0.6685185185185185 0.5036458333333333 0.6694444444444444 0.5041666666666667 0.6694444444444444 0.5044270833333333 0.6703703703703704 0.5049479166666667 0.6712962962962963 0.5059895833333333 0.6712962962962963 0.5065104166666666 0.674537037037037 0.5098958333333333 0.674537037037037 0.5135416666666667 0.675 0.5138020833333333 0.675 0.51484375 0.6754629629629629 0.5151041666666667 0.6754629629629629 0.5158854166666667 0.6759259259259259 0.5161458333333333 0.6759259259259259 0.5171875 0.6773148148148148 0.5182291666666666 0.6773148148148148 0.5184895833333333 0.6777777777777778 0.5184895833333333 0.6805555555555556 0.5200520833333333 0.6814814814814815 0.52109375 0.6847222222222222 0.5229166666666667 0.6847222222222222 0.5231770833333333 0.6884259259259259 0.5252604166666667 0.6893518518518519 0.5255208333333333 0.6925925925925925 0.5255208333333333 0.6930555555555555 0.52578125 0.6935185185185185 0.5255208333333333 0.6953703703703704 0.5255208333333333 0.6958333333333333 0.5252604166666667 0.6972222222222222 0.5252604166666667 0.6990740740740741 0.5244791666666667 0.7 0.5244791666666667 0.700462962962963 0.52421875 0.7013888888888888 0.52421875 0.7018518518518518 0.5239583333333333 0.7041666666666667 0.5236979166666667 0.7060185185185185 0.5229166666666667 0.7064814814814815 0.5229166666666667 0.7074074074074074 0.5223958333333333 0.7078703703703704 0.5223958333333333 0.7087962962962963 0.521875 0.7092592592592593 0.521875 0.7101851851851851 0.5213541666666667 0.7101851851851851 0.52109375 0.7157407407407408 0.5177083333333333 0.7157407407407408 0.515625 0.7152777777777778 0.5153645833333333 0.7152777777777778 0.5135416666666667 0.7148148148148148 0.5130208333333334 0.7138888888888889 0.5125 0.7129629629629629 0.5114583333333333 0.7106481481481481 0.51015625 0.7092592592592593 0.50859375 0.7092592592592593 0.5078125 0.7087962962962963 0.5075520833333333 0.7083333333333334 0.5057291666666667 0.7050925925925926 0.5041666666666667 0.7032407407407407 0.5036458333333333 0.7023148148148148 0.5036458333333333 0.700925925925926 0.503125 0.6986111111111111 0.503125 0.6981481481481482 0.5028645833333333 0.6962962962962963 0.5028645833333333 0.6944444444444444 0.5020833333333333 0.6939814814814815 0.5020833333333333 0.6930555555555555 0.5015625 0.6925925925925925 0.5015625 0.6916666666666667 0.5010416666666667 0.6912037037037037 0.5010416666666667 0.6902777777777778 0.5005208333333333 0.6898148148148148 0.5005208333333333 0.6884259259259259 0.49973958333333335 0.6884259259259259 0.49947916666666664 0.6842592592592592 0.49713541666666666 0.6842592592592592 0.496875 0.6819444444444445 0.4953125 0.6814814814814815 0.49453125 0.6782407407407407 0.49244791666666665 0.6782407407407407 0.4921875 0.6754629629629629 0.4903645833333333 0.6754629629629629 0.4901041666666667 0.6708333333333333 0.4875 0.6708333333333333 0.48723958333333334 0.6689814814814815 0.4861979166666667 0.6662037037037037 0.48541666666666666 0.662962962962963 0.48541666666666666
4 0.6699074074074074 0.6669270833333333 0.6680555555555555 0.6658854166666667 0.6671296296296296 0.6658854166666667 0.6657407407407407 0.6653645833333334 0.663425925925926 0.6653645833333334 0.662962962962963 0.665625 0.6592592592592592 0.6658854166666667 0.6569444444444444 0.6671875 0.6546296296296297 0.66953125 0.6550925925925926 0.6721354166666667 0.6555555555555556 0.6723958333333333 0.6555555555555556 0.67421875 0.6546296296296297 0.6755208333333333 0.6523148148148148 0.6768229166666667 0.65 0.6776041666666667 0.6467592592592593 0.6794270833333333 0.6412037037037037 0.6817708333333333 0.6351851851851852 0.68359375 0.6310185185185185 0.6854166666666667 0.6222222222222222 0.68828125 0.612037037037037 0.6921875 0.6083333333333333 0.6932291666666667 0.6074074074074074 0.6932291666666667 0.6018518518518519 0.6953125 0.5953703703703703 0.6971354166666667 0.5921296296296297 0.6989583333333333 0.5856481481481481 0.7010416666666667 0.5847222222222223 0.7010416666666667 0.5805555555555556 0.7028645833333333 0.5773148148148148 0.7049479166666667 0.575925925925926 0.7072916666666667 0.575925925925926 0.70859375 0.575462962962963 0.7088541666666667 0.5768518518518518 0.7109375 0.5791666666666667 0.7127604166666667 0.5833333333333334 0.7143229166666667 0.587037037037037 0.7143229166666667 0.5986111111111111 0.7122395833333334 0.6106481481481482 0.7088541666666667 0.6180555555555556 0.7057291666666666 0.6208333333333333 0.7049479166666667 0.6263888888888889 0.7026041666666667 0.6342592592592593 0.7002604166666667 0.6370370370370371 0.6989583333333333 0.6462962962962963 0.6963541666666667 0.6532407407407408 0.69375 0.6569444444444444 0.69296875 0.6662037037037037 0.6901041666666666 0.6703703703703704 0.6895833333333333 0.6736111111111112 0.690625 0.6819444444444445 0.6908854166666667 0.6842592592592592 0.6901041666666666 0.6851851851851852 0.6901041666666666 0.687037037037037 0.6893229166666667 0.6884259259259259 0.6875 0.6888888888888889 0.68515625 0.6875 0.6841145833333333 0.6856481481481481 0.6809895833333334 0.6824074074074075 0.67734375 0.6754629629629629 0.6723958333333333 0.6736111111111112 0.6703125 0.6708333333333333 0.6682291666666667
5 0.7699074074074074 0.62265625 0.7666666666666667 0.62578125 0.7662037037037037 0.62734375 0.7657407407407407 0.6276041666666666 0.7657407407407407 0.6286458333333333 0.7652777777777777 0.62890625 0.7652777777777777 0.6299479166666667 0.7648148148148148 0.6302083333333334 0.7648148148148148 0.6317708333333333 0.7652777777777777 0.63203125 0.7657407407407407 0.6346354166666667 0.7671296296296296 0.6354166666666666 0.7708333333333334 0.6364583333333333 0.7763888888888889 0.6375 0.7777777777777778 0.6375 0.7814814814814814 0.6385416666666667 0.7921296296296296 0.63984375 0.8018518518518518 0.6419270833333334 0.8032407407407407 0.6419270833333334 0.8050925925925926 0.6424479166666667 0.8064814814814815 0.6424479166666667 0.8069444444444445 0.6427083333333333 0.8083333333333333 0.6427083333333333 0.8125 0.6434895833333333 0.8138888888888889 0.6440104166666667 0.8148148148148148 0.6440104166666667 0.8203703703703704 0.6455729166666667 0.8236111111111111 0.64765625 0.825462962962963 0.65 0.8268518518518518 0.65390625 0.8282407407407407 0.6552083333333333 0.8310185185185185 0.6565104166666667 0.8324074074074074 0.6565104166666667 0.8342592592592593 0.65703125 0.8356481481481481 0.65703125 0.8398148148148148 0.6578125 0.8421296296296297 0.6578125 0.8458333333333333 0.65703125 0.8495370370370371 0.6549479166666666 0.8574074074074074 0.6463541666666667 0.8578703703703704 0.64453125 0.8592592592592593 0.6424479166666667 0.8601851851851852 0.6388020833333333 0.8606481481481482 0.6385416666666667 0.8606481481481482 0.6354166666666666 0.8611111111111112 0.63515625 0.8611111111111112 0.6330729166666667 0.861574074074074 0.6328125 0.861574074074074 0.6315104166666666 0.862037037037037 0.63125 0.8625 0.6265625 0.8611111111111112 0.625 0.8583333333333333 0.6234375 0.8513888888888889 0.6221354166666667 0.8462962962962963 0.621875 0.8458333333333333 0.6216145833333333 0.8435185185185186 0.6223958333333334 0.8402777777777778 0.6247395833333333 0.836574074074074 0.6263020833333334 0.8351851851851851 0.6263020833333334 0.8347222222222223 0.6265625 0.8268518518518518 0.6265625 0.825925925925926 0.6268229166666667 0.8138888888888889 0.6244791666666667 0.8092592592592592 0.6239583333333333 0.8046296296296296 0.6229166666666667 0.8018518518518518 0.6229166666666667 0.8013888888888889 0.62265625 0.7962962962962963 0.6221354166666667 0.7912037037037037 0.6208333333333333 0.7851851851851852 0.6203125 0.7847222222222222 0.6200520833333333 0.7773148148148148 0.6200520833333333 0.7768518518518519 0.6197916666666666 0.775 0.6197916666666666 0.7722222222222223 0.6213541666666667 0.7717592592592593 0.6213541666666667
2 0.8777777777777778 0.275 0.8685185185185185 0.2752604166666667 0.8629629629629629 0.27890625 0.861574074074074 0.28229166666666666 0.8601851851851852 0.3125 0.8601851851851852 0.3416666666666667 0.8587962962962963 0.3690104166666667 0.8569444444444444 0.3736979166666667 0.8532407407407407 0.37604166666666666 0.8486111111111111 0.3770833333333333 0.8467592592592592 0.3796875 0.8472222222222222 0.38359375 0.8490740740740741 0.38671875 0.8523148148148149 0.3885416666666667 0.8611111111111112 0.39010416666666664 0.8722222222222222 0.38984375 0.8773148148148148 0.3880208333333333 0.8856481481481482 0.38776041666666666 0.8916666666666667 0.38619791666666664 0.8944444444444445 0.3846354166666667 0.8944444444444445 0.38177083333333334 0.8930555555555556 0.3768229166666667 0.8921296296296296 0.37578125 0.8856481481481482 0.37265625 0.8842592592592593 0.3703125 0.8842592592592593 0.3255208333333333 0.8851851851851852 0.31197916666666664 0.8856481481481482 0.28229166666666666 0.8847222222222222 0.2786458333333333 0.8833333333333333 0.27708333333333335 0.8810185185185185 0.2755208333333333
4 0.9675925925925926 0.37552083333333336 0.9662037037037037 0.37473958333333335 0.9643518518518519 0.37421875 0.9606481481481481 0.37395833333333334 0.9601851851851851 0.3736979166666667 0.9532407407407407 0.37421875 0.9444444444444444 0.3768229166666667 0.9435185185185185 0.3768229166666667 0.9393518518518519 0.378125 0.9384259259259259 0.378125 0.9305555555555556 0.3802083333333333 0.924074074074074 0.3828125 0.9078703703703703 0.3875 0.9037037037037037 0.38828125 0.9023148148148148 0.38828125 0.9018518518518519 0.3885416666666667 0.899074074074074 0.3885416666666667 0.8962962962962963 0.3893229166666667 0.8953703703703704 0.3890625 0.8870370370370371 0.3890625 0.8842592592592593 0.38958333333333334 0.8837962962962963 0.3893229166666667 0.8796296296296297 0.3890625 0.8791666666666667 0.3893229166666667 0.8773148148148148 0.3893229166666667 0.8726851851851852 0.39114583333333336 0.8685185185185185 0.39140625 0.8652777777777778 0.3921875 0.8634259259259259 0.39401041666666664 0.8629629629629629 0.39557291666666666 0.8625 0.3958333333333333 0.8625 0.4010416666666667 0.8629629629629629 0.40130208333333334 0.8634259259259259 0.4041666666666667 0.8652777777777778 0.40625 0.8662037037037037 0.40677083333333336 0.8671296296296296 0.4083333333333333 0.8726851851851852 0.4125 0.875 0.41328125 0.8768518518518519 0.41432291666666665 0.8777777777777778 0.41432291666666665 0.8791666666666667 0.41484375 0.8828703703703704 0.4153645833333333 0.8842592592592593 0.4158854166666667 0.887962962962963 0.4158854166666667 0.888425925925926 0.4161458333333333 0.8930555555555556 0.41484375 0.8962962962962963 0.41458333333333336 0.899537037037037 0.4119791666666667 0.9009259259259259 0.4080729166666667 0.9027777777777778 0.40572916666666664 0.9074074074074074 0.40260416666666665 0.9115740740740741 0.4015625 0.9152777777777777 0.4002604166666667 0.9166666666666666 0.39947916666666666 0.9185185185185185 0.39921875 0.9212962962962963 0.39817708333333335 0.9287037037037037 0.3963541666666667 0.9300925925925926 0.39557291666666666 0.9328703703703703 0.39479166666666665 0.9337962962962963 0.39479166666666665 0.9375 0.39375 0.9384259259259259 0.3932291666666667 0.9425925925925925 0.3924479166666667 0.9435185185185185 0.3919270833333333 0.9476851851851852 0.39088541666666665 0.9486111111111111 0.39036458333333335 0.9546296296296296 0.3885416666666667 0.9601851851851851 0.38619791666666664 0.9648148148148148 0.3848958333333333 0.9666666666666667 0.38385416666666666 0.9689814814814814 0.3809895833333333 0.9689814814814814 0.3768229166666667 0.9680555555555556 0.3763020833333333
3 0.9777777777777777 0.1828125 0.9773148148148149 0.18307291666666667 0.975925925925926 0.18307291666666667 0.975462962962963 0.18333333333333332 0.9740740740740741 0.18333333333333332 0.9736111111111111 0.18359375 0.9712962962962963 0.18385416666666668 0.9680555555555556 0.18489583333333334 0.9671296296296297 0.18489583333333334 0.9652777777777778 0.18541666666666667 0.9625 0.18723958333333332 0.961574074074074 0.18723958333333332 0.9611111111111111 0.1875 0.9587962962962963 0.1875 0.9560185185185185 0.18828125 0.9550925925925926 0.18828125 0.950925925925926 0.19036458333333334 0.9472222222222222 0.190625 0.9356481481481481 0.19401041666666666 0.9319444444444445 0.19635416666666666 0.9305555555555556 0.19765625 0.9300925925925926 0.2015625 0.9310185185185185 0.20234375 0.9310185185185185 0.20286458333333332 0.9324074074074075 0.2046875 0.9356481481481481 0.20677083333333332 0.9384259259259259 0.2078125 0.9453703703703704 0.20963541666666666 0.9495370370370371 0.21197916666666666 0.95 0.21276041666666667 0.9518518518518518 0.2140625 0.9550925925925926 0.21796875 0.9601851851851851 0.22213541666666667 0.9625 0.22473958333333333 0.9625 0.22526041666666666 0.9643518518518519 0.22708333333333333 0.9643518518518519 0.22760416666666666 0.9703703703703703 0.23359375 0.9740740740740741 0.23567708333333334 0.975925925925926 0.23619791666666667 0.9773148148148149 0.23619791666666667 0.9777777777777777 0.23645833333333333 0.9837962962962963 0.23645833333333333 0.9842592592592593 0.23619791666666667 0.9861111111111112 0.23619791666666667 0.9944444444444445 0.23255208333333333 0.9953703703703703 0.23255208333333333 0.9976851851851852 0.23151041666666666 0.999537037037037 0.23151041666666666 0.999537037037037 0.215625 0.9981481481481481 0.215625 0.9972222222222222 0.21510416666666668 0.9962962962962963 0.21380208333333334 0.9949074074074075 0.21276041666666667 0.9949074074074075 0.21223958333333334 0.9939814814814815 0.21145833333333333 0.9939814814814815 0.2109375 0.9925925925925926 0.20911458333333333 0.9925925925925926 0.20833333333333334 0.9921296296296296 0.20807291666666666 0.9916666666666667 0.20677083333333332 0.9907407407407407 0.20598958333333334 0.9907407407407407 0.20546875 0.9898148148148148 0.20442708333333334 0.9898148148148148 0.20364583333333333 0.9893518518518518 0.20338541666666668 0.9893518518518518 0.20260416666666667 0.9884259259259259 0.20130208333333333 0.9888888888888889 0.19713541666666667 0.9898148148148148 0.19661458333333334 0.9902777777777778 0.19505208333333332 0.9916666666666667 0.19322916666666667 0.9912037037037037 0.19296875 0.9912037037037037 0.18984375 0.9907407407407407 0.18958333333333333 0.9907407407407407 0.1890625 0.9898148148148148 0.18802083333333333 0.9884259259259259 0.18723958333333332 0.986574074074074 0.18489583333333334 0.9847222222222223 0.18385416666666668 0.9819444444444444 0.1828125
2 0.9601851851851851 0.5192708333333333 0.9402777777777778 0.5151041666666667 0.9347222222222222 0.51484375 0.9314814814814815 0.515625 0.9277777777777778 0.5177083333333333 0.924074074074074 0.5213541666666667 0.9310185185185185 0.5252604166666667 0.9314814814814815 0.5294270833333333 0.9305555555555556 0.5330729166666667 0.9203703703703704 0.5458333333333333 0.9106481481481481 0.5606770833333333 0.9064814814814814 0.5643229166666667 0.9027777777777778 0.5703125 0.8925925925925926 0.5825520833333333 0.8847222222222222 0.5934895833333333 0.8828703703703704 0.5971354166666667 0.8805555555555555 0.5994791666666667 0.8763888888888889 0.6065104166666667 0.8717592592592592 0.6111979166666667 0.8662037037037037 0.6190104166666667 0.8652777777777778 0.62578125 0.8657407407407407 0.6268229166666667 0.8763888888888889 0.6291666666666667 0.8796296296296297 0.62890625 0.8847222222222222 0.6268229166666667 0.8898148148148148 0.6229166666666667 0.8907407407407407 0.6205729166666667 0.8962962962962963 0.6140625 0.9064814814814814 0.5997395833333333 0.9087962962962963 0.5953125 0.9120370370370371 0.5921875 0.9157407407407407 0.5856770833333333 0.9199074074074074 0.5807291666666666 0.9208333333333333 0.5786458333333333 0.9236111111111112 0.5760416666666667 0.9291666666666667 0.56640625 0.9351851851851852 0.5596354166666667 0.937962962962963 0.5549479166666667 0.9472222222222222 0.5440104166666667 0.9518518518518518 0.5369791666666667 0.9541666666666667 0.534375 0.9587962962962963 0.5315104166666667 0.9662037037037037 0.53046875 0.9703703703703703 0.5283854166666667 0.9708333333333333 0.525 0.9671296296296297 0.5213541666666667
3 0.950925925925926 0.6552083333333333 0.9467592592592593 0.65625 0.9430555555555555 0.6567708333333333 0.9388888888888889 0.6583333333333333 0.9388888888888889 0.6588541666666666 0.937962962962963 0.6596354166666667 0.937962962962963 0.66015625 0.9361111111111111 0.6625 0.9361111111111111 0.66328125 0.9347222222222222 0.6651041666666667 0.9333333333333333 0.6690104166666667 0.9314814814814815 0.6716145833333333 0.9310185185185185 0.6734375 0.9287037037037037 0.67734375 0.9277777777777778 0.678125 0.924537037037037 0.684375 0.9222222222222223 0.6869791666666667 0.9194444444444444 0.6885416666666667 0.9157407407407407 0.6890625 0.9125 0.6901041666666666 0.9097222222222222 0.6919270833333333 0.9083333333333333 0.6942708333333333 0.9078703703703703 0.6963541666666667 0.9074074074074074 0.6966145833333334 0.9074074074074074 0.7013020833333333 0.9125 0.7052083333333333 0.9162037037037037 0.7067708333333333 0.924074074074074 0.7091145833333333 0.9300925925925926 0.71015625 0.9324074074074075 0.7109375 0.937037037037037 0.71171875 0.9402777777777778 0.7127604166666667 0.9430555555555555 0.71328125 0.9467592592592593 0.7135416666666666 0.950925925925926 0.7143229166666667 0.9518518518518518 0.7140625 0.9583333333333334 0.7140625 0.9587962962962963 0.7143229166666667 0.9592592592592593 0.7140625 0.9634259259259259 0.7140625 0.9666666666666667 0.71328125 0.9699074074074074 0.7109375 0.9717592592592592 0.7078125 0.9717592592592592 0.70625 0.9722222222222222 0.7059895833333333 0.9722222222222222 0.7010416666666667 0.9717592592592592 0.70078125 0.9717592592592592 0.6997395833333333 0.9708333333333333 0.6986979166666667 0.9708333333333333 0.6979166666666666 0.9689814814814814 0.6963541666666667 0.9666666666666667 0.6932291666666667 0.9666666666666667 0.68984375 0.9671296296296297 0.6895833333333333 0.9675925925925926 0.6854166666666667 0.9680555555555556 0.68515625 0.9680555555555556 0.6838541666666667 0.9685185185185186 0.68359375 0.9685185185185186 0.68203125 0.9689814814814814 0.6817708333333333 0.9689814814814814 0.6802083333333333 0.9694444444444444 0.6799479166666667 0.9694444444444444 0.6786458333333333 0.9699074074074074 0.6783854166666666 0.9703703703703703 0.675 0.9708333333333333 0.6747395833333333 0.9708333333333333 0.6734375 0.9712962962962963 0.6731770833333334 0.9712962962962963 0.671875 0.9717592592592592 0.6716145833333333 0.9722222222222222 0.6690104166666667 0.9726851851851852 0.66875 0.9726851851851852 0.6671875 0.9731481481481481 0.6669270833333333 0.9731481481481481 0.6635416666666667 0.9726851851851852 0.66328125 0.9726851851851852 0.6619791666666667 0.9708333333333333 0.6604166666666667 0.9648148148148148 0.6580729166666667 0.9601851851851851 0.6572916666666667 0.9546296296296296 0.6557291666666667 0.9532407407407407 0.6557291666666667