1 0.2222222222222222 0.39947916666666666 0.2212962962962963 0.4005208333333333 0.2212962962962963 0.40182291666666664 0.22083333333333333 0.40208333333333335 0.22083333333333333 0.403125 0.22037037037037038 0.40338541666666666 0.22037037037037038 0.4046875 0.22268518518518518 0.40729166666666666 0.22361111111111112 0.4078125 0.22962962962962963 0.409375 0.23055555555555557 0.40989583333333335 0.2351851851851852 0.41119791666666666 0.2361111111111111 0.41119791666666666 0.23703703703703705 0.4114583333333333 0.23796296296296296 0.4119791666666667 0.2412037037037037 0.4127604166666667 0.24444444444444444 0.4140625 0.2490740740740741 0.4153645833333333 0.25 0.4158854166666667 0.25046296296296294 0.4166666666666667 0.2518518518518518 0.41770833333333335 0.2518518518518518 0.41822916666666665 0.25277777777777777 0.4192708333333333 0.25277777777777777 0.4200520833333333 0.25324074074074077 0.4203125 0.25324074074074077 0.42109375 0.2537037037037037 0.42135416666666664 0.2537037037037037 0.421875 0.25416666666666665 0.42239583333333336 0.25601851851851853 0.4236979166666667 0.2564814814814815 0.4236979166666667 0.25972222222222224 0.42526041666666664 0.2611111111111111 0.42552083333333335 0.26342592592592595 0.4265625 0.26435185185185184 0.4265625 0.26481481481481484 0.42630208333333336 0.26944444444444443 0.42630208333333336 0.26990740740740743 0.4265625 0.2712962962962963 0.4265625 0.275 0.428125 0.2759259259259259 0.428125 0.2763888888888889 0.4283854166666667 0.2810185185185185 0.4283854166666667 0.2814814814814815 0.428125 0.2828703703703704 0.428125 0.28379629629629627 0.4278645833333333 0.2851851851851852 0.4270833333333333 0.28703703703703703 0.4265625 0.29074074074074074 0.42421875 0.29212962962962963 0.42265625 0.29212962962962963 0.42213541666666665 0.2953703703703704 0.41875 0.2953703703703704 0.41822916666666665 0.29583333333333334 0.41796875 0.29583333333333334 0.4171875 0.2962962962962963 0.41692708333333334 0.2962962962962963 0.41432291666666665 0.29583333333333334 0.4140625 0.29583333333333334 0.4127604166666667 0.2953703703703704 0.4125 0.2953703703703704 0.4119791666666667 0.29444444444444445 0.41119791666666666 0.29398148148148145 0.41119791666666666 0.2902777777777778 0.40963541666666664 0.28935185185185186 0.40963541666666664 0.2865740740740741 0.4088541666666667 0.28379629629629627 0.4088541666666667 0.2828703703703704 0.40859375 0.28055555555555556 0.40703125 0.2791666666666667 0.40546875 0.2777777777777778 0.40520833333333334 0.27546296296296297 0.4041666666666667 0.27037037037037037 0.4041666666666667 0.2675925925925926 0.4049479166666667 0.26342592592592595 0.4049479166666667 0.26296296296296295 0.4046875 0.26157407407407407 0.4046875 0.2601851851851852 0.4041666666666667 0.25925925925925924 0.4041666666666667 0.2587962962962963 0.40390625 0.2564814814814815 0.4036458333333333 0.2550925925925926 0.403125 0.25416666666666665 0.403125 0.2513888888888889 0.40234375 0.25046296296296294 0.40234375 0.2490740740740741 0.40182291666666664 0.24814814814814815 0.40182291666666664 0.24212962962962964 0.4 0.2412037037037037 0.4 0.23981481481481481 0.39947916666666666 0.2388888888888889 0.39947916666666666 0.2375 0.39895833333333336 0.23657407407407408 0.39895833333333336 0.23194444444444445 0.39739583333333334 0.22777777777777777 0.39739583333333334 0.2273148148148148 0.39765625 0.2263888888888889 0.39765625 0.22453703703703703 0.39817708333333335
3 0.2740740740740741 0.17213541666666668 0.27175925925925926 0.17161458333333332 0.26805555555555555 0.17161458333333332 0.2675925925925926 0.17135416666666667 0.2671296296296296 0.17161458333333332 0.26342592592592595 0.17213541666666668 0.262037037037037 0.17265625 0.2611111111111111 0.17265625 0.25972222222222224 0.17317708333333334 0.25555555555555554 0.17369791666666667 0.2518518518518518 0.17734375 0.2518518518518518 0.17838541666666666 0.2513888888888889 0.17864583333333334 0.25046296296296294 0.18125 0.24953703703703703 0.18229166666666666 0.24768518518518517 0.18333333333333332 0.24444444444444444 0.18411458333333333 0.24259259259259258 0.18489583333333334 0.24166666666666667 0.18489583333333334 0.24027777777777778 0.18541666666666667 0.23703703703703705 0.1859375 0.23055555555555557 0.18776041666666668 0.22870370370370371 0.18854166666666666 0.2222222222222222 0.18932291666666667 0.21666666666666667 0.19114583333333332 0.21574074074074073 0.19114583333333332 0.21296296296296297 0.19192708333333333 0.20694444444444443 0.19296875 0.2013888888888889 0.19453125 0.20046296296296295 0.19505208333333332 0.19907407407407407 0.19661458333333334 0.19907407407407407 0.19869791666666667 0.19953703703703704 0.19895833333333332 0.2 0.20130208333333333 0.20324074074074075 0.2046875 0.20324074074074075 0.20520833333333333 0.20416666666666666 0.20572916666666666 0.20601851851851852 0.2078125 0.20787037037037037 0.209375 0.2101851851851852 0.21067708333333332 0.21064814814814814 0.21067708333333332 0.21296296296296297 0.21197916666666666 0.21574074074074073 0.21197916666666666 0.2162037037037037 0.21223958333333334 0.2212962962962963 0.21223958333333334 0.22175925925925927 0.21197916666666666 0.22407407407407406 0.21197916666666666 0.23194444444444445 0.20989583333333334 0.23657407407407408 0.20989583333333334 0.23703703703703705 0.20963541666666666 0.23796296296296296 0.20963541666666666 0.24212962962962964 0.20833333333333334 0.24537037037037038 0.2078125 0.24768518518518517 0.20703125 0.2518518518518518 0.20677083333333332 0.2537037037037037 0.20625 0.25833333333333336 0.20598958333333334 0.2587962962962963 0.20572916666666666 0.26435185185185184 0.20572916666666666 0.26481481481481484 0.20598958333333334 0.26944444444444443 0.20651041666666667 0.275 0.20807291666666666 0.2814814814814815 0.20833333333333334 0.28194444444444444 0.20807291666666666 0.28425925925925927 0.20807291666666666 0.2847222222222222 0.2078125 0.2865740740740741 0.2078125 0.287962962962963 0.20729166666666668 0.28888888888888886 0.20729166666666668 0.29212962962962963 0.20625 0.29444444444444445 0.20494791666666667 0.29444444444444445 0.20052083333333334 0.29398148148148145 0.20026041666666666 0.29398148148148145 0.19921875 0.2935185185185185 0.19895833333333332 0.29305555555555557 0.19713541666666667 0.29212962962962963 0.19609375 0.29074074074074074 0.1921875 0.2898148148148148 0.19140625 0.2884259259259259 0.18880208333333334 0.2875 0.18802083333333333 0.28703703703703703 0.18645833333333334 0.2865740740740741 0.18619791666666666 0.2861111111111111 0.18489583333333334 0.2847222222222222 0.18359375 0.28379629629629627 0.18151041666666667 0.2810185185185185 0.17864583333333334 0.2810185185185185 0.178125 0.2796296296296296 0.17682291666666666 0.2796296296296296 0.17630208333333333 0.27685185185185185 0.17369791666666667
4 0.16805555555555557 0.40234375 0.16620370370370371 0.40390625 0.16574074074074074 0.4083333333333333 0.16898148148148148 0.4109375 0.16944444444444445 0.41171875 0.18055555555555555 0.41692708333333334 0.1865740740740741 0.41901041666666666 0.1912037037037037 0.42161458333333335 0.20185185185185187 0.42552083333333335 0.20462962962962963 0.42604166666666665 0.20879629629629629 0.4278645833333333 0.21157407407407408 0.4283854166666667 0.21574074074074073 0.4296875 0.22083333333333333 0.43255208333333334 0.22777777777777777 0.43463541666666666 0.2310185185185185 0.4359375 0.23657407407407408 0.4393229166666667 0.2361111111111111 0.4434895833333333 0.23842592592592593 0.44635416666666666 0.2439814814814815 0.44895833333333335 0.2449074074074074 0.44869791666666664 0.24768518518518517 0.44869791666666664 0.25092592592592594 0.4479166666666667 0.2569444444444444 0.4471354166666667 0.26157407407407407 0.44505208333333335 0.26666666666666666 0.44192708333333336 0.2740740740740741 0.43515625 0.274537037037037 0.43333333333333335 0.2759259259259259 0.4315104166666667 0.27546296296296297 0.43125 0.275 0.4278645833333333 0.2740740740740741 0.42734375 0.26990740740740743 0.42630208333333336 0.26666666666666666 0.42630208333333336 0.26342592592592595 0.4270833333333333 0.25601851851851853 0.42473958333333334 0.2518518518518518 0.42552083333333335 0.25 0.42552083333333335 0.24953703703703703 0.42526041666666664 0.24768518518518517 0.42526041666666664 0.24305555555555555 0.4239583333333333 0.24027777777777778 0.42239583333333336 0.23842592592592593 0.421875 0.23472222222222222 0.4200520833333333 0.23333333333333334 0.4197916666666667 0.2300925925925926 0.41822916666666665 0.21898148148148147 0.41432291666666665 0.21388888888888888 0.4119791666666667 0.20879629629629629 0.41067708333333336 0.2050925925925926 0.409375 0.20092592592592592 0.40729166666666666 0.1986111111111111 0.40677083333333336 0.19212962962962962 0.4044270833333333 0.18703703703703703 0.403125 0.18564814814814815 0.40234375 0.18194444444444444 0.40130208333333334 0.17916666666666667 0.4010416666666667 0.1787037037037037 0.40078125 0.17314814814814813 0.40078125 0.17037037037037037 0.4015625 0.16944444444444445 0.4015625
4 0.21296296296296297 0.4432291666666667 0.21157407407407408 0.44140625 0.21157407407407408 0.440625 0.20972222222222223 0.4375 0.20601851851851852 0.43385416666666665 0.20416666666666666 0.43307291666666664 0.2 0.4328125 0.19953703703703704 0.43307291666666664 0.1962962962962963 0.43333333333333335 0.1935185185185185 0.43411458333333336 0.18981481481481483 0.43645833333333334 0.18703703703703703 0.4401041666666667 0.18425925925925926 0.44140625 0.1763888888888889 0.4427083333333333 0.1712962962962963 0.44296875 0.17083333333333334 0.4432291666666667 0.1625 0.4434895833333333 0.16203703703703703 0.44375 0.15925925925925927 0.44375 0.1587962962962963 0.4440104166666667 0.1527777777777778 0.4440104166666667 0.15231481481481482 0.44427083333333334 0.14351851851851852 0.44453125 0.14305555555555555 0.44479166666666664 0.13842592592592592 0.44505208333333335 0.13472222222222222 0.44583333333333336 0.13240740740740742 0.44583333333333336 0.13194444444444445 0.44609375 0.12962962962962962 0.44609375 0.12916666666666668 0.44635416666666666 0.12453703703703704 0.4466145833333333 0.12407407407407407 0.446875 0.12129629629629629 0.446875 0.11805555555555555 0.4473958333333333 0.11527777777777778 0.4473958333333333 0.11481481481481481 0.44765625 0.10925925925925926 0.44817708333333334 0.10740740740740741 0.44869791666666664 0.1050925925925926 0.44869791666666664 0.10462962962962963 0.44895833333333335 0.10092592592592593 0.44921875 0.09722222222222222 0.45026041666666666 0.0962962962962963 0.45026041666666666 0.09444444444444444 0.4510416666666667 0.09305555555555556 0.453125 0.09259259259259259 0.4552083333333333 0.09537037037037037 0.459375 0.09861111111111111 0.46067708333333335 0.10324074074074074 0.46171875 0.11666666666666667 0.46197916666666666 0.11712962962962963 0.46171875 0.12314814814814815 0.46145833333333336 0.12685185185185185 0.46041666666666664 0.13240740740740742 0.46041666666666664 0.13287037037037036 0.46015625 0.13564814814814816 0.46015625 0.1361111111111111 0.45989583333333334 0.13935185185185187 0.45989583333333334 0.14212962962962963 0.459375 0.14629629629629629 0.4596354166666667 0.14907407407407408 0.4591145833333333 0.1550925925925926 0.4588541666666667 0.1574074074074074 0.4583333333333333 0.1638888888888889 0.4583333333333333 0.16435185185185186 0.45807291666666666 0.17731481481481481 0.4578125 0.17777777777777778 0.45755208333333336 0.18518518518518517 0.45755208333333336 0.1875 0.45807291666666666 0.18888888888888888 0.4588541666666667 0.19305555555555556 0.459375 0.19722222222222222 0.4609375 0.20046296296296295 0.46145833333333336 0.2023148148148148 0.46145833333333336 0.20277777777777778 0.46171875 0.20601851851851852 0.46171875 0.20879629629629629 0.46119791666666665 0.21203703703703702 0.4596354166666667 0.21342592592592594 0.4578125 0.21342592592592594 0.45677083333333335 0.21435185185185185 0.4552083333333333 0.21435185185185185 0.44947916666666665 0.21388888888888888 0.44921875 0.21388888888888888 0.44609375 0.21342592592592594 0.44583333333333336
4 0.009259259259259259 0.2794270833333333 0.008796296296296297 0.28359375 0.011111111111111112 0.2869791666666667 0.012962962962962963 0.28802083333333334 0.01898148148148148 0.28984375 0.021296296296296296 0.2908854166666667 0.022222222222222223 0.2908854166666667 0.025925925925925925 0.29192708333333334 0.028703703703703703 0.2921875 0.03148148148148148 0.29322916666666665 0.03796296296296296 0.2947916666666667 0.040740740740740744 0.2950520833333333 0.04537037037037037 0.29609375 0.04861111111111111 0.29635416666666664 0.055092592592592596 0.29791666666666666 0.056018518518518516 0.29791666666666666 0.058333333333333334 0.2986979166666667 0.0625 0.29921875 0.06481481481481481 0.3 0.06805555555555555 0.30026041666666664 0.07453703703703704 0.3015625 0.07592592592592592 0.3020833333333333 0.07962962962962963 0.30234375 0.08518518518518518 0.30364583333333334 0.08842592592592592 0.30494791666666665 0.09027777777777778 0.30625 0.09212962962962963 0.3104166666666667 0.09537037037037037 0.31328125 0.09861111111111111 0.3143229166666667 0.1 0.3143229166666667 0.10231481481481482 0.31484375 0.10462962962962963 0.31484375 0.1050925925925926 0.3151041666666667 0.1087962962962963 0.3151041666666667 0.10925925925925926 0.31484375 0.11157407407407408 0.31484375 0.11435185185185186 0.3143229166666667 0.11898148148148148 0.31223958333333335 0.12361111111111112 0.3078125 0.12638888888888888 0.3028645833333333 0.12638888888888888 0.30104166666666665 0.12685185185185185 0.30078125 0.12685185185185185 0.2953125 0.12638888888888888 0.2950520833333333 0.12638888888888888 0.29375 0.12546296296296297 0.29270833333333335 0.125 0.2908854166666667 0.12407407407407407 0.29010416666666666 0.12175925925925926 0.2890625 0.12083333333333333 0.2890625 0.11944444444444445 0.28854166666666664 0.11481481481481481 0.28828125 0.1087962962962963 0.2872395833333333 0.10324074074074074 0.2872395833333333 0.09907407407407408 0.28880208333333335 0.09814814814814815 0.28880208333333335 0.09537037037037037 0.28958333333333336 0.09490740740740741 0.28932291666666665 0.09259259259259259 0.28932291666666665 0.08796296296296297 0.28828125 0.08194444444444444 0.2875 0.08055555555555556 0.2869791666666667 0.07592592592592592 0.28671875 0.06898148148148148 0.28541666666666665 0.06759259259259259 0.28489583333333335 0.06388888888888888 0.284375 0.06018518518518518 0.2830729166666667 0.052314814814814814 0.28229166666666666 0.04675925925925926 0.28125 0.04537037037037037 0.28072916666666664 0.04212962962962963 0.28046875 0.040740740740740744 0.2799479166666667 0.03981481481481482 0.2799479166666667 0.038425925925925926 0.2794270833333333 0.037037037037037035 0.2794270833333333 0.03425925925925926 0.2786458333333333 0.028703703703703703 0.278125 0.022222222222222223 0.27682291666666664 0.015277777777777777 0.27682291666666664 0.014814814814814815 0.27708333333333335 0.013425925925925926 0.27708333333333335 0.011111111111111112 0.27786458333333336
5 0.3611111111111111 0.35208333333333336 0.35694444444444445 0.35208333333333336 0.3560185185185185 0.35234375 0.3527777777777778 0.35390625 0.350462962962963 0.35572916666666665 0.3490740740740741 0.3572916666666667 0.3490740740740741 0.35989583333333336 0.3486111111111111 0.36015625 0.3486111111111111 0.3611979166666667 0.3490740740740741 0.3614583333333333 0.3490740740740741 0.3619791666666667 0.350462962962963 0.36276041666666664 0.3523148148148148 0.3645833333333333 0.3523148148148148 0.36666666666666664 0.35185185185185186 0.36692708333333335 0.35138888888888886 0.3690104166666667 0.34953703703703703 0.37005208333333334 0.34675925925925927 0.3734375 0.3421296296296296 0.37734375 0.337037037037037 0.3807291666666667 0.337037037037037 0.3809895833333333 0.33425925925925926 0.38255208333333335 0.33055555555555555 0.38671875 0.3282407407407407 0.38828125 0.324537037037037 0.3921875 0.324537037037037 0.3932291666666667 0.32407407407407407 0.39348958333333334 0.32407407407407407 0.3966145833333333 0.32592592592592595 0.3984375 0.3282407407407407 0.39921875 0.32916666666666666 0.39921875 0.33101851851851855 0.3997395833333333 0.33194444444444443 0.4002604166666667 0.3384259259259259 0.40208333333333335 0.3398148148148148 0.40208333333333335 0.3402777777777778 0.40234375 0.34305555555555556 0.40234375 0.34444444444444444 0.40182291666666664 0.3453703703703704 0.40182291666666664 0.3472222222222222 0.40078125 0.3476851851851852 0.40078125 0.35509259259259257 0.39609375 0.35509259259259257 0.3958333333333333 0.3648148148148148 0.39010416666666664 0.36712962962962964 0.38776041666666666 0.3763888888888889 0.38203125 0.3787037037037037 0.3815104166666667 0.38101851851851853 0.38046875 0.3819444444444444 0.38046875 0.3837962962962963 0.37994791666666666 0.3851851851851852 0.37994791666666666 0.38564814814814813 0.3796875 0.387037037037037 0.3796875 0.3875 0.37942708333333336 0.39675925925925926 0.37942708333333336 0.40185185185185185 0.3768229166666667 0.40185185185185185 0.3763020833333333 0.4027777777777778 0.37526041666666665 0.4027777777777778 0.37447916666666664 0.40324074074074073 0.37421875 0.40324074074074073 0.3734375 0.40370370370370373 0.3731770833333333 0.4009259259259259 0.3692708333333333 0.3962962962962963 0.36666666666666664 0.3962962962962963 0.36640625 0.3958333333333333 0.36640625 0.38842592592592595 0.3625 0.387037037037037 0.3611979166666667 0.3824074074074074 0.35963541666666665 0.3763888888888889 0.3567708333333333 0.37407407407407406 0.35625 0.36712962962962964 0.3536458333333333
3 0.3421296296296296 0.425 0.3375 0.425 0.3337962962962963 0.42630208333333336 0.3314814814814815 0.4276041666666667 0.3287037037037037 0.43072916666666666 0.3287037037037037 0.43125 0.3282407407407407 0.4315104166666667 0.3287037037037037 0.4317708333333333 0.32916666666666666 0.43411458333333336 0.3300925925925926 0.4354166666666667 0.3300925925925926 0.4395833333333333 0.3287037037037037 0.440625 0.3111111111111111 0.45026041666666666 0.3087962962962963 0.4510416666666667 0.30648148148148147 0.45286458333333335 0.30277777777777776 0.45390625 0.2962962962962963 0.4578125 0.29444444444444445 0.4583333333333333 0.29074074074074074 0.46067708333333335 0.2884259259259259 0.4627604166666667 0.28935185185185186 0.46536458333333336 0.2902777777777778 0.4666666666666667 0.29305555555555557 0.46822916666666664 0.2962962962962963 0.46953125 0.29768518518518516 0.4705729166666667 0.29814814814814816 0.4705729166666667 0.3023148148148148 0.47265625 0.30416666666666664 0.47265625 0.30462962962962964 0.47291666666666665 0.3143518518518518 0.47291666666666665 0.31574074074074077 0.47239583333333335 0.31666666666666665 0.47239583333333335 0.32546296296296295 0.46927083333333336 0.33101851851851855 0.46588541666666666 0.3337962962962963 0.46484375 0.33935185185185185 0.46197916666666666 0.3416666666666667 0.46119791666666665 0.3458333333333333 0.4588541666666667 0.35 0.45755208333333336 0.3523148148148148 0.45651041666666664 0.35648148148148145 0.45546875 0.3625 0.45546875 0.3648148148148148 0.45598958333333334 0.3726851851851852 0.45546875 0.3736111111111111 0.4549479166666667 0.37407407407407406 0.45338541666666665 0.37546296296296294 0.45260416666666664 0.3763888888888889 0.45260416666666664 0.3787037037037037 0.4513020833333333 0.3787037037037037 0.45026041666666666 0.37824074074074077 0.45 0.37824074074074077 0.44895833333333335 0.37777777777777777 0.44869791666666664 0.37777777777777777 0.4471354166666667 0.37546296296296294 0.4453125 0.37407407407407406 0.4427083333333333 0.37037037037037035 0.4395833333333333 0.3611111111111111 0.43411458333333336 0.3597222222222222 0.43385416666666665 0.3560185185185185 0.4317708333333333 0.3560185185185185 0.4315104166666667 0.35138888888888886 0.4296875 0.3453703703703704 0.42604166666666665 0.34305555555555556 0.42552083333333335
4 0.5282407407407408 0.12578125 0.5259259259259259 0.12708333333333333 0.524074074074074 0.12994791666666666 0.524537037037037 0.13489583333333333 0.5282407407407408 0.13958333333333334 0.5310185185185186 0.14140625 0.5314814814814814 0.1421875 0.5342592592592592 0.14427083333333332 0.5365740740740741 0.14739583333333334 0.5388888888888889 0.14895833333333333 0.5407407407407407 0.1515625 0.5430555555555555 0.15286458333333333 0.5444444444444444 0.1546875 0.5462962962962963 0.15598958333333332 0.549074074074074 0.15963541666666667 0.5509259259259259 0.1609375 0.5513888888888889 0.16197916666666667 0.5550925925925926 0.16510416666666666 0.5555555555555556 0.16588541666666667 0.5560185185185185 0.16979166666666667 0.5541666666666667 0.17265625 0.5541666666666667 0.17526041666666667 0.5546296296296296 0.17552083333333332 0.5546296296296296 0.17708333333333334 0.5564814814814815 0.17942708333333332 0.562037037037037 0.18333333333333332 0.5680555555555555 0.18541666666666667 0.5717592592592593 0.18463541666666666 0.575462962962963 0.184375 0.5782407407407407 0.18359375 0.5796296296296296 0.18359375 0.5879629629629629 0.18151041666666667 0.5879629629629629 0.18125 0.5935185185185186 0.178125 0.5986111111111111 0.1734375 0.600462962962963 0.1703125 0.600462962962963 0.16927083333333334 0.5976851851851852 0.16536458333333334 0.5958333333333333 0.16380208333333332 0.5902777777777778 0.16041666666666668 0.587037037037037 0.159375 0.5819444444444445 0.159375 0.5814814814814815 0.15911458333333334 0.5800925925925926 0.15911458333333334 0.5777777777777777 0.15703125 0.5736111111111111 0.1546875 0.5722222222222222 0.15286458333333333 0.5708333333333333 0.15208333333333332 0.5680555555555555 0.14895833333333333 0.5643518518518519 0.14583333333333334 0.5606481481481481 0.14114583333333333 0.5592592592592592 0.140625 0.5569444444444445 0.1390625 0.5564814814814815 0.13828125 0.5532407407407407 0.13567708333333334 0.5523148148148148 0.134375 0.5486111111111112 0.13151041666666666 0.5481481481481482 0.13072916666666667 0.5453703703703704 0.12838541666666667 0.5416666666666666 0.12630208333333334 0.5370370370370371 0.125 0.5324074074074074 0.125
1 0.3625 0.4661458333333333 0.36157407407407405 0.4666666666666667 0.36157407407407405 0.46796875 0.3611111111111111 0.46822916666666664 0.3611111111111111 0.4708333333333333 0.3638888888888889 0.47369791666666666 0.3638888888888889 0.47421875 0.3648148148148148 0.4752604166666667 0.36574074074074076 0.47578125 0.3662037037037037 0.4765625 0.36712962962962964 0.47708333333333336 0.3675925925925926 0.47760416666666666 0.3675925925925926 0.478125 0.37037037037037035 0.48020833333333335 0.37175925925925923 0.4817708333333333 0.37222222222222223 0.4830729166666667 0.375 0.4859375 0.375 0.4869791666666667 0.37453703703703706 0.48723958333333334 0.37453703703703706 0.4890625 0.37407407407407406 0.48932291666666666 0.37407407407407406 0.49270833333333336 0.3736111111111111 0.49296875 0.3736111111111111 0.4940104166666667 0.37592592592592594 0.49661458333333336 0.3814814814814815 0.5002604166666667 0.3824074074074074 0.5013020833333334 0.3824074074074074 0.5018229166666667 0.38287037037037036 0.50234375 0.38425925925925924 0.503125 0.38472222222222224 0.5036458333333333 0.3888888888888889 0.5046875 0.39166666666666666 0.50390625 0.39444444444444443 0.50390625 0.39490740740740743 0.5036458333333333 0.39814814814814814 0.5036458333333333 0.39861111111111114 0.5033854166666667 0.40046296296296297 0.5033854166666667 0.4023148148148148 0.5028645833333333 0.40370370370370373 0.5028645833333333 0.4064814814814815 0.5020833333333333 0.4078703703703704 0.5020833333333333 0.4125 0.49947916666666664 0.4125 0.49921875 0.41388888888888886 0.4984375 0.41435185185185186 0.4979166666666667 0.41388888888888886 0.4973958333333333 0.41388888888888886 0.49635416666666665 0.4134259259259259 0.49609375 0.4134259259259259 0.49505208333333334 0.412962962962963 0.4947916666666667 0.412962962962963 0.4940104166666667 0.4115740740740741 0.49244791666666665 0.4115740740740741 0.49192708333333335 0.41064814814814815 0.49114583333333334 0.41064814814814815 0.490625 0.4101851851851852 0.4903645833333333 0.4101851851851852 0.4895833333333333 0.4097222222222222 0.48932291666666666 0.4097222222222222 0.48854166666666665 0.40925925925925927 0.48828125 0.40925925925925927 0.48723958333333334 0.40879629629629627 0.4869791666666667 0.40879629629629627 0.4861979166666667 0.4078703703703704 0.4856770833333333 0.4078703703703704 0.48541666666666666 0.4064814814814815 0.48515625 0.4041666666666667 0.48411458333333335 0.4023148148148148 0.48411458333333335 0.40185185185185185 0.48385416666666664 0.40046296296296297 0.48385416666666664 0.39814814814814814 0.4830729166666667 0.3972222222222222 0.4830729166666667 0.39537037037037037 0.4825520833333333 0.39444444444444443 0.48203125 0.3939814814814815 0.48203125 0.3912037037037037 0.48046875 0.3851851851851852 0.47369791666666666 0.38287037037037036 0.47213541666666664 0.3787037037037037 0.4674479166666667 0.37777777777777777 0.4669270833333333 0.37777777777777777 0.4666666666666667 0.3731481481481482 0.4640625 0.36944444444444446 0.4640625 0.3638888888888889 0.465625 0.362962962962963 0.4661458333333333
4 0.34074074074074073 0.6427083333333333 0.3388888888888889 0.6421875 0.33425925925925926 0.63984375 0.33194444444444443 0.63984375 0.3282407407407407 0.640625 0.32592592592592595 0.64140625 0.32407407407407407 0.6424479166666667 0.32175925925925924 0.6502604166666667 0.32037037037037036 0.6513020833333333 0.31712962962962965 0.6528645833333333 0.3138888888888889 0.65390625 0.3101851851851852 0.6544270833333333 0.30462962962962964 0.6567708333333333 0.29907407407407405 0.6580729166666667 0.2935185185185185 0.6604166666666667 0.2824074074074074 0.66328125 0.27870370370370373 0.66484375 0.2759259259259259 0.665625 0.275 0.665625 0.26435185185185184 0.66875 0.26342592592592595 0.66875 0.25787037037037036 0.6708333333333333 0.25601851851851853 0.67109375 0.2513888888888889 0.6729166666666667 0.24814814814814815 0.6731770833333334 0.24675925925925926 0.6736979166666667 0.24675925925925926 0.6739583333333333 0.23981481481481481 0.6776041666666667 0.23981481481481481 0.6817708333333333 0.24351851851851852 0.68515625 0.24675925925925926 0.6859375 0.2518518518518518 0.6859375 0.2523148148148148 0.6856770833333333 0.2550925925925926 0.6856770833333333 0.25555555555555554 0.6854166666666667 0.2574074074074074 0.6854166666666667 0.2601851851851852 0.6848958333333334 0.26342592592592595 0.6838541666666667 0.26805555555555555 0.6830729166666667 0.27546296296296297 0.6809895833333334 0.2763888888888889 0.68046875 0.2796296296296296 0.6796875 0.2824074074074074 0.6783854166666666 0.2865740740740741 0.6776041666666667 0.2875 0.6770833333333334 0.2935185185185185 0.6755208333333333 0.2986111111111111 0.6736979166666667 0.29953703703703705 0.6736979166666667 0.30462962962962964 0.6721354166666667 0.30648148148148147 0.671875 0.3143518518518518 0.6690104166666667 0.31574074074074077 0.6690104166666667 0.3236111111111111 0.6677083333333333 0.32592592592592595 0.6669270833333333 0.32731481481481484 0.6669270833333333 0.33240740740740743 0.6658854166666667 0.3333333333333333 0.6653645833333334 0.34074074074074073 0.6653645833333334 0.34120370370370373 0.6651041666666667 0.3458333333333333 0.6653645833333334 0.3476851851851852 0.6645833333333333 0.35138888888888886 0.6622395833333333 0.35138888888888886 0.6575520833333334 0.3509259259259259 0.6572916666666667 0.35 0.65390625 0.3458333333333333 0.6484375 0.3453703703703704 0.6463541666666667 0.3425925925925926 0.6450520833333333
5 0.45092592592592595 0.60234375 0.449537037037037 0.6033854166666667 0.449537037037037 0.60390625 0.4462962962962963 0.6072916666666667 0.44583333333333336 0.6091145833333333 0.4444444444444444 0.6111979166666667 0.4449074074074074 0.61171875 0.44537037037037036 0.6143229166666667 0.44675925925925924 0.6153645833333333 0.4546296296296296 0.6177083333333333 0.45555555555555555 0.6177083333333333 0.45694444444444443 0.6182291666666667 0.45925925925925926 0.6184895833333334 0.46064814814814814 0.6190104166666667 0.4615740740740741 0.6190104166666667 0.4648148148148148 0.6197916666666666 0.46620370370370373 0.6197916666666666 0.4689814814814815 0.6205729166666667 0.4699074074074074 0.62109375 0.47175925925925927 0.6213541666666667 0.475 0.6223958333333334 0.4824074074074074 0.6236979166666666 0.48564814814814816 0.6247395833333333 0.48935185185185187 0.6252604166666667 0.4981481481481482 0.6278645833333333 0.49907407407407406 0.6283854166666667 0.500462962962963 0.6302083333333334 0.500462962962963 0.6354166666666666 0.5009259259259259 0.6356770833333333 0.5009259259259259 0.6369791666666667 0.5013888888888889 0.6372395833333333 0.5018518518518519 0.6385416666666667 0.5064814814814815 0.6388020833333333 0.5069444444444444 0.6390625 0.5087962962962963 0.6390625 0.5092592592592593 0.6393229166666666 0.5143518518518518 0.6393229166666666 0.5175925925925926 0.63828125 0.5208333333333334 0.6354166666666666 0.5212962962962963 0.634375 0.5222222222222223 0.63359375 0.5222222222222223 0.6330729166666667 0.525 0.63046875 0.525 0.6299479166666667 0.5259259259259259 0.62890625 0.5259259259259259 0.628125 0.5268518518518519 0.6270833333333333 0.5268518518518519 0.6263020833333334 0.5273148148148148 0.6260416666666667 0.5282407407407408 0.6239583333333333 0.5296296296296297 0.62265625 0.5300925925925926 0.6213541666666667 0.5328703703703703 0.6190104166666667 0.5337962962962963 0.6171875 0.5351851851851852 0.615625 0.5361111111111111 0.6151041666666667 0.5365740740740741 0.6125 0.5370370370370371 0.6122395833333333 0.5370370370370371 0.61015625 0.5365740740740741 0.6098958333333333 0.5365740740740741 0.6091145833333333 0.5361111111111111 0.6088541666666667 0.5356481481481481 0.6075520833333333 0.5328703703703703 0.60625 0.5305555555555556 0.6059895833333333 0.5254629629629629 0.6046875 0.5222222222222223 0.6049479166666667 0.5185185185185185 0.6067708333333334 0.5162037037037037 0.6088541666666667 0.512962962962963 0.6098958333333333 0.5087962962962963 0.61015625 0.5060185185185185 0.6091145833333333 0.5 0.6083333333333333 0.49675925925925923 0.6072916666666667 0.49212962962962964 0.6067708333333334 0.49166666666666664 0.6065104166666667 0.49027777777777776 0.6065104166666667 0.48518518518518516 0.60546875 0.4837962962962963 0.60546875 0.47962962962962963 0.6044270833333333 0.4773148148148148 0.6041666666666666 0.475 0.6033854166666667 0.47175925925925927 0.603125 0.462037037037037 0.6010416666666667 0.4564814814814815 0.6010416666666667
2 0.6125 0.26640625 0.6074074074074074 0.26666666666666666 0.6032407407407407 0.26875 0.600925925925926 0.2721354166666667 0.5990740740740741 0.27838541666666666 0.5990740740740741 0.28125 0.5962962962962963 0.2942708333333333 0.5944444444444444 0.29921875 0.5921296296296297 0.3151041666666667 0.5898148148148148 0.32317708333333334 0.5888888888888889 0.3294270833333333 0.5875 0.3328125 0.5856481481481481 0.34427083333333336 0.5837962962962963 0.3489583333333333 0.5819444444444445 0.3611979166666667 0.575925925925926 0.36432291666666666 0.5717592592592593 0.3651041666666667 0.5694444444444444 0.36614583333333334 0.5666666666666667 0.36875 0.5671296296296297 0.3729166666666667 0.5680555555555555 0.37421875 0.5763888888888888 0.37890625 0.5837962962962963 0.3807291666666667 0.5907407407407408 0.38046875 0.5949074074074074 0.37890625 0.5976851851851852 0.37864583333333335 0.6023148148148149 0.37916666666666665 0.6074074074074074 0.37890625 0.611574074074074 0.3765625 0.6129629629629629 0.3734375 0.611574074074074 0.3690104166666667 0.6087962962962963 0.36666666666666664 0.6069444444444444 0.36276041666666664 0.6055555555555555 0.36171875 0.6060185185185185 0.3546875 0.6078703703703704 0.3453125 0.6092592592592593 0.3421875 0.612037037037037 0.3229166666666667 0.6152777777777778 0.3104166666666667 0.6157407407407407 0.30416666666666664 0.6180555555555556 0.2953125 0.6222222222222222 0.2713541666666667 0.6185185185185185 0.2674479166666667
4 0.6884259259259259 0.3692708333333333 0.6856481481481481 0.36796875 0.6819444444444445 0.3671875 0.6777777777777778 0.36744791666666665 0.6703703703703704 0.3690104166666667 0.6689814814814815 0.3690104166666667 0.6666666666666666 0.3697916666666667 0.6611111111111111 0.37057291666666664 0.6560185185185186 0.37213541666666666 0.6523148148148148 0.37265625 0.6481481481481481 0.37395833333333334 0.6453703703703704 0.37421875 0.6398148148148148 0.37604166666666666 0.6310185185185185 0.3776041666666667 0.6263888888888889 0.37890625 0.6194444444444445 0.3802083333333333 0.6143518518518518 0.38046875 0.611574074074074 0.38125 0.6097222222222223 0.38125 0.6092592592592593 0.3809895833333333 0.6074074074074074 0.3809895833333333 0.6050925925925926 0.3802083333333333 0.6037037037037037 0.3802083333333333 0.5990740740740741 0.37916666666666665 0.5953703703703703 0.37916666666666665 0.5912037037037037 0.38046875 0.5875 0.3807291666666667 0.5842592592592593 0.3815104166666667 0.5833333333333334 0.38229166666666664 0.5833333333333334 0.38307291666666665 0.5828703703703704 0.38333333333333336 0.5828703703703704 0.3893229166666667 0.5833333333333334 0.38958333333333334 0.5833333333333334 0.39140625 0.5837962962962963 0.39166666666666666 0.5837962962962963 0.3927083333333333 0.5851851851851851 0.39427083333333335 0.5861111111111111 0.3963541666666667 0.5888888888888889 0.39947916666666666 0.5949074074074074 0.4041666666666667 0.5990740740740741 0.40520833333333334 0.6078703703703704 0.40520833333333334 0.6097222222222223 0.4044270833333333 0.6111111111111112 0.4041666666666667 0.6148148148148148 0.4002604166666667 0.6157407407407407 0.39791666666666664 0.6175925925925926 0.3958333333333333 0.6203703703703703 0.39453125 0.6222222222222222 0.39427083333333335 0.6273148148148148 0.3927083333333333 0.6300925925925925 0.3924479166666667 0.6310185185185185 0.3919270833333333 0.6328703703703704 0.39166666666666666 0.6342592592592593 0.39114583333333336 0.637962962962963 0.390625 0.6412037037037037 0.38958333333333334 0.6481481481481481 0.3885416666666667 0.6504629629629629 0.38776041666666666 0.6541666666666667 0.38723958333333336 0.6583333333333333 0.3859375 0.6620370370370371 0.3854166666666667 0.6675925925925926 0.38385416666666666 0.6699074074074074 0.38359375 0.6717592592592593 0.3828125 0.674537037037037 0.38203125 0.6768518518518518 0.38177083333333334 0.6847222222222222 0.37942708333333336 0.6888888888888889 0.3768229166666667 0.6898148148148148 0.37265625 0.6893518518518519 0.3723958333333333 0.6893518518518519 0.37083333333333335
3 0.725462962962963 0.17734375 0.725 0.17760416666666667 0.7226851851851852 0.17760416666666667 0.7185185185185186 0.17864583333333334 0.7175925925925926 0.17864583333333334 0.7162037037037037 0.17916666666666667 0.7152777777777778 0.17916666666666667 0.7138888888888889 0.1796875 0.7129629629629629 0.1796875 0.7111111111111111 0.18046875 0.7074074074074074 0.18151041666666667 0.7064814814814815 0.18151041666666667 0.7046296296296296 0.18255208333333334 0.7013888888888888 0.1828125 0.7 0.18333333333333332 0.6990740740740741 0.18333333333333332 0.6953703703703704 0.184375 0.6944444444444444 0.18489583333333334 0.6893518518518519 0.18619791666666666 0.687962962962963 0.18697916666666667 0.6851851851851852 0.18776041666666668 0.6819444444444445 0.18958333333333333 0.6796296296296296 0.19192708333333333 0.6796296296296296 0.19244791666666666 0.6791666666666667 0.19270833333333334 0.6791666666666667 0.19401041666666666 0.6800925925925926 0.19505208333333332 0.6805555555555556 0.196875 0.6851851851851852 0.20130208333333333 0.6861111111111111 0.20130208333333333 0.687962962962963 0.20182291666666666 0.6893518518518519 0.20182291666666666 0.6912037037037037 0.20234375 0.6925925925925925 0.20234375 0.6962962962962963 0.20338541666666668 0.700925925925926 0.20625 0.7027777777777777 0.2078125 0.7060185185185185 0.21145833333333333 0.7060185185185185 0.21197916666666666 0.7106481481481481 0.21692708333333333 0.7106481481481481 0.21744791666666666 0.711574074074074 0.21822916666666667 0.7125 0.22005208333333334 0.7143518518518519 0.221875 0.7143518518518519 0.22239583333333332 0.7157407407407408 0.22369791666666666 0.7157407407407408 0.22421875 0.7171296296296297 0.22578125 0.7180555555555556 0.22630208333333332 0.7199074074074074 0.22864583333333333 0.7217592592592592 0.2296875 0.7217592592592592 0.22994791666666667 0.725 0.23151041666666666 0.7319444444444444 0.23151041666666666 0.7342592592592593 0.23046875 0.7402777777777778 0.22890625 0.7425925925925926 0.22786458333333334 0.7439814814814815 0.22760416666666666 0.7481481481481481 0.22526041666666666 0.7486111111111111 0.22526041666666666 0.75 0.22447916666666667 0.750462962962963 0.22265625 0.7509259259259259 0.22239583333333332 0.7509259259259259 0.22083333333333333 0.7513888888888889 0.22057291666666667 0.7509259259259259 0.2203125 0.750462962962963 0.21848958333333332 0.749537037037037 0.21744791666666666 0.749537037037037 0.21666666666666667 0.7476851851851852 0.21484375 0.7458333333333333 0.21145833333333333 0.7449074074074075 0.21067708333333332 0.7449074074074075 0.21015625 0.7435185185185185 0.20885416666666667 0.7435185185185185 0.20833333333333334 0.7407407407407407 0.20494791666666667 0.7407407407407407 0.20338541666666668 0.7393518518518518 0.20130208333333333 0.7393518518518518 0.2 0.7388888888888889 0.19973958333333333 0.7388888888888889 0.19869791666666667 0.7384259259259259 0.1984375 0.7384259259259259 0.19739583333333333 0.7379629629629629 0.19713541666666667 0.7375 0.19296875 0.7388888888888889 0.19114583333333332 0.7402777777777778 0.19010416666666666 0.7402777777777778 0.18567708333333333 0.7393518518518518 0.18489583333333334 0.7393518518518518 0.184375 0.7379629629629629 0.18307291666666667 0.7375 0.18177083333333333 0.7361111111111112 0.18020833333333333 0.7328703703703704 0.178125 0.7328703703703704 0.17786458333333333 0.7310185185185185 0.17734375
2 0.6351851851851852 0.5049479166666667 0.6296296296296297 0.5044270833333333 0.6240740740740741 0.5057291666666667 0.6226851851851852 0.5065104166666666 0.6203703703703703 0.5098958333333333 0.6226851851851852 0.5127604166666667 0.625462962962963 0.5143229166666666 0.6273148148148148 0.5174479166666667 0.625462962962963 0.5200520833333333 0.5967592592592592 0.5513020833333333 0.5875 0.56015625 0.5851851851851851 0.5635416666666667 0.5740740740740741 0.5747395833333333 0.5541666666666667 0.596875 0.5472222222222223 0.6033854166666667 0.5453703703703704 0.60703125 0.5462962962962963 0.61015625 0.5472222222222223 0.6111979166666667 0.5527777777777778 0.6130208333333333 0.5564814814814815 0.6138020833333333 0.5606481481481481 0.6135416666666667 0.5634259259259259 0.6127604166666667 0.5680555555555555 0.6096354166666667 0.5810185185185185 0.59453125 0.5912037037037037 0.5846354166666666 0.6018518518518519 0.571875 0.6092592592592593 0.56484375 0.6134259259259259 0.559375 0.6287037037037037 0.5424479166666667 0.6425925925925926 0.52890625 0.6458333333333334 0.525 0.65 0.5231770833333333 0.6583333333333333 0.5223958333333333 0.6620370370370371 0.5216145833333333 0.6652777777777777 0.51875 0.6657407407407407 0.5169270833333334 0.6643518518518519 0.5153645833333333 0.6578703703703703 0.5114583333333333 0.6453703703703704 0.5075520833333333 0.6416666666666667 0.50703125
3 0.6236111111111111 0.6421875 0.6185185185185185 0.6424479166666667 0.6162037037037037 0.6434895833333333 0.6148148148148148 0.64375 0.6148148148148148 0.6440104166666667 0.6111111111111112 0.64609375 0.6097222222222223 0.6484375 0.6083333333333333 0.6497395833333334 0.6083333333333333 0.6502604166666667 0.6050925925925926 0.65390625 0.6018518518518519 0.6596354166666667 0.5990740740740741 0.6622395833333333 0.5962962962962963 0.6677083333333333 0.5935185185185186 0.6705729166666666 0.5935185185185186 0.67109375 0.5921296296296297 0.67265625 0.5907407407407408 0.6734375 0.5893518518518519 0.6736979166666667 0.5796296296296296 0.6736979166666667 0.5773148148148148 0.6744791666666666 0.5763888888888888 0.6744791666666666 0.5708333333333333 0.6778645833333333 0.5699074074074074 0.6802083333333333 0.5694444444444444 0.68046875 0.5694444444444444 0.6833333333333333 0.5699074074074074 0.68359375 0.5703703703703704 0.6854166666666667 0.5722222222222222 0.68671875 0.575 0.6875 0.5777777777777777 0.6893229166666667 0.5828703703703704 0.690625 0.5879629629629629 0.6924479166666667 0.5893518518518519 0.6932291666666667 0.5949074074074074 0.6942708333333333 0.600462962962963 0.6958333333333333 0.6027777777777777 0.6971354166666667 0.6046296296296296 0.69765625 0.6055555555555555 0.69765625 0.6106481481481482 0.69921875 0.6138888888888889 0.6994791666666667 0.6143518518518518 0.6997395833333333 0.6162037037037037 0.6997395833333333 0.6166666666666667 0.7 0.6222222222222222 0.6997395833333333 0.6259259259259259 0.6986979166666667 0.6277777777777778 0.69765625 0.6296296296296297 0.69453125 0.6310185185185185 0.6932291666666667 0.6314814814814815 0.6888020833333334 0.6296296296296297 0.6861979166666666 0.6296296296296297 0.6854166666666667 0.625462962962963 0.6817708333333333 0.6259259259259259 0.678125 0.6263888888888889 0.6778645833333333 0.6263888888888889 0.6768229166666667 0.6268518518518519 0.6765625 0.6277777777777778 0.6736979166666667 0.6291666666666667 0.6721354166666667 0.6291666666666667 0.6716145833333333 0.6310185185185185 0.6697916666666667 0.6319444444444444 0.6669270833333333 0.6351851851851852 0.6614583333333334 0.6361111111111111 0.6606770833333333 0.6361111111111111 0.66015625 0.638425925925926 0.6572916666666667 0.6388888888888888 0.6557291666666667 0.6407407407407407 0.6541666666666667 0.6425925925925926 0.6510416666666666 0.6425925925925926 0.65 0.638425925925926 0.64765625 0.6370370370370371 0.6463541666666667 0.6328703703703704 0.6450520833333333 0.6305555555555555 0.6440104166666667 0.6296296296296297 0.6440104166666667 0.6268518518518519 0.64296875
4 0.6773148148148148 0.42265625 0.674537037037037 0.42526041666666664 0.6726851851851852 0.4265625 0.6699074074074074 0.4278645833333333 0.6680555555555555 0.43020833333333336 0.6657407407407407 0.4317708333333333 0.6657407407407407 0.43255208333333334 0.6638888888888889 0.4348958333333333 0.6638888888888889 0.43776041666666665 0.6643518518518519 0.43802083333333336 0.6643518518518519 0.4393229166666667 0.6666666666666666 0.44088541666666664 0.6685185185185185 0.44166666666666665 0.6712962962962963 0.4421875 0.674074074074074 0.4421875 0.6768518518518518 0.44140625 0.6796296296296296 0.44114583333333335 0.6800925925925926 0.44088541666666664 0.6824074074074075 0.44088541666666664 0.6837962962962963 0.44140625 0.6856481481481481 0.44166666666666665 0.6981481481481482 0.44635416666666666 0.7037037037037037 0.44921875 0.7041666666666667 0.44921875 0.7092592592592593 0.45208333333333334 0.7157407407407408 0.45416666666666666 0.7185185185185186 0.4557291666666667 0.7208333333333333 0.45651041666666664 0.7287037037037037 0.46041666666666664 0.7314814814814815 0.46145833333333336 0.7361111111111112 0.4640625 0.7361111111111112 0.46432291666666664 0.736574074074074 0.46432291666666664 0.7393518518518518 0.46588541666666666 0.7481481481481481 0.46848958333333335 0.750462962962963 0.46848958333333335 0.7509259259259259 0.46875 0.7555555555555555 0.46848958333333335 0.7601851851851852 0.46640625 0.7625 0.46328125 0.7625 0.4622395833333333 0.7620370370370371 0.46197916666666666 0.7620370370370371 0.46119791666666665 0.7606481481481482 0.4588541666666667 0.750462962962963 0.45338541666666665 0.7476851851851852 0.45234375 0.7444444444444445 0.4505208333333333 0.7407407407407407 0.44921875 0.7375 0.4473958333333333 0.7375 0.4471354166666667 0.7324074074074074 0.44479166666666664 0.7310185185185185 0.44453125 0.7287037037037037 0.4432291666666667 0.7217592592592592 0.440625 0.7162037037037037 0.4375 0.7148148148148148 0.43723958333333335 0.7125 0.4359375 0.7125 0.4356770833333333 0.7041666666666667 0.43125 0.7032407407407407 0.43046875 0.7018518518518518 0.428125 0.700925925925926 0.42265625 0.6967592592592593 0.4197916666666667 0.6925925925925925 0.4197916666666667 0.6907407407407408 0.4192708333333333 0.6856481481481481 0.41953125 0.6796296296296296 0.42239583333333336
2 0.7087962962962963 0.4666666666666667 0.700462962962963 0.4609375 0.6949074074074074 0.4596354166666667 0.6893518518518519 0.46015625 0.6847222222222222 0.4627604166666667 0.6837962962962963 0.46588541666666666 0.6837962962962963 0.4705729166666667 0.6824074074074075 0.4713541666666667 0.6763888888888889 0.47265625 0.6662037037037037 0.47630208333333335 0.6583333333333333 0.4783854166666667 0.6564814814814814 0.47942708333333334 0.6449074074074074 0.4822916666666667 0.6268518518518519 0.48854166666666665 0.6226851851851852 0.48932291666666666 0.6185185185185185 0.4908854166666667 0.6032407407407407 0.4947916666666667 0.5912037037037037 0.4986979166666667 0.587037037037037 0.5005208333333333 0.5837962962962963 0.5010416666666667 0.5782407407407407 0.5033854166666667 0.5365740740740741 0.515625 0.5296296296296297 0.5184895833333333 0.5259259259259259 0.5213541666666667 0.5277777777777778 0.5252604166666667 0.5305555555555556 0.5276041666666667 0.5337962962962963 0.5291666666666667 0.5370370370370371 0.5294270833333333 0.5444444444444444 0.5286458333333334 0.5569444444444445 0.5252604166666667 0.5643518518518519 0.5223958333333333 0.5699074074074074 0.5213541666666667 0.5736111111111111 0.5197916666666667 0.5916666666666667 0.5145833333333333 0.5949074074074074 0.5130208333333334 0.5981481481481481 0.5125 0.6032407407407407 0.5106770833333333 0.6064814814814815 0.51015625 0.612037037037037 0.5083333333333333 0.6185185185185185 0.5075520833333333 0.6231481481481481 0.50546875 0.6305555555555555 0.5036458333333333 0.637962962962963 0.5028645833333333 0.6393518518518518 0.5013020833333334 0.6476851851851851 0.49713541666666666 0.6578703703703703 0.49375 0.6694444444444444 0.4908854166666667 0.6819444444444445 0.48671875 0.6856481481481481 0.4864583333333333 0.6893518518518519 0.48541666666666666 0.6976851851851852 0.48541666666666666 0.7050925925925926 0.4861979166666667 0.7134259259259259 0.48515625 0.7166666666666667 0.48359375 0.7175925925925926 0.4822916666666667 0.7171296296296297 0.4778645833333333 0.7152777777777778 0.4739583333333333
5 0.700925925925926 0.5768229166666666 0.700462962962963 0.5770833333333333 0.6967592592592593 0.5776041666666667 0.6939814814814815 0.5799479166666667 0.6939814814814815 0.5807291666666666 0.6930555555555555 0.58203125 0.6930555555555555 0.5833333333333334 0.6925925925925925 0.58359375 0.6925925925925925 0.5848958333333333 0.6921296296296297 0.58515625 0.6921296296296297 0.58671875 0.6916666666666667 0.5869791666666667 0.6912037037037037 0.58984375 0.6907407407407408 0.5901041666666667 0.6907407407407408 0.5911458333333334 0.6902777777777778 0.59140625 0.6902777777777778 0.5921875 0.6898148148148148 0.5924479166666666 0.6888888888888889 0.5950520833333334 0.6884259259259259 0.5953125 0.687962962962963 0.5979166666666667 0.6875 0.5981770833333333 0.6875 0.59921875 0.687037037037037 0.5994791666666667 0.6865740740740741 0.6028645833333334 0.6861111111111111 0.603125 0.6861111111111111 0.6041666666666666 0.6856481481481481 0.6044270833333333 0.6847222222222222 0.60703125 0.6837962962962963 0.6080729166666666 0.6814814814814815 0.609375 0.6773148148148148 0.6096354166666667 0.675 0.61015625 0.6731481481481482 0.61015625 0.6712962962962963 0.6106770833333334 0.6699074074074074 0.6106770833333334 0.6689814814814815 0.6111979166666667 0.6666666666666666 0.6145833333333334 0.6666666666666666 0.6192708333333333 0.6675925925925926 0.6197916666666666 0.6689814814814815 0.6213541666666667 0.6712962962962963 0.62265625 0.6712962962962963 0.6229166666666667 0.6736111111111112 0.6239583333333333 0.6796296296296296 0.625 0.6810185185185185 0.6255208333333333 0.6819444444444445 0.6255208333333333 0.6837962962962963 0.6260416666666667 0.6851851851851852 0.6260416666666667 0.687037037037037 0.6268229166666667 0.6916666666666667 0.6270833333333333 0.6921296296296297 0.62734375 0.6949074074074074 0.62734375 0.6953703703703704 0.6276041666666666 0.6976851851851852 0.6276041666666666 0.6981481481481482 0.6278645833333333 0.7013888888888888 0.6278645833333333 0.7018518518518518 0.628125 0.7037037037037037 0.628125 0.7041666666666667 0.6283854166666667 0.7101851851851851 0.6283854166666667 0.7125 0.6278645833333333 0.7212962962962963 0.6278645833333333 0.7240740740740741 0.6270833333333333 0.725 0.6265625 0.725 0.62578125 0.7263888888888889 0.6236979166666666 0.7263888888888889 0.621875 0.7268518518518519 0.6216145833333333 0.7268518518518519 0.61875 0.7263888888888889 0.6184895833333334 0.7263888888888889 0.61796875 0.7245370370370371 0.6161458333333333 0.7189814814814814 0.6127604166666667 0.7185185185185186 0.6119791666666666 0.7175925925925926 0.6114583333333333 0.7175925925925926 0.6106770833333334 0.7171296296296297 0.6104166666666667 0.7171296296296297 0.60546875 0.7175925925925926 0.6052083333333333 0.7175925925925926 0.6033854166666667 0.7180555555555556 0.603125 0.7180555555555556 0.6013020833333333 0.7185185185185186 0.6010416666666667 0.7185185185185186 0.59921875 0.7189814814814814 0.5989583333333334 0.7194444444444444 0.59609375 0.7203703703703703 0.5947916666666667 0.7203703703703703 0.59375 0.7208333333333333 0.5934895833333333 0.7208333333333333 0.5924479166666666 0.7212962962962963 0.5921875 0.7212962962962963 0.5908854166666667 0.7217592592592592 0.590625 0.7217592592592592 0.5893229166666667 0.7222222222222222 0.5890625 0.7222222222222222 0.5875 0.7226851851851852 0.5872395833333334 0.7226851851851852 0.5854166666666667 0.7231481481481481 0.58515625 0.7231481481481481 0.5807291666666666 0.7226851851851852 0.58046875 0.7226851851851852 0.5799479166666667 0.7208333333333333 0.57890625 0.7162037037037037 0.5776041666666667 0.712037037037037 0.5776041666666667 0.7097222222222223 0.5770833333333333
6 0.7157407407407408 0.6588541666666666 0.7101851851851851 0.6619791666666667 0.7097222222222223 0.6627604166666666 0.7087962962962963 0.66328125 0.7060185185185185 0.6666666666666666 0.7050925925925926 0.6671875 0.7041666666666667 0.6684895833333333 0.7032407407407407 0.6690104166666667 0.7032407407407407 0.6692708333333334 0.7023148148148148 0.6700520833333333 0.7023148148148148 0.6705729166666666 0.7018518518518518 0.6708333333333333 0.7018518518518518 0.6716145833333333 0.7013888888888888 0.671875 0.7013888888888888 0.6729166666666667 0.700925925925926 0.6731770833333334 0.7013888888888888 0.675 0.7018518518518518 0.6752604166666667 0.7018518518518518 0.67578125 0.7027777777777777 0.6765625 0.7027777777777777 0.6770833333333334 0.7041666666666667 0.6783854166666666 0.7046296296296296 0.6796875 0.7050925925925926 0.6799479166666667 0.7064814814814815 0.6817708333333333 0.7074074074074074 0.6822916666666666 0.7087962962962963 0.6841145833333333 0.7101851851851851 0.6848958333333334 0.7101851851851851 0.68515625 0.7106481481481481 0.6854166666666667 0.7111111111111111 0.6854166666666667 0.712037037037037 0.6859375 0.7125 0.6859375 0.7152777777777778 0.6875 0.7157407407407408 0.6875 0.7166666666666667 0.6880208333333333 0.7189814814814814 0.68828125 0.7194444444444444 0.6885416666666667 0.7199074074074074 0.6885416666666667 0.7203703703703703 0.6888020833333334 0.7212962962962963 0.6888020833333334 0.7226851851851852 0.6893229166666667 0.7240740740740741 0.6893229166666667 0.7245370370370371 0.6895833333333333 0.7263888888888889 0.6895833333333333 0.7268518518518519 0.68984375 0.7305555555555555 0.68984375 0.7310185185185185 0.6901041666666666 0.7393518518518518 0.6901041666666666 0.7398148148148148 0.68984375 0.7421296296296296 0.68984375 0.7425925925925926 0.6895833333333333 0.7444444444444445 0.6895833333333333 0.7449074074074075 0.6893229166666667 0.7467592592592592 0.6893229166666667 0.7481481481481481 0.6888020833333334 0.7490740740740741 0.6888020833333334 0.749537037037037 0.6885416666666667 0.750462962962963 0.6885416666666667 0.7509259259259259 0.68828125 0.7513888888888889 0.68828125 0.7527777777777778 0.6872395833333333 0.7546296296296297 0.6848958333333334 0.7555555555555555 0.684375 0.7555555555555555 0.6838541666666667 0.7560185185185185 0.68359375 0.7560185185185185 0.6830729166666667 0.7564814814814815 0.6828125 0.7564814814814815 0.6822916666666666 0.7569444444444444 0.68203125 0.7569444444444444 0.68125 0.7574074074074074 0.6809895833333334 0.7574074074074074 0.6799479166666667 0.7578703703703704 0.6796875 0.7583333333333333 0.6783854166666666 0.7592592592592593 0.6776041666666667 0.7592592592592593 0.6760416666666667 0.7597222222222222 0.67578125 0.7597222222222222 0.6739583333333333 0.7601851851851852 0.6736979166666667 0.7597222222222222 0.6734375 0.7597222222222222 0.6723958333333333 0.7592592592592593 0.6721354166666667 0.7592592592592593 0.6713541666666667 0.7587962962962963 0.67109375 0.7587962962962963 0.6700520833333333 0.7583333333333333 0.6697916666666667 0.7583333333333333 0.6692708333333334 0.7578703703703704 0.6690104166666667 0.7569444444444444 0.6677083333333333 0.7550925925925925 0.66640625 0.7541666666666667 0.6651041666666667 0.7532407407407408 0.6645833333333333 0.7532407407407408 0.6640625 0.7527777777777778 0.6638020833333333 0.7527777777777778 0.6635416666666667 0.7518518518518519 0.6627604166666666 0.7518518518518519 0.6622395833333333 0.7509259259259259 0.66171875 0.7509259259259259 0.6614583333333334 0.7481481481481481 0.6598958333333333 0.7481481481481481 0.6596354166666667 0.7476851851851852 0.659375 0.7472222222222222 0.659375 0.7439814814814815 0.6583333333333333 0.7425925925925926 0.6583333333333333 0.7421296296296296 0.6580729166666667 0.7402777777777778 0.6580729166666667 0.7398148148148148 0.6578125 0.725462962962963 0.6578125 0.725 0.6580729166666667 0.7217592592592592 0.6580729166666667 0.7212962962962963 0.6583333333333333 0.7189814814814814 0.6583333333333333 0.7185185185185186 0.65859375 0.7166666666666667 0.65859375 0.7162037037037037 0.6588541666666666
2 0.8268518518518518 0.5341145833333333 0.8217592592592593 0.534375 0.8185185185185185 0.5369791666666667 0.8180555555555555 0.5388020833333333 0.8185185185185185 0.5424479166666667 0.8199074074074074 0.5432291666666667 0.825925925925926 0.54453125 0.8268518518518518 0.5453125 0.8282407407407407 0.5484375 0.8277777777777777 0.5604166666666667 0.8263888888888888 0.5645833333333333 0.825462962962963 0.5768229166666666 0.8217592592592593 0.6020833333333333 0.8217592592592593 0.6067708333333334 0.8194444444444444 0.6174479166666667 0.8171296296296297 0.6466145833333333 0.8180555555555555 0.6486979166666667 0.8203703703703704 0.6505208333333333 0.8291666666666667 0.65234375 0.8337962962962963 0.6526041666666667 0.8384259259259259 0.65078125 0.8416666666666667 0.64609375 0.8430555555555556 0.63125 0.8462962962962963 0.6153645833333333 0.8467592592592592 0.6044270833333333 0.8490740740740741 0.5869791666666667 0.850462962962963 0.58359375 0.850462962962963 0.5799479166666667 0.8523148148148149 0.5731770833333333 0.8523148148148149 0.5635416666666667 0.8532407407407407 0.5614583333333333 0.8541666666666666 0.54921875 0.8550925925925926 0.54765625 0.8569444444444444 0.5463541666666667 0.8657407407407407 0.5447916666666667 0.8671296296296296 0.54296875 0.8675925925925926 0.5401041666666667 0.8657407407407407 0.5375 0.8611111111111112 0.5361979166666667 0.8453703703703703 0.5346354166666667
4 0.9236111111111112 0.3463541666666667 0.9199074074074074 0.34427083333333336 0.9111111111111111 0.34270833333333334 0.9106481481481481 0.34296875 0.9037037037037037 0.34375 0.899074074074074 0.3450520833333333 0.8958333333333334 0.3453125 0.8888888888888888 0.34661458333333334 0.8833333333333333 0.34817708333333336 0.8810185185185185 0.3484375 0.8768518518518519 0.3497395833333333 0.8699074074074075 0.35052083333333334 0.8601851851851852 0.35260416666666666 0.8578703703703704 0.35260416666666666 0.8550925925925926 0.3533854166666667 0.8541666666666666 0.3533854166666667 0.8532407407407407 0.35390625 0.8518518518518519 0.35390625 0.8513888888888889 0.3541666666666667 0.8476851851851852 0.3541666666666667 0.8439814814814814 0.3533854166666667 0.8398148148148148 0.353125 0.8375 0.35260416666666666 0.8310185185185185 0.35234375 0.8305555555555556 0.35208333333333336 0.8263888888888888 0.3528645833333333 0.8217592592592593 0.353125 0.8175925925925925 0.35651041666666666 0.8171296296296297 0.3580729166666667 0.8166666666666667 0.35833333333333334 0.8166666666666667 0.359375 0.8157407407407408 0.3606770833333333 0.8157407407407408 0.36614583333333334 0.8162037037037037 0.36640625 0.8162037037037037 0.3671875 0.8166666666666667 0.36744791666666665 0.8166666666666667 0.36822916666666666 0.8175925925925925 0.3697916666666667 0.8212962962962963 0.37421875 0.825925925925926 0.37734375 0.8296296296296296 0.37864583333333335 0.8319444444444445 0.37864583333333335 0.8324074074074074 0.37890625 0.8384259259259259 0.37890625 0.8388888888888889 0.37864583333333335 0.8412037037037037 0.37864583333333335 0.8467592592592592 0.3770833333333333 0.8490740740740741 0.37578125 0.8527777777777777 0.37005208333333334 0.8560185185185185 0.36822916666666666 0.8578703703703704 0.36796875 0.8657407407407407 0.3658854166666667 0.8666666666666667 0.3658854166666667 0.8689814814814815 0.3651041666666667 0.8740740740740741 0.36432291666666666 0.8768518518518519 0.36354166666666665 0.8800925925925925 0.36328125 0.8847222222222222 0.36223958333333334 0.8888888888888888 0.3619791666666667 0.8953703703703704 0.3606770833333333 0.9 0.3606770833333333 0.9013888888888889 0.35989583333333336 0.9064814814814814 0.35833333333333334 0.9074074074074074 0.3578125 0.9152777777777777 0.35651041666666666 0.9194444444444444 0.35494791666666664 0.9226851851851852 0.3533854166666667 0.925 0.35052083333333334 0.925 0.3497395833333333 0.9254629629629629 0.3494791666666667
3 0.8569444444444444 0.571875 0.8541666666666666 0.5739583333333333 0.8541666666666666 0.5744791666666667 0.8532407407407407 0.5752604166666667 0.8523148148148149 0.5786458333333333 0.8518518518518519 0.57890625 0.8518518518518519 0.5822916666666667 0.8523148148148149 0.5825520833333333 0.8523148148148149 0.5838541666666667 0.8527777777777777 0.5841145833333333 0.8532407407407407 0.5854166666666667 0.8546296296296296 0.5864583333333333 0.8560185185185185 0.58828125 0.8560185185185185 0.5893229166666667 0.8574074074074074 0.5911458333333334 0.8574074074074074 0.59296875 0.8569444444444444 0.5932291666666667 0.8569444444444444 0.5955729166666667 0.8564814814814815 0.5958333333333333 0.8560185185185185 0.5986979166666667 0.8555555555555555 0.5989583333333334 0.8555555555555555 0.5997395833333333 0.8550925925925926 0.6 0.8550925925925926 0.60078125 0.8541666666666666 0.6020833333333333 0.8541666666666666 0.603125 0.8537037037037037 0.6033854166666667 0.8537037037037037 0.6041666666666666 0.8532407407407407 0.6044270833333333 0.8523148148148149 0.60703125 0.8518518518518519 0.6072916666666667 0.850925925925926 0.6114583333333333 0.850462962962963 0.61171875 0.850462962962963 0.6127604166666667 0.85 0.6130208333333333 0.85 0.6140625 0.8495370370370371 0.6143229166666667 0.8495370370370371 0.6190104166666667 0.8513888888888889 0.6213541666666667 0.8541666666666666 0.6229166666666667 0.8592592592592593 0.6236979166666666 0.8606481481481482 0.62421875 0.8652777777777778 0.6247395833333333 0.8657407407407407 0.625 0.8675925925925926 0.625 0.8680555555555556 0.6252604166666667 0.8699074074074075 0.6252604166666667 0.8703703703703703 0.6255208333333333 0.875 0.6255208333333333 0.875462962962963 0.6252604166666667 0.8768518518518519 0.6252604166666667 0.8796296296296297 0.6244791666666667 0.8805555555555555 0.6244791666666667 0.8833333333333333 0.62265625 0.8865740740740741 0.6192708333333333 0.8870370370370371 0.6177083333333333 0.887962962962963 0.6166666666666667 0.887962962962963 0.6158854166666666 0.8898148148148148 0.6135416666666667 0.8907407407407407 0.6106770833333334 0.8925925925925926 0.6078125 0.8925925925925926 0.6067708333333334 0.8944444444444445 0.60390625 0.8958333333333334 0.6 0.8967592592592593 0.5989583333333334 0.8967592592592593 0.5981770833333333 0.8972222222222223 0.5979166666666667 0.8972222222222223 0.5971354166666667 0.8976851851851851 0.596875 0.8976851851851851 0.59609375 0.8986111111111111 0.5947916666666667 0.9004629629629629 0.59375 0.9027777777777778 0.59375 0.9032407407407408 0.5934895833333333 0.9083333333333333 0.59296875 0.9120370370370371 0.5919270833333333 0.913425925925926 0.590625 0.913425925925926 0.5901041666666667 0.9152777777777777 0.5877604166666667 0.9157407407407407 0.5830729166666667 0.913425925925926 0.5802083333333333 0.9125 0.5796875 0.9092592592592592 0.57890625 0.9083333333333333 0.5783854166666667 0.9013888888888889 0.57734375 0.8981481481481481 0.5760416666666667 0.8962962962962963 0.5760416666666667 0.8958333333333334 0.57578125 0.8907407407407407 0.5752604166666667 0.8842592592592593 0.5739583333333333 0.8824074074074074 0.5739583333333333 0.8819444444444444 0.5736979166666667 0.8759259259259259 0.5731770833333333 0.8699074074074075 0.571875 0.8662037037037037 0.571875 0.8657407407407407 0.5716145833333334 0.8638888888888889 0.5716145833333334 0.8634259259259259 0.571875
4 0.8356481481481481 0.26328125 0.8356481481481481 0.26536458333333335 0.8351851851851851 0.265625 0.8351851851851851 0.27369791666666665 0.8356481481481481 0.27395833333333336 0.8356481481481481 0.2752604166666667 0.8375 0.27682291666666664 0.8384259259259259 0.27682291666666664 0.8425925925925926 0.27786458333333336 0.8453703703703703 0.27786458333333336 0.8458333333333333 0.278125 0.8523148148148149 0.278125 0.8527777777777777 0.27786458333333336 0.8550925925925926 0.27786458333333336 0.8574074074074074 0.27734375 0.8611111111111112 0.2752604166666667 0.8657407407407407 0.27317708333333335 0.8671296296296296 0.27291666666666664 0.874537037037037 0.27291666666666664 0.875 0.27265625 0.8773148148148148 0.27265625 0.8777777777777778 0.27291666666666664 0.8819444444444444 0.27317708333333335 0.8824074074074074 0.2734375 0.8851851851851852 0.2734375 0.887962962962963 0.27395833333333336 0.8930555555555556 0.27395833333333336 0.8953703703703704 0.27447916666666666 0.9013888888888889 0.27447916666666666 0.9018518518518519 0.2747395833333333 0.9046296296296297 0.2747395833333333 0.9083333333333333 0.2755208333333333 0.9157407407407407 0.27578125 0.9162037037037037 0.2760416666666667 0.9194444444444444 0.2760416666666667 0.9199074074074074 0.27630208333333334 0.925 0.27630208333333334 0.9254629629629629 0.2765625 0.9324074074074075 0.2765625 0.9328703703703703 0.27682291666666664 0.9356481481481481 0.27682291666666664 0.9361111111111111 0.27708333333333335 0.9393518518518519 0.27734375 0.9402777777777778 0.27630208333333334 0.9430555555555555 0.2747395833333333 0.9458333333333333 0.2716145833333333 0.9458333333333333 0.26875 0.9462962962962963 0.26848958333333334 0.9458333333333333 0.26588541666666665 0.9449074074074074 0.26458333333333334 0.9435185185185185 0.2638020833333333 0.9402777777777778 0.2630208333333333 0.9356481481481481 0.2630208333333333 0.9351851851851852 0.26276041666666666 0.9333333333333333 0.26276041666666666 0.9328703703703703 0.2625 0.9310185185185185 0.2625 0.9282407407407407 0.26197916666666665 0.9254629629629629 0.26197916666666665 0.925 0.26171875 0.9217592592592593 0.26171875 0.9212962962962963 0.26145833333333335 0.9180555555555555 0.26145833333333335 0.9175925925925926 0.26119791666666664 0.9138888888888889 0.26119791666666664 0.913425925925926 0.2609375 0.9097222222222222 0.2609375 0.9092592592592592 0.26067708333333334 0.9064814814814814 0.26067708333333334 0.9060185185185186 0.2604166666666667 0.9018518518518519 0.2604166666666667 0.9013888888888889 0.26015625 0.899074074074074 0.26015625 0.8972222222222223 0.2596354166666667 0.8916666666666667 0.259375 0.8912037037037037 0.2591145833333333 0.887962962962963 0.2591145833333333 0.8875 0.25885416666666666 0.8847222222222222 0.25885416666666666 0.8842592592592593 0.25859375 0.8819444444444444 0.25859375 0.8814814814814815 0.25833333333333336 0.875 0.2578125 0.8736111111111111 0.25755208333333335 0.8699074074074075 0.25546875 0.8680555555555556 0.25364583333333335 0.8648148148148148 0.2518229166666667 0.862037037037037 0.2513020833333333 0.8574074074074074 0.2513020833333333 0.8569444444444444 0.25104166666666666 0.8467592592592592 0.25104166666666666 0.8453703703703703 0.2513020833333333 0.8425925925925926 0.25390625 0.8402777777777778 0.25546875
1 0.962037037037037 0.6015625 0.9611111111111111 0.6010416666666667 0.9592592592592593 0.5989583333333334 0.9560185185185185 0.596875 0.9550925925925926 0.5958333333333333 0.9523148148148148 0.59453125 0.9523148148148148 0.5942708333333333 0.9486111111111111 0.5919270833333333 0.9486111111111111 0.5916666666666667 0.9467592592592593 0.5911458333333334 0.9444444444444444 0.5908854166666667 0.9439814814814815 0.590625 0.9421296296296297 0.590625 0.9416666666666667 0.5908854166666667 0.9407407407407408 0.5908854166666667 0.9388888888888889 0.59140625 0.9375 0.59140625 0.9356481481481481 0.5919270833333333 0.9314814814814815 0.5942708333333333 0.924074074074074 0.5963541666666666 0.9212962962962963 0.5984375 0.9199074074074074 0.6 0.9199074074074074 0.6005208333333333 0.9189814814814815 0.6015625 0.9180555555555555 0.6020833333333333 0.9180555555555555 0.60234375 0.913425925925926 0.6049479166666667 0.9115740740740741 0.60546875 0.9037037037037037 0.6096354166666667 0.9032407407407408 0.6096354166666667 0.899074074074074 0.61171875 0.8962962962962963 0.6125 0.8953703703703704 0.6130208333333333 0.8949074074074074 0.6130208333333333 0.8925925925925926 0.6143229166666667 0.8898148148148148 0.6151041666666667 0.8898148148148148 0.6153645833333333 0.8888888888888888 0.6158854166666666 0.8888888888888888 0.61640625 0.887962962962963 0.6174479166666667 0.887962962962963 0.6182291666666667 0.8875 0.6184895833333334 0.8875 0.61953125 0.887962962962963 0.6197916666666666 0.888425925925926 0.62109375 0.8893518518518518 0.6221354166666667 0.8907407407407407 0.6229166666666667 0.8962962962962963 0.6244791666666667 0.8972222222222223 0.62421875 0.899537037037037 0.62421875 0.9013888888888889 0.6236979166666666 0.9023148148148148 0.6231770833333333 0.9027777777777778 0.6231770833333333 0.9041666666666667 0.6223958333333334 0.9083333333333333 0.6213541666666667 0.9120370370370371 0.6197916666666666 0.9152777777777777 0.6190104166666667 0.9171296296296296 0.61796875 0.9199074074074074 0.6171875 0.9231481481481482 0.615625 0.924537037037037 0.6153645833333333 0.9254629629629629 0.61484375 0.9268518518518518 0.6145833333333334 0.9277777777777778 0.6140625 0.9291666666666667 0.6138020833333333 0.9300925925925926 0.61328125 0.9314814814814815 0.6130208333333333 0.9324074074074075 0.6125 0.9351851851851852 0.61171875 0.9388888888888889 0.61171875 0.9393518518518519 0.6119791666666666 0.9407407407407408 0.6119791666666666 0.9425925925925925 0.6125 0.9467592592592593 0.6125 0.950925925925926 0.6098958333333333 0.9574074074074074 0.6080729166666666 0.9583333333333334 0.6080729166666666 0.9601851851851851 0.6072916666666667 0.9606481481481481 0.6072916666666667 0.9606481481481481 0.60703125 0.9625 0.6057291666666667 0.9625 0.6049479166666667 0.9629629629629629 0.6046875 0.9629629629629629 0.6036458333333333 0.9634259259259259 0.6033854166666667 0.9629629629629629 0.603125 0.9629629629629629 0.6026041666666667
1 0.9037037037037037 0.4197916666666667 0.9037037037037037 0.42135416666666664 0.9032407407407408 0.42161458333333335 0.9032407407407408 0.42265625 0.9027777777777778 0.42291666666666666 0.9027777777777778 0.4234375 0.9023148148148148 0.4236979166666667 0.9023148148148148 0.4239583333333333 0.9027777777777778 0.42421875 0.9027777777777778 0.42473958333333334 0.9032407407407408 0.425 0.9032407407407408 0.42578125 0.9037037037037037 0.42604166666666665 0.9037037037037037 0.42682291666666666 0.9041666666666667 0.4270833333333333 0.9041666666666667 0.4276041666666667 0.9074074074074074 0.42916666666666664 0.9115740740740741 0.43020833333333336 0.9125 0.43072916666666666 0.9138888888888889 0.4309895833333333 0.9162037037037037 0.43203125 0.9171296296296296 0.43203125 0.9175925925925926 0.4322916666666667 0.9185185185185185 0.4322916666666667 0.9189814814814815 0.43255208333333334 0.9208333333333333 0.43255208333333334 0.9212962962962963 0.4328125 0.924074074074074 0.4328125 0.924537037037037 0.43307291666666664 0.9254629629629629 0.43307291666666664 0.9259259259259259 0.43333333333333335 0.9273148148148148 0.43333333333333335 0.9277777777777778 0.43359375 0.9324074074074075 0.43359375 0.9328703703703703 0.43333333333333335 0.9333333333333333 0.43333333333333335 0.9365740740740741 0.4322916666666667 0.9375 0.4322916666666667 0.9388888888888889 0.4317708333333333 0.9458333333333333 0.4317708333333333 0.9462962962962963 0.43203125 0.950925925925926 0.43203125 0.9513888888888888 0.4322916666666667 0.9527777777777777 0.4322916666666667 0.9532407407407407 0.43255208333333334 0.9541666666666667 0.43255208333333334 0.9546296296296296 0.4328125 0.9564814814814815 0.4328125 0.9569444444444445 0.43307291666666664 0.9587962962962963 0.43307291666666664 0.9592592592592593 0.43333333333333335 0.9611111111111111 0.43333333333333335 0.961574074074074 0.43359375 0.9689814814814814 0.43359375 0.9694444444444444 0.43385416666666665 0.9703703703703703 0.43385416666666665 0.9708333333333333 0.43359375 0.9722222222222222 0.43359375 0.9726851851851852 0.43333333333333335 0.9740740740740741 0.43333333333333335 0.9745370370370371 0.43307291666666664 0.975 0.43307291666666664 0.975925925925926 0.43255208333333334 0.9763888888888889 0.43255208333333334 0.9777777777777777 0.4317708333333333 0.9777777777777777 0.4315104166666667 0.9782407407407407 0.43125 0.9782407407407407 0.43046875 0.9787037037037037 0.43020833333333336 0.9787037037037037 0.42890625 0.9791666666666666 0.42864583333333334 0.9791666666666666 0.42734375 0.9787037037037037 0.4270833333333333 0.9787037037037037 0.4265625 0.9782407407407407 0.42630208333333336 0.9782407407407407 0.42604166666666665 0.9745370370370371 0.4239583333333333 0.9736111111111111 0.4239583333333333 0.9731481481481481 0.4236979166666667 0.9722222222222222 0.4236979166666667 0.9717592592592592 0.4234375 0.9703703703703703 0.4234375 0.9699074074074074 0.4231770833333333 0.9689814814814814 0.4231770833333333 0.9685185185185186 0.42291666666666666 0.9675925925925926 0.42291666666666666 0.9671296296296297 0.42265625 0.9643518518518519 0.42265625 0.9638888888888889 0.42239583333333336 0.9625 0.42239583333333336 0.962037037037037 0.42213541666666665 0.9611111111111111 0.42213541666666665 0.9587962962962963 0.42135416666666664 0.9569444444444445 0.42135416666666664 0.9564814814814815 0.42109375 0.9550925925925926 0.42109375 0.9546296296296296 0.42083333333333334 0.9527777777777777 0.42083333333333334 0.9523148148148148 0.4205729166666667 0.950925925925926 0.4205729166666667 0.950462962962963 0.4203125 0.95 0.4203125 0.9467592592592593 0.41848958333333336 0.9467592592592593 0.41822916666666665 0.9449074074074074 0.41692708333333334 0.9444444444444444 0.4161458333333333 0.9435185185185185 0.415625 0.9430555555555555 0.415625 0.9425925925925925 0.4153645833333333 0.9416666666666667 0.4153645833333333 0.9412037037037037 0.41510416666666666 0.9407407407407408 0.41510416666666666 0.9402777777777778 0.41484375 0.9393518518518519 0.41484375 0.9388888888888889 0.41458333333333336 0.9291666666666667 0.41458333333333336 0.9287037037037037 0.41484375 0.9277777777777778 0.41484375 0.9236111111111112 0.41354166666666664 0.9171296296296296 0.41354166666666664 0.9166666666666666 0.41328125 0.9143518518518519 0.41328125 0.9138888888888889 0.41354166666666664 0.9115740740740741 0.41354166666666664 0.9101851851851852 0.41432291666666665 0.9097222222222222 0.41432291666666665 0.9069444444444444 0.4158854166666667 0.9069444444444444 0.41640625 0.9064814814814814 0.4166666666666667 0.9055555555555556 0.41796875 0.9046296296296297 0.41848958333333336 0.9046296296296297 0.41875 0.9041666666666667 0.41901041666666666 0.9041666666666667 0.41953125
1 0.8527777777777777 0.4140625 0.8490740740740741 0.4161458333333333 0.8481481481481481 0.4171875 0.8476851851851852 0.41848958333333336 0.8472222222222222 0.41875 0.8472222222222222 0.41953125 0.8467592592592592 0.4197916666666667 0.8476851851851852 0.42083333333333334 0.8486111111111111 0.42135416666666664 0.8486111111111111 0.42161458333333335 0.8532407407407407 0.42421875 0.8537037037037037 0.42421875 0.8546296296296296 0.42473958333333334 0.8550925925925926 0.42473958333333334 0.8560185185185185 0.42526041666666664 0.8578703703703704 0.42578125 0.862037037037037 0.4278645833333333 0.8625 0.4278645833333333 0.8652777777777778 0.42916666666666664 0.8657407407407407 0.42916666666666664 0.8699074074074075 0.4317708333333333 0.8717592592592592 0.4322916666666667 0.8726851851851852 0.4322916666666667 0.8768518518518519 0.43463541666666666 0.8768518518518519 0.4348958333333333 0.8777777777777778 0.4354166666666667 0.8777777777777778 0.43697916666666664 0.8782407407407408 0.43723958333333335 0.8782407407407408 0.4395833333333333 0.8796296296296297 0.440625 0.8796296296296297 0.44088541666666664 0.8805555555555555 0.44140625 0.888425925925926 0.4434895833333333 0.8949074074074074 0.4471354166666667 0.8958333333333334 0.4471354166666667 0.8962962962962963 0.4473958333333333 0.899074074074074 0.4473958333333333 0.899537037037037 0.44765625 0.9004629629629629 0.4473958333333333 0.9013888888888889 0.4473958333333333 0.9018518518518519 0.4471354166666667 0.9027777777777778 0.4471354166666667 0.9064814814814814 0.44505208333333335 0.9064814814814814 0.44479166666666664 0.9143518518518519 0.44036458333333334 0.9143518518518519 0.4401041666666667 0.9157407407407407 0.4393229166666667 0.9166666666666666 0.43802083333333336 0.9175925925925926 0.4375 0.9185185185185185 0.43645833333333334 0.9199074074074074 0.4356770833333333 0.9199074074074074 0.434375 0.9194444444444444 0.43411458333333336 0.9194444444444444 0.43333333333333335 0.9189814814814815 0.43307291666666664 0.9189814814814815 0.43255208333333334 0.9185185185185185 0.43203125 0.9171296296296296 0.43125 0.9152777777777777 0.43072916666666666 0.9125 0.42916666666666664 0.9125 0.42890625 0.9115740740740741 0.4283854166666667 0.9101851851851852 0.4283854166666667 0.9097222222222222 0.428125 0.9087962962962963 0.428125 0.9078703703703703 0.4278645833333333 0.9064814814814814 0.42682291666666666 0.9064814814814814 0.4265625 0.9055555555555556 0.42604166666666665 0.9055555555555556 0.42578125 0.9037037037037037 0.42473958333333334 0.9027777777777778 0.4244791666666667 0.9018518518518519 0.4244791666666667 0.9013888888888889 0.42421875 0.899074074074074 0.42421875 0.8986111111111111 0.4244791666666667 0.8962962962962963 0.42473958333333334 0.8935185185185185 0.42552083333333335 0.8916666666666667 0.42552083333333335 0.887962962962963 0.4244791666666667 0.8870370370370371 0.4239583333333333 0.8847222222222222 0.4234375 0.8810185185185185 0.42161458333333335 0.8773148148148148 0.4205729166666667 0.8740740740740741 0.41901041666666666 0.8722222222222222 0.41848958333333336 0.8708333333333333 0.41770833333333335 0.8671296296296296 0.4166666666666667 0.8657407407407407 0.4158854166666667 0.8652777777777778 0.4158854166666667 0.8638888888888889 0.41510416666666666 0.8625 0.41484375 0.861574074074074 0.41432291666666665 0.8578703703703704 0.41328125 0.8560185185185185 0.41328125 0.8555555555555555 0.41354166666666664 0.8546296296296296 0.41354166666666664