1 0.27870370370370373 0.346875 0.27870370370370373 0.34713541666666664 0.27546296296296297 0.34921875 0.27546296296296297 0.3497395833333333 0.275 0.35 0.275 0.35130208333333335 0.274537037037037 0.3515625 0.274537037037037 0.353125 0.2740740740740741 0.3533854166666667 0.27546296296296297 0.35494791666666664 0.2791666666666667 0.35703125 0.2796296296296296 0.35703125 0.28055555555555556 0.3575520833333333 0.2824074074074074 0.3580729166666667 0.28703703703703703 0.36015625 0.29444444444444445 0.36223958333333334 0.2953703703703704 0.36276041666666664 0.2967592592592593 0.36302083333333335 0.29768518518518516 0.36354166666666665 0.29814814814814816 0.36354166666666665 0.29907407407407405 0.3640625 0.30092592592592593 0.3645833333333333 0.30324074074074076 0.3658854166666667 0.30324074074074076 0.36614583333333334 0.3050925925925926 0.36744791666666665 0.3055555555555556 0.36796875 0.3055555555555556 0.3684895833333333 0.30648148148148147 0.3692708333333333 0.30694444444444446 0.37057291666666664 0.30972222222222223 0.3736979166666667 0.3111111111111111 0.37447916666666664 0.31157407407407406 0.37447916666666664 0.31342592592592594 0.37552083333333336 0.3143518518518518 0.37578125 0.31574074074074077 0.37578125 0.3162037037037037 0.37604166666666666 0.31851851851851853 0.37604166666666666 0.3189814814814815 0.3763020833333333 0.32083333333333336 0.3763020833333333 0.3212962962962963 0.3765625 0.32222222222222224 0.3765625 0.324537037037037 0.37786458333333334 0.325 0.37786458333333334 0.32685185185185184 0.37890625 0.3282407407407407 0.37916666666666665 0.32916666666666666 0.3796875 0.3337962962962963 0.3796875 0.3375 0.37864583333333335 0.3416666666666667 0.3763020833333333 0.34305555555555556 0.37447916666666664 0.3453703703703704 0.3729166666666667 0.3453703703703704 0.37265625 0.3472222222222222 0.37161458333333336 0.3472222222222222 0.37135416666666665 0.34814814814814815 0.37083333333333335 0.34814814814814815 0.37057291666666664 0.3490740740740741 0.37005208333333334 0.35 0.3690104166666667 0.35 0.3658854166666667 0.350462962962963 0.365625 0.350462962962963 0.3651041666666667 0.35 0.36484375 0.35 0.36432291666666666 0.3490740740740741 0.36328125 0.3486111111111111 0.36328125 0.34629629629629627 0.3619791666666667 0.3458333333333333 0.3619791666666667 0.3439814814814815 0.3609375 0.3425925925925926 0.3606770833333333 0.3416666666666667 0.36015625 0.3384259259259259 0.36015625 0.3375 0.35989583333333336 0.33564814814814814 0.35885416666666664 0.33425925925925926 0.35703125 0.3296296296296296 0.35494791666666664 0.3277777777777778 0.35494791666666664 0.32731481481481484 0.3546875 0.324537037037037 0.3546875 0.32407407407407407 0.35494791666666664 0.3194444444444444 0.35494791666666664 0.3189814814814815 0.35520833333333335 0.3138888888888889 0.35520833333333335 0.31157407407407406 0.3541666666666667 0.3101851851851852 0.35390625 0.30925925925925923 0.3533854166666667 0.3087962962962963 0.3533854166666667 0.3050925925925926 0.35182291666666665 0.3037037037037037 0.3515625 0.30277777777777776 0.35104166666666664 0.300462962962963 0.35052083333333334 0.29814814814814816 0.3494791666666667 0.2972222222222222 0.3494791666666667 0.2953703703703704 0.3489583333333333 0.29444444444444445 0.3484375 0.28703703703703703 0.3463541666666667 0.2861111111111111 0.3463541666666667 0.28564814814814815 0.34609375 0.28425925925925927 0.34609375 0.28379629629629627 0.3458333333333333 0.2824074074074074 0.3458333333333333
3 0.36574074074074076 0.11901041666666666 0.36203703703703705 0.11822916666666666 0.35648148148148145 0.11822916666666666 0.35324074074074074 0.11901041666666666 0.35185185185185186 0.11901041666666666 0.3490740740740741 0.11979166666666667 0.34675925925925927 0.12109375 0.3453703703703704 0.12265625 0.3453703703703704 0.12447916666666667 0.3449074074074074 0.12473958333333333 0.34444444444444444 0.12708333333333333 0.3435185185185185 0.128125 0.3416666666666667 0.12916666666666668 0.3351851851851852 0.13020833333333334 0.3337962962962963 0.13072916666666667 0.3296296296296296 0.13098958333333333 0.3263888888888889 0.13177083333333334 0.325 0.13177083333333334 0.32222222222222224 0.13229166666666667 0.31805555555555554 0.13359375 0.3143518518518518 0.13385416666666666 0.31296296296296294 0.134375 0.31203703703703706 0.134375 0.3101851851851852 0.13515625 0.30648148148148147 0.13541666666666666 0.30324074074074076 0.13619791666666667 0.2986111111111111 0.13671875 0.29583333333333334 0.1375 0.2898148148148148 0.13854166666666667 0.28703703703703703 0.14036458333333332 0.2865740740740741 0.14114583333333333 0.2865740740740741 0.1421875 0.2861111111111111 0.14244791666666667 0.2865740740740741 0.14270833333333333 0.2865740740740741 0.14427083333333332 0.28935185185185186 0.14895833333333333 0.2898148148148148 0.15052083333333333 0.2949074074074074 0.15572916666666667 0.2986111111111111 0.15729166666666666 0.3 0.15729166666666666 0.300462962962963 0.15755208333333334 0.30648148148148147 0.15755208333333334 0.30694444444444446 0.15729166666666666 0.3138888888888889 0.15651041666666668 0.31574074074074077 0.15598958333333332 0.31712962962962965 0.15598958333333332 0.3189814814814815 0.15546875 0.32592592592592595 0.1546875 0.32916666666666666 0.15390625 0.3333333333333333 0.15364583333333334 0.3351851851851852 0.153125 0.3402777777777778 0.15286458333333333 0.34074074074074073 0.15260416666666668 0.34444444444444444 0.15286458333333333 0.3449074074074074 0.153125 0.3537037037037037 0.153125 0.35555555555555557 0.15390625 0.3587962962962963 0.1546875 0.3597222222222222 0.15520833333333334 0.3648148148148148 0.15625 0.36898148148148147 0.15625 0.36944444444444446 0.15598958333333332 0.3712962962962963 0.15598958333333332 0.3773148148148148 0.15416666666666667 0.3773148148148148 0.15364583333333334 0.37962962962962965 0.15078125 0.3787037037037037 0.14505208333333333 0.37824074074074077 0.14479166666666668 0.37824074074074077 0.14270833333333333 0.37777777777777777 0.14244791666666667 0.3773148148148148 0.13776041666666666 0.3768518518518518 0.1375 0.3763888888888889 0.13515625 0.37592592592592594 0.13489583333333333 0.37592592592592594 0.13411458333333334 0.375 0.13307291666666668 0.375 0.13229166666666667 0.3736111111111111 0.12994791666666666 0.3726851851851852 0.1265625 0.37083333333333335 0.12473958333333333 0.3699074074074074 0.12239583333333333 0.3685185185185185 0.12083333333333333
4 0.22037037037037038 0.3484375 0.21898148148148147 0.3502604166666667 0.21851851851851853 0.35390625 0.22083333333333333 0.35703125 0.23194444444444445 0.36328125 0.23472222222222222 0.36432291666666666 0.24444444444444444 0.36953125 0.24675925925925926 0.3703125 0.2537037037037037 0.37421875 0.25601851851851853 0.37473958333333335 0.25925925925925924 0.3763020833333333 0.26157407407407407 0.3765625 0.2657407407407407 0.378125 0.26666666666666666 0.378125 0.26805555555555555 0.37864583333333335 0.27546296296296297 0.38255208333333335 0.2777777777777778 0.38333333333333336 0.28425925925925927 0.38697916666666665 0.2861111111111111 0.3885416666666667 0.28564814814814815 0.39114583333333336 0.2851851851851852 0.39140625 0.2851851851851852 0.3932291666666667 0.28564814814814815 0.39348958333333334 0.2861111111111111 0.3958333333333333 0.29074074074074074 0.39869791666666665 0.29444444444444445 0.39947916666666666 0.2972222222222222 0.39895833333333336 0.30277777777777776 0.39895833333333336 0.3101851851851852 0.396875 0.31574074074074077 0.39348958333333334 0.3189814814814815 0.39010416666666664 0.32222222222222224 0.3880208333333333 0.325 0.3846354166666667 0.32546296296296295 0.38333333333333336 0.3277777777777778 0.3809895833333333 0.3277777777777778 0.38046875 0.32592592592592595 0.37890625 0.3226851851851852 0.3768229166666667 0.32175925925925924 0.3765625 0.32037037037037036 0.3765625 0.3199074074074074 0.3768229166666667 0.3162037037037037 0.3765625 0.31296296296296294 0.37578125 0.3111111111111111 0.375 0.3074074074074074 0.37473958333333335 0.30694444444444446 0.37447916666666664 0.30462962962962964 0.37473958333333335 0.30324074074074076 0.37526041666666665 0.30185185185185187 0.37526041666666665 0.3 0.37473958333333335 0.2967592592592593 0.37265625 0.2847222222222222 0.36822916666666666 0.2810185185185185 0.36614583333333334 0.2791666666666667 0.3645833333333333 0.274537037037037 0.36276041666666664 0.27361111111111114 0.36276041666666664 0.26990740740740743 0.3614583333333333 0.26435185185185184 0.35885416666666664 0.262037037037037 0.35833333333333334 0.2564814814814815 0.35546875 0.2490740740740741 0.35260416666666666 0.24351851851851852 0.3497395833333333 0.23425925925925925 0.346875 0.23148148148148148 0.3463541666666667 0.22870370370370371 0.3463541666666667 0.22824074074074074 0.34609375 0.22777777777777777 0.3463541666666667 0.22407407407407406 0.34661458333333334
4 0.25925925925925924 0.38828125 0.25833333333333336 0.38697916666666665 0.25787037037037036 0.3848958333333333 0.25555555555555554 0.38177083333333334 0.25324074074074077 0.3807291666666667 0.2513888888888889 0.38046875 0.25 0.38177083333333334 0.24814814814814815 0.3828125 0.2439814814814815 0.3828125 0.24259259259259258 0.38333333333333336 0.24027777777777778 0.38359375 0.23935185185185184 0.3841145833333333 0.23703703703703705 0.38671875 0.2351851851851852 0.38776041666666666 0.23287037037037037 0.38828125 0.2263888888888889 0.38828125 0.22592592592592592 0.3885416666666667 0.21481481481481482 0.3888020833333333 0.21435185185185185 0.3890625 0.20324074074074075 0.3893229166666667 0.20277777777777778 0.38958333333333334 0.19212962962962962 0.38958333333333334 0.19166666666666668 0.38984375 0.18564814814814815 0.38984375 0.18518518518518517 0.39010416666666664 0.15787037037037038 0.390625 0.1574074074074074 0.39088541666666665 0.15324074074074073 0.39114583333333336 0.1527777777777778 0.39140625 0.14629629629629629 0.39166666666666666 0.14351851851851852 0.3924479166666667 0.14212962962962963 0.3924479166666667 0.13842592592592592 0.39453125 0.1375 0.3963541666666667 0.13842592592592592 0.4005208333333333 0.14027777777777778 0.40260416666666665 0.14351851851851852 0.4041666666666667 0.1449074074074074 0.4041666666666667 0.14722222222222223 0.4046875 0.15046296296296297 0.4046875 0.15092592592592594 0.4049479166666667 0.1550925925925926 0.4049479166666667 0.15787037037037038 0.40546875 0.16944444444444445 0.40546875 0.1699074074074074 0.40520833333333334 0.1787037037037037 0.40520833333333334 0.17916666666666667 0.4049479166666667 0.1875 0.4049479166666667 0.18796296296296297 0.4046875 0.2 0.4046875 0.20046296296296295 0.4044270833333333 0.2111111111111111 0.4044270833333333 0.21157407407407408 0.4041666666666667 0.23287037037037037 0.4041666666666667 0.23842592592592593 0.40546875 0.2439814814814815 0.4080729166666667 0.24814814814814815 0.40859375 0.2518518518518518 0.40963541666666664 0.25555555555555554 0.4088541666666667 0.2569444444444444 0.4080729166666667 0.2574074074074074 0.40572916666666664 0.25833333333333336 0.4044270833333333 0.2587962962962963 0.396875 0.25925925925925924 0.3966145833333333
4 0.08055555555555556 0.21276041666666667 0.07824074074074074 0.21640625 0.0787037037037037 0.22057291666666667 0.07962962962962963 0.22161458333333334 0.08518518518518518 0.22473958333333333 0.08703703703703704 0.22552083333333334 0.0912037037037037 0.2265625 0.09537037037037037 0.22838541666666667 0.09907407407407408 0.22916666666666666 0.10416666666666667 0.23098958333333333 0.1050925925925926 0.23098958333333333 0.10925925925925926 0.23229166666666667 0.11157407407407408 0.23255208333333333 0.125 0.23619791666666667 0.13287037037037036 0.23776041666666667 0.1337962962962963 0.23828125 0.13564814814814816 0.23854166666666668 0.14027777777777778 0.24010416666666667 0.1412037037037037 0.24010416666666667 0.1486111111111111 0.2421875 0.15046296296296297 0.24296875 0.15462962962962962 0.24375 0.15787037037037038 0.2453125 0.15925925925925927 0.246875 0.16064814814814815 0.2518229166666667 0.16574074074074074 0.25416666666666665 0.1699074074074074 0.2552083333333333 0.17407407407407408 0.2552083333333333 0.17453703703703705 0.25494791666666666 0.17685185185185184 0.25494791666666666 0.1787037037037037 0.25442708333333336 0.1814814814814815 0.25416666666666665 0.18564814814814815 0.2526041666666667 0.1875 0.25052083333333336 0.18935185185185185 0.24947916666666667 0.19305555555555556 0.24505208333333334 0.19444444444444445 0.24036458333333333 0.19490740740740742 0.24010416666666667 0.19490740740740742 0.23828125 0.19537037037037036 0.23802083333333332 0.19490740740740742 0.23255208333333333 0.1935185185185185 0.23046875 0.18981481481481483 0.22864583333333333 0.18611111111111112 0.22786458333333334 0.18009259259259258 0.22734375 0.17962962962962964 0.22708333333333333 0.1736111111111111 0.22708333333333333 0.1699074074074074 0.22838541666666667 0.16574074074074074 0.22864583333333333 0.15694444444444444 0.22708333333333333 0.15185185185185185 0.22578125 0.15 0.225 0.14907407407407408 0.225 0.1476851851851852 0.22447916666666667 0.14629629629629629 0.22447916666666667 0.13472222222222222 0.22161458333333334 0.1287037037037037 0.22057291666666667 0.11851851851851852 0.21770833333333334 0.1162037037037037 0.21744791666666666 0.11388888888888889 0.21666666666666667 0.10972222222222222 0.21588541666666666 0.1087962962962963 0.21536458333333333 0.10416666666666667 0.2140625 0.10046296296296296 0.21354166666666666 0.09537037037037037 0.21223958333333334 0.09398148148148149 0.21223958333333334 0.08981481481481482 0.21145833333333333 0.08518518518518518 0.21145833333333333 0.08472222222222223 0.21171875 0.08333333333333333 0.21171875
5 0.4273148148148148 0.3065104166666667 0.42268518518518516 0.3065104166666667 0.4199074074074074 0.3072916666666667 0.41944444444444445 0.3078125 0.41435185185185186 0.3104166666666667 0.41388888888888886 0.31302083333333336 0.412962962962963 0.3143229166666667 0.4148148148148148 0.315625 0.41574074074074074 0.31692708333333336 0.41712962962962963 0.31796875 0.41712962962962963 0.31875 0.41759259259259257 0.3190104166666667 0.41759259259259257 0.3223958333333333 0.4152777777777778 0.32421875 0.4078703703703704 0.32838541666666665 0.40555555555555556 0.33046875 0.39814814814814814 0.334375 0.39814814814814814 0.3346354166666667 0.3925925925925926 0.3380208333333333 0.39166666666666666 0.33932291666666664 0.38796296296296295 0.3416666666666667 0.387037037037037 0.34296875 0.3837962962962963 0.3453125 0.3837962962962963 0.3458333333333333 0.38287037037037036 0.346875 0.38287037037037036 0.34765625 0.3824074074074074 0.34791666666666665 0.3824074074074074 0.34869791666666666 0.3819444444444444 0.3489583333333333 0.3824074074074074 0.3502604166666667 0.38472222222222224 0.35208333333333336 0.38842592592592595 0.3533854166666667 0.3958333333333333 0.3567708333333333 0.39675925925925926 0.3567708333333333 0.3972222222222222 0.35703125 0.4009259259259259 0.35703125 0.40370370370370373 0.35625 0.4078703703703704 0.3541666666666667 0.4083333333333333 0.3541666666666667 0.42407407407407405 0.3450520833333333 0.42407407407407405 0.34479166666666666 0.42777777777777776 0.34270833333333334 0.4300925925925926 0.340625 0.4393518518518518 0.3359375 0.44027777777777777 0.3359375 0.44305555555555554 0.33515625 0.4476851851851852 0.33515625 0.44814814814814813 0.33541666666666664 0.449537037037037 0.33541666666666664 0.45 0.33567708333333335 0.45231481481481484 0.3359375 0.4537037037037037 0.33645833333333336 0.4587962962962963 0.33645833333333336 0.4587962962962963 0.33619791666666665 0.46064814814814814 0.33515625 0.4638888888888889 0.3338541666666667 0.46574074074074073 0.33177083333333335 0.4666666666666667 0.3296875 0.46620370370370373 0.3294270833333333 0.46435185185185185 0.32578125 0.4601851851851852 0.3223958333333333 0.45555555555555555 0.31979166666666664 0.4546296296296296 0.31875 0.4462962962962963 0.3140625 0.4439814814814815 0.31328125 0.4388888888888889 0.3104166666666667 0.43657407407407406 0.3098958333333333 0.43472222222222223 0.30885416666666665 0.43194444444444446 0.3078125 0.4300925925925926 0.30755208333333334
3 0.39675925925925926 0.3796875 0.3939814814814815 0.37942708333333336 0.39351851851851855 0.37916666666666665 0.38935185185185184 0.37942708333333336 0.387037037037037 0.3802083333333333 0.3837962962962963 0.38203125 0.38287037037037036 0.38307291666666665 0.3814814814814815 0.38385416666666666 0.38101851851851853 0.384375 0.38101851851851853 0.3888020833333333 0.3814814814814815 0.3890625 0.3814814814814815 0.39010416666666664 0.38287037037037036 0.3924479166666667 0.37592592592592594 0.39609375 0.375 0.3971354166666667 0.3712962962962963 0.39921875 0.36898148148148147 0.4 0.36712962962962964 0.4010416666666667 0.3574074074074074 0.4046875 0.3523148148148148 0.40729166666666666 0.34953703703703703 0.4078125 0.34444444444444444 0.41041666666666665 0.3375 0.41302083333333334 0.3351851851851852 0.415625 0.3351851851851852 0.4166666666666667 0.33564814814814814 0.41692708333333334 0.33564814814814814 0.41770833333333335 0.337037037037037 0.4200520833333333 0.3439814814814815 0.4239583333333333 0.34629629629629627 0.42578125 0.34953703703703703 0.4276041666666667 0.3523148148148148 0.428125 0.3537037037037037 0.428125 0.3541666666666667 0.4283854166666667 0.3560185185185185 0.4283854166666667 0.35648148148148145 0.42864583333333334 0.3611111111111111 0.42864583333333334 0.36157407407407405 0.4283854166666667 0.3648148148148148 0.428125 0.37175925925925923 0.42552083333333335 0.3768518518518518 0.4239583333333333 0.3861111111111111 0.41901041666666666 0.3902777777777778 0.41770833333333335 0.3921296296296296 0.4166666666666667 0.39861111111111114 0.41484375 0.4 0.4140625 0.4009259259259259 0.4140625 0.4074074074074074 0.4122395833333333 0.4111111111111111 0.4127604166666667 0.4152777777777778 0.41380208333333335 0.4199074074074074 0.41380208333333335 0.4203703703703704 0.41354166666666664 0.4236111111111111 0.41328125 0.42777777777777776 0.4114583333333333 0.42962962962962964 0.4088541666666667 0.42962962962962964 0.4075520833333333 0.4287037037037037 0.40651041666666665 0.4287037037037037 0.40572916666666664 0.42777777777777776 0.4041666666666667 0.425462962962963 0.40260416666666665 0.42314814814814816 0.3997395833333333 0.42083333333333334 0.39791666666666664 0.4199074074074074 0.3966145833333333 0.41574074074074074 0.39401041666666664 0.41388888888888886 0.3919270833333333 0.4115740740740741 0.39036458333333335 0.40925925925925927 0.3880208333333333 0.4046296296296296 0.3848958333333333 0.4 0.3807291666666667 0.3976851851851852 0.3802083333333333
4 0.6296296296296297 0.08776041666666666 0.6259259259259259 0.08958333333333333 0.6240740740740741 0.09140625 0.6236111111111111 0.09583333333333334 0.625 0.09817708333333333 0.6259259259259259 0.09895833333333333 0.6268518518518519 0.10104166666666667 0.6277777777777778 0.10182291666666667 0.6282407407407408 0.10338541666666666 0.6324074074074074 0.10729166666666666 0.6324074074074074 0.1078125 0.6337962962962963 0.10911458333333333 0.6347222222222222 0.1109375 0.6356481481481482 0.11145833333333334 0.6388888888888888 0.11536458333333334 0.6412037037037037 0.1171875 0.6425925925925926 0.11979166666666667 0.6444444444444445 0.12109375 0.6462962962962963 0.1234375 0.6504629629629629 0.1265625 0.6527777777777778 0.13020833333333334 0.6527777777777778 0.13177083333333334 0.6523148148148148 0.13203125 0.6513888888888889 0.13463541666666667 0.649537037037037 0.1359375 0.6476851851851851 0.13854166666666667 0.6481481481481481 0.13880208333333333 0.649074074074074 0.1421875 0.6518518518518519 0.14453125 0.6527777777777778 0.14609375 0.6541666666666667 0.14739583333333334 0.6583333333333333 0.14973958333333334 0.6597222222222222 0.14973958333333334 0.6620370370370371 0.15026041666666667 0.6625 0.15 0.6680555555555555 0.14947916666666666 0.6722222222222223 0.1484375 0.674537037037037 0.14817708333333332 0.6759259259259259 0.14765625 0.6768518518518518 0.14765625 0.6787037037037037 0.146875 0.6810185185185185 0.14635416666666667 0.6893518518518519 0.14192708333333334 0.6898148148148148 0.14114583333333333 0.6935185185185185 0.13828125 0.6935185185185185 0.1375 0.6949074074074074 0.13541666666666666 0.6944444444444444 0.13359375 0.6884259259259259 0.12708333333333333 0.6865740740740741 0.12604166666666666 0.6847222222222222 0.12552083333333333 0.6773148148148148 0.12526041666666668 0.674537037037037 0.12395833333333334 0.674074074074074 0.12291666666666666 0.6726851851851852 0.12213541666666666 0.6708333333333333 0.12005208333333334 0.6694444444444444 0.11770833333333333 0.6675925925925926 0.11640625 0.6671296296296296 0.11536458333333334 0.6657407407407407 0.11432291666666666 0.663425925925926 0.11171875 0.663425925925926 0.11119791666666666 0.6560185185185186 0.10338541666666666 0.6560185185185186 0.10286458333333333 0.6546296296296297 0.1015625 0.6532407407407408 0.09921875 0.6486111111111111 0.09505208333333333 0.6462962962962963 0.0921875 0.6425925925925926 0.08932291666666667 0.638425925925926 0.08776041666666666 0.6370370370370371 0.08776041666666666 0.6351851851851852 0.08723958333333333
1 0.4115740740740741 0.421875 0.4083333333333333 0.4236979166666667 0.4074074074074074 0.42473958333333334 0.4074074074074074 0.42552083333333335 0.40694444444444444 0.42578125 0.40694444444444444 0.4265625 0.4064814814814815 0.42682291666666666 0.4064814814814815 0.428125 0.40694444444444444 0.4283854166666667 0.40694444444444444 0.42916666666666664 0.4078703703703704 0.42994791666666665 0.4078703703703704 0.43046875 0.40879629629629627 0.43125 0.40879629629629627 0.4317708333333333 0.4097222222222222 0.43255208333333334 0.4101851851851852 0.43385416666666665 0.4111111111111111 0.43463541666666666 0.4111111111111111 0.43515625 0.4148148148148148 0.4388020833333333 0.4148148148148148 0.4393229166666667 0.41574074074074074 0.4401041666666667 0.41574074074074074 0.440625 0.41759259259259257 0.4427083333333333 0.41759259259259257 0.44375 0.41805555555555557 0.4440104166666667 0.41805555555555557 0.44765625 0.41759259259259257 0.4479166666666667 0.41759259259259257 0.44895833333333335 0.41712962962962963 0.44921875 0.4166666666666667 0.4515625 0.41712962962962963 0.4518229166666667 0.41712962962962963 0.45286458333333335 0.41759259259259257 0.453125 0.41805555555555557 0.4549479166666667 0.4212962962962963 0.45703125 0.4222222222222222 0.45807291666666666 0.4222222222222222 0.45859375 0.4236111111111111 0.45989583333333334 0.4236111111111111 0.46041666666666664 0.425 0.46119791666666665 0.42592592592592593 0.4625 0.42824074074074076 0.46380208333333334 0.42962962962962964 0.4640625 0.43148148148148147 0.46484375 0.43194444444444446 0.46458333333333335 0.4337962962962963 0.46458333333333335 0.43425925925925923 0.46432291666666664 0.4356481481481482 0.46432291666666664 0.4361111111111111 0.4640625 0.43842592592592594 0.4640625 0.4388888888888889 0.46380208333333334 0.44212962962962965 0.46380208333333334 0.4425925925925926 0.4635416666666667 0.4439814814814815 0.4635416666666667 0.44583333333333336 0.4630208333333333 0.44722222222222224 0.4630208333333333 0.45046296296296295 0.46171875 0.4546296296296296 0.46067708333333335 0.45601851851851855 0.45989583333333334 0.45601851851851855 0.4596354166666667 0.45740740740740743 0.45859375 0.45740740740740743 0.4549479166666667 0.4550925925925926 0.45260416666666664 0.4550925925925926 0.45208333333333334 0.4532407407407407 0.4505208333333333 0.4532407407407407 0.4484375 0.4527777777777778 0.44817708333333334 0.4527777777777778 0.446875 0.4513888888888889 0.44557291666666665 0.4513888888888889 0.44505208333333335 0.45092592592592595 0.44453125 0.4486111111111111 0.4432291666666667 0.44675925925925924 0.4427083333333333 0.44583333333333336 0.4427083333333333 0.4425925925925926 0.44166666666666665 0.44166666666666665 0.44166666666666665 0.43842592592592594 0.440625 0.43842592592592594 0.44036458333333334 0.4375 0.43984375 0.4361111111111111 0.43802083333333336 0.4351851851851852 0.4375 0.4337962962962963 0.4359375 0.4337962962962963 0.4354166666666667 0.4310185185185185 0.43255208333333334 0.4310185185185185 0.43203125 0.42824074074074076 0.42916666666666664 0.42824074074074076 0.42864583333333334 0.42685185185185187 0.4270833333333333 0.425 0.42578125 0.42314814814814816 0.4234375 0.4217592592592593 0.42265625 0.4217592592592593 0.42239583333333336 0.4199074074074074 0.42135416666666664 0.41574074074074074 0.42135416666666664 0.4152777777777778 0.42161458333333335 0.412962962962963 0.42161458333333335 0.4125 0.421875
4 0.3592592592592593 0.5994791666666667 0.35694444444444445 0.5981770833333333 0.3541666666666667 0.59765625 0.35138888888888886 0.5979166666666667 0.3453703703703704 0.5994791666666667 0.34444444444444444 0.6046875 0.34305555555555556 0.60703125 0.3375 0.6098958333333333 0.3365740740740741 0.6098958333333333 0.3351851851851852 0.6104166666666667 0.3337962962962963 0.6104166666666667 0.32546296296296295 0.6127604166666667 0.32175925925925924 0.61328125 0.3189814814814815 0.6143229166666667 0.3143518518518518 0.6151041666666667 0.30092592592592593 0.61875 0.2962962962962963 0.61953125 0.28564814814814815 0.6221354166666667 0.2791666666666667 0.6231770833333333 0.274537037037037 0.6247395833333333 0.26990740740740743 0.6255208333333333 0.2675925925925926 0.6263020833333334 0.26342592592592595 0.6268229166666667 0.2601851851851852 0.6278645833333333 0.2569444444444444 0.6294270833333333 0.25416666666666665 0.63125 0.25416666666666665 0.63203125 0.25324074074074077 0.6333333333333333 0.25324074074074077 0.63515625 0.25555555555555554 0.6380208333333334 0.25925925925925924 0.6395833333333333 0.2675925925925926 0.6395833333333333 0.26990740740740743 0.6390625 0.2759259259259259 0.6385416666666667 0.27870370370370373 0.6377604166666667 0.2824074074074074 0.6375 0.2865740740740741 0.63671875 0.2912037037037037 0.63515625 0.3023148148148148 0.6330729166666667 0.3055555555555556 0.6317708333333333 0.3106481481481482 0.63046875 0.3212962962962963 0.6286458333333333 0.33101851851851855 0.6263020833333334 0.337037037037037 0.62578125 0.3402777777777778 0.625 0.3416666666666667 0.625 0.3453703703703704 0.6236979166666666 0.3490740740740741 0.6234375 0.35138888888888886 0.6229166666666667 0.3611111111111111 0.6231770833333333 0.36574074074074076 0.621875 0.36666666666666664 0.621875 0.3685185185185185 0.62109375 0.3699074074074074 0.6190104166666667 0.36944444444444446 0.6143229166666667 0.36527777777777776 0.60703125 0.36203703703703705 0.60390625 0.3611111111111111 0.6020833333333333 0.3597222222222222 0.60078125
5 0.4810185185185185 0.5645833333333333 0.47638888888888886 0.5669270833333333 0.4740740740740741 0.56875 0.4722222222222222 0.5708333333333333 0.4722222222222222 0.5713541666666667 0.47129629629629627 0.5721354166666667 0.4708333333333333 0.5739583333333333 0.4699074074074074 0.575 0.4699074074074074 0.57578125 0.46944444444444444 0.5760416666666667 0.47129629629629627 0.578125 0.47453703703703703 0.5799479166666667 0.48148148148148145 0.5817708333333333 0.48657407407407405 0.5825520833333333 0.49074074074074076 0.5841145833333333 0.4930555555555556 0.584375 0.4981481481481482 0.5856770833333333 0.5018518518518519 0.5875 0.5046296296296297 0.5880208333333333 0.5074074074074074 0.5890625 0.5157407407407407 0.5911458333333334 0.5212962962962963 0.5932291666666667 0.524537037037037 0.5955729166666667 0.524537037037037 0.5984375 0.524074074074074 0.5986979166666667 0.524074074074074 0.5997395833333333 0.524537037037037 0.6 0.524537037037037 0.6026041666666667 0.525 0.6028645833333334 0.525 0.6036458333333333 0.5282407407407408 0.6052083333333333 0.5328703703703703 0.6067708333333334 0.5365740740740741 0.6067708333333334 0.537962962962963 0.60625 0.5425925925925926 0.6033854166666667 0.5435185185185185 0.6013020833333333 0.5458333333333333 0.5986979166666667 0.5486111111111112 0.5966145833333333 0.5504629629629629 0.5942708333333333 0.5537037037037037 0.5919270833333333 0.5541666666666667 0.5908854166666667 0.5569444444444445 0.5880208333333333 0.5574074074074075 0.58671875 0.5592592592592592 0.5848958333333333 0.5606481481481481 0.5841145833333333 0.5625 0.58203125 0.5625 0.5815104166666667 0.5638888888888889 0.58046875 0.5638888888888889 0.5796875 0.5643518518518519 0.5794270833333334 0.5643518518518519 0.5760416666666667 0.5634259259259259 0.5747395833333333 0.5587962962962963 0.5723958333333333 0.5523148148148148 0.5708333333333333 0.549537037037037 0.5716145833333334 0.5486111111111112 0.5716145833333334 0.5462962962962963 0.5736979166666667 0.5430555555555555 0.5755208333333334 0.5407407407407407 0.5763020833333333 0.5370370370370371 0.5765625 0.5328703703703703 0.5752604166666667 0.5305555555555556 0.575 0.5231481481481481 0.5729166666666666 0.5203703703703704 0.571875 0.5143518518518518 0.5708333333333333 0.5111111111111111 0.56953125 0.5055555555555555 0.56796875 0.5032407407407408 0.5677083333333334 0.5018518518518519 0.5671875 0.4962962962962963 0.5661458333333333 0.49398148148148147 0.5653645833333333 0.4912037037037037 0.5651041666666666 0.4875 0.5643229166666667 0.48194444444444445 0.5643229166666667
2 0.6930555555555555 0.23333333333333334 0.6884259259259259 0.23333333333333334 0.6856481481481481 0.23385416666666667 0.6819444444444445 0.23645833333333333 0.6791666666666667 0.240625 0.675 0.2518229166666667 0.6726851851851852 0.2557291666666667 0.6722222222222223 0.25885416666666666 0.6671296296296296 0.271875 0.6643518518518519 0.2825520833333333 0.6541666666666667 0.30755208333333334 0.6476851851851851 0.32760416666666664 0.6449074074074074 0.3296875 0.6347222222222222 0.33203125 0.6319444444444444 0.3338541666666667 0.6305555555555555 0.3377604166666667 0.6342592592592593 0.34270833333333334 0.638425925925926 0.3450520833333333 0.6435185185185185 0.3455729166666667 0.6476851851851851 0.34661458333333334 0.6541666666666667 0.34713541666666664 0.6592592592592592 0.3455729166666667 0.6694444444444444 0.34609375 0.674074074074074 0.34348958333333335 0.6754629629629629 0.3419270833333333 0.674074074074074 0.33359375 0.6712962962962963 0.3294270833333333 0.6726851851851852 0.3265625 0.6736111111111112 0.32135416666666666 0.6791666666666667 0.3072916666666667 0.6814814814814815 0.2986979166666667 0.6893518518518519 0.27760416666666665 0.6902777777777778 0.27317708333333335 0.6930555555555555 0.2671875 0.6986111111111111 0.25104166666666666 0.700462962962963 0.24791666666666667 0.7023148148148148 0.24114583333333334 0.700925925925926 0.2359375 0.6981481481481482 0.23463541666666668
4 0.7537037037037037 0.3419270833333333 0.7509259259259259 0.34036458333333336 0.7476851851851852 0.33932291666666664 0.7430555555555556 0.33932291666666664 0.7425925925925926 0.33958333333333335 0.7407407407407407 0.33958333333333335 0.7402777777777778 0.33984375 0.7351851851851852 0.34036458333333336 0.7287037037037037 0.3416666666666667 0.7245370370370371 0.3416666666666667 0.7240740740740741 0.3419270833333333 0.7226851851851852 0.3419270833333333 0.7199074074074074 0.3424479166666667 0.7175925925925926 0.34322916666666664 0.7166666666666667 0.34322916666666664 0.7125 0.34453125 0.7083333333333334 0.34479166666666666 0.7037037037037037 0.34609375 0.7018518518518518 0.34609375 0.6981481481481482 0.346875 0.6930555555555555 0.34739583333333335 0.6898148148148148 0.34817708333333336 0.6861111111111111 0.3484375 0.6856481481481481 0.34869791666666666 0.6833333333333333 0.34869791666666666 0.6828703703703703 0.3489583333333333 0.6782407407407407 0.3489583333333333 0.6768518518518518 0.34869791666666666 0.6763888888888889 0.3489583333333333 0.674074074074074 0.3489583333333333 0.6736111111111112 0.34921875 0.6726851851851852 0.34869791666666666 0.6689814814814815 0.34765625 0.6662037037037037 0.34713541666666664 0.6643518518518519 0.34713541666666664 0.6638888888888889 0.346875 0.6578703703703703 0.346875 0.6541666666666667 0.34791666666666665 0.649537037037037 0.34791666666666665 0.6467592592592593 0.3489583333333333 0.6458333333333334 0.3497395833333333 0.6453703703703704 0.35182291666666665 0.6449074074074074 0.35208333333333336 0.6449074074074074 0.35390625 0.6444444444444445 0.3541666666666667 0.6444444444444445 0.36171875 0.6449074074074074 0.3619791666666667 0.6449074074074074 0.36276041666666664 0.6458333333333334 0.36380208333333336 0.6462962962962963 0.3653645833333333 0.649074074074074 0.36822916666666666 0.65 0.3697916666666667 0.6513888888888889 0.37057291666666664 0.6541666666666667 0.3731770833333333 0.6578703703703703 0.37421875 0.663425925925926 0.37421875 0.6638888888888889 0.37395833333333334 0.6699074074074074 0.3734375 0.6726851851851852 0.371875 0.674537037037037 0.3703125 0.6782407407407407 0.36614583333333334 0.6824074074074075 0.3640625 0.6833333333333333 0.3640625 0.6875 0.36302083333333335 0.6921296296296297 0.3625 0.6967592592592593 0.3614583333333333 0.700925925925926 0.3611979166666667 0.7018518518518518 0.3606770833333333 0.7041666666666667 0.36015625 0.7055555555555556 0.36015625 0.7111111111111111 0.35911458333333335 0.7171296296296297 0.35859375 0.7199074074074074 0.3578125 0.7236111111111111 0.3575520833333333 0.7296296296296296 0.35625 0.7310185185185185 0.35625 0.7347222222222223 0.35520833333333335 0.7407407407407407 0.3541666666666667 0.7462962962962963 0.35260416666666666 0.7509259259259259 0.35182291666666665 0.7537037037037037 0.3497395833333333 0.7541666666666667 0.34817708333333336 0.7546296296296297 0.34791666666666665 0.7546296296296297 0.346875 0.7555555555555555 0.3455729166666667 0.7550925925925925 0.3453125 0.7550925925925925 0.34453125 0.7546296296296297 0.34427083333333336
3 0.8231481481481482 0.15026041666666667 0.8162037037037037 0.15026041666666667 0.8157407407407408 0.15052083333333333 0.8138888888888889 0.15052083333333333 0.8101851851851852 0.1515625 0.8074074074074075 0.1515625 0.8069444444444445 0.15182291666666667 0.8046296296296296 0.15208333333333332 0.8023148148148148 0.15286458333333333 0.7986111111111112 0.153125 0.7949074074074074 0.15416666666666667 0.7935185185185185 0.15416666666666667 0.7907407407407407 0.15572916666666667 0.7870370370370371 0.15572916666666667 0.7796296296296297 0.1578125 0.7759259259259259 0.159375 0.7712962962962963 0.16197916666666667 0.7712962962962963 0.16666666666666666 0.7726851851851851 0.16796875 0.7736111111111111 0.16979166666666667 0.7754629629629629 0.17135416666666667 0.7763888888888889 0.17161458333333332 0.7791666666666667 0.17369791666666667 0.7833333333333333 0.17421875 0.7870370370370371 0.17526041666666667 0.7888888888888889 0.1765625 0.7902777777777777 0.178125 0.7902777777777777 0.17864583333333334 0.7916666666666666 0.17994791666666668 0.7925925925925926 0.18203125 0.7958333333333333 0.1859375 0.7962962962962963 0.18723958333333332 0.7972222222222223 0.18802083333333333 0.8046296296296296 0.20078125 0.8064814814814815 0.20286458333333332 0.8083333333333333 0.20390625 0.8092592592592592 0.20494791666666667 0.8115740740740741 0.20546875 0.8189814814814815 0.20546875 0.8203703703703704 0.20494791666666667 0.8212962962962963 0.20494791666666667 0.8231481481481482 0.20390625 0.8263888888888888 0.20286458333333332 0.8277777777777777 0.20208333333333334 0.8319444444444445 0.20104166666666667 0.8333333333333334 0.20104166666666667 0.8347222222222223 0.20052083333333334 0.837037037037037 0.19895833333333332 0.8379629629629629 0.19765625 0.8379629629629629 0.19557291666666668 0.8375 0.1953125 0.837037037037037 0.19270833333333334 0.8361111111111111 0.19166666666666668 0.8361111111111111 0.19088541666666667 0.8356481481481481 0.190625 0.8356481481481481 0.18984375 0.8351851851851851 0.18958333333333333 0.8351851851851851 0.18880208333333334 0.8342592592592593 0.1875 0.8337962962962963 0.18541666666666667 0.8319444444444445 0.18307291666666667 0.8314814814814815 0.18151041666666667 0.8305555555555556 0.18046875 0.8305555555555556 0.17942708333333332 0.8300925925925926 0.17916666666666667 0.8296296296296296 0.17734375 0.8282407407407407 0.17552083333333332 0.8282407407407407 0.17447916666666666 0.8277777777777777 0.17421875 0.8268518518518518 0.17083333333333334 0.8263888888888888 0.17057291666666666 0.8263888888888888 0.16588541666666667 0.8296296296296296 0.1640625 0.8300925925925926 0.1640625 0.8328703703703704 0.16197916666666667 0.8324074074074074 0.16171875 0.8324074074074074 0.1578125 0.8305555555555556 0.15520833333333334 0.8305555555555556 0.15442708333333333 0.8300925925925926 0.15416666666666667 0.8296296296296296 0.15286458333333333 0.8263888888888888 0.15104166666666666
2 0.6972222222222222 0.48151041666666666 0.6888888888888889 0.4786458333333333 0.6851851851851852 0.478125 0.6777777777777778 0.47578125 0.6736111111111112 0.47552083333333334 0.6708333333333333 0.47604166666666664 0.6671296296296296 0.4778645833333333 0.6652777777777777 0.48020833333333335 0.6648148148148149 0.4822916666666667 0.6694444444444444 0.484375 0.6712962962962963 0.4861979166666667 0.6699074074074074 0.48723958333333334 0.6680555555555555 0.490625 0.6597222222222222 0.4984375 0.6412037037037037 0.5135416666666667 0.6259259259259259 0.5278645833333333 0.6185185185185185 0.53359375 0.5912037037037037 0.55859375 0.5837962962962963 0.5643229166666667 0.5814814814814815 0.5671875 0.575 0.5723958333333333 0.5726851851851852 0.5760416666666667 0.5731481481481482 0.5778645833333333 0.5745370370370371 0.5799479166666667 0.5791666666666667 0.5817708333333333 0.5837962962962963 0.5828125 0.5875 0.5825520833333333 0.5912037037037037 0.5815104166666667 0.5939814814814814 0.5799479166666667 0.6032407407407407 0.5708333333333333 0.6236111111111111 0.5536458333333333 0.6370370370370371 0.5403645833333334 0.6504629629629629 0.5291666666666667 0.6550925925925926 0.52421875 0.6694444444444444 0.5130208333333334 0.6791666666666667 0.503125 0.687037037037037 0.49765625 0.6884259259259259 0.49583333333333335 0.6930555555555555 0.4940104166666667 0.6967592592592593 0.4947916666666667 0.7018518518518518 0.4947916666666667 0.7050925925925926 0.4940104166666667 0.7078703703703704 0.4903645833333333 0.7060185185185185 0.4861979166666667
3 0.6467592592592593 0.6140625 0.637962962962963 0.6145833333333334 0.6333333333333333 0.6166666666666667 0.6310185185185185 0.6184895833333334 0.6296296296296297 0.6200520833333333 0.6296296296296297 0.6205729166666667 0.625 0.6255208333333333 0.6231481481481481 0.6268229166666667 0.6226851851851852 0.6278645833333333 0.6203703703703703 0.6299479166666667 0.612037037037037 0.6395833333333333 0.6069444444444444 0.6424479166666667 0.6055555555555555 0.6427083333333333 0.6013888888888889 0.6427083333333333 0.600925925925926 0.64296875 0.5967592592592592 0.64296875 0.5935185185185186 0.6440104166666667 0.5907407407407408 0.6458333333333334 0.5875 0.6486979166666667 0.586574074074074 0.65 0.586574074074074 0.6510416666666666 0.5861111111111111 0.6513020833333333 0.5856481481481481 0.6544270833333333 0.5879629629629629 0.6578125 0.5916666666666667 0.66015625 0.5935185185185186 0.6606770833333333 0.5958333333333333 0.6619791666666667 0.6013888888888889 0.6638020833333333 0.6041666666666666 0.6651041666666667 0.6125 0.6674479166666667 0.6180555555555556 0.6703125 0.6231481481481481 0.67109375 0.6263888888888889 0.6721354166666667 0.6337962962962963 0.6734375 0.6388888888888888 0.6731770833333334 0.6421296296296296 0.671875 0.6449074074074074 0.6697916666666667 0.6449074074074074 0.6692708333333334 0.6476851851851851 0.6658854166666667 0.6481481481481481 0.6622395833333333 0.6486111111111111 0.6619791666666667 0.6486111111111111 0.65703125 0.6472222222222223 0.6546875 0.6462962962962963 0.65390625 0.6462962962962963 0.6502604166666667 0.6486111111111111 0.64609375 0.6504629629629629 0.6442708333333333 0.6513888888888889 0.6427083333333333 0.6541666666666667 0.6403645833333333 0.6555555555555556 0.6377604166666667 0.6587962962962963 0.6338541666666667 0.6592592592592592 0.6325520833333333 0.6620370370370371 0.6296875 0.6620370370370371 0.6291666666666667 0.6643518518518519 0.6265625 0.6648148148148149 0.6247395833333333 0.6657407407407407 0.6236979166666666 0.6652777777777777 0.6221354166666667 0.6611111111111111 0.6190104166666667 0.6583333333333333 0.6174479166666667 0.6546296296296297 0.6158854166666666
4 0.7324074074074074 0.3963541666666667 0.7324074074074074 0.3966145833333333 0.725462962962963 0.4002604166666667 0.7236111111111111 0.40182291666666664 0.7203703703703703 0.4036458333333333 0.7189814814814814 0.40520833333333334 0.7171296296296297 0.4083333333333333 0.7175925925925926 0.40859375 0.7175925925925926 0.40963541666666664 0.7180555555555556 0.40989583333333335 0.7185185185185186 0.41171875 0.7194444444444444 0.4125 0.7245370370370371 0.41458333333333336 0.7263888888888889 0.41458333333333336 0.7268518518518519 0.41484375 0.7310185185185185 0.41484375 0.7319444444444444 0.41510416666666666 0.7361111111111112 0.41432291666666665 0.7379629629629629 0.41484375 0.7398148148148148 0.4158854166666667 0.7449074074074075 0.41744791666666664 0.7486111111111111 0.41953125 0.749537037037037 0.42109375 0.7518518518518519 0.4231770833333333 0.7541666666666667 0.4244791666666667 0.7569444444444444 0.42552083333333335 0.7601851851851852 0.4276041666666667 0.7662037037037037 0.42994791666666665 0.7736111111111111 0.43411458333333336 0.7736111111111111 0.434375 0.7800925925925926 0.43776041666666665 0.7819444444444444 0.4393229166666667 0.7847222222222222 0.44088541666666664 0.7912037037037037 0.44375 0.7925925925925926 0.4440104166666667 0.7949074074074074 0.44505208333333335 0.8013888888888889 0.4466145833333333 0.8037037037037037 0.4466145833333333 0.8097222222222222 0.44505208333333335 0.812037037037037 0.4432291666666667 0.8125 0.44244791666666666 0.8125 0.44088541666666664 0.812962962962963 0.440625 0.812962962962963 0.4390625 0.8106481481481481 0.4361979166666667 0.8037037037037037 0.43203125 0.7949074074074074 0.42604166666666665 0.7893518518518519 0.42291666666666666 0.7888888888888889 0.42291666666666666 0.7666666666666667 0.41015625 0.7643518518518518 0.40911458333333334 0.763425925925926 0.4080729166666667 0.7564814814814815 0.4041666666666667 0.7569444444444444 0.4036458333333333 0.7569444444444444 0.40260416666666665 0.7574074074074074 0.40234375 0.7574074074074074 0.4010416666666667 0.7578703703703704 0.40078125 0.7578703703703704 0.3984375 0.7583333333333333 0.39817708333333335 0.7583333333333333 0.3963541666666667 0.7578703703703704 0.3958333333333333 0.7513888888888889 0.3927083333333333 0.7462962962962963 0.3924479166666667 0.7458333333333333 0.3927083333333333 0.7439814814814815 0.3927083333333333 0.7421296296296296 0.3932291666666667 0.7407407407407407 0.3932291666666667 0.7379629629629629 0.39401041666666664
2 0.7625 0.44375 0.7569444444444444 0.43828125 0.7509259259259259 0.43515625 0.7476851851851852 0.43411458333333336 0.7449074074074075 0.43385416666666665 0.7407407407407407 0.434375 0.7384259259259259 0.43515625 0.7347222222222223 0.43776041666666665 0.7337962962962963 0.4390625 0.7333333333333333 0.4432291666666667 0.7287037037037037 0.44583333333333336 0.6967592592592593 0.45364583333333336 0.6907407407407408 0.4544270833333333 0.6782407407407407 0.4583333333333333 0.674537037037037 0.4588541666666667 0.6337962962962963 0.46901041666666665 0.6296296296296297 0.46927083333333336 0.6189814814814815 0.47265625 0.5953703703703703 0.4778645833333333 0.5907407407407408 0.47942708333333334 0.5879629629629629 0.4796875 0.5680555555555555 0.48489583333333336 0.5666666666666667 0.4861979166666667 0.5666666666666667 0.4908854166666667 0.5699074074074074 0.4947916666666667 0.5722222222222222 0.49609375 0.5763888888888888 0.49661458333333336 0.5833333333333334 0.49635416666666665 0.5875 0.4947916666666667 0.5916666666666667 0.4942708333333333 0.6037037037037037 0.4908854166666667 0.6222222222222222 0.48671875 0.6356481481481482 0.4828125 0.6458333333333334 0.48098958333333336 0.6504629629629629 0.4796875 0.6615740740740741 0.4783854166666667 0.6689814814814815 0.47552083333333334 0.6773148148148148 0.47421875 0.6861111111111111 0.47109375 0.6972222222222222 0.46796875 0.7 0.46770833333333334 0.7125 0.46458333333333335 0.7166666666666667 0.4640625 0.7217592592592592 0.4622395833333333 0.7319444444444444 0.46067708333333335 0.736574074074074 0.4588541666666667 0.7476851851851852 0.4588541666666667 0.7518518518518519 0.46145833333333336 0.7555555555555555 0.46145833333333336 0.762962962962963 0.45989583333333334 0.7657407407407407 0.45755208333333336 0.7666666666666667 0.45546875 0.7666666666666667 0.45260416666666664 0.7648148148148148 0.4473958333333333
5 0.7361111111111112 0.5520833333333334 0.7351851851851852 0.55234375 0.7319444444444444 0.55234375 0.7282407407407407 0.5533854166666666 0.725 0.5565104166666667 0.725 0.5572916666666666 0.7231481481481481 0.5598958333333334 0.7231481481481481 0.5606770833333333 0.7203703703703703 0.5645833333333333 0.7203703703703703 0.5653645833333333 0.7199074074074074 0.565625 0.7180555555555556 0.5705729166666667 0.7171296296296297 0.5716145833333334 0.7171296296296297 0.5723958333333333 0.7166666666666667 0.57265625 0.7166666666666667 0.5734375 0.7162037037037037 0.5736979166666667 0.7162037037037037 0.5744791666666667 0.7152777777777778 0.57578125 0.7148148148148148 0.5778645833333333 0.712037037037037 0.5817708333333333 0.7087962962962963 0.58359375 0.7069444444444445 0.58359375 0.7064814814814815 0.5838541666666667 0.700462962962963 0.5838541666666667 0.6972222222222222 0.5848958333333333 0.6953703703703704 0.58671875 0.6939814814814815 0.590625 0.6930555555555555 0.5916666666666667 0.6935185185185185 0.5919270833333333 0.6939814814814815 0.5958333333333333 0.6958333333333333 0.5973958333333333 0.700462962962963 0.5997395833333333 0.7046296296296296 0.60078125 0.7069444444444445 0.6010416666666667 0.7083333333333334 0.6015625 0.7092592592592593 0.6015625 0.7138888888888889 0.6028645833333334 0.7148148148148148 0.6028645833333334 0.7208333333333333 0.6041666666666666 0.725925925925926 0.6046875 0.7291666666666666 0.60546875 0.7324074074074074 0.6057291666666667 0.7328703703703704 0.6059895833333333 0.7379629629629629 0.6059895833333333 0.7384259259259259 0.6057291666666667 0.7439814814814815 0.60546875 0.7444444444444445 0.6052083333333333 0.7476851851851852 0.6049479166666667 0.750462962962963 0.6033854166666667 0.7509259259259259 0.6033854166666667 0.7518518518518519 0.6026041666666667 0.7518518518518519 0.6020833333333333 0.7537037037037037 0.6 0.7537037037037037 0.59921875 0.7541666666666667 0.5989583333333334 0.7541666666666667 0.5971354166666667 0.7546296296296297 0.596875 0.7546296296296297 0.5953125 0.7541666666666667 0.5950520833333334 0.7532407407407408 0.59296875 0.7513888888888889 0.590625 0.749537037037037 0.5893229166666667 0.7481481481481481 0.5877604166666667 0.7476851851851852 0.5854166666666667 0.7472222222222222 0.58515625 0.7472222222222222 0.5833333333333334 0.7476851851851852 0.5830729166666667 0.7476851851851852 0.58203125 0.7486111111111111 0.5807291666666666 0.7486111111111111 0.5796875 0.7490740740740741 0.5794270833333334 0.75 0.5768229166666666 0.750462962962963 0.5765625 0.750462962962963 0.5755208333333334 0.7509259259259259 0.5752604166666667 0.7509259259259259 0.57421875 0.7513888888888889 0.5739583333333333 0.7523148148148148 0.5703125 0.7527777777777778 0.5700520833333333 0.7527777777777778 0.5692708333333333 0.7532407407407408 0.5690104166666666 0.7532407407407408 0.5682291666666667 0.7541666666666667 0.5669270833333333 0.7541666666666667 0.5658854166666667 0.7546296296296297 0.565625 0.7546296296296297 0.56484375 0.7550925925925925 0.5645833333333333 0.7555555555555555 0.5627604166666667 0.7560185185185185 0.5625 0.7560185185185185 0.5611979166666666 0.7564814814814815 0.5609375 0.7560185185185185 0.5567708333333333 0.7546296296296297 0.5557291666666667 0.7476851851851852 0.5536458333333333 0.7453703703703703 0.5533854166666666 0.7439814814814815 0.5528645833333333 0.7412037037037037 0.5528645833333333 0.7407407407407407 0.5526041666666667 0.7388888888888889 0.5526041666666667 0.7384259259259259 0.55234375 0.736574074074074 0.55234375
6 0.7375 0.63515625 0.737037037037037 0.6354166666666666 0.7347222222222223 0.6359375 0.7337962962962963 0.6364583333333333 0.7333333333333333 0.6364583333333333 0.7305555555555555 0.6380208333333334 0.7300925925925926 0.6380208333333334 0.7287037037037037 0.6388020833333333 0.7277777777777777 0.6401041666666667 0.7268518518518519 0.640625 0.7268518518518519 0.6408854166666667 0.725925925925926 0.64140625 0.725925925925926 0.6416666666666667 0.7245370370370371 0.6424479166666667 0.7245370370370371 0.6427083333333333 0.7236111111111111 0.6432291666666666 0.7231481481481481 0.6440104166666667 0.7222222222222222 0.64453125 0.7217592592592592 0.6453125 0.7203703703703703 0.6463541666666667 0.7203703703703703 0.646875 0.7199074074074074 0.6471354166666666 0.7199074074074074 0.6481770833333333 0.7194444444444444 0.6484375 0.7194444444444444 0.6494791666666667 0.7189814814814814 0.6497395833333334 0.7189814814814814 0.65078125 0.7194444444444444 0.6510416666666666 0.7194444444444444 0.65234375 0.7199074074074074 0.6526041666666667 0.7199074074074074 0.65390625 0.7203703703703703 0.6541666666666667 0.7203703703703703 0.6546875 0.7217592592592592 0.6559895833333333 0.7217592592592592 0.6565104166666667 0.7222222222222222 0.6567708333333333 0.7226851851851852 0.6580729166666667 0.7231481481481481 0.6583333333333333 0.7245370370370371 0.66015625 0.725 0.66015625 0.725925925925926 0.6606770833333333 0.725925925925926 0.6609375 0.7268518518518519 0.6614583333333334 0.7268518518518519 0.66171875 0.7342592592592593 0.6658854166666667 0.7347222222222223 0.6658854166666667 0.7361111111111112 0.66640625 0.737037037037037 0.66640625 0.7384259259259259 0.6669270833333333 0.7393518518518518 0.6669270833333333 0.7398148148148148 0.6671875 0.7407407407407407 0.6671875 0.7412037037037037 0.6674479166666667 0.7430555555555556 0.6674479166666667 0.7435185185185185 0.6677083333333333 0.7458333333333333 0.66796875 0.7472222222222222 0.6684895833333333 0.7541666666666667 0.6684895833333333 0.7546296296296297 0.66875 0.7569444444444444 0.66875 0.7574074074074074 0.6684895833333333 0.7625 0.6684895833333333 0.762962962962963 0.66875 0.763425925925926 0.66875 0.7638888888888888 0.6684895833333333 0.7671296296296296 0.6677083333333333 0.7675925925925926 0.6674479166666667 0.7675925925925926 0.6671875 0.7703703703703704 0.665625 0.7703703703703704 0.6653645833333334 0.7712962962962963 0.66484375 0.7731481481481481 0.6625 0.774074074074074 0.6619791666666667 0.774074074074074 0.6614583333333334 0.7773148148148148 0.6580729166666667 0.7773148148148148 0.6575520833333334 0.7777777777777778 0.6572916666666667 0.7777777777777778 0.65625 0.7782407407407408 0.6559895833333333 0.7782407407407408 0.6552083333333333 0.7787037037037037 0.6549479166666666 0.7787037037037037 0.65390625 0.7791666666666667 0.6536458333333334 0.7791666666666667 0.6518229166666667 0.7796296296296297 0.6515625 0.7796296296296297 0.6497395833333334 0.7791666666666667 0.6494791666666667 0.7791666666666667 0.6486979166666667 0.7787037037037037 0.6484375 0.7782407407407408 0.6466145833333333 0.7763888888888889 0.6447916666666667 0.7763888888888889 0.6442708333333333 0.775 0.64296875 0.775 0.6424479166666667 0.774537037037037 0.6421875 0.774074074074074 0.64140625 0.7731481481481481 0.6408854166666667 0.7726851851851851 0.6401041666666667 0.7717592592592593 0.6395833333333333 0.7712962962962963 0.6388020833333333 0.7675925925925926 0.6369791666666667 0.7671296296296296 0.6369791666666667 0.7666666666666667 0.63671875 0.7657407407407407 0.63671875 0.7652777777777777 0.6364583333333333 0.7643518518518518 0.6364583333333333 0.7638888888888888 0.6361979166666667 0.7620370370370371 0.6361979166666667 0.7615740740740741 0.6359375 0.7601851851851852 0.6359375 0.7597222222222222 0.6356770833333333 0.7578703703703704 0.6356770833333333 0.7574074074074074 0.6354166666666666 0.7560185185185185 0.6354166666666666 0.7555555555555555 0.63515625 0.7527777777777778 0.63515625 0.7523148148148148 0.6348958333333333 0.7509259259259259 0.6348958333333333 0.750462962962963 0.6346354166666667 0.7490740740740741 0.6346354166666667 0.7486111111111111 0.634375 0.7439814814814815 0.634375 0.7435185185185185 0.6346354166666667 0.7398148148148148 0.6346354166666667 0.7384259259259259 0.63515625
2 0.8740740740740741 0.515625 0.8611111111111112 0.5161458333333333 0.8569444444444444 0.5213541666666667 0.8583333333333333 0.5236979166666667 0.8662037037037037 0.5276041666666667 0.8671296296296296 0.52890625 0.8671296296296296 0.53125 0.8643518518518518 0.5432291666666667 0.861574074074074 0.5497395833333333 0.8564814814814815 0.5697916666666667 0.8532407407407407 0.5783854166666667 0.8467592592592592 0.6057291666666667 0.8439814814814814 0.6111979166666667 0.8416666666666667 0.62265625 0.8402777777777778 0.62578125 0.8402777777777778 0.63046875 0.8416666666666667 0.63203125 0.8476851851851852 0.634375 0.8532407407407407 0.63515625 0.8611111111111112 0.6346354166666667 0.8652777777777778 0.6291666666666667 0.8662037037037037 0.6239583333333333 0.8689814814814815 0.61640625 0.8699074074074075 0.6096354166666667 0.8736111111111111 0.5979166666666667 0.875462962962963 0.5872395833333334 0.8805555555555555 0.57109375 0.8870370370370371 0.5546875 0.8888888888888888 0.54375 0.8930555555555556 0.53125 0.8958333333333334 0.5294270833333333 0.9032407407407408 0.5276041666666667 0.9060185185185186 0.5255208333333333 0.9064814814814814 0.5213541666666667 0.9037037037037037 0.51953125 0.8944444444444445 0.5174479166666667 0.8833333333333333 0.5166666666666667 0.8814814814814815 0.5161458333333333 0.8763888888888889 0.5161458333333333
4 0.9939814814814815 0.3338541666666667 0.9907407407407407 0.3296875 0.9875 0.32864583333333336 0.9856481481481482 0.32838541666666665 0.9824074074074074 0.32708333333333334 0.9782407407407407 0.32708333333333334 0.9777777777777777 0.32734375 0.9731481481481481 0.32760416666666664 0.9629629629629629 0.3296875 0.9574074074074074 0.3299479166666667 0.9537037037037037 0.3307291666666667 0.9523148148148148 0.3307291666666667 0.9518518518518518 0.33098958333333334 0.9449074074074074 0.33177083333333335 0.9430555555555555 0.33229166666666665 0.9416666666666667 0.33229166666666665 0.9398148148148148 0.3328125 0.9300925925925926 0.3333333333333333 0.9296296296296296 0.33359375 0.9277777777777778 0.33359375 0.9273148148148148 0.3338541666666667 0.9254629629629629 0.3338541666666667 0.925 0.3341145833333333 0.9217592592592593 0.334375 0.9199074074074074 0.33489583333333334 0.9152777777777777 0.3346354166666667 0.9115740740740741 0.33359375 0.9064814814814814 0.3333333333333333 0.9041666666666667 0.3328125 0.9018518518518519 0.3328125 0.9013888888888889 0.33255208333333336 0.899074074074074 0.33255208333333336 0.8986111111111111 0.33229166666666665 0.8916666666666667 0.33255208333333336 0.8912037037037037 0.3328125 0.888425925925926 0.33307291666666666 0.8870370370370371 0.3338541666666667 0.8865740740740741 0.33489583333333334 0.8837962962962963 0.3375 0.8833333333333333 0.33932291666666664 0.8814814814814815 0.3421875 0.8814814814814815 0.3450520833333333 0.8810185185185185 0.3455729166666667 0.8814814814814815 0.3458333333333333 0.8814814814814815 0.34713541666666664 0.8819444444444444 0.34739583333333335 0.8819444444444444 0.3489583333333333 0.8842592592592593 0.3528645833333333 0.8888888888888888 0.3572916666666667 0.8935185185185185 0.35885416666666664 0.8972222222222223 0.35911458333333335 0.8976851851851851 0.359375 0.9037037037037037 0.359375 0.9120370370370371 0.3578125 0.913425925925926 0.3572916666666667 0.9152777777777777 0.35598958333333336 0.9189814814814815 0.35130208333333335 0.9217592592592593 0.3497395833333333 0.9263888888888889 0.34869791666666666 0.9314814814814815 0.34817708333333336 0.9361111111111111 0.34713541666666664 0.9375 0.34713541666666664 0.9416666666666667 0.3463541666666667 0.9439814814814815 0.3463541666666667 0.9444444444444444 0.34609375 0.9467592592592593 0.34609375 0.9472222222222222 0.3458333333333333 0.95 0.3458333333333333 0.9541666666666667 0.3450520833333333 0.9587962962962963 0.34479166666666666 0.961574074074074 0.34427083333333336 0.9657407407407408 0.34427083333333336 0.9662037037037037 0.34453125 0.9708333333333333 0.34296875 0.9819444444444444 0.3416666666666667 0.9837962962962963 0.34088541666666666 0.9861111111111112 0.34036458333333336 0.9916666666666667 0.3377604166666667
3 0.8921296296296296 0.55546875 0.8888888888888888 0.5575520833333333 0.887962962962963 0.5591145833333333 0.887962962962963 0.5598958333333334 0.8875 0.56015625 0.8870370370370371 0.5627604166666667 0.8865740740740741 0.5630208333333333 0.8865740740740741 0.5651041666666666 0.8870370370370371 0.5653645833333333 0.8875 0.5674479166666667 0.8912037037037037 0.571875 0.8912037037037037 0.5763020833333333 0.8898148148148148 0.578125 0.8898148148148148 0.57890625 0.8875 0.5828125 0.8875 0.58359375 0.8856481481481482 0.5861979166666667 0.8851851851851852 0.5880208333333333 0.8842592592592593 0.5888020833333333 0.8842592592592593 0.5893229166666667 0.8833333333333333 0.5901041666666667 0.8814814814814815 0.5932291666666667 0.8796296296296297 0.5950520833333334 0.8791666666666667 0.5966145833333333 0.8773148148148148 0.5989583333333334 0.8773148148148148 0.6033854166666667 0.8814814814814815 0.6059895833333333 0.8842592592592593 0.60703125 0.8888888888888888 0.6072916666666667 0.8916666666666667 0.6080729166666666 0.8953703703703704 0.6083333333333333 0.8958333333333334 0.60859375 0.899537037037037 0.6088541666666667 0.9 0.6091145833333333 0.9041666666666667 0.6091145833333333 0.9097222222222222 0.6075520833333333 0.9125 0.60546875 0.9138888888888889 0.60390625 0.9138888888888889 0.6033854166666667 0.9199074074074074 0.596875 0.9212962962962963 0.5924479166666666 0.924074074074074 0.5895833333333333 0.9263888888888889 0.5846354166666666 0.9273148148148148 0.5838541666666667 0.9282407407407407 0.5817708333333333 0.9296296296296296 0.58046875 0.9305555555555556 0.57890625 0.9324074074074075 0.5778645833333333 0.9333333333333333 0.5778645833333333 0.9347222222222222 0.57734375 0.9407407407407408 0.57734375 0.9412037037037037 0.5776041666666667 0.9435185185185185 0.5776041666666667 0.9449074074074074 0.5768229166666666 0.9467592592592593 0.5763020833333333 0.9495370370370371 0.5723958333333333 0.950462962962963 0.5682291666666667 0.9490740740740741 0.5669270833333333 0.9467592592592593 0.565625 0.9425925925925925 0.5643229166666667 0.9388888888888889 0.5638020833333334 0.9356481481481481 0.5625 0.9314814814814815 0.5619791666666667 0.9273148148148148 0.5604166666666667 0.9259259259259259 0.5604166666666667 0.9254629629629629 0.56015625 0.924074074074074 0.56015625 0.9236111111111112 0.5598958333333334 0.9222222222222223 0.5598958333333334 0.9180555555555555 0.5591145833333333 0.9166666666666666 0.55859375 0.9115740740740741 0.5578125 0.9092592592592592 0.55703125 0.9083333333333333 0.55703125 0.9069444444444444 0.5565104166666667 0.9 0.5552083333333333 0.8976851851851851 0.5557291666666667 0.8939814814814815 0.5557291666666667 0.8935185185185185 0.55546875
4 0.9236111111111112 0.23515625 0.9222222222222223 0.23671875 0.9222222222222223 0.23723958333333334 0.9189814814814815 0.24036458333333333 0.9189814814814815 0.24088541666666666 0.9180555555555555 0.24166666666666667 0.9180555555555555 0.2421875 0.9166666666666666 0.24375 0.9166666666666666 0.24453125 0.9162037037037037 0.24479166666666666 0.9162037037037037 0.24635416666666668 0.9157407407407407 0.24661458333333333 0.9152777777777777 0.25078125 0.9148148148148149 0.25104166666666666 0.9148148148148149 0.2526041666666667 0.9152777777777777 0.25286458333333334 0.9157407407407407 0.2557291666666667 0.9194444444444444 0.25729166666666664 0.9217592592592593 0.25755208333333335 0.9231481481481482 0.25807291666666665 0.9268518518518518 0.25833333333333336 0.9273148148148148 0.25859375 0.9356481481481481 0.25859375 0.937962962962963 0.2578125 0.9393518518518519 0.25703125 0.9412037037037037 0.2565104166666667 0.9462962962962963 0.25390625 0.9472222222222222 0.25364583333333335 0.9490740740740741 0.25364583333333335 0.9495370370370371 0.25390625 0.9532407407407407 0.25390625 0.9537037037037037 0.25416666666666665 0.9560185185185185 0.25416666666666665 0.9564814814814815 0.25442708333333336 0.9578703703703704 0.25442708333333336 0.9583333333333334 0.2546875 0.9601851851851851 0.2546875 0.9606481481481481 0.25494791666666666 0.9643518518518519 0.2552083333333333 0.9648148148148148 0.25546875 0.9657407407407408 0.25546875 0.9675925925925926 0.2559895833333333 0.9689814814814814 0.2559895833333333 0.9694444444444444 0.25625 0.9708333333333333 0.25625 0.9712962962962963 0.2565104166666667 0.9731481481481481 0.2565104166666667 0.9736111111111111 0.25677083333333334 0.975462962962963 0.25677083333333334 0.975925925925926 0.25703125 0.9773148148148149 0.25703125 0.9777777777777777 0.25729166666666664 0.9814814814814815 0.25755208333333335 0.9856481481481482 0.25885416666666666 0.986574074074074 0.25885416666666666 0.9898148148148148 0.2596354166666667 0.9925925925925926 0.2596354166666667 0.9930555555555556 0.2598958333333333 0.9953703703703703 0.2598958333333333 0.9958333333333333 0.26015625 0.999537037037037 0.26015625 0.999537037037037 0.24583333333333332 0.9976851851851852 0.24583333333333332 0.9939814814814815 0.24479166666666666 0.9912037037037037 0.24479166666666666 0.9907407407407407 0.24453125 0.987037037037037 0.24427083333333333 0.986574074074074 0.24401041666666667 0.9842592592592593 0.24375 0.9819444444444444 0.24296875 0.9805555555555555 0.24296875 0.9800925925925926 0.24270833333333333 0.9777777777777777 0.24244791666666668 0.9763888888888889 0.24192708333333332 0.975462962962963 0.24192708333333332 0.9736111111111111 0.24140625 0.9712962962962963 0.24140625 0.9708333333333333 0.24114583333333334 0.9685185185185186 0.24088541666666666 0.9671296296296297 0.24036458333333333 0.962037037037037 0.23984375 0.9592592592592593 0.2390625 0.9583333333333334 0.23854166666666668 0.9569444444444445 0.23828125 0.9546296296296296 0.23697916666666666 0.9537037037037037 0.23567708333333334 0.9518518518518518 0.234375 0.9513888888888888 0.23359375 0.95 0.2328125 0.9476851851851852 0.23203125 0.9319444444444445 0.23203125 0.9314814814814815 0.23177083333333334 0.9310185185185185 0.23203125 0.9287037037037037 0.23203125 0.9282407407407407 0.23229166666666667 0.9273148148148148 0.23229166666666667 0.9263888888888889 0.23333333333333334
1 0.9925925925925926 0.58828125 0.9907407407407407 0.5861979166666667 0.9898148148148148 0.5856770833333333 0.9898148148148148 0.5854166666666667 0.9888888888888889 0.5848958333333333 0.9888888888888889 0.5846354166666666 0.9879629629629629 0.5841145833333333 0.987037037037037 0.5830729166666667 0.9842592592592593 0.5815104166666667 0.9842592592592593 0.58125 0.9833333333333333 0.5807291666666666 0.9824074074074074 0.5796875 0.9819444444444444 0.5796875 0.9782407407407407 0.578125 0.9773148148148149 0.578125 0.975462962962963 0.5776041666666667 0.9736111111111111 0.5776041666666667 0.9731481481481481 0.5778645833333333 0.9708333333333333 0.578125 0.9675925925925926 0.5791666666666667 0.9666666666666667 0.5791666666666667 0.9634259259259259 0.5809895833333333 0.961574074074074 0.5815104166666667 0.9606481481481481 0.5815104166666667 0.9583333333333334 0.5822916666666667 0.9574074074074074 0.5822916666666667 0.9569444444444445 0.5825520833333333 0.9546296296296296 0.5828125 0.9537037037037037 0.5833333333333334 0.9527777777777777 0.584375 0.9523148148148148 0.5856770833333333 0.950462962962963 0.5877604166666667 0.9458333333333333 0.5903645833333333 0.9453703703703704 0.5903645833333333 0.9444444444444444 0.5908854166666667 0.9425925925925925 0.59140625 0.9398148148148148 0.5927083333333333 0.9384259259259259 0.59296875 0.9361111111111111 0.5940104166666667 0.9333333333333333 0.5947916666666667 0.9310185185185185 0.59609375 0.925 0.59765625 0.924074074074074 0.5981770833333333 0.9217592592592593 0.5986979166666667 0.9203703703703704 0.5994791666666667 0.9199074074074074 0.5994791666666667 0.9157407407407407 0.6028645833333334 0.9157407407407407 0.6046875 0.9162037037037037 0.6049479166666667 0.9162037037037037 0.6057291666666667 0.9166666666666666 0.6059895833333333 0.9166666666666666 0.60703125 0.9175925925925926 0.6075520833333333 0.9175925925925926 0.6078125 0.9208333333333333 0.609375 0.9236111111111112 0.61015625 0.924074074074074 0.6098958333333333 0.9268518518518518 0.6098958333333333 0.9273148148148148 0.6096354166666667 0.9282407407407407 0.6096354166666667 0.9310185185185185 0.6088541666666667 0.9319444444444445 0.6083333333333333 0.9333333333333333 0.6080729166666666 0.9356481481481481 0.60703125 0.9365740740740741 0.6067708333333334 0.9375 0.6067708333333334 0.937962962962963 0.6065104166666667 0.9388888888888889 0.6065104166666667 0.9407407407407408 0.6057291666666667 0.9495370370370371 0.6033854166666667 0.950462962962963 0.6028645833333334 0.9518518518518518 0.6026041666666667 0.9546296296296296 0.6013020833333333 0.9555555555555556 0.6010416666666667 0.9564814814814815 0.6010416666666667 0.9578703703703704 0.6005208333333333 0.9587962962962963 0.6005208333333333 0.961574074074074 0.5997395833333333 0.9625 0.59921875 0.9638888888888889 0.59921875 0.9643518518518519 0.5989583333333334 0.9671296296296297 0.5989583333333334 0.9680555555555556 0.5994791666666667 0.9699074074074074 0.6 0.9708333333333333 0.6 0.9712962962962963 0.6002604166666666 0.9722222222222222 0.6002604166666666 0.9726851851851852 0.6005208333333333 0.9736111111111111 0.6005208333333333 0.9745370370370371 0.60078125 0.975462962962963 0.6002604166666666 0.975925925925926 0.6002604166666666 0.9787037037037037 0.5986979166666667 0.9787037037037037 0.5984375 0.9810185185185185 0.5973958333333333 0.9819444444444444 0.5971354166666667 0.9828703703703704 0.5971354166666667 0.9833333333333333 0.596875 0.9842592592592593 0.596875 0.9847222222222223 0.5966145833333333 0.9861111111111112 0.5966145833333333 0.9875 0.59609375 0.9884259259259259 0.59609375 0.9898148148148148 0.5955729166666667 0.9907407407407407 0.5955729166666667 0.9916666666666667 0.5950520833333334 0.9916666666666667 0.5947916666666667 0.9930555555555556 0.5940104166666667 0.9939814814814815 0.59296875 0.9939814814814815 0.5924479166666666 0.9944444444444445 0.5921875 0.9939814814814815 0.5903645833333333 0.9925925925925926 0.5888020833333333
1 0.9092592592592592 0.396875 0.9078703703703703 0.39765625 0.9074074074074074 0.3984375 0.9050925925925926 0.4002604166666667 0.9050925925925926 0.4041666666666667 0.9060185185185186 0.4046875 0.9064814814814814 0.4046875 0.9087962962962963 0.40598958333333335 0.9092592592592592 0.40598958333333335 0.9120370370370371 0.4075520833333333 0.9120370370370371 0.4078125 0.9125 0.4078125 0.913425925925926 0.4083333333333333 0.9152777777777777 0.4088541666666667 0.9189814814814815 0.41067708333333336 0.9194444444444444 0.41067708333333336 0.9203703703703704 0.41119791666666666 0.9222222222222223 0.41171875 0.924537037037037 0.41354166666666664 0.925 0.41354166666666664 0.9263888888888889 0.41432291666666665 0.9282407407407407 0.41484375 0.9324074074074075 0.4171875 0.9342592592592592 0.4192708333333333 0.9342592592592592 0.42135416666666664 0.9337962962962963 0.42161458333333335 0.9337962962962963 0.4239583333333333 0.9351851851851852 0.425 0.9351851851851852 0.42526041666666664 0.9356481481481481 0.42526041666666664 0.937037037037037 0.42604166666666665 0.9375 0.42604166666666665 0.9425925925925925 0.428125 0.9453703703703704 0.42890625 0.95 0.4315104166666667 0.950925925925926 0.4317708333333333 0.9550925925925926 0.4317708333333333 0.9555555555555556 0.4315104166666667 0.9564814814814815 0.4315104166666667 0.9578703703703704 0.43072916666666666 0.9583333333333334 0.43072916666666666 0.9625 0.4283854166666667 0.9629629629629629 0.4283854166666667 0.9648148148148148 0.42734375 0.9652777777777778 0.42734375 0.9717592592592592 0.4236979166666667 0.9736111111111111 0.42161458333333335 0.9768518518518519 0.4197916666666667 0.9745370370370371 0.4171875 0.9722222222222222 0.4158854166666667 0.9708333333333333 0.415625 0.9666666666666667 0.41328125 0.9666666666666667 0.41302083333333334 0.9643518518518519 0.41171875 0.9643518518518519 0.4114583333333333 0.9625 0.41015625 0.961574074074074 0.4088541666666667 0.9601851851851851 0.4080729166666667 0.9592592592592593 0.4078125 0.9583333333333334 0.4078125 0.9564814814814815 0.40859375 0.9555555555555556 0.40859375 0.9550925925925926 0.4088541666666667 0.9532407407407407 0.4088541666666667 0.9527777777777777 0.40911458333333334 0.950462962962963 0.40911458333333334 0.95 0.4088541666666667 0.9481481481481482 0.4088541666666667 0.9462962962962963 0.4080729166666667 0.9449074074074074 0.4078125 0.9412037037037037 0.40625 0.9407407407407408 0.40625 0.9393518518518519 0.40546875 0.9365740740740741 0.4046875 0.9305555555555556 0.40130208333333334 0.9300925925925926 0.40130208333333334 0.9282407407407407 0.4002604166666667 0.9277777777777778 0.4002604166666667 0.924074074074074 0.39817708333333335 0.9236111111111112 0.39817708333333335 0.9222222222222223 0.39739583333333334 0.9217592592592593 0.39739583333333334 0.9199074074074074 0.3963541666666667 0.9171296296296296 0.39557291666666666 0.9162037037037037 0.39557291666666666 0.9157407407407407 0.3953125 0.9152777777777777 0.39557291666666666 0.9138888888888889 0.39557291666666666 0.913425925925926 0.3958333333333333 0.9125 0.3958333333333333 0.9106481481481481 0.3963541666666667 0.9097222222222222 0.396875