1 0.08055555555555556 0.5216145833333333 0.08055555555555556 0.521875 0.07962962962962963 0.52265625 0.07962962962962963 0.5234375 0.07916666666666666 0.5236979166666667 0.07916666666666666 0.5247395833333334 0.0787037037037037 0.525 0.0787037037037037 0.5255208333333333 0.07916666666666666 0.52578125 0.07916666666666666 0.5263020833333333 0.07962962962962963 0.5265625 0.07962962962962963 0.5270833333333333 0.08009259259259259 0.52734375 0.08009259259259259 0.5276041666666667 0.08194444444444444 0.5286458333333334 0.0824074074074074 0.5286458333333334 0.08333333333333333 0.5291666666666667 0.08564814814814815 0.5296875 0.08796296296296297 0.5307291666666667 0.08935185185185185 0.5309895833333333 0.09074074074074075 0.5317708333333333 0.0912037037037037 0.5317708333333333 0.09351851851851851 0.5328125 0.09398148148148149 0.5328125 0.0962962962962963 0.53359375 0.09722222222222222 0.53359375 0.09768518518518518 0.5338541666666666 0.10185185185185185 0.5348958333333333 0.10324074074074074 0.5356770833333333 0.10324074074074074 0.5359375 0.1050925925925926 0.5377604166666666 0.1050925925925926 0.53828125 0.10555555555555556 0.5385416666666667 0.10555555555555556 0.5393229166666667 0.10601851851851851 0.5395833333333333 0.10601851851851851 0.540625 0.10648148148148148 0.5408854166666667 0.10648148148148148 0.5411458333333333 0.1111111111111111 0.54375 0.11157407407407408 0.54375 0.11203703703703703 0.5440104166666667 0.11435185185185186 0.5440104166666667 0.11481481481481481 0.5442708333333334 0.11666666666666667 0.5442708333333334 0.11712962962962963 0.54453125 0.11851851851851852 0.54453125 0.11898148148148148 0.5447916666666667 0.12037037037037036 0.5447916666666667 0.12083333333333333 0.5450520833333333 0.12175925925925926 0.5450520833333333 0.12222222222222222 0.5453125 0.12361111111111112 0.5455729166666666 0.12685185185185185 0.5471354166666667 0.12916666666666668 0.5473958333333333 0.13055555555555556 0.5479166666666667 0.13240740740740742 0.5479166666666667 0.13287037037037036 0.54765625 0.13472222222222222 0.54765625 0.1361111111111111 0.546875 0.13657407407407407 0.546875 0.1375 0.5463541666666667 0.13796296296296295 0.5463541666666667 0.1412037037037037 0.54453125 0.1412037037037037 0.5442708333333334 0.1425925925925926 0.5434895833333333 0.1425925925925926 0.5432291666666667 0.1449074074074074 0.5416666666666666 0.1449074074074074 0.54140625 0.14629629629629629 0.5401041666666667 0.14629629629629629 0.5395833333333333 0.14675925925925926 0.5393229166666667 0.14675925925925926 0.5388020833333333 0.14722222222222223 0.5385416666666667 0.14722222222222223 0.5380208333333333 0.1476851851851852 0.5377604166666666 0.1476851851851852 0.5372395833333333 0.14814814814814814 0.5369791666666667 0.1476851851851852 0.53671875 0.1476851851851852 0.5361979166666667 0.14722222222222223 0.5359375 0.14722222222222223 0.5354166666666667 0.14675925925925926 0.53515625 0.14675925925925926 0.5346354166666667 0.14629629629629629 0.534375 0.14629629629629629 0.5341145833333333 0.14444444444444443 0.5330729166666667 0.14351851851851852 0.5330729166666667 0.14305555555555555 0.5328125 0.14212962962962963 0.5328125 0.14166666666666666 0.5325520833333334 0.14027777777777778 0.5325520833333334 0.1398148148148148 0.5322916666666667 0.1388888888888889 0.5322916666666667 0.13842592592592592 0.53203125 0.13703703703703704 0.5317708333333333 0.13518518518518519 0.5307291666666667 0.1337962962962963 0.52890625 0.13148148148148148 0.5276041666666667 0.13148148148148148 0.52734375 0.13055555555555556 0.5268229166666667 0.12962962962962962 0.5268229166666667 0.12916666666666668 0.5265625 0.12731481481481483 0.5265625 0.12685185185185185 0.5263020833333333 0.12268518518518519 0.5263020833333333 0.12222222222222222 0.5265625 0.12083333333333333 0.5265625 0.12037037037037036 0.5268229166666667 0.11944444444444445 0.5268229166666667 0.11898148148148148 0.5270833333333333 0.1175925925925926 0.5270833333333333 0.11712962962962963 0.52734375 0.1162037037037037 0.52734375 0.11574074074074074 0.5276041666666667 0.11388888888888889 0.5276041666666667 0.11342592592592593 0.52734375 0.1111111111111111 0.5270833333333333 0.10740740740740741 0.525 0.10601851851851851 0.5247395833333334 0.1050925925925926 0.52421875 0.1 0.5229166666666667 0.09907407407407408 0.5223958333333333 0.09814814814814815 0.5223958333333333 0.09583333333333334 0.5213541666666667 0.09351851851851851 0.52109375 0.0912037037037037 0.5203125 0.08981481481481482 0.5203125 0.08935185185185185 0.5200520833333333 0.08472222222222223 0.5200520833333333 0.08425925925925926 0.5203125 0.08333333333333333 0.5203125
2 0.24583333333333332 0.35703125 0.2439814814814815 0.35208333333333336 0.23981481481481481 0.3497395833333333 0.23842592592592593 0.3494791666666667 0.2263888888888889 0.3494791666666667 0.2050925925925926 0.35104166666666664 0.1962962962962963 0.35104166666666664 0.19305555555555556 0.3515625 0.17962962962962964 0.35234375 0.15 0.3533854166666667 0.1287037037037037 0.35520833333333335 0.1175925925925926 0.35546875 0.09722222222222222 0.3567708333333333 0.08194444444444444 0.35703125 0.0763888888888889 0.3575520833333333 0.07083333333333333 0.35703125 0.06805555555555555 0.35546875 0.06666666666666667 0.3533854166666667 0.06388888888888888 0.35234375 0.060648148148148145 0.353125 0.05555555555555555 0.353125 0.052314814814814814 0.3536458333333333 0.05 0.3567708333333333 0.05 0.36223958333333334 0.052314814814814814 0.3690104166666667 0.05555555555555555 0.37421875 0.059722222222222225 0.3763020833333333 0.06481481481481481 0.3770833333333333 0.06898148148148148 0.3768229166666667 0.07546296296296297 0.37526041666666665 0.07777777777777778 0.3729166666666667 0.08009259259259259 0.371875 0.09074074074074075 0.3703125 0.1 0.37005208333333334 0.11064814814814815 0.3690104166666667 0.11851851851851852 0.3690104166666667 0.12777777777777777 0.36744791666666665 0.1375 0.3671875 0.14166666666666666 0.36640625 0.15046296296296297 0.36640625 0.15787037037037038 0.3653645833333333 0.20092592592592592 0.3640625 0.20555555555555555 0.36354166666666665 0.22453703703703703 0.36302083333333335 0.23981481481481481 0.3619791666666667 0.2439814814814815 0.3606770833333333
4 0.11805555555555555 0.63671875 0.11666666666666667 0.63828125 0.11712962962962963 0.6424479166666667 0.12268518518518519 0.6458333333333334 0.12962962962962962 0.6473958333333333 0.1375 0.6502604166666667 0.1449074074074074 0.6520833333333333 0.14583333333333334 0.6526041666666667 0.14907407407407408 0.6533854166666667 0.15046296296296297 0.6541666666666667 0.15416666666666667 0.6552083333333333 0.1550925925925926 0.6552083333333333 0.15833333333333333 0.65625 0.15925925925925927 0.65625 0.16157407407407406 0.6572916666666667 0.16944444444444445 0.659375 0.17314814814814813 0.6609375 0.17453703703703705 0.6611979166666667 0.17592592592592593 0.6619791666666667 0.1814814814814815 0.66328125 0.18333333333333332 0.6640625 0.18611111111111112 0.6658854166666667 0.18703703703703703 0.6671875 0.18703703703703703 0.6682291666666667 0.1875 0.6684895833333333 0.1875 0.6700520833333333 0.18888888888888888 0.6723958333333333 0.19027777777777777 0.6734375 0.19212962962962962 0.6739583333333333 0.1935185185185185 0.6739583333333333 0.1962962962962963 0.6747395833333333 0.19814814814814816 0.6747395833333333 0.1986111111111111 0.6744791666666666 0.2013888888888889 0.67421875 0.20462962962962963 0.6729166666666667 0.2125 0.66875 0.2152777777777778 0.66640625 0.21805555555555556 0.6630208333333333 0.22037037037037038 0.6609375 0.22037037037037038 0.66015625 0.22175925925925927 0.6578125 0.2222222222222222 0.6552083333333333 0.22268518518518518 0.6549479166666666 0.22268518518518518 0.6536458333333334 0.22037037037037038 0.6502604166666667 0.21666666666666667 0.65 0.2125 0.6489583333333333 0.21157407407407408 0.6494791666666667 0.20787037037037037 0.6502604166666667 0.2050925925925926 0.6518229166666667 0.20092592592592592 0.6528645833333333 0.1935185185185185 0.6502604166666667 0.1865740740740741 0.6489583333333333 0.17962962962962964 0.6463541666666667 0.17731481481481481 0.64609375 0.1736111111111111 0.6447916666666667 0.1712962962962963 0.64453125 0.16574074074074074 0.64296875 0.16296296296296298 0.6419270833333334 0.16203703703703703 0.6419270833333334 0.15787037037037038 0.6408854166666667 0.15416666666666667 0.6385416666666667 0.14722222222222223 0.6372395833333333 0.14166666666666666 0.6354166666666666 0.13842592592592592 0.63515625 0.13472222222222222 0.6338541666666667 0.13055555555555556 0.6330729166666667 0.125 0.6328125 0.12222222222222222 0.6333333333333333 0.12037037037037036 0.63515625
6 0.18611111111111112 0.6020833333333333 0.18518518518518517 0.6026041666666667 0.18472222222222223 0.6033854166666667 0.1837962962962963 0.60390625 0.1837962962962963 0.6041666666666666 0.18333333333333332 0.6044270833333333 0.18333333333333332 0.6046875 0.18287037037037038 0.6049479166666667 0.1824074074074074 0.6057291666666667 0.1814814814814815 0.60625 0.1814814814814815 0.6065104166666667 0.18055555555555555 0.6072916666666667 0.18055555555555555 0.6078125 0.18009259259259258 0.6080729166666666 0.18009259259259258 0.60859375 0.17962962962962964 0.6088541666666667 0.17962962962962964 0.6096354166666667 0.17916666666666667 0.6098958333333333 0.17916666666666667 0.6106770833333334 0.1787037037037037 0.6109375 0.1787037037037037 0.6114583333333333 0.17916666666666667 0.61171875 0.17916666666666667 0.6127604166666667 0.17962962962962964 0.6130208333333333 0.17962962962962964 0.6145833333333334 0.18009259259259258 0.61484375 0.18009259259259258 0.615625 0.18055555555555555 0.6158854166666666 0.18055555555555555 0.6166666666666667 0.18101851851851852 0.6169270833333333 0.18101851851851852 0.6174479166666667 0.1814814814814815 0.6177083333333333 0.1814814814814815 0.6184895833333334 0.18194444444444444 0.61875 0.18194444444444444 0.6190104166666667 0.1824074074074074 0.6192708333333333 0.1824074074074074 0.61953125 0.18287037037037038 0.6197916666666666 0.18333333333333332 0.6205729166666667 0.18425925925925926 0.62109375 0.18425925925925926 0.6213541666666667 0.18611111111111112 0.6223958333333334 0.1875 0.62265625 0.18935185185185185 0.6236979166666666 0.19027777777777777 0.6236979166666666 0.19074074074074074 0.6239583333333333 0.1912037037037037 0.6239583333333333 0.19166666666666668 0.62421875 0.1925925925925926 0.62421875 0.19305555555555556 0.6244791666666667 0.19490740740740742 0.6244791666666667 0.19537037037037036 0.6247395833333333 0.19768518518518519 0.6247395833333333 0.19814814814814816 0.625 0.19953703703703704 0.625 0.2 0.6252604166666667 0.20416666666666666 0.6252604166666667 0.20462962962962963 0.6255208333333333 0.2050925925925926 0.6255208333333333 0.20555555555555555 0.6252604166666667 0.20972222222222223 0.6252604166666667 0.2111111111111111 0.6247395833333333 0.21203703703703702 0.6247395833333333 0.2125 0.6244791666666667 0.21342592592592594 0.6244791666666667 0.21388888888888888 0.62421875 0.2152777777777778 0.62421875 0.21574074074074073 0.6239583333333333 0.2162037037037037 0.6239583333333333 0.21666666666666667 0.6236979166666666 0.21666666666666667 0.6234375 0.21712962962962962 0.6231770833333333 0.2175925925925926 0.6223958333333334 0.21898148148148147 0.6216145833333333 0.21898148148148147 0.6213541666666667 0.2212962962962963 0.6200520833333333 0.2212962962962963 0.6197916666666666 0.2222222222222222 0.6192708333333333 0.22268518518518518 0.6184895833333334 0.22361111111111112 0.61796875 0.22361111111111112 0.6177083333333333 0.22453703703703703 0.6169270833333333 0.22453703703703703 0.6158854166666666 0.225 0.615625 0.225 0.6125 0.22546296296296298 0.6122395833333333 0.22546296296296298 0.6109375 0.225 0.6106770833333334 0.225 0.6096354166666667 0.22453703703703703 0.609375 0.22453703703703703 0.6088541666666667 0.22361111111111112 0.6080729166666666 0.22361111111111112 0.6075520833333333 0.22314814814814815 0.6072916666666667 0.22314814814814815 0.60703125 0.22268518518518518 0.6067708333333334 0.22268518518518518 0.6065104166666667 0.2222222222222222 0.60625 0.2222222222222222 0.6059895833333333 0.2212962962962963 0.6052083333333333 0.2212962962962963 0.6046875 0.22037037037037038 0.60390625 0.22037037037037038 0.6033854166666667 0.21805555555555556 0.6020833333333333 0.2175925925925926 0.6020833333333333 0.21712962962962962 0.6018229166666667 0.21666666666666667 0.6018229166666667 0.2162037037037037 0.6015625 0.21574074074074073 0.6015625 0.2152777777777778 0.6013020833333333 0.21481481481481482 0.6013020833333333 0.21342592592592594 0.60078125 0.21064814814814814 0.60078125 0.2101851851851852 0.6005208333333333 0.20555555555555555 0.6005208333333333 0.2050925925925926 0.6002604166666666 0.2013888888888889 0.6002604166666666 0.20092592592592592 0.6 0.19537037037037036 0.6 0.19490740740740742 0.6002604166666666 0.19305555555555556 0.6002604166666666 0.1925925925925926 0.6005208333333333 0.19166666666666668 0.6005208333333333 0.19027777777777777 0.6010416666666667 0.18935185185185185 0.6010416666666667 0.18888888888888888 0.6013020833333333 0.1875 0.6015625 0.1865740740740741 0.6020833333333333
2 0.18333333333333332 0.4700520833333333 0.17685185185185184 0.47421875 0.17685185185185184 0.4783854166666667 0.1814814814814815 0.48151041666666666 0.18981481481481483 0.48072916666666665 0.19305555555555556 0.48125 0.19537037037037036 0.4828125 0.20416666666666666 0.49166666666666664 0.21435185185185185 0.5002604166666667 0.2199074074074074 0.50625 0.2361111111111111 0.5203125 0.25416666666666665 0.5380208333333333 0.2625 0.5455729166666666 0.2662037037037037 0.5481770833333334 0.275 0.5567708333333333 0.27870370370370373 0.5596354166666667 0.2810185185185185 0.5604166666666667 0.28703703703703703 0.5606770833333333 0.2949074074074074 0.5588541666666667 0.2972222222222222 0.5567708333333333 0.2962962962962963 0.5528645833333333 0.29259259259259257 0.5486979166666667 0.2898148148148148 0.5466145833333333 0.28379629629629627 0.5403645833333334 0.28055555555555556 0.5380208333333333 0.2791666666666667 0.5361979166666667 0.27685185185185185 0.5346354166666667 0.27175925925925926 0.5291666666666667 0.25972222222222224 0.5190104166666667 0.25462962962962965 0.5135416666666667 0.24212962962962964 0.5026041666666666 0.2375 0.4973958333333333 0.2337962962962963 0.49453125 0.22916666666666666 0.4895833333333333 0.22592592592592592 0.48723958333333334 0.21712962962962962 0.4783854166666667 0.21666666666666667 0.47708333333333336 0.21435185185185185 0.4747395833333333 0.21481481481481482 0.47369791666666666 0.21898148148148147 0.4705729166666667 0.21898148148148147 0.4666666666666667 0.21574074074074073 0.46432291666666664 0.21296296296296297 0.46380208333333334 0.20833333333333334 0.46380208333333334 0.19583333333333333 0.4661458333333333
1 0.27314814814814814 0.38046875 0.2726851851851852 0.3802083333333333 0.2722222222222222 0.3802083333333333 0.27037037037037037 0.37916666666666665 0.26990740740740743 0.37916666666666665 0.2671296296296296 0.37786458333333334 0.26296296296296295 0.37786458333333334 0.2625 0.378125 0.25925925925925924 0.37890625 0.25555555555555554 0.38046875 0.25416666666666665 0.3807291666666667 0.25277777777777777 0.3815104166666667 0.2513888888888889 0.38177083333333334 0.2513888888888889 0.38203125 0.25046296296296294 0.38255208333333335 0.25 0.38255208333333335 0.24768518518518517 0.38385416666666666 0.24444444444444444 0.3846354166666667 0.24074074074074073 0.38619791666666664 0.23842592592592593 0.38671875 0.23657407407407408 0.3875 0.23148148148148148 0.3875 0.22824074074074074 0.38645833333333335 0.2273148148148148 0.38645833333333335 0.22685185185185186 0.38671875 0.22453703703703703 0.38671875 0.22175925925925927 0.3880208333333333 0.22175925925925927 0.38828125 0.22083333333333333 0.3888020833333333 0.22083333333333333 0.3890625 0.21851851851851853 0.39036458333333335 0.21805555555555556 0.39036458333333335 0.21712962962962962 0.39088541666666665 0.2162037037037037 0.39088541666666665 0.21388888888888888 0.39166666666666666 0.21296296296296297 0.39166666666666666 0.2125 0.3919270833333333 0.21203703703703702 0.3919270833333333 0.2111111111111111 0.3924479166666667 0.21064814814814814 0.3924479166666667 0.2101851851851852 0.3932291666666667 0.20925925925925926 0.39375 0.20925925925925926 0.39401041666666664 0.20879629629629629 0.39427083333333335 0.20879629629629629 0.39479166666666665 0.20833333333333334 0.39505208333333336 0.20833333333333334 0.3958333333333333 0.20787037037037037 0.39609375 0.20787037037037037 0.3966145833333333 0.20833333333333334 0.396875 0.20833333333333334 0.39765625 0.20879629629629629 0.39791666666666664 0.20879629629629629 0.3984375 0.2101851851851852 0.3997395833333333 0.2101851851851852 0.4002604166666667 0.2111111111111111 0.40078125 0.2111111111111111 0.4010416666666667 0.21203703703703702 0.4015625 0.21203703703703702 0.40182291666666664 0.21481481481481482 0.40338541666666666 0.21481481481481482 0.4036458333333333 0.2162037037037037 0.4044270833333333 0.2162037037037037 0.4046875 0.21805555555555556 0.40546875 0.21851851851851853 0.40546875 0.22037037037037038 0.40651041666666665 0.22083333333333333 0.40651041666666665 0.2212962962962963 0.40677083333333336 0.2222222222222222 0.40677083333333336 0.22361111111111112 0.40729166666666666 0.22592592592592592 0.40729166666666666 0.2263888888888889 0.40703125 0.22824074074074074 0.40703125 0.22962962962962963 0.40651041666666665 0.23055555555555557 0.40651041666666665 0.2310185185185185 0.40625 0.2324074074074074 0.40598958333333335 0.23472222222222222 0.4049479166666667 0.2351851851851852 0.4049479166666667 0.23564814814814813 0.4046875 0.23981481481481481 0.4036458333333333 0.24305555555555555 0.40182291666666664 0.24305555555555555 0.4015625 0.24537037037037038 0.4 0.24537037037037038 0.39947916666666666 0.24583333333333332 0.39921875 0.24583333333333332 0.39895833333333336 0.24814814814814815 0.39765625 0.24814814814814815 0.39739583333333334 0.2523148148148148 0.39479166666666665 0.25277777777777777 0.39479166666666665 0.25416666666666665 0.39401041666666664 0.25462962962962965 0.39401041666666664 0.25555555555555554 0.39348958333333334 0.25601851851851853 0.39348958333333334 0.2574074074074074 0.3927083333333333 0.25787037037037036 0.3927083333333333 0.2587962962962963 0.3921875 0.25925925925925924 0.3921875 0.26064814814814813 0.39140625 0.2611111111111111 0.39140625 0.26342592592592595 0.39036458333333335 0.2638888888888889 0.39036458333333335 0.2657407407407407 0.38958333333333334 0.2671296296296296 0.3893229166666667 0.2708333333333333 0.38723958333333336 0.2712962962962963 0.38723958333333336 0.27175925925925926 0.38697916666666665 0.27175925925925926 0.38671875 0.27314814814814814 0.3859375 0.27314814814814814 0.38567708333333334 0.274537037037037 0.3846354166666667 0.2740740740740741 0.384375 0.2740740740740741 0.38255208333333335 0.27361111111111114 0.38229166666666664 0.27361111111111114 0.3809895833333333 0.27314814814814814 0.3807291666666667
1 0.27546296296296297 0.44088541666666664 0.27546296296296297 0.44114583333333335 0.275 0.44140625 0.275 0.44192708333333336 0.2740740740740741 0.4427083333333333 0.27361111111111114 0.44453125 0.27314814814814814 0.44479166666666664 0.27314814814814814 0.4453125 0.2726851851851852 0.44557291666666665 0.2726851851851852 0.44635416666666666 0.2722222222222222 0.4466145833333333 0.2722222222222222 0.4473958333333333 0.27175925925925926 0.44765625 0.27175925925925926 0.44869791666666664 0.2712962962962963 0.44895833333333335 0.2712962962962963 0.45026041666666666 0.2708333333333333 0.4505208333333333 0.2708333333333333 0.45260416666666664 0.27037037037037037 0.45286458333333335 0.27037037037037037 0.4552083333333333 0.2708333333333333 0.45546875 0.2708333333333333 0.4557291666666667 0.27314814814814814 0.45703125 0.27361111111111114 0.45703125 0.275 0.45755208333333336 0.2810185185185185 0.45755208333333336 0.2814814814814815 0.4578125 0.2828703703703704 0.4578125 0.2833333333333333 0.45807291666666666 0.2847222222222222 0.4583333333333333 0.28564814814814815 0.4588541666666667 0.2861111111111111 0.4588541666666667 0.2865740740740741 0.4591145833333333 0.2875 0.4591145833333333 0.287962962962963 0.459375 0.28888888888888886 0.459375 0.28935185185185186 0.4596354166666667 0.2916666666666667 0.4596354166666667 0.29212962962962963 0.459375 0.29305555555555557 0.459375 0.29444444444444445 0.4588541666666667 0.2953703703703704 0.4588541666666667 0.2962962962962963 0.4583333333333333 0.2967592592592593 0.4583333333333333 0.29814814814814816 0.4578125 0.3 0.4578125 0.300462962962963 0.45807291666666666 0.30277777777777776 0.45807291666666666 0.30324074074074076 0.4583333333333333 0.3050925925925926 0.4583333333333333 0.3055555555555556 0.45859375 0.30694444444444446 0.45859375 0.3074074074074074 0.4588541666666667 0.30925925925925923 0.4588541666666667 0.30972222222222223 0.4591145833333333 0.31203703703703706 0.4591145833333333 0.3125 0.459375 0.31527777777777777 0.459375 0.31574074074074077 0.4596354166666667 0.3175925925925926 0.4596354166666667 0.31805555555555554 0.45989583333333334 0.3199074074074074 0.45989583333333334 0.32037037037037036 0.46015625 0.32175925925925924 0.46015625 0.32222222222222224 0.46041666666666664 0.32314814814814813 0.46041666666666664 0.3236111111111111 0.46067708333333335 0.324537037037037 0.46067708333333335 0.325 0.4609375 0.32592592592592595 0.4609375 0.3263888888888889 0.46119791666666665 0.32916666666666666 0.46119791666666665 0.3296296296296296 0.46145833333333336 0.3314814814814815 0.46145833333333336 0.33194444444444443 0.46171875 0.3375 0.46171875 0.3398148148148148 0.46015625 0.3398148148148148 0.45989583333333334 0.3402777777777778 0.4596354166666667 0.3402777777777778 0.4591145833333333 0.34074074074074073 0.4588541666666667 0.34074074074074073 0.45703125 0.34120370370370373 0.45677083333333335 0.34120370370370373 0.4544270833333333 0.34074074074074073 0.45416666666666666 0.34074074074074073 0.45390625 0.33796296296296297 0.45234375 0.3375 0.45234375 0.337037037037037 0.45208333333333334 0.33611111111111114 0.45208333333333334 0.33564814814814814 0.4518229166666667 0.3347222222222222 0.4518229166666667 0.33425925925925926 0.4515625 0.33101851851851855 0.4513020833333333 0.33055555555555555 0.4510416666666667 0.3282407407407407 0.4510416666666667 0.3277777777777778 0.45078125 0.32592592592592595 0.45078125 0.32546296296296295 0.4505208333333333 0.32407407407407407 0.4505208333333333 0.3236111111111111 0.45026041666666666 0.3226851851851852 0.45026041666666666 0.32222222222222224 0.45 0.32083333333333336 0.45 0.32037037037037036 0.44973958333333336 0.3194444444444444 0.44973958333333336 0.31805555555555554 0.44921875 0.31712962962962965 0.44921875 0.31666666666666665 0.44895833333333335 0.3162037037037037 0.44895833333333335 0.31574074074074077 0.44869791666666664 0.3148148148148148 0.44869791666666664 0.3143518518518518 0.4484375 0.31296296296296294 0.4484375 0.3125 0.44817708333333334 0.31157407407407406 0.44817708333333334 0.3111111111111111 0.4479166666666667 0.3101851851851852 0.4479166666666667 0.30972222222222223 0.44765625 0.3087962962962963 0.44765625 0.30833333333333335 0.4473958333333333 0.30694444444444446 0.4473958333333333 0.30648148148148147 0.4471354166666667 0.3055555555555556 0.4471354166666667 0.3050925925925926 0.446875 0.30277777777777776 0.44635416666666666 0.300462962962963 0.44505208333333335 0.300462962962963 0.44479166666666664 0.29953703703703705 0.44427083333333334 0.29953703703703705 0.44375 0.29907407407407405 0.4434895833333333 0.2986111111111111 0.4427083333333333 0.2953703703703704 0.44166666666666665 0.2935185185185185 0.44166666666666665 0.29305555555555557 0.44192708333333336 0.2884259259259259 0.44192708333333336 0.287962962962963 0.44166666666666665 0.2865740740740741 0.44166666666666665 0.28425925925925927 0.440625 0.28379629629629627 0.440625 0.2814814814814815 0.43984375 0.28055555555555556 0.43984375 0.2800925925925926 0.4395833333333333 0.27870370370370373 0.4395833333333333 0.27824074074074073 0.43984375 0.27685185185185185 0.4401041666666667
5 0.3162037037037037 0.203125 0.3138888888888889 0.20260416666666667 0.3111111111111111 0.20338541666666668 0.3101851851851852 0.20338541666666668 0.30324074074074076 0.20703125 0.30324074074074076 0.20729166666666668 0.30092592592592593 0.20885416666666667 0.30092592592592593 0.21302083333333333 0.300462962962963 0.21328125 0.300462962962963 0.21380208333333334 0.29953703703703705 0.21484375 0.2967592592592593 0.21640625 0.29305555555555557 0.21744791666666666 0.28888888888888886 0.21927083333333333 0.28564814814814815 0.22005208333333334 0.28425925925925927 0.22083333333333333 0.2814814814814815 0.22161458333333334 0.27870370370370373 0.22317708333333333 0.2773148148148148 0.2234375 0.275 0.22447916666666667 0.2671296296296296 0.2265625 0.25972222222222224 0.22994791666666667 0.2587962962962963 0.23098958333333333 0.2587962962962963 0.23177083333333334 0.25833333333333336 0.23203125 0.2587962962962963 0.23359375 0.25925925925925924 0.23385416666666667 0.25925925925925924 0.23463541666666668 0.25972222222222224 0.23489583333333333 0.25972222222222224 0.23567708333333334 0.26157407407407407 0.23776041666666667 0.2625 0.23828125 0.26342592592592595 0.23958333333333334 0.26481481481481484 0.24036458333333333 0.26481481481481484 0.240625 0.27175925925925926 0.24427083333333333 0.27361111111111114 0.24479166666666666 0.2777777777777778 0.24479166666666666 0.27824074074074073 0.24453125 0.2810185185185185 0.24453125 0.2814814814814815 0.24427083333333333 0.2851851851851852 0.24401041666666667 0.287962962962963 0.24322916666666666 0.2949074074074074 0.24010416666666667 0.29907407407407405 0.2390625 0.3023148148148148 0.2375 0.3055555555555556 0.23697916666666666 0.3111111111111111 0.23541666666666666 0.3138888888888889 0.23411458333333332 0.31527777777777777 0.23411458333333332 0.31574074074074077 0.23385416666666667 0.32175925925925924 0.23385416666666667 0.32222222222222224 0.23411458333333332 0.3236111111111111 0.23411458333333332 0.32546296296296295 0.23463541666666668 0.32916666666666666 0.234375 0.3333333333333333 0.23333333333333334 0.3351851851851852 0.23255208333333333 0.33796296296296297 0.23229166666666667 0.3402777777777778 0.23098958333333333 0.3416666666666667 0.22942708333333334 0.3416666666666667 0.22864583333333333 0.3421296296296296 0.22838541666666667 0.3402777777777778 0.2265625 0.33935185185185185 0.22473958333333333 0.3375 0.22265625 0.3365740740740741 0.22213541666666667 0.3337962962962963 0.21901041666666668 0.3333333333333333 0.21796875 0.33240740740740743 0.21744791666666666 0.33055555555555555 0.21510416666666668 0.3287037037037037 0.21380208333333334 0.3282407407407407 0.21276041666666667 0.32685185185185184 0.21171875 0.32592592592592595 0.21041666666666667 0.325 0.20989583333333334 0.32407407407407407 0.20859375 0.32083333333333336 0.20625 0.3199074074074074 0.20520833333333333 0.31851851851851853 0.20442708333333334 0.31851851851851853 0.20416666666666666
4 0.2865740740740741 0.19739583333333333 0.2828703703703704 0.19583333333333333 0.2814814814814815 0.19583333333333333 0.2810185185185185 0.19557291666666668 0.27870370370370373 0.19557291666666668 0.27546296296296297 0.196875 0.27175925925925926 0.19739583333333333 0.2708333333333333 0.19817708333333334 0.2708333333333333 0.19869791666666667 0.26990740740740743 0.19947916666666668 0.26990740740740743 0.2 0.2689814814814815 0.20104166666666667 0.2689814814814815 0.20520833333333333 0.2652777777777778 0.2078125 0.26157407407407407 0.20885416666666667 0.25833333333333336 0.21041666666666667 0.25555555555555554 0.21119791666666668 0.25416666666666665 0.21197916666666666 0.2523148148148148 0.2125 0.24953703703703703 0.2140625 0.24259259259259258 0.21640625 0.23796296296296296 0.21875 0.2361111111111111 0.21927083333333333 0.22870370370370371 0.22239583333333332 0.225 0.2234375 0.22314814814814815 0.22369791666666666 0.2199074074074074 0.22552083333333334 0.2199074074074074 0.22578125 0.21666666666666667 0.22734375 0.21342592592592594 0.22786458333333334 0.21203703703703702 0.22864583333333333 0.21157407407407408 0.2296875 0.21064814814814814 0.23046875 0.21064814814814814 0.23125 0.2101851851851852 0.23151041666666666 0.2101851851851852 0.23307291666666666 0.21064814814814814 0.23333333333333334 0.2111111111111111 0.23489583333333333 0.2125 0.23671875 0.22037037037037038 0.23984375 0.225 0.23984375 0.22546296296296298 0.23958333333333334 0.22824074074074074 0.23932291666666666 0.23796296296296296 0.23645833333333333 0.24074074074074073 0.23489583333333333 0.2412037037037037 0.23489583333333333 0.24722222222222223 0.23125 0.2513888888888889 0.2296875 0.2537037037037037 0.2296875 0.25416666666666665 0.22942708333333334 0.2587962962962963 0.22942708333333334 0.26064814814814813 0.22890625 0.2657407407407407 0.2265625 0.275 0.22447916666666667 0.2759259259259259 0.22395833333333334 0.2791666666666667 0.22057291666666667 0.2833333333333333 0.22057291666666667 0.2875 0.21875 0.29814814814814816 0.21614583333333334 0.29953703703703705 0.21510416666666668 0.30092592592592593 0.21328125 0.3 0.20885416666666667 0.2986111111111111 0.20729166666666668 0.2967592592592593 0.20598958333333334 0.2962962962962963 0.20520833333333333 0.29444444444444445 0.20364583333333333 0.29398148148148145 0.20364583333333333 0.29259259259259257 0.20260416666666667 0.2916666666666667 0.2015625 0.2916666666666667 0.20104166666666667 0.2875 0.1984375
3 0.32222222222222224 0.26484375 0.32175925925925924 0.26536458333333335 0.3175925925925926 0.2677083333333333 0.3175925925925926 0.26796875 0.3148148148148148 0.27005208333333336 0.3143518518518518 0.2708333333333333 0.31342592592592594 0.2713541666666667 0.31342592592592594 0.271875 0.3125 0.27291666666666664 0.30925925925925923 0.2752604166666667 0.30925925925925923 0.2760416666666667 0.30833333333333335 0.27682291666666664 0.30833333333333335 0.27734375 0.30694444444444446 0.27838541666666666 0.3060185185185185 0.2794270833333333 0.3060185185185185 0.2799479166666667 0.3037037037037037 0.2825520833333333 0.30277777777777776 0.2830729166666667 0.3023148148148148 0.2872395833333333 0.30324074074074076 0.2877604166666667 0.3050925925925926 0.28958333333333336 0.30648148148148147 0.2903645833333333 0.30648148148148147 0.290625 0.30694444444444446 0.290625 0.30787037037037035 0.2911458333333333 0.3106481481481482 0.29192708333333334 0.31203703703703706 0.29192708333333334 0.3125 0.2921875 0.3138888888888889 0.2921875 0.3143518518518518 0.29244791666666664 0.3148148148148148 0.2921875 0.31851851851851853 0.29192708333333334 0.3212962962962963 0.2911458333333333 0.32592592592592595 0.2911458333333333 0.3263888888888889 0.29140625 0.3300925925925926 0.29192708333333334 0.33101851851851855 0.29244791666666664 0.337037037037037 0.29401041666666666 0.33796296296296297 0.29453125 0.3398148148148148 0.2950520833333333 0.34074074074074073 0.2950520833333333 0.34444444444444444 0.29609375 0.3453703703703704 0.29661458333333335 0.3476851851851852 0.29713541666666665 0.350462962962963 0.2986979166666667 0.35138888888888886 0.2986979166666667 0.3523148148148148 0.29921875 0.35833333333333334 0.30078125 0.3625 0.3026041666666667 0.3662037037037037 0.30364583333333334 0.36712962962962964 0.30364583333333334 0.3685185185185185 0.30416666666666664 0.3712962962962963 0.30442708333333335 0.37175925925925923 0.3046875 0.3731481481481482 0.3046875 0.37592592592592594 0.3033854166666667 0.3773148148148148 0.3020833333333333 0.3773148148148148 0.3015625 0.37962962962962965 0.2989583333333333 0.38101851851851853 0.2981770833333333 0.3851851851851852 0.29453125 0.38564814814814813 0.29296875 0.3861111111111111 0.29270833333333335 0.3861111111111111 0.29192708333333334 0.38657407407407407 0.2916666666666667 0.38657407407407407 0.290625 0.38564814814814813 0.29010416666666666 0.38564814814814813 0.28984375 0.3800925925925926 0.2869791666666667 0.37962962962962965 0.2869791666666667 0.3773148148148148 0.2859375 0.37592592592592594 0.28567708333333336 0.375 0.28515625 0.3736111111111111 0.28489583333333335 0.36944444444444446 0.2830729166666667 0.362962962962963 0.28125 0.35648148148148145 0.27786458333333336 0.3560185185185185 0.27786458333333336 0.3527777777777778 0.2765625 0.35138888888888886 0.2765625 0.34953703703703703 0.2760416666666667 0.34814814814814815 0.2752604166666667 0.3449074074074074 0.27447916666666666 0.3425925925925926 0.27291666666666664 0.34120370370370373 0.27109375 0.34120370370370373 0.2703125 0.3398148148148148 0.26901041666666664 0.3375 0.2682291666666667 0.33564814814814814 0.2669270833333333 0.3337962962962963 0.26640625 0.33194444444444443 0.26536458333333335 0.32916666666666666 0.26458333333333334 0.32407407407407407 0.26458333333333334 0.3236111111111111 0.26484375
1 0.36435185185185187 0.2296875 0.3625 0.2296875 0.36203703703703705 0.22942708333333334 0.35648148148148145 0.22942708333333334 0.3560185185185185 0.2296875 0.35509259259259257 0.2296875 0.3541666666666667 0.23020833333333332 0.3537037037037037 0.23020833333333332 0.35138888888888886 0.23151041666666666 0.35138888888888886 0.23177083333333334 0.34953703703703703 0.23307291666666666 0.34953703703703703 0.23333333333333334 0.34814814814814815 0.23463541666666668 0.34814814814814815 0.23567708333333334 0.3476851851851852 0.2359375 0.3476851851851852 0.23671875 0.3472222222222222 0.23697916666666666 0.3472222222222222 0.2375 0.34675925925925927 0.23776041666666667 0.34629629629629627 0.23854166666666668 0.3449074074074074 0.23932291666666666 0.34444444444444444 0.23932291666666666 0.3435185185185185 0.23984375 0.34305555555555556 0.23984375 0.34305555555555556 0.24010416666666667 0.3425925925925926 0.24036458333333333 0.3421296296296296 0.24036458333333333 0.3416666666666667 0.240625 0.3416666666666667 0.24088541666666666 0.3398148148148148 0.24192708333333332 0.33935185185185185 0.24192708333333332 0.3384259259259259 0.24244791666666668 0.33796296296296297 0.24244791666666668 0.337037037037037 0.24296875 0.3365740740740741 0.24296875 0.3351851851851852 0.24375 0.3347222222222222 0.24375 0.33425925925925926 0.24401041666666667 0.33425925925925926 0.24427083333333333 0.33240740740740743 0.24557291666666667 0.33240740740740743 0.24583333333333332 0.3314814814814815 0.24661458333333333 0.3314814814814815 0.24713541666666666 0.33055555555555555 0.24791666666666667 0.33055555555555555 0.2484375 0.3300925925925926 0.24869791666666666 0.3300925925925926 0.24947916666666667 0.3296296296296296 0.24973958333333332 0.3296296296296296 0.25052083333333336 0.32916666666666666 0.25078125 0.32916666666666666 0.2515625 0.3287037037037037 0.2518229166666667 0.3287037037037037 0.25234375 0.3282407407407407 0.2526041666666667 0.3282407407407407 0.25286458333333334 0.3277777777777778 0.253125 0.3277777777777778 0.25364583333333335 0.32592592592592595 0.25546875 0.32592592592592595 0.2609375 0.3263888888888889 0.26119791666666664 0.3263888888888889 0.26171875 0.32685185185185184 0.26197916666666665 0.32685185185185184 0.26223958333333336 0.3277777777777778 0.26276041666666666 0.33055555555555555 0.26328125 0.33425925925925926 0.26510416666666664 0.3351851851851852 0.26510416666666664 0.33611111111111114 0.265625 0.3375 0.26588541666666665 0.3384259259259259 0.26640625 0.3388888888888889 0.26640625 0.34120370370370373 0.2671875 0.3425925925925926 0.2671875 0.34305555555555556 0.2669270833333333 0.3453703703703704 0.26666666666666666 0.3458333333333333 0.26640625 0.34629629629629627 0.26640625 0.3472222222222222 0.26588541666666665 0.350462962962963 0.26510416666666664 0.35138888888888886 0.26458333333333334 0.35185185185185186 0.26458333333333334 0.3527777777777778 0.2640625 0.35324074074074074 0.2640625 0.35462962962962963 0.26328125 0.35462962962962963 0.2630208333333333 0.35648148148148145 0.26171875 0.35648148148148145 0.26145833333333335 0.35833333333333334 0.2596354166666667 0.35833333333333334 0.25885416666666666 0.3587962962962963 0.25859375 0.36018518518518516 0.25677083333333334 0.3611111111111111 0.25625 0.3611111111111111 0.2557291666666667 0.36157407407407405 0.25546875 0.36157407407407405 0.25390625 0.36203703703703705 0.25364583333333335 0.36203703703703705 0.2520833333333333 0.3625 0.2518229166666667 0.36203703703703705 0.2515625 0.36203703703703705 0.25026041666666665 0.36157407407407405 0.25 0.36157407407407405 0.24895833333333334 0.3611111111111111 0.24869791666666666 0.3611111111111111 0.246875 0.36157407407407405 0.24661458333333333 0.36157407407407405 0.2453125 0.36203703703703705 0.24505208333333334 0.36203703703703705 0.24401041666666667 0.3625 0.24375 0.3625 0.24348958333333334 0.362962962962963 0.24322916666666666 0.362962962962963 0.24270833333333333 0.36342592592592593 0.24244791666666668 0.36342592592592593 0.2421875 0.36574074074074076 0.23984375 0.36574074074074076 0.23932291666666666 0.3662037037037037 0.2390625 0.3662037037037037 0.23854166666666668 0.36666666666666664 0.23828125 0.36666666666666664 0.23776041666666667 0.36712962962962964 0.2375 0.36712962962962964 0.23697916666666666 0.3675925925925926 0.23671875 0.3675925925925926 0.23229166666666667 0.36712962962962964 0.23203125 0.36666666666666664 0.23125 0.36574074074074076 0.23072916666666668 0.36574074074074076 0.23046875
6 0.3685185185185185 0.3098958333333333 0.3662037037037037 0.3111979166666667 0.3648148148148148 0.31145833333333334 0.36342592592592593 0.31223958333333335 0.362962962962963 0.31223958333333335 0.3587962962962963 0.3145833333333333 0.3587962962962963 0.31484375 0.3578703703703704 0.31536458333333334 0.3578703703703704 0.315625 0.35694444444444445 0.31640625 0.35694444444444445 0.31692708333333336 0.35648148148148145 0.3171875 0.35648148148148145 0.3177083333333333 0.3560185185185185 0.31796875 0.3560185185185185 0.31875 0.35555555555555557 0.3190104166666667 0.35555555555555557 0.3203125 0.35509259259259257 0.32057291666666665 0.35509259259259257 0.32473958333333336 0.35555555555555557 0.325 0.35555555555555557 0.3263020833333333 0.3560185185185185 0.3265625 0.3560185185185185 0.32708333333333334 0.35648148148148145 0.32734375 0.35648148148148145 0.32786458333333335 0.35694444444444445 0.328125 0.3574074074074074 0.3294270833333333 0.3578703703703704 0.3296875 0.3587962962962963 0.33098958333333334 0.3597222222222222 0.33151041666666664 0.36018518518518516 0.33229166666666665 0.3611111111111111 0.3328125 0.3611111111111111 0.33307291666666666 0.3638888888888889 0.3346354166666667 0.36435185185185187 0.3346354166666667 0.36574074074074076 0.33541666666666664 0.3662037037037037 0.33541666666666664 0.36898148148148147 0.33697916666666666 0.3699074074074074 0.33697916666666666 0.37037037037037035 0.3372395833333333 0.3726851851851852 0.3375 0.37592592592592594 0.3385416666666667 0.37824074074074077 0.3385416666666667 0.3787037037037037 0.33880208333333334 0.3861111111111111 0.33880208333333334 0.38657407407407407 0.3385416666666667 0.3912037037037037 0.3385416666666667 0.39166666666666666 0.33828125 0.3939814814814815 0.33828125 0.39444444444444443 0.3380208333333333 0.3962962962962963 0.3380208333333333 0.39675925925925926 0.3377604166666667 0.4 0.33697916666666666 0.4 0.33671875 0.4050925925925926 0.3338541666666667 0.4050925925925926 0.33359375 0.4064814814814815 0.3328125 0.4064814814814815 0.33255208333333336 0.4083333333333333 0.33125 0.4083333333333333 0.33098958333333334 0.4101851851851852 0.32916666666666666 0.4101851851851852 0.32864583333333336 0.4111111111111111 0.32786458333333335 0.4111111111111111 0.32734375 0.4115740740740741 0.32708333333333334 0.4115740740740741 0.3265625 0.41203703703703703 0.3263020833333333 0.41203703703703703 0.321875 0.4115740740740741 0.3216145833333333 0.4115740740740741 0.32083333333333336 0.4111111111111111 0.32057291666666665 0.4111111111111111 0.31979166666666664 0.41064814814814815 0.31953125 0.41064814814814815 0.31875 0.4101851851851852 0.3184895833333333 0.4097222222222222 0.3171875 0.40925925925925927 0.31692708333333336 0.4083333333333333 0.315625 0.4060185185185185 0.3140625 0.4060185185185185 0.3138020833333333 0.4046296296296296 0.31302083333333336 0.4046296296296296 0.31276041666666665 0.40370370370370373 0.31223958333333335 0.40324074074074073 0.31223958333333335 0.4 0.3104166666666667 0.399537037037037 0.3104166666666667 0.3990740740740741 0.31015625 0.39861111111111114 0.31015625 0.39814814814814814 0.3098958333333333 0.3976851851851852 0.3098958333333333 0.3972222222222222 0.30963541666666666 0.3939814814814815 0.30885416666666665 0.39305555555555555 0.30833333333333335 0.3921296296296296 0.30833333333333335 0.39166666666666666 0.30807291666666664 0.3888888888888889 0.30807291666666664 0.38842592592592595 0.3078125 0.3861111111111111 0.3078125 0.38564814814814813 0.30755208333333334 0.38101851851851853 0.30755208333333334 0.38055555555555554 0.3078125 0.37916666666666665 0.3078125 0.3787037037037037 0.30807291666666664 0.3773148148148148 0.30807291666666664 0.3768518518518518 0.30833333333333335 0.37546296296296294 0.30833333333333335 0.375 0.30859375 0.3726851851851852 0.30885416666666665 0.3712962962962963 0.309375 0.37037037037037035 0.309375 0.3699074074074074 0.30963541666666666
6 0.36944444444444446 0.33958333333333335 0.3680555555555556 0.340625 0.36712962962962964 0.3419270833333333 0.3662037037037037 0.3424479166666667 0.3662037037037037 0.34270833333333334 0.3648148148148148 0.34375 0.3648148148148148 0.34427083333333336 0.3638888888888889 0.3450520833333333 0.36342592592592593 0.3463541666666667 0.362962962962963 0.34661458333333334 0.362962962962963 0.346875 0.3625 0.34713541666666664 0.3625 0.34765625 0.36157407407407405 0.3484375 0.36157407407407405 0.3489583333333333 0.3611111111111111 0.34921875 0.3611111111111111 0.3497395833333333 0.36064814814814816 0.35 0.36064814814814816 0.35104166666666664 0.36018518518518516 0.35130208333333335 0.36018518518518516 0.35260416666666666 0.3597222222222222 0.3528645833333333 0.3597222222222222 0.3541666666666667 0.36018518518518516 0.35442708333333334 0.36018518518518516 0.3567708333333333 0.36064814814814816 0.35703125 0.36064814814814816 0.3578125 0.3611111111111111 0.3580729166666667 0.3611111111111111 0.35859375 0.3625 0.35989583333333336 0.362962962962963 0.3611979166666667 0.3638888888888889 0.36171875 0.3638888888888889 0.3619791666666667 0.3648148148148148 0.3625 0.3648148148148148 0.36276041666666664 0.3680555555555556 0.36484375 0.3680555555555556 0.3651041666666667 0.3699074074074074 0.36614583333333334 0.37037037037037035 0.36614583333333334 0.3726851851851852 0.36744791666666665 0.3731481481481482 0.36744791666666665 0.3768518518518518 0.3690104166666667 0.37777777777777777 0.3690104166666667 0.37824074074074077 0.3692708333333333 0.37962962962962965 0.3692708333333333 0.3800925925925926 0.36953125 0.3814814814814815 0.36953125 0.3819444444444444 0.3697916666666667 0.38333333333333336 0.3697916666666667 0.3837962962962963 0.37005208333333334 0.38564814814814813 0.37005208333333334 0.3861111111111111 0.3703125 0.39351851851851855 0.3703125 0.3939814814814815 0.37005208333333334 0.3962962962962963 0.37005208333333334 0.39675925925925926 0.3697916666666667 0.39814814814814814 0.3697916666666667 0.39861111111111114 0.36953125 0.4 0.36953125 0.40046296296296297 0.3692708333333333 0.4013888888888889 0.3692708333333333 0.40185185185185185 0.3690104166666667 0.4027777777777778 0.3690104166666667 0.40324074074074073 0.36875 0.40370370370370373 0.36875 0.41203703703703703 0.36432291666666666 0.41203703703703703 0.3640625 0.412962962962963 0.36354166666666665 0.41388888888888886 0.36223958333333334 0.4152777777777778 0.3611979166666667 0.4152777777777778 0.3606770833333333 0.41574074074074074 0.36041666666666666 0.41574074074074074 0.35989583333333336 0.4162037037037037 0.35963541666666665 0.4162037037037037 0.35885416666666664 0.4166666666666667 0.35859375 0.4166666666666667 0.3580729166666667 0.41712962962962963 0.3578125 0.41712962962962963 0.35520833333333335 0.41759259259259257 0.35494791666666664 0.41759259259259257 0.353125 0.41712962962962963 0.3528645833333333 0.41712962962962963 0.35208333333333336 0.4166666666666667 0.35182291666666665 0.4166666666666667 0.35078125 0.4162037037037037 0.35052083333333334 0.4162037037037037 0.3497395833333333 0.41574074074074074 0.3494791666666667 0.41574074074074074 0.3489583333333333 0.4152777777777778 0.34869791666666666 0.4134259259259259 0.3463541666666667 0.4125 0.3458333333333333 0.41203703703703703 0.3450520833333333 0.41064814814814815 0.34427083333333336 0.41064814814814815 0.34401041666666665 0.4078703703703704 0.3421875 0.4064814814814815 0.3419270833333333 0.4023148148148148 0.34010416666666665 0.40185185185185185 0.34010416666666665 0.40046296296296297 0.33958333333333335 0.399537037037037 0.33958333333333335 0.39814814814814814 0.3390625 0.3972222222222222 0.3390625 0.39675925925925926 0.33880208333333334 0.3902777777777778 0.33880208333333334 0.38981481481481484 0.3390625 0.3814814814814815 0.3390625 0.38101851851851853 0.33880208333333334 0.37222222222222223 0.33880208333333334 0.37175925925925923 0.3390625
1 0.375 0.60546875 0.37453703703703706 0.60625 0.3736111111111111 0.6067708333333334 0.3736111111111111 0.6072916666666667 0.37175925925925923 0.60859375 0.3712962962962963 0.609375 0.37037037037037035 0.6098958333333333 0.37037037037037035 0.61015625 0.36944444444444446 0.6109375 0.36944444444444446 0.6130208333333333 0.3699074074074074 0.61328125 0.3699074074074074 0.6145833333333334 0.37037037037037035 0.61484375 0.37037037037037035 0.6151041666666667 0.3726851851851852 0.61640625 0.3731481481481482 0.61640625 0.375 0.6171875 0.37546296296296294 0.6171875 0.3768518518518518 0.6177083333333333 0.37777777777777777 0.6177083333333333 0.37824074074074077 0.61796875 0.37962962962962965 0.6182291666666667 0.38055555555555554 0.61875 0.38101851851851853 0.61875 0.38287037037037036 0.6197916666666666 0.38287037037037036 0.6200520833333333 0.3837962962962963 0.6205729166666667 0.38425925925925924 0.6213541666666667 0.38657407407407407 0.62265625 0.387037037037037 0.62265625 0.38842592592592595 0.6231770833333333 0.3888888888888889 0.6229166666666667 0.39166666666666666 0.6229166666666667 0.3921296296296296 0.62265625 0.39305555555555555 0.62265625 0.39351851851851855 0.6223958333333334 0.3939814814814815 0.6223958333333334 0.39444444444444443 0.6221354166666667 0.39537037037037037 0.6221354166666667 0.3958333333333333 0.621875 0.3972222222222222 0.621875 0.399537037037037 0.62265625 0.4027777777777778 0.62265625 0.40324074074074073 0.6223958333333334 0.4041666666666667 0.6223958333333334 0.4046296296296296 0.62265625 0.4046296296296296 0.6229166666666667 0.4078703703703704 0.6247395833333333 0.4083333333333333 0.6247395833333333 0.41064814814814815 0.6255208333333333 0.4115740740740741 0.6255208333333333 0.41574074074074074 0.62734375 0.41805555555555557 0.6278645833333333 0.41898148148148145 0.6283854166666667 0.41944444444444445 0.6283854166666667 0.4212962962962963 0.6291666666666667 0.4217592592592593 0.6291666666666667 0.4236111111111111 0.6302083333333334 0.42453703703703705 0.6302083333333334 0.42592592592592593 0.6307291666666667 0.4273148148148148 0.6307291666666667 0.42777777777777776 0.6309895833333333 0.43148148148148147 0.6309895833333333 0.43194444444444446 0.6307291666666667 0.43287037037037035 0.6307291666666667 0.43657407407407406 0.62890625 0.43657407407407406 0.6286458333333333 0.43796296296296294 0.62734375 0.43796296296296294 0.62578125 0.4375 0.6255208333333333 0.4375 0.625 0.43703703703703706 0.6247395833333333 0.43703703703703706 0.6239583333333333 0.43657407407407406 0.6236979166666666 0.4361111111111111 0.6229166666666667 0.4351851851851852 0.6223958333333334 0.43472222222222223 0.6223958333333334 0.4337962962962963 0.621875 0.43333333333333335 0.621875 0.4324074074074074 0.6213541666666667 0.43194444444444446 0.6213541666666667 0.4310185185185185 0.6208333333333333 0.4305555555555556 0.6208333333333333 0.42962962962962964 0.6203125 0.42916666666666664 0.6203125 0.42592592592592593 0.61875 0.425462962962963 0.61875 0.4236111111111111 0.61796875 0.4222222222222222 0.6177083333333333 0.42083333333333334 0.6169270833333333 0.4203703703703704 0.6169270833333333 0.41898148148148145 0.6161458333333333 0.4185185185185185 0.6161458333333333 0.4166666666666667 0.6151041666666667 0.41435185185185186 0.6145833333333334 0.41203703703703703 0.61328125 0.41203703703703703 0.6130208333333333 0.4101851851851852 0.61171875 0.4101851851851852 0.6114583333333333 0.4097222222222222 0.6111979166666667 0.4097222222222222 0.61015625 0.40925925925925927 0.6098958333333333 0.40925925925925927 0.60859375 0.40879629629629627 0.6083333333333333 0.40879629629629627 0.6075520833333333 0.4074074074074074 0.6067708333333334 0.40694444444444444 0.6067708333333334 0.4060185185185185 0.60625 0.4046296296296296 0.6059895833333333 0.40370370370370373 0.60546875 0.4027777777777778 0.60546875 0.4013888888888889 0.6049479166666667 0.40046296296296297 0.6049479166666667 0.4 0.6046875 0.39675925925925926 0.6046875 0.3962962962962963 0.6044270833333333 0.3958333333333333 0.6044270833333333 0.39351851851851855 0.603125 0.39305555555555555 0.603125 0.3912037037037037 0.6020833333333333 0.3907407407407407 0.6020833333333333 0.38842592592592595 0.6010416666666667 0.38796296296296295 0.6013020833333333 0.38333333333333336 0.6013020833333333 0.38287037037037036 0.6015625 0.3814814814814815 0.6015625 0.38101851851851853 0.6018229166666667 0.38055555555555554 0.6018229166666667 0.3787037037037037 0.6028645833333334 0.3787037037037037 0.603125 0.3773148148148148 0.60390625 0.3773148148148148 0.6041666666666666
1 0.4351851851851852 0.3963541666666667 0.43425925925925923 0.3963541666666667 0.4337962962962963 0.39609375 0.43287037037037035 0.39609375 0.4324074074074074 0.3958333333333333 0.4305555555555556 0.3958333333333333 0.4300925925925926 0.39609375 0.4287037037037037 0.3963541666666667 0.4273148148148148 0.3971354166666667 0.4273148148148148 0.39739583333333334 0.4217592592592593 0.4005208333333333 0.4217592592592593 0.40078125 0.4203703703703704 0.4015625 0.4203703703703704 0.40182291666666664 0.41944444444444445 0.40234375 0.41944444444444445 0.40260416666666665 0.41712962962962963 0.4041666666666667 0.41712962962962963 0.4044270833333333 0.4166666666666667 0.4046875 0.4148148148148148 0.40703125 0.412962962962963 0.4083333333333333 0.4125 0.40911458333333334 0.4111111111111111 0.40989583333333335 0.41064814814814815 0.40989583333333335 0.4097222222222222 0.41041666666666665 0.40879629629629627 0.41041666666666665 0.4083333333333333 0.41067708333333336 0.4064814814814815 0.41067708333333336 0.4060185185185185 0.41041666666666665 0.40370370370370373 0.41041666666666665 0.40324074074074073 0.41067708333333336 0.4013888888888889 0.41067708333333336 0.4009259259259259 0.4109375 0.4 0.4109375 0.399537037037037 0.41119791666666666 0.3990740740740741 0.41119791666666666 0.3972222222222222 0.4122395833333333 0.3972222222222222 0.4127604166666667 0.3962962962962963 0.41354166666666664 0.3962962962962963 0.41432291666666665 0.3958333333333333 0.41458333333333336 0.3958333333333333 0.41510416666666666 0.39537037037037037 0.4153645833333333 0.39444444444444443 0.4166666666666667 0.3925925925925926 0.41770833333333335 0.3921296296296296 0.41770833333333335 0.3921296296296296 0.41796875 0.38981481481481484 0.41953125 0.38981481481481484 0.4203125 0.38935185185185184 0.4205729166666667 0.38935185185185184 0.42161458333333335 0.3888888888888889 0.421875 0.3888888888888889 0.42291666666666666 0.38842592592592595 0.4231770833333333 0.38842592592592595 0.4239583333333333 0.3888888888888889 0.42421875 0.38935185185185184 0.42552083333333335 0.38981481481481484 0.42578125 0.3912037037037037 0.4276041666666667 0.39166666666666666 0.4276041666666667 0.3925925925925926 0.428125 0.39305555555555555 0.428125 0.3962962962962963 0.4296875 0.39675925925925926 0.4296875 0.39861111111111114 0.43046875 0.3990740740740741 0.43046875 0.40046296296296297 0.43125 0.4009259259259259 0.43125 0.4013888888888889 0.4315104166666667 0.4027777777777778 0.4315104166666667 0.40324074074074073 0.4317708333333333 0.4074074074074074 0.4317708333333333 0.4078703703703704 0.43203125 0.4083333333333333 0.4317708333333333 0.4115740740740741 0.4317708333333333 0.41203703703703703 0.4315104166666667 0.4125 0.4315104166666667 0.41944444444444445 0.4276041666666667 0.41944444444444445 0.42734375 0.4212962962962963 0.42630208333333336 0.4212962962962963 0.42604166666666665 0.42453703703703705 0.4239583333333333 0.42453703703703705 0.4236979166666667 0.425 0.4234375 0.425 0.42213541666666665 0.425462962962963 0.421875 0.425462962962963 0.41692708333333334 0.425 0.4166666666666667 0.425 0.4158854166666667 0.42592592592592593 0.4153645833333333 0.42592592592592593 0.41510416666666666 0.4300925925925926 0.4127604166666667 0.4300925925925926 0.4125 0.4310185185185185 0.4119791666666667 0.4310185185185185 0.41171875 0.43148148148148147 0.4114583333333333 0.43148148148148147 0.41067708333333336 0.43194444444444446 0.41041666666666665 0.4337962962962963 0.4080729166666667 0.4351851851851852 0.40729166666666666 0.4361111111111111 0.40598958333333335 0.43796296296296294 0.4046875 0.43796296296296294 0.4044270833333333 0.4398148148148148 0.40260416666666665 0.4398148148148148 0.40208333333333335 0.44027777777777777 0.40182291666666664 0.44027777777777777 0.4010416666666667 0.44074074074074077 0.40078125 0.44074074074074077 0.4 0.44027777777777777 0.3997395833333333 0.4393518518518518 0.3984375 0.43703703703703706 0.3971354166666667 0.43657407407407406 0.3971354166666667
4 0.44212962962962965 0.4783854166666667 0.4398148148148148 0.4796875 0.43287037037037035 0.4822916666666667 0.43194444444444446 0.4861979166666667 0.4337962962962963 0.48776041666666664 0.4356481481481482 0.48880208333333336 0.4361111111111111 0.48854166666666665 0.4393518518518518 0.48854166666666665 0.44305555555555554 0.48776041666666664 0.44675925925925924 0.48776041666666664 0.44907407407407407 0.48854166666666665 0.4513888888888889 0.48984375 0.4513888888888889 0.490625 0.45185185185185184 0.4908854166666667 0.45185185185185184 0.49166666666666664 0.4527777777777778 0.49296875 0.4527777777777778 0.4940104166666667 0.45555555555555555 0.49635416666666665 0.4587962962962963 0.5 0.4587962962962963 0.5005208333333333 0.4625 0.5041666666666667 0.4625 0.5046875 0.4652777777777778 0.5075520833333333 0.4652777777777778 0.5080729166666667 0.4671296296296296 0.51015625 0.4689814814814815 0.5114583333333333 0.4703703703703704 0.5140625 0.4726851851851852 0.515625 0.4736111111111111 0.5174479166666667 0.47453703703703703 0.5184895833333333 0.4759259259259259 0.5192708333333333 0.4773148148148148 0.5208333333333334 0.4773148148148148 0.5213541666666667 0.47962962962962963 0.5231770833333333 0.48055555555555557 0.52421875 0.48055555555555557 0.5247395833333334 0.4824074074074074 0.5265625 0.4861111111111111 0.528125 0.4875 0.528125 0.48935185185185187 0.5286458333333334 0.49074074074074076 0.5286458333333334 0.49212962962962964 0.528125 0.49398148148148147 0.528125 0.49444444444444446 0.5278645833333333 0.49722222222222223 0.5278645833333333 0.4981481481481482 0.52734375 0.49953703703703706 0.5252604166666667 0.49953703703703706 0.5208333333333334 0.49907407407407406 0.5205729166666667 0.4981481481481482 0.5177083333333333 0.49537037037037035 0.51484375 0.49537037037037035 0.5143229166666666 0.49398148148148147 0.5127604166666667 0.4930555555555556 0.5122395833333333 0.487962962962963 0.5065104166666666 0.487962962962963 0.5059895833333333 0.4861111111111111 0.5041666666666667 0.4861111111111111 0.5036458333333333 0.4847222222222222 0.5028645833333333 0.4810185185185185 0.4986979166666667 0.4810185185185185 0.4981770833333333 0.4703703703703704 0.4861979166666667 0.4703703703703704 0.4856770833333333 0.4689814814814815 0.484375 0.4689814814814815 0.48385416666666664 0.4675925925925926 0.4822916666666667 0.46944444444444444 0.48098958333333336 0.4740740740740741 0.4791666666666667 0.475 0.4783854166666667 0.47453703703703703 0.4765625 0.4736111111111111 0.47552083333333334 0.4736111111111111 0.4747395833333333 0.4703703703703704 0.47291666666666665 0.46620370370370373 0.47265625 0.45740740740740743 0.4744791666666667 0.45601851851851855 0.4744791666666667
4 0.5 0.3684895833333333 0.5 0.3697916666666667 0.49953703703703706 0.37005208333333334 0.49953703703703706 0.37265625 0.49907407407407406 0.3729166666666667 0.5 0.3734375 0.500462962962963 0.37421875 0.5023148148148148 0.37526041666666665 0.5055555555555555 0.37604166666666666 0.5101851851851852 0.3763020833333333 0.5152777777777777 0.37473958333333335 0.5189814814814815 0.37473958333333335 0.5208333333333334 0.37526041666666665 0.524537037037037 0.37552083333333336 0.525 0.37578125 0.5263888888888889 0.37578125 0.5300925925925926 0.3765625 0.5319444444444444 0.3765625 0.5324074074074074 0.3768229166666667 0.5361111111111111 0.3770833333333333 0.5407407407407407 0.37838541666666664 0.5439814814814815 0.37864583333333335 0.5467592592592593 0.37942708333333336 0.5513888888888889 0.3802083333333333 0.5527777777777778 0.3807291666666667 0.5578703703703703 0.3815104166666667 0.5625 0.3828125 0.5643518518518519 0.38359375 0.5652777777777778 0.38359375 0.5712962962962963 0.38515625 0.575 0.38567708333333334 0.5791666666666667 0.38723958333333336 0.5814814814814815 0.38776041666666666 0.5828703703703704 0.38776041666666666 0.5833333333333334 0.3880208333333333 0.5902777777777778 0.3880208333333333 0.5907407407407408 0.38776041666666666 0.5921296296296297 0.38776041666666666 0.5944444444444444 0.38697916666666665 0.5953703703703703 0.38697916666666665 0.5953703703703703 0.38671875 0.5981481481481481 0.3848958333333333 0.5981481481481481 0.384375 0.5986111111111111 0.3841145833333333 0.5990740740740741 0.38046875 0.5972222222222222 0.37890625 0.5953703703703703 0.37786458333333334 0.5907407407407408 0.3763020833333333 0.587037037037037 0.37578125 0.5861111111111111 0.37526041666666665 0.5814814814814815 0.37395833333333334 0.5805555555555556 0.37395833333333334 0.5787037037037037 0.3734375 0.5768518518518518 0.3734375 0.5726851851851852 0.37213541666666666 0.5717592592592593 0.37213541666666666 0.5689814814814815 0.37135416666666665 0.5680555555555555 0.37083333333333335 0.5671296296296297 0.37083333333333335 0.562962962962963 0.36953125 0.562037037037037 0.36953125 0.5611111111111111 0.3690104166666667 0.5587962962962963 0.36875 0.5532407407407407 0.3671875 0.5523148148148148 0.36666666666666664 0.5513888888888889 0.36666666666666664 0.549074074074074 0.3658854166666667 0.5444444444444444 0.3651041666666667 0.5430555555555555 0.3645833333333333 0.5393518518518519 0.3640625 0.5356481481481481 0.36302083333333335 0.5296296296296297 0.3606770833333333 0.5282407407407408 0.36041666666666666 0.5259259259259259 0.35911458333333335 0.525 0.3578125 0.525 0.35703125 0.5231481481481481 0.35520833333333335 0.5189814814814815 0.3533854166666667 0.5180555555555556 0.3533854166666667 0.5175925925925926 0.353125 0.5138888888888888 0.3536458333333333 0.5097222222222222 0.35651041666666666 0.5087962962962963 0.3575520833333333 0.5087962962962963 0.35833333333333334 0.5083333333333333 0.35859375 0.5078703703703704 0.35989583333333336 0.5060185185185185 0.3611979166666667 0.5046296296296297 0.36276041666666664 0.5046296296296297 0.36328125 0.5023148148148148 0.3651041666666667 0.5009259259259259 0.36770833333333336
4 0.5305555555555556 0.4822916666666667 0.5305555555555556 0.48333333333333334 0.5300925925925926 0.48359375 0.5300925925925926 0.48463541666666665 0.5296296296296297 0.48489583333333336 0.5296296296296297 0.4869791666666667 0.5300925925925926 0.48723958333333334 0.5300925925925926 0.48802083333333335 0.5314814814814814 0.4901041666666667 0.5328703703703703 0.490625 0.5337962962962963 0.490625 0.5356481481481481 0.49114583333333334 0.5402777777777777 0.49114583333333334 0.5476851851851852 0.4890625 0.5504629629629629 0.4890625 0.5509259259259259 0.48932291666666666 0.5532407407407407 0.48932291666666666 0.5537037037037037 0.4895833333333333 0.5564814814814815 0.4895833333333333 0.5578703703703703 0.4901041666666667 0.5592592592592592 0.4901041666666667 0.5611111111111111 0.490625 0.5625 0.490625 0.562962962962963 0.4908854166666667 0.5652777777777778 0.49114583333333334 0.5675925925925925 0.49192708333333335 0.5685185185185185 0.49192708333333335 0.5722222222222222 0.49296875 0.5768518518518518 0.4934895833333333 0.5782407407407407 0.4940104166666667 0.5819444444444445 0.49453125 0.5833333333333334 0.49505208333333334 0.5842592592592593 0.49505208333333334 0.5875 0.49583333333333335 0.5888888888888889 0.49583333333333335 0.5893518518518519 0.49609375 0.5930555555555556 0.49661458333333336 0.5944444444444444 0.49713541666666666 0.5953703703703703 0.49713541666666666 0.5967592592592592 0.49765625 0.5976851851851852 0.49765625 0.5995370370370371 0.4981770833333333 0.6064814814814815 0.49895833333333334 0.612037037037037 0.5005208333333333 0.6134259259259259 0.5005208333333333 0.6157407407407407 0.5010416666666667 0.624537037037037 0.5010416666666667 0.625 0.50078125 0.6268518518518519 0.50078125 0.6310185185185185 0.4981770833333333 0.6310185185185185 0.4973958333333333 0.6314814814814815 0.49713541666666666 0.6314814814814815 0.4940104166666667 0.6300925925925925 0.49270833333333336 0.6273148148148148 0.49114583333333334 0.6236111111111111 0.4901041666666667 0.6226851851851852 0.4901041666666667 0.6222222222222222 0.48984375 0.6185185185185185 0.48932291666666666 0.6171296296296296 0.48880208333333336 0.6148148148148148 0.48854166666666665 0.6134259259259259 0.48802083333333335 0.6125 0.48802083333333335 0.6101851851851852 0.48723958333333334 0.5967592592592592 0.48489583333333336 0.5912037037037037 0.4830729166666667 0.5902777777777778 0.4830729166666667 0.5879629629629629 0.4822916666666667 0.5828703703703704 0.48151041666666666 0.5736111111111111 0.47890625 0.5726851851851852 0.4783854166666667 0.5689814814814815 0.4778645833333333 0.5666666666666667 0.47708333333333336 0.5648148148148148 0.47682291666666665 0.562037037037037 0.47578125 0.5587962962962963 0.4739583333333333 0.5569444444444445 0.471875 0.5560185185185185 0.4700520833333333 0.5523148148148148 0.46848958333333335 0.549537037037037 0.4666666666666667 0.5476851851851852 0.4666666666666667 0.5398148148148149 0.4705729166666667 0.5388888888888889 0.471875 0.5375 0.47265625 0.5361111111111111 0.47421875 0.5361111111111111 0.475 0.5356481481481481 0.4752604166666667 0.5351851851851852 0.4765625 0.5328703703703703 0.47890625 0.5324074074074074 0.48020833333333335
1 0.5472222222222223 0.6026041666666667 0.5467592592592593 0.6028645833333334 0.5453703703703704 0.6028645833333334 0.5449074074074074 0.603125 0.5444444444444444 0.603125 0.5444444444444444 0.6036458333333333 0.5439814814814815 0.60390625 0.5439814814814815 0.6049479166666667 0.5435185185185185 0.6052083333333333 0.5435185185185185 0.6065104166666667 0.5430555555555555 0.6067708333333334 0.5430555555555555 0.6080729166666666 0.5435185185185185 0.6083333333333333 0.5435185185185185 0.6098958333333333 0.5439814814814815 0.61015625 0.5439814814814815 0.6106770833333334 0.5444444444444444 0.6109375 0.5444444444444444 0.6111979166666667 0.5439814814814815 0.6114583333333333 0.5439814814814815 0.61171875 0.5425925925925926 0.6125 0.5425925925925926 0.6127604166666667 0.5412037037037037 0.6135416666666667 0.5398148148148149 0.6153645833333333 0.5402777777777777 0.615625 0.5402777777777777 0.6166666666666667 0.5407407407407407 0.6169270833333333 0.5407407407407407 0.61796875 0.5412037037037037 0.6182291666666667 0.5412037037037037 0.61875 0.5435185185185185 0.6203125 0.5435185185185185 0.6205729166666667 0.5453703703703704 0.6223958333333334 0.5453703703703704 0.6234375 0.5458333333333333 0.6236979166666666 0.5458333333333333 0.6286458333333333 0.5453703703703704 0.62890625 0.5453703703703704 0.6341145833333334 0.5449074074074074 0.634375 0.5449074074074074 0.6395833333333333 0.5453703703703704 0.63984375 0.5453703703703704 0.640625 0.5458333333333333 0.6408854166666667 0.5458333333333333 0.6416666666666667 0.5462962962962963 0.6419270833333334 0.5462962962962963 0.6421875 0.5486111111111112 0.6434895833333333 0.5546296296296296 0.6434895833333333 0.5550925925925926 0.6432291666666666 0.5569444444444445 0.6432291666666666 0.5574074074074075 0.64296875 0.5583333333333333 0.64296875 0.5587962962962963 0.6427083333333333 0.5601851851851852 0.6424479166666667 0.5601851851851852 0.6421875 0.5606481481481481 0.6419270833333334 0.5606481481481481 0.64140625 0.5611111111111111 0.6411458333333333 0.5611111111111111 0.640625 0.5615740740740741 0.6403645833333333 0.5615740740740741 0.63984375 0.562037037037037 0.6395833333333333 0.562037037037037 0.6388020833333333 0.5625 0.6385416666666667 0.5625 0.6361979166666667 0.562962962962963 0.6359375 0.562962962962963 0.6333333333333333 0.5634259259259259 0.6330729166666667 0.5634259259259259 0.6307291666666667 0.5638888888888889 0.63046875 0.5638888888888889 0.6278645833333333 0.5643518518518519 0.6276041666666666 0.5643518518518519 0.6255208333333333 0.5648148148148148 0.6252604166666667 0.5648148148148148 0.6239583333333333 0.5652777777777778 0.6236979166666666 0.5652777777777778 0.62265625 0.5657407407407408 0.6223958333333334 0.5657407407407408 0.621875 0.5662037037037037 0.6216145833333333 0.5666666666666667 0.6208333333333333 0.5689814814814815 0.61953125 0.5694444444444444 0.61953125 0.5703703703703704 0.6190104166666667 0.5708333333333333 0.6190104166666667 0.5708333333333333 0.6184895833333334 0.5717592592592593 0.6177083333333333 0.5717592592592593 0.6169270833333333 0.5722222222222222 0.6166666666666667 0.5722222222222222 0.6135416666666667 0.5726851851851852 0.61328125 0.5726851851851852 0.6106770833333334 0.5731481481481482 0.6104166666666667 0.5731481481481482 0.6098958333333333 0.5736111111111111 0.6096354166666667 0.5736111111111111 0.60859375 0.5740740740740741 0.6083333333333333 0.5740740740740741 0.6067708333333334 0.5736111111111111 0.6065104166666667 0.5736111111111111 0.6059895833333333 0.5731481481481482 0.6057291666666667 0.5722222222222222 0.6044270833333333 0.5717592592592593 0.6044270833333333 0.5699074074074074 0.6036458333333333 0.5694444444444444 0.6036458333333333 0.5689814814814815 0.6033854166666667 0.5680555555555555 0.6033854166666667 0.5675925925925925 0.603125 0.5657407407407408 0.603125 0.5652777777777778 0.6028645833333334 0.5615740740740741 0.6028645833333334 0.5611111111111111 0.603125 0.5592592592592592 0.603125 0.5587962962962963 0.6028645833333334 0.5550925925925926 0.6028645833333334 0.5546296296296296 0.6026041666666667
5 0.6064814814814815 0.4473958333333333 0.6032407407407407 0.45078125 0.6032407407407407 0.4513020833333333 0.6023148148148149 0.45234375 0.6023148148148149 0.453125 0.6018518518518519 0.45338541666666665 0.6018518518518519 0.4544270833333333 0.6013888888888889 0.4546875 0.600925925925926 0.4591145833333333 0.6032407407407407 0.46171875 0.6087962962962963 0.46328125 0.6101851851851852 0.46328125 0.612037037037037 0.46380208333333334 0.6134259259259259 0.46380208333333334 0.6138888888888889 0.4640625 0.6162037037037037 0.46432291666666664 0.6175925925925926 0.46484375 0.6185185185185185 0.46484375 0.6203703703703703 0.46536458333333336 0.6217592592592592 0.46536458333333336 0.6222222222222222 0.465625 0.6231481481481481 0.465625 0.6236111111111111 0.46588541666666666 0.624537037037037 0.46588541666666666 0.6277777777777778 0.4666666666666667 0.6291666666666667 0.4666666666666667 0.6296296296296297 0.4669270833333333 0.6310185185185185 0.4669270833333333 0.6314814814814815 0.4671875 0.6328703703703704 0.4671875 0.6333333333333333 0.4674479166666667 0.6370370370370371 0.46796875 0.6416666666666667 0.46927083333333336 0.6425925925925926 0.46979166666666666 0.6435185185185185 0.46979166666666666 0.6462962962962963 0.4705729166666667 0.6486111111111111 0.47213541666666664 0.6486111111111111 0.47265625 0.649074074074074 0.47291666666666665 0.649074074074074 0.47421875 0.649537037037037 0.4744791666666667 0.649537037037037 0.4752604166666667 0.65 0.47552083333333334 0.65 0.47630208333333335 0.6504629629629629 0.4765625 0.6504629629629629 0.47708333333333336 0.6523148148148148 0.4783854166666667 0.6532407407407408 0.4783854166666667 0.6550925925925926 0.47890625 0.6564814814814814 0.47890625 0.6569444444444444 0.4791666666666667 0.6606481481481481 0.4791666666666667 0.6615740740740741 0.47942708333333334 0.6620370370370371 0.4791666666666667 0.6643518518518519 0.47890625 0.6662037037037037 0.478125 0.6662037037037037 0.4778645833333333 0.6689814814814815 0.47578125 0.6703703703703704 0.47421875 0.6712962962962963 0.47213541666666664 0.675 0.46796875 0.6763888888888889 0.4669270833333333 0.6763888888888889 0.46640625 0.6787037037037037 0.46380208333333334 0.6787037037037037 0.46328125 0.6796296296296296 0.4622395833333333 0.6796296296296296 0.46145833333333336 0.6810185185185185 0.4596354166666667 0.6810185185185185 0.4588541666666667 0.6814814814814815 0.45859375 0.6814814814814815 0.45703125 0.6819444444444445 0.45677083333333335 0.6819444444444445 0.45234375 0.6814814814814815 0.45208333333333334 0.6814814814814815 0.4510416666666667 0.6800925925925926 0.45026041666666666 0.6773148148148148 0.44947916666666665 0.6736111111111112 0.44921875 0.6731481481481482 0.44895833333333335 0.6703703703703704 0.44895833333333335 0.6699074074074074 0.44869791666666664 0.6675925925925926 0.44947916666666665 0.6657407407407407 0.44973958333333336 0.6615740740740741 0.45208333333333334 0.6578703703703703 0.45338541666666665 0.6546296296296297 0.45260416666666664 0.649074074074074 0.45234375 0.6486111111111111 0.45208333333333334 0.6449074074074074 0.4518229166666667 0.6416666666666667 0.4510416666666667 0.6393518518518518 0.4510416666666667 0.6388888888888888 0.45078125 0.6375 0.45078125 0.6370370370370371 0.4505208333333333 0.6342592592592593 0.45026041666666666 0.6324074074074074 0.44973958333333336 0.6273148148148148 0.44921875 0.624537037037037 0.4484375 0.6236111111111111 0.4484375 0.6231481481481481 0.44817708333333334 0.6222222222222222 0.44817708333333334 0.6189814814814815 0.4473958333333333 0.6175925925925926 0.4473958333333333 0.6171296296296296 0.4471354166666667 0.6138888888888889 0.4471354166666667 0.6134259259259259 0.446875 0.6078703703703704 0.446875
4 0.6263888888888889 0.34270833333333334 0.6226851851851852 0.34375 0.6208333333333333 0.3455729166666667 0.6208333333333333 0.3502604166666667 0.6212962962962963 0.35052083333333334 0.6217592592592592 0.35260416666666666 0.6226851851851852 0.35390625 0.6226851851851852 0.35520833333333335 0.625462962962963 0.359375 0.6268518518518519 0.36328125 0.6277777777777778 0.3640625 0.6277777777777778 0.36484375 0.6287037037037037 0.365625 0.6291666666666667 0.3671875 0.6300925925925925 0.36822916666666666 0.6305555555555555 0.37005208333333334 0.6324074074074074 0.37265625 0.6324074074074074 0.3736979166666667 0.6333333333333333 0.375 0.6333333333333333 0.37604166666666666 0.6337962962962963 0.3763020833333333 0.6347222222222222 0.37916666666666665 0.6356481481481482 0.3802083333333333 0.6361111111111111 0.3828125 0.6365740740740741 0.38307291666666665 0.6365740740740741 0.384375 0.6370370370370371 0.3846354166666667 0.6356481481481482 0.38671875 0.6328703703703704 0.3885416666666667 0.6305555555555555 0.3893229166666667 0.6291666666666667 0.390625 0.6291666666666667 0.39114583333333336 0.6282407407407408 0.3921875 0.6291666666666667 0.3953125 0.6300925925925925 0.3966145833333333 0.6314814814814815 0.39739583333333334 0.6347222222222222 0.39869791666666665 0.637962962962963 0.39947916666666666 0.6398148148148148 0.39947916666666666 0.6402777777777777 0.3997395833333333 0.6486111111111111 0.3997395833333333 0.649074074074074 0.39947916666666666 0.6509259259259259 0.39947916666666666 0.6513888888888889 0.39921875 0.6537037037037037 0.39921875 0.6638888888888889 0.39609375 0.6680555555555555 0.39401041666666664 0.6685185185185185 0.39401041666666664 0.6712962962962963 0.3924479166666667 0.6726851851851852 0.3885416666666667 0.6694444444444444 0.38515625 0.6671296296296296 0.38385416666666666 0.6592592592592592 0.38125 0.6583333333333333 0.3807291666666667 0.6569444444444444 0.37916666666666665 0.6560185185185186 0.3765625 0.6541666666666667 0.37395833333333334 0.6537037037037037 0.3723958333333333 0.6527777777777778 0.37161458333333336 0.6527777777777778 0.37109375 0.6513888888888889 0.3692708333333333 0.65 0.3653645833333333 0.6481481481481481 0.36276041666666664 0.6481481481481481 0.3619791666666667 0.6476851851851851 0.36171875 0.6462962962962963 0.3578125 0.6458333333333334 0.3575520833333333 0.6458333333333334 0.35703125 0.6449074074074074 0.35598958333333336 0.6449074074074074 0.35520833333333335 0.6444444444444445 0.35494791666666664 0.6444444444444445 0.35390625 0.6439814814814815 0.3536458333333333 0.6439814814814815 0.35260416666666666 0.6435185185185185 0.35234375 0.6435185185185185 0.3515625 0.6425925925925926 0.3502604166666667 0.6425925925925926 0.34921875 0.6412037037037037 0.34765625 0.6412037037037037 0.34713541666666664 0.6393518518518518 0.34453125 0.638425925925926 0.34375 0.6347222222222222 0.34270833333333334 0.6319444444444444 0.34270833333333334 0.6314814814814815 0.3424479166666667
4 0.7657407407407407 0.3572916666666667 0.7638888888888888 0.3572916666666667 0.763425925925926 0.35703125 0.7597222222222222 0.3567708333333333 0.7592592592592593 0.35651041666666666 0.7476851851851852 0.35625 0.7472222222222222 0.35598958333333336 0.7449074074074075 0.35598958333333336 0.7444444444444445 0.35572916666666665 0.7393518518518518 0.35572916666666665 0.7375 0.35625 0.7361111111111112 0.35625 0.7333333333333333 0.3572916666666667 0.7319444444444444 0.35885416666666664 0.7319444444444444 0.35963541666666665 0.7310185185185185 0.3606770833333333 0.7310185185185185 0.36171875 0.7319444444444444 0.3625 0.7319444444444444 0.36302083333333335 0.7337962962962963 0.3640625 0.7337962962962963 0.36432291666666666 0.7375 0.36614583333333334 0.7393518518518518 0.3684895833333333 0.7393518518518518 0.3731770833333333 0.7388888888888889 0.3734375 0.7388888888888889 0.37447916666666664 0.7384259259259259 0.37473958333333335 0.7384259259259259 0.37552083333333336 0.7375 0.3768229166666667 0.7375 0.37838541666666664 0.737037037037037 0.37864583333333335 0.737037037037037 0.37994791666666666 0.736574074074074 0.3802083333333333 0.736574074074074 0.38125 0.7361111111111112 0.3815104166666667 0.7361111111111112 0.38255208333333335 0.7356481481481482 0.3828125 0.7356481481481482 0.3841145833333333 0.7351851851851852 0.384375 0.7351851851851852 0.3854166666666667 0.7347222222222223 0.38567708333333334 0.7347222222222223 0.38671875 0.7337962962962963 0.3880208333333333 0.7337962962962963 0.3890625 0.7333333333333333 0.3893229166666667 0.7333333333333333 0.39010416666666664 0.7328703703703704 0.39036458333333335 0.7328703703703704 0.39114583333333336 0.7319444444444444 0.3924479166666667 0.7319444444444444 0.39348958333333334 0.7314814814814815 0.39375 0.7314814814814815 0.39479166666666665 0.7310185185185185 0.39505208333333336 0.7310185185185185 0.39609375 0.7305555555555555 0.3963541666666667 0.7305555555555555 0.39765625 0.7300925925925926 0.39791666666666664 0.7300925925925926 0.39869791666666665 0.7296296296296296 0.39895833333333336 0.7296296296296296 0.3997395833333333 0.7291666666666666 0.4 0.7291666666666666 0.40078125 0.7282407407407407 0.40208333333333335 0.7277777777777777 0.40520833333333334 0.7273148148148149 0.40546875 0.7273148148148149 0.40651041666666665 0.7268518518518519 0.40677083333333336 0.7268518518518519 0.4078125 0.7263888888888889 0.4080729166666667 0.7268518518518519 0.4083333333333333 0.7273148148148149 0.4119791666666667 0.7287037037037037 0.4127604166666667 0.7324074074074074 0.41380208333333335 0.7398148148148148 0.41380208333333335 0.7425925925925926 0.41302083333333334 0.7435185185185185 0.41302083333333334 0.7449074074074075 0.4122395833333333 0.7481481481481481 0.4080729166666667 0.7481481481481481 0.40703125 0.7486111111111111 0.40677083333333336 0.749537037037037 0.40338541666666666 0.75 0.403125 0.75 0.40130208333333334 0.750462962962963 0.4010416666666667 0.750462962962963 0.4 0.7513888888888889 0.39869791666666665 0.7513888888888889 0.39765625 0.7518518518518519 0.39739583333333334 0.7518518518518519 0.3963541666666667 0.7523148148148148 0.39609375 0.7523148148148148 0.39479166666666665 0.7527777777777778 0.39453125 0.7532407407407408 0.3921875 0.7537037037037037 0.3919270833333333 0.7541666666666667 0.38984375 0.7550925925925925 0.3888020833333333 0.7555555555555555 0.38671875 0.7560185185185185 0.38645833333333335 0.7560185185185185 0.38515625 0.7564814814814815 0.3848958333333333 0.7564814814814815 0.38359375 0.7569444444444444 0.38333333333333336 0.7574074074074074 0.3809895833333333 0.7578703703703704 0.3807291666666667 0.7587962962962963 0.37734375 0.7592592592592593 0.3770833333333333 0.7592592592592593 0.3763020833333333 0.7597222222222222 0.37604166666666666 0.7597222222222222 0.37526041666666665 0.7615740740740741 0.3723958333333333 0.7620370370370371 0.37083333333333335 0.763425925925926 0.36953125 0.7662037037037037 0.36822916666666666 0.7722222222222223 0.36744791666666665 0.7754629629629629 0.3653645833333333 0.7754629629629629 0.36276041666666664 0.7759259259259259 0.3625 0.7759259259259259 0.3611979166666667 0.775 0.36041666666666666 0.7712962962962963 0.35859375 0.7689814814814815 0.35833333333333334
2 0.762962962962963 0.44114583333333335 0.7597222222222222 0.44244791666666666 0.7569444444444444 0.44453125 0.7560185185185185 0.44635416666666666 0.7560185185185185 0.44765625 0.7569444444444444 0.44869791666666664 0.7601851851851852 0.45078125 0.7675925925925926 0.4505208333333333 0.7712962962962963 0.4510416666666667 0.7754629629629629 0.453125 0.7865740740740741 0.46822916666666664 0.7912037037037037 0.47317708333333336 0.7972222222222223 0.4825520833333333 0.8087962962962963 0.496875 0.8115740740740741 0.5015625 0.8152777777777778 0.5052083333333334 0.8180555555555555 0.5096354166666667 0.8212962962962963 0.5125 0.8245370370370371 0.5177083333333333 0.8356481481481481 0.5294270833333333 0.8375 0.5330729166666667 0.8393518518518519 0.5346354166666667 0.8439814814814814 0.53671875 0.8476851851851852 0.5369791666666667 0.850462962962963 0.5364583333333334 0.8527777777777777 0.53515625 0.8541666666666666 0.5330729166666667 0.8476851851851852 0.5231770833333333 0.8472222222222222 0.5213541666666667 0.8458333333333333 0.5200520833333333 0.8439814814814814 0.51640625 0.8393518518518519 0.5114583333333333 0.836574074074074 0.5067708333333333 0.8268518518518518 0.49505208333333334 0.8203703703703704 0.48489583333333336 0.8157407407407408 0.47942708333333334 0.812962962962963 0.4744791666666667 0.8 0.4583333333333333 0.7967592592592593 0.45286458333333335 0.7925925925925926 0.44765625 0.7925925925925926 0.4466145833333333 0.7939814814814815 0.44505208333333335 0.7972222222222223 0.4427083333333333 0.7986111111111112 0.4393229166666667 0.7939814814814815 0.43645833333333334 0.7861111111111111 0.4359375 0.7712962962962963 0.4393229166666667 0.7666666666666667 0.44088541666666664
3 0.7791666666666667 0.5247395833333334 0.7768518518518519 0.52734375 0.774537037037037 0.5291666666666667 0.7731481481481481 0.5317708333333333 0.7712962962962963 0.53359375 0.7708333333333334 0.5354166666666667 0.7699074074074074 0.5364583333333334 0.7699074074074074 0.53828125 0.7694444444444445 0.5385416666666667 0.7694444444444445 0.5427083333333333 0.7699074074074074 0.54296875 0.7699074074074074 0.5442708333333334 0.7712962962962963 0.5458333333333333 0.7736111111111111 0.5463541666666667 0.774537037037037 0.546875 0.7759259259259259 0.546875 0.7763888888888889 0.5471354166666667 0.7791666666666667 0.5471354166666667 0.7805555555555556 0.54765625 0.7814814814814814 0.54765625 0.7828703703703703 0.5481770833333334 0.7856481481481481 0.5484375 0.7861111111111111 0.5486979166666667 0.788425925925926 0.5486979166666667 0.7888888888888889 0.5484375 0.7949074074074074 0.5484375 0.7953703703703704 0.5486979166666667 0.8004629629629629 0.5486979166666667 0.8009259259259259 0.5489583333333333 0.8027777777777778 0.5489583333333333 0.8101851851851852 0.5510416666666667 0.812962962962963 0.5513020833333333 0.8185185185185185 0.5528645833333333 0.8194444444444444 0.5528645833333333 0.8273148148148148 0.5552083333333333 0.8305555555555556 0.5557291666666667 0.8328703703703704 0.5565104166666667 0.8342592592592593 0.5565104166666667 0.8347222222222223 0.5567708333333333 0.8361111111111111 0.5567708333333333 0.836574074074074 0.55703125 0.8379629629629629 0.55703125 0.8402777777777778 0.5575520833333333 0.8421296296296297 0.5575520833333333 0.8490740740740741 0.5559895833333334 0.8518518518518519 0.5546875 0.8532407407407407 0.5544270833333333 0.8564814814814815 0.5526041666666667 0.8574074074074074 0.5515625 0.8574074074074074 0.55078125 0.8583333333333333 0.5494791666666666 0.8583333333333333 0.54609375 0.8578703703703704 0.5458333333333333 0.8578703703703704 0.5447916666666667 0.8574074074074074 0.5442708333333334 0.8532407407407407 0.5419270833333333 0.8532407407407407 0.5416666666666666 0.8527777777777777 0.5416666666666666 0.8518518518518519 0.5408854166666667 0.8513888888888889 0.5408854166666667 0.8490740740740741 0.5395833333333333 0.8421296296296297 0.5377604166666666 0.8398148148148148 0.53671875 0.8379629629629629 0.5364583333333334 0.837037037037037 0.5359375 0.8356481481481481 0.5356770833333333 0.8324074074074074 0.534375 0.8282407407407407 0.5333333333333333 0.8273148148148148 0.5328125 0.8226851851851852 0.53203125 0.8222222222222222 0.5317708333333333 0.8212962962962963 0.5317708333333333 0.8185185185185185 0.5309895833333333 0.8166666666666667 0.5299479166666666 0.8157407407407408 0.52890625 0.8152777777777778 0.5268229166666667 0.8143518518518519 0.5255208333333333 0.8143518518518519 0.5244791666666667 0.8138888888888889 0.52421875 0.8125 0.5216145833333333 0.8092592592592592 0.5200520833333333 0.8055555555555556 0.5190104166666667 0.8046296296296296 0.5190104166666667 0.7986111111111112 0.5177083333333333 0.7944444444444444 0.5177083333333333 0.7921296296296296 0.5184895833333333 0.7912037037037037 0.5184895833333333 0.7870370370370371 0.5200520833333333 0.7851851851851852 0.52109375 0.7847222222222222 0.52109375
4 0.9310185185185185 0.3963541666666667 0.9263888888888889 0.39505208333333336 0.924074074074074 0.39505208333333336 0.9236111111111112 0.39479166666666665 0.9222222222222223 0.39479166666666665 0.9217592592592593 0.39505208333333336 0.9180555555555555 0.39505208333333336 0.9175925925925926 0.3953125 0.9162037037037037 0.3953125 0.9157407407407407 0.39557291666666666 0.9143518518518519 0.39557291666666666 0.9138888888888889 0.3958333333333333 0.9092592592592592 0.3963541666666667 0.9078703703703703 0.396875 0.9041666666666667 0.39739583333333334 0.9027777777777778 0.39791666666666664 0.9004629629629629 0.39817708333333335 0.8967592592592593 0.39921875 0.8958333333333334 0.39921875 0.8912037037037037 0.4002604166666667 0.8898148148148148 0.4002604166666667 0.8856481481481482 0.40130208333333334 0.8805555555555555 0.40182291666666664 0.8773148148148148 0.40286458333333336 0.8722222222222222 0.40338541666666666 0.8689814814814815 0.4041666666666667 0.8643518518518518 0.4044270833333333 0.8629629629629629 0.4049479166666667 0.8601851851851852 0.40520833333333334 0.8574074074074074 0.40598958333333335 0.8541666666666666 0.40546875 0.8527777777777777 0.4049479166666667 0.8495370370370371 0.4046875 0.8472222222222222 0.40390625 0.8439814814814814 0.4036458333333333 0.8435185185185186 0.40338541666666666 0.8393518518518519 0.40338541666666666 0.8388888888888889 0.4036458333333333 0.837037037037037 0.4036458333333333 0.836574074074074 0.40390625 0.8337962962962963 0.4041666666666667 0.8319444444444445 0.40520833333333334 0.8300925925925926 0.40703125 0.8300925925925926 0.4075520833333333 0.8296296296296296 0.4078125 0.8296296296296296 0.40989583333333335 0.8291666666666667 0.41015625 0.8291666666666667 0.4161458333333333 0.8300925925925926 0.4171875 0.8310185185185185 0.4197916666666667 0.8375 0.42578125 0.8412037037037037 0.4276041666666667 0.8458333333333333 0.4276041666666667 0.8462962962962963 0.4278645833333333 0.85 0.4278645833333333 0.850462962962963 0.4276041666666667 0.8518518518518519 0.4276041666666667 0.8546296296296296 0.4265625 0.8569444444444444 0.42604166666666665 0.8587962962962963 0.425 0.8606481481481482 0.4234375 0.8625 0.4200520833333333 0.8634259259259259 0.4192708333333333 0.8666666666666667 0.41770833333333335 0.8694444444444445 0.41692708333333334 0.8703703703703703 0.41692708333333334 0.8736111111111111 0.4158854166666667 0.874537037037037 0.4158854166666667 0.8768518518518519 0.41510416666666666 0.8805555555555555 0.41458333333333336 0.8819444444444444 0.4140625 0.8842592592592593 0.41380208333333335 0.887962962962963 0.4127604166666667 0.8888888888888888 0.4127604166666667 0.8921296296296296 0.4119791666666667 0.8935185185185185 0.4119791666666667 0.8953703703703704 0.4114583333333333 0.9004629629629629 0.4109375 0.9018518518518519 0.41041666666666665 0.9092592592592592 0.40911458333333334 0.9106481481481481 0.40859375 0.9120370370370371 0.40859375 0.9125 0.4083333333333333 0.9148148148148149 0.4080729166666667 0.9208333333333333 0.40625 0.9231481481481482 0.40598958333333335 0.9287037037037037 0.4041666666666667 0.9319444444444445 0.4005208333333333
1 0.8805555555555555 0.5096354166666667 0.8777777777777778 0.5096354166666667 0.8773148148148148 0.509375 0.8726851851851852 0.509375 0.8722222222222222 0.5091145833333334 0.8694444444444445 0.5091145833333334 0.8689814814814815 0.5088541666666667 0.8569444444444444 0.5088541666666667 0.8564814814814815 0.5091145833333334 0.8541666666666666 0.5091145833333334 0.8523148148148149 0.5098958333333333 0.8523148148148149 0.51015625 0.8518518518518519 0.5104166666666666 0.8518518518518519 0.5109375 0.8513888888888889 0.5111979166666667 0.8513888888888889 0.5119791666666667 0.850925925925926 0.5122395833333333 0.850925925925926 0.5127604166666667 0.850462962962963 0.5130208333333334 0.850462962962963 0.51484375 0.85 0.5151041666666667 0.85 0.5169270833333334 0.8495370370370371 0.5171875 0.8495370370370371 0.51875 0.8490740740740741 0.5190104166666667 0.8490740740740741 0.5221354166666666 0.8495370370370371 0.5223958333333333 0.8495370370370371 0.5234375 0.85 0.5236979166666667 0.85 0.5244791666666667 0.850462962962963 0.5247395833333334 0.850462962962963 0.5255208333333333 0.850925925925926 0.52578125 0.850925925925926 0.5265625 0.8513888888888889 0.5268229166666667 0.8513888888888889 0.52734375 0.8518518518518519 0.5276041666666667 0.8518518518518519 0.528125 0.8523148148148149 0.5283854166666667 0.8523148148148149 0.5291666666666667 0.8527777777777777 0.5294270833333333 0.8527777777777777 0.5299479166666666 0.8532407407407407 0.5302083333333333 0.8532407407407407 0.5307291666666667 0.8537037037037037 0.5309895833333333 0.8537037037037037 0.5317708333333333 0.8541666666666666 0.53203125 0.8541666666666666 0.5328125 0.8546296296296296 0.5330729166666667 0.8546296296296296 0.5333333333333333 0.8541666666666666 0.53359375 0.8541666666666666 0.5356770833333333 0.8537037037037037 0.5359375 0.8537037037037037 0.5375 0.8541666666666666 0.5377604166666666 0.8541666666666666 0.5388020833333333 0.8546296296296296 0.5390625 0.8546296296296296 0.53984375 0.8550925925925926 0.5401041666666667 0.8550925925925926 0.540625 0.8555555555555555 0.5408854166666667 0.8564814814814815 0.5421875 0.8574074074074074 0.5427083333333333 0.8574074074074074 0.54296875 0.8578703703703704 0.5432291666666667 0.8578703703703704 0.54375 0.8583333333333333 0.5440104166666667 0.8583333333333333 0.54453125 0.8587962962962963 0.5447916666666667 0.8587962962962963 0.5458333333333333 0.8592592592592593 0.54609375 0.8592592592592593 0.5471354166666667 0.8597222222222223 0.5473958333333333 0.8597222222222223 0.5484375 0.8601851851851852 0.5486979166666667 0.8601851851851852 0.5489583333333333 0.8606481481481482 0.5489583333333333 0.8611111111111112 0.54921875 0.8634259259259259 0.54921875 0.8638888888888889 0.5489583333333333 0.8657407407407407 0.5489583333333333 0.8662037037037037 0.5486979166666667 0.8685185185185185 0.5481770833333334 0.8699074074074075 0.5473958333333333 0.8699074074074075 0.5471354166666667 0.8708333333333333 0.5466145833333333 0.8708333333333333 0.5463541666666667 0.8722222222222222 0.5450520833333333 0.8722222222222222 0.54375 0.8726851851851852 0.5434895833333333 0.8726851851851852 0.54140625 0.8731481481481481 0.5411458333333333 0.8731481481481481 0.5388020833333333 0.8736111111111111 0.5385416666666667 0.8736111111111111 0.5364583333333334 0.8740740740740741 0.5361979166666667 0.8740740740740741 0.534375 0.874537037037037 0.5341145833333333 0.874537037037037 0.5322916666666667 0.875 0.53203125 0.875 0.53046875 0.875462962962963 0.5302083333333333 0.875462962962963 0.52890625 0.8759259259259259 0.5286458333333334 0.8759259259259259 0.5276041666666667 0.8763888888888889 0.52734375 0.8763888888888889 0.5265625 0.8768518518518519 0.5263020833333333 0.8768518518518519 0.5255208333333333 0.8773148148148148 0.5252604166666667 0.8787037037037037 0.5234375 0.8814814814814815 0.5213541666666667 0.8814814814814815 0.5205729166666667 0.8819444444444444 0.5203125 0.8819444444444444 0.51875 0.8824074074074074 0.5184895833333333 0.8824074074074074 0.5171875 0.8828703703703704 0.5169270833333334 0.8828703703703704 0.5158854166666667 0.8833333333333333 0.515625 0.8833333333333333 0.5151041666666667 0.8837962962962963 0.51484375 0.8837962962962963 0.5140625 0.8842592592592593 0.5138020833333333 0.8842592592592593 0.5130208333333334 0.8837962962962963 0.5127604166666667 0.8837962962962963 0.5122395833333333 0.8833333333333333 0.5119791666666667 0.8824074074074074 0.5106770833333333
1 0.888425925925926 0.2708333333333333 0.888425925925926 0.27109375 0.887962962962963 0.2713541666666667 0.887962962962963 0.2716145833333333 0.8875 0.271875 0.8875 0.2721354166666667 0.8870370370370371 0.27239583333333334 0.8851851851851852 0.2747395833333333 0.8842592592592593 0.2752604166666667 0.8842592592592593 0.27630208333333334 0.8837962962962963 0.2765625 0.8837962962962963 0.27734375 0.8833333333333333 0.27760416666666665 0.8833333333333333 0.27838541666666666 0.8828703703703704 0.2786458333333333 0.8828703703703704 0.2794270833333333 0.8833333333333333 0.2796875 0.8833333333333333 0.28020833333333334 0.8837962962962963 0.28046875 0.8842592592592593 0.28125 0.8851851851851852 0.28177083333333336 0.8856481481481482 0.28177083333333336 0.8861111111111111 0.28203125 0.888425925925926 0.2825520833333333 0.8893518518518518 0.2830729166666667 0.8925925925925926 0.2838541666666667 0.899537037037037 0.2869791666666667 0.9 0.2869791666666667 0.9004629629629629 0.2872395833333333 0.9018518518518519 0.2872395833333333 0.9023148148148148 0.2875 0.9037037037037037 0.2875 0.9041666666666667 0.2877604166666667 0.9069444444444444 0.2877604166666667 0.9074074074074074 0.28802083333333334 0.9092592592592592 0.28802083333333334 0.9097222222222222 0.28828125 0.9115740740740741 0.28828125 0.9120370370370371 0.28854166666666664 0.912962962962963 0.28854166666666664 0.9143518518518519 0.2890625 0.9166666666666666 0.28932291666666665 0.9180555555555555 0.28984375 0.9189814814814815 0.28984375 0.9194444444444444 0.29010416666666666 0.9199074074074074 0.29010416666666666 0.9203703703703704 0.2903645833333333 0.924537037037037 0.29140625 0.9254629629629629 0.29192708333333334 0.9268518518518518 0.2921875 0.9277777777777778 0.29270833333333335 0.9282407407407407 0.29270833333333335 0.9287037037037037 0.29296875 0.9291666666666667 0.29296875 0.9351851851851852 0.2947916666666667 0.9361111111111111 0.2947916666666667 0.9365740740740741 0.2950520833333333 0.9388888888888889 0.2950520833333333 0.9393518518518519 0.2953125 0.9398148148148148 0.2950520833333333 0.9430555555555555 0.2950520833333333 0.9435185185185185 0.2947916666666667 0.9439814814814815 0.2947916666666667 0.9462962962962963 0.29348958333333336 0.9467592592592593 0.29348958333333336 0.9490740740740741 0.29192708333333334 0.9490740740740741 0.29140625 0.9495370370370371 0.2911458333333333 0.9495370370370371 0.28984375 0.9490740740740741 0.28958333333333336 0.9490740740740741 0.28854166666666664 0.9486111111111111 0.28828125 0.9486111111111111 0.2875 0.9481481481481482 0.2872395833333333 0.9481481481481482 0.2869791666666667 0.9462962962962963 0.2859375 0.9458333333333333 0.2859375 0.9449074074074074 0.28541666666666665 0.9444444444444444 0.28541666666666665 0.9435185185185185 0.28489583333333335 0.9430555555555555 0.28489583333333335 0.9421296296296297 0.284375 0.9416666666666667 0.284375 0.9393518518518519 0.2830729166666667 0.9388888888888889 0.2830729166666667 0.937962962962963 0.2825520833333333 0.9375 0.2825520833333333 0.9361111111111111 0.28177083333333336 0.9319444444444445 0.28072916666666664 0.9310185185185185 0.28020833333333334 0.9305555555555556 0.28020833333333334 0.9277777777777778 0.2786458333333333 0.9273148148148148 0.2786458333333333 0.924537037037037 0.27708333333333335 0.924537037037037 0.27682291666666664 0.9236111111111112 0.27630208333333334 0.9236111111111112 0.2760416666666667 0.9226851851851852 0.2752604166666667 0.9226851851851852 0.2747395833333333 0.9222222222222223 0.27447916666666666 0.9208333333333333 0.27265625 0.9199074074074074 0.2721354166666667 0.9199074074074074 0.271875 0.9194444444444444 0.271875 0.9189814814814815 0.2716145833333333 0.9180555555555555 0.2716145833333333 0.9175925925925926 0.2713541666666667 0.9152777777777777 0.2713541666666667 0.9148148148148149 0.27109375 0.9138888888888889 0.27109375 0.913425925925926 0.2708333333333333 0.9125 0.2708333333333333 0.9120370370370371 0.27057291666666666 0.9115740740740741 0.27057291666666666 0.9097222222222222 0.26953125 0.9092592592592592 0.26953125 0.9060185185185186 0.2677083333333333 0.9055555555555556 0.2677083333333333 0.9041666666666667 0.2671875 0.9013888888888889 0.2671875 0.9009259259259259 0.2669270833333333 0.8972222222222223 0.2669270833333333 0.8967592592592593 0.26666666666666666 0.8944444444444445 0.2671875
1 0.9157407407407407 0.5138020833333333 0.9162037037037037 0.5140625 0.9166666666666666 0.51484375 0.9194444444444444 0.5169270833333334 0.9194444444444444 0.5171875 0.9199074074074074 0.5171875 0.9203703703703704 0.5174479166666667 0.9212962962962963 0.5174479166666667 0.9217592592592593 0.5177083333333333 0.9226851851851852 0.5177083333333333 0.9231481481481482 0.51796875 0.924074074074074 0.51796875 0.924537037037037 0.5182291666666666 0.9259259259259259 0.5182291666666666 0.9263888888888889 0.5184895833333333 0.9310185185185185 0.5184895833333333 0.9314814814814815 0.5182291666666666 0.9342592592592592 0.5182291666666666 0.9347222222222222 0.51796875 0.937037037037037 0.51796875 0.9375 0.5177083333333333 0.9421296296296297 0.5177083333333333 0.9425925925925925 0.5174479166666667 0.9453703703703704 0.5174479166666667 0.9467592592592593 0.5169270833333334 0.9481481481481482 0.5169270833333334 0.9486111111111111 0.5166666666666667 0.950925925925926 0.5166666666666667 0.9527777777777777 0.515625 0.9532407407407407 0.515625 0.9541666666666667 0.5151041666666667 0.9546296296296296 0.5151041666666667 0.9555555555555556 0.5145833333333333 0.9560185185185185 0.5145833333333333 0.9574074074074074 0.5140625 0.9583333333333334 0.5140625 0.9587962962962963 0.5138020833333333 0.9601851851851851 0.5138020833333333 0.9606481481481481 0.5135416666666667 0.9625 0.5135416666666667 0.9638888888888889 0.5130208333333334 0.9652777777777778 0.5130208333333334 0.9657407407407408 0.5127604166666667 0.9666666666666667 0.5127604166666667 0.9680555555555556 0.5122395833333333 0.9694444444444444 0.5122395833333333 0.9699074074074074 0.5119791666666667 0.9717592592592592 0.5119791666666667 0.9722222222222222 0.51171875 0.9740740740740741 0.51171875 0.9745370370370371 0.5114583333333333 0.9768518518518519 0.5114583333333333 0.9773148148148149 0.5111979166666667 0.9787037037037037 0.5111979166666667 0.9791666666666666 0.5109375 0.9814814814814815 0.5106770833333333 0.9819444444444444 0.5104166666666666 0.9851851851851852 0.5096354166666667 0.986574074074074 0.5088541666666667 0.986574074074074 0.50859375 0.9879629629629629 0.5072916666666667 0.9884259259259259 0.5059895833333333 0.9888888888888889 0.5057291666666667 0.9884259259259259 0.50546875 0.9884259259259259 0.5049479166666667 0.987037037037037 0.5036458333333333 0.987037037037037 0.503125 0.9861111111111112 0.5026041666666666 0.9861111111111112 0.50234375 0.9851851851851852 0.5018229166666667 0.9847222222222223 0.5018229166666667 0.9833333333333333 0.5013020833333334 0.9824074074074074 0.5013020833333334 0.9819444444444444 0.5010416666666667 0.9699074074074074 0.5010416666666667 0.9694444444444444 0.5013020833333334 0.9680555555555556 0.5013020833333334 0.9675925925925926 0.5015625 0.9643518518518519 0.5015625 0.9638888888888889 0.5013020833333334 0.961574074074074 0.5013020833333334 0.9611111111111111 0.5010416666666667 0.9592592592592593 0.5010416666666667 0.9587962962962963 0.50078125 0.9550925925925926 0.50078125 0.9546296296296296 0.5005208333333333 0.95 0.5005208333333333 0.9495370370370371 0.5002604166666667 0.9486111111111111 0.5002604166666667 0.9481481481481482 0.5 0.9453703703703704 0.5 0.9449074074074074 0.49973958333333335 0.9393518518518519 0.49973958333333335 0.9388888888888889 0.5 0.937037037037037 0.5 0.9365740740740741 0.5002604166666667 0.9356481481481481 0.5002604166666667 0.9351851851851852 0.5005208333333333 0.9328703703703703 0.50078125 0.9314814814814815 0.5013020833333334 0.9259259259259259 0.5013020833333334 0.9254629629629629 0.5015625 0.9236111111111112 0.5015625 0.9222222222222223 0.50234375 0.9199074074074074 0.5028645833333333 0.9185185185185185 0.5036458333333333 0.9185185185185185 0.50390625 0.9175925925925926 0.5044270833333333 0.9175925925925926 0.5046875 0.9162037037037037 0.5059895833333333 0.9162037037037037 0.5072916666666667 0.9157407407407407 0.5075520833333333 0.9157407407407407 0.5088541666666667 0.9152777777777777 0.5091145833333334 0.9152777777777777 0.5111979166666667 0.9157407407407407 0.5114583333333333