5 0.08472222222222223 0.36380208333333336 0.07962962962962963 0.36380208333333336 0.0763888888888889 0.365625 0.07407407407407407 0.3684895833333333 0.07314814814814814 0.3690104166666667 0.07314814814814814 0.3729166666666667 0.07685185185185185 0.375 0.0787037037037037 0.3768229166666667 0.0787037037037037 0.3776041666666667 0.07824074074074074 0.37786458333333334 0.07824074074074074 0.3807291666666667 0.075 0.3848958333333333 0.07407407407407407 0.3854166666666667 0.07314814814814814 0.38671875 0.0712962962962963 0.3880208333333333 0.07083333333333333 0.3888020833333333 0.06805555555555555 0.39088541666666665 0.06527777777777778 0.39427083333333335 0.06435185185185185 0.39479166666666665 0.06296296296296296 0.3963541666666667 0.06296296296296296 0.396875 0.06111111111111111 0.39895833333333336 0.06018518518518518 0.39947916666666666 0.0587962962962963 0.4010416666666667 0.0587962962962963 0.4015625 0.05648148148148148 0.40390625 0.05648148148148148 0.40572916666666664 0.056018518518518516 0.40598958333333335 0.056018518518518516 0.4080729166666667 0.05925925925925926 0.41041666666666665 0.06435185185185185 0.4119791666666667 0.06712962962962964 0.4122395833333333 0.06759259259259259 0.4125 0.06898148148148148 0.4125 0.06944444444444445 0.4127604166666667 0.07083333333333333 0.4127604166666667 0.0712962962962963 0.41302083333333334 0.07407407407407407 0.41302083333333334 0.07453703703703704 0.41328125 0.07685185185185185 0.41328125 0.07731481481481481 0.41302083333333334 0.07962962962962963 0.4127604166666667 0.08101851851851852 0.4119791666666667 0.08148148148148149 0.4119791666666667 0.0824074074074074 0.4109375 0.08657407407407407 0.4083333333333333 0.08842592592592592 0.40598958333333335 0.09074074074074075 0.4041666666666667 0.09583333333333334 0.39817708333333335 0.09675925925925925 0.39765625 0.09953703703703703 0.39479166666666665 0.10277777777777777 0.3927083333333333 0.10416666666666667 0.39114583333333336 0.10740740740740741 0.3893229166666667 0.10833333333333334 0.3893229166666667 0.11064814814814815 0.3885416666666667 0.11203703703703703 0.3885416666666667 0.11388888888888889 0.3880208333333333 0.11805555555555555 0.3880208333333333 0.11898148148148148 0.38828125 0.12037037037037036 0.38776041666666666 0.12222222222222222 0.3875 0.12731481481481483 0.3846354166666667 0.12777777777777777 0.38229166666666664 0.1287037037037037 0.3809895833333333 0.12777777777777777 0.37994791666666666 0.12268518518518519 0.3768229166666667 0.12129629629629629 0.3765625 0.12037037037037036 0.37604166666666666 0.11805555555555555 0.37552083333333336 0.11527777777777778 0.37447916666666664 0.1111111111111111 0.3723958333333333 0.11018518518518519 0.3723958333333333 0.10925925925925926 0.371875 0.10787037037037037 0.37161458333333336 0.09953703703703703 0.36796875 0.09768518518518518 0.36770833333333336 0.09675925925925925 0.3671875 0.09351851851851851 0.36640625 0.09074074074074075 0.3651041666666667
3 0.08055555555555556 0.434375 0.07546296296296297 0.434375 0.07268518518518519 0.4348958333333333 0.06944444444444445 0.43645833333333334 0.06805555555555555 0.43671875 0.06481481481481481 0.4393229166666667 0.06481481481481481 0.43984375 0.06388888888888888 0.440625 0.0625 0.44296875 0.06296296296296296 0.4453125 0.06388888888888888 0.446875 0.06388888888888888 0.4484375 0.06435185185185185 0.44869791666666664 0.06435185185185185 0.44973958333333336 0.06527777777777778 0.4510416666666667 0.06435185185185185 0.4515625 0.0625 0.45390625 0.06018518518518518 0.4557291666666667 0.05694444444444444 0.45755208333333336 0.05277777777777778 0.46067708333333335 0.049074074074074076 0.4627604166666667 0.04861111111111111 0.4627604166666667 0.04814814814814815 0.4635416666666667 0.04212962962962963 0.4669270833333333 0.04027777777777778 0.46901041666666665 0.037037037037037035 0.4708333333333333 0.03518518518518519 0.47265625 0.032407407407407406 0.4744791666666667 0.03287037037037037 0.4783854166666667 0.03425925925925926 0.47942708333333334 0.040740740740740744 0.4825520833333333 0.04490740740740741 0.48359375 0.049074074074074076 0.48541666666666666 0.05185185185185185 0.4856770833333333 0.052314814814814814 0.4859375 0.05740740740740741 0.4859375 0.05787037037037037 0.4856770833333333 0.06018518518518518 0.4856770833333333 0.06898148148148148 0.4828125 0.08148148148148149 0.47604166666666664 0.08287037037037037 0.4744791666666667 0.08657407407407407 0.47291666666666665 0.08657407407407407 0.47265625 0.09166666666666666 0.4700520833333333 0.09259259259259259 0.46848958333333335 0.09537037037037037 0.46640625 0.10046296296296296 0.46640625 0.10324074074074074 0.4669270833333333 0.10833333333333334 0.4669270833333333 0.1087962962962963 0.4666666666666667 0.11157407407407408 0.4666666666666667 0.11296296296296296 0.4661458333333333 0.11388888888888889 0.4661458333333333 0.11666666666666667 0.46536458333333336 0.12037037037037036 0.46328125 0.12222222222222222 0.46145833333333336 0.12268518518518519 0.46015625 0.12361111111111112 0.459375 0.12361111111111112 0.4557291666666667 0.12314814814814815 0.45546875 0.12314814814814815 0.4546875 0.12129629629629629 0.45364583333333336 0.11898148148148148 0.4518229166666667 0.11851851851851852 0.4510416666666667 0.11666666666666667 0.45 0.11342592592592593 0.4473958333333333 0.11064814814814815 0.44583333333333336 0.11018518518518519 0.44583333333333336 0.10601851851851851 0.4432291666666667 0.09953703703703703 0.44114583333333335 0.0912037037037037 0.43723958333333335 0.08796296296296297 0.43697916666666664 0.08518518518518518 0.4354166666666667 0.08425925925925926 0.4354166666666667
4 0.20879629629629629 0.13307291666666668 0.20601851851851852 0.13463541666666667 0.20601851851851852 0.13567708333333334 0.20555555555555555 0.1359375 0.20555555555555555 0.13697916666666668 0.2050925925925926 0.13723958333333333 0.2050925925925926 0.1390625 0.20694444444444443 0.14088541666666668 0.2074074074074074 0.14244791666666667 0.21157407407407408 0.1453125 0.21296296296296297 0.146875 0.21574074074074073 0.14869791666666668 0.21666666666666667 0.14973958333333334 0.21898148148148147 0.15104166666666666 0.22361111111111112 0.15494791666666666 0.22592592592592592 0.15625 0.2273148148148148 0.1578125 0.22962962962962963 0.15911458333333334 0.23194444444444445 0.16119791666666666 0.23703703703703705 0.16458333333333333 0.24259259259259258 0.16901041666666666 0.24259259259259258 0.16953125 0.24305555555555555 0.16979166666666667 0.24305555555555555 0.1734375 0.24351851851851852 0.17369791666666667 0.24212962962962964 0.17552083333333332 0.24212962962962964 0.17630208333333333 0.24166666666666667 0.1765625 0.2412037037037037 0.17786458333333333 0.24166666666666667 0.178125 0.24212962962962964 0.18020833333333333 0.24351851851851852 0.18203125 0.25 0.18489583333333334 0.25462962962962965 0.1859375 0.25601851851851853 0.1859375 0.2564814814814815 0.18619791666666666 0.2587962962962963 0.18645833333333334 0.25925925925925924 0.18671875 0.26342592592592595 0.18671875 0.2657407407407407 0.1859375 0.2689814814814815 0.18541666666666667 0.27175925925925926 0.18463541666666666 0.27361111111111114 0.18359375 0.275 0.18333333333333332 0.2791666666666667 0.18125 0.2814814814814815 0.17838541666666666 0.2828703703703704 0.17734375 0.2828703703703704 0.1765625 0.2847222222222222 0.17369791666666667 0.2847222222222222 0.17291666666666666 0.28425925925925927 0.17265625 0.28425925925925927 0.16979166666666667 0.28379629629629627 0.16927083333333334 0.2810185185185185 0.16796875 0.27870370370370373 0.16744791666666667 0.2759259259259259 0.165625 0.27361111111111114 0.16484375 0.26851851851851855 0.16197916666666667 0.2675925925925926 0.16171875 0.262037037037037 0.16171875 0.26157407407407407 0.16145833333333334 0.25972222222222224 0.16145833333333334 0.25787037037037036 0.16041666666666668 0.25601851851851853 0.15833333333333333 0.2523148148148148 0.15651041666666668 0.25092592592592594 0.15520833333333334 0.24675925925925926 0.15286458333333333 0.2439814814814815 0.14973958333333334 0.24212962962962964 0.14869791666666668 0.24027777777777778 0.146875 0.23564814814814813 0.14375 0.23287037037037037 0.14088541666666668 0.2310185185185185 0.13984375 0.22916666666666666 0.13802083333333334 0.22407407407407406 0.13515625 0.22361111111111112 0.13463541666666667 0.22037037037037038 0.13333333333333333 0.21666666666666667 0.13229166666666667 0.21388888888888888 0.13229166666666667 0.21296296296296297 0.13203125
1 0.10972222222222222 0.4734375 0.10833333333333334 0.4744791666666667 0.10833333333333334 0.4783854166666667 0.11203703703703703 0.48125 0.11342592592592593 0.4830729166666667 0.11435185185185186 0.48359375 0.11481481481481481 0.484375 0.11574074074074074 0.48489583333333336 0.1162037037037037 0.4856770833333333 0.11712962962962963 0.4861979166666667 0.1175925925925926 0.4869791666666667 0.11851851851851852 0.4875 0.11851851851851852 0.48776041666666664 0.11944444444444445 0.48828125 0.11990740740740741 0.4890625 0.12129629629629629 0.4901041666666667 0.12129629629629629 0.4908854166666667 0.12175925925925926 0.49114583333333334 0.12175925925925926 0.49192708333333335 0.12222222222222222 0.4921875 0.12222222222222222 0.49296875 0.12268518518518519 0.49322916666666666 0.12268518518518519 0.49557291666666664 0.12222222222222222 0.49583333333333335 0.12222222222222222 0.4984375 0.12268518518518519 0.4986979166666667 0.12268518518518519 0.49947916666666664 0.12314814814814815 0.49973958333333335 0.12407407407407407 0.5010416666666667 0.125 0.5015625 0.125 0.5018229166666667 0.12962962962962962 0.5044270833333333 0.12962962962962962 0.5046875 0.13055555555555556 0.5052083333333334 0.1310185185185185 0.5059895833333333 0.1337962962962963 0.5078125 0.1337962962962963 0.5080729166666667 0.13472222222222222 0.50859375 0.13518518518518519 0.50859375 0.1361111111111111 0.5091145833333334 0.13657407407407407 0.5091145833333334 0.13842592592592592 0.5098958333333333 0.13935185185185187 0.5098958333333333 0.1398148148148148 0.51015625 0.14166666666666666 0.51015625 0.14212962962962963 0.5104166666666666 0.1425925925925926 0.5104166666666666 0.14305555555555555 0.51015625 0.14537037037037037 0.51015625 0.14583333333333334 0.5098958333333333 0.14907407407407408 0.5096354166666667 0.14953703703703702 0.509375 0.15046296296296297 0.509375 0.1537037037037037 0.5083333333333333 0.15462962962962962 0.5083333333333333 0.1550925925925926 0.5080729166666667 0.15601851851851853 0.5080729166666667 0.15648148148148147 0.5078125 0.1574074074074074 0.5078125 0.15787037037037038 0.5075520833333333 0.15833333333333333 0.5075520833333333 0.16296296296296298 0.5049479166666667 0.16296296296296298 0.5046875 0.1638888888888889 0.5041666666666667 0.1638888888888889 0.50390625 0.16574074074074074 0.5020833333333333 0.16574074074074074 0.5010416666666667 0.16527777777777777 0.50078125 0.16527777777777777 0.49973958333333335 0.1648148148148148 0.49947916666666664 0.1648148148148148 0.4981770833333333 0.16435185185185186 0.4979166666666667 0.16435185185185186 0.49765625 0.1638888888888889 0.4973958333333333 0.1638888888888889 0.496875 0.16064814814814815 0.4934895833333333 0.16064814814814815 0.49296875 0.1597222222222222 0.4921875 0.1597222222222222 0.49166666666666664 0.1587962962962963 0.4908854166666667 0.1587962962962963 0.4903645833333333 0.15833333333333333 0.4901041666666667 0.15833333333333333 0.48984375 0.1537037037037037 0.48723958333333334 0.15138888888888888 0.4869791666666667 0.15092592592592594 0.48671875 0.15046296296296297 0.48671875 0.14907407407407408 0.4861979166666667 0.14814814814814814 0.4861979166666667 0.14675925925925926 0.4856770833333333 0.1425925925925926 0.48541666666666666 0.1375 0.4822916666666667 0.1375 0.48203125 0.13657407407407407 0.48151041666666666 0.13657407407407407 0.48125 0.13333333333333333 0.4791666666666667 0.13333333333333333 0.47890625 0.13194444444444445 0.478125 0.13194444444444445 0.4778645833333333 0.1310185185185185 0.47734375 0.1310185185185185 0.47708333333333336 0.12916666666666668 0.47604166666666664 0.12916666666666668 0.47578125 0.12731481481481483 0.4747395833333333 0.12731481481481483 0.4744791666666667 0.12685185185185185 0.4744791666666667 0.12268518518518519 0.47213541666666664 0.12222222222222222 0.47213541666666664 0.12175925925925926 0.471875 0.12037037037037036 0.471875 0.11990740740740741 0.47161458333333334 0.11712962962962963 0.47161458333333334 0.11666666666666667 0.471875 0.11481481481481481 0.471875 0.11435185185185186 0.47213541666666664 0.1111111111111111 0.47291666666666665 0.11018518518518519 0.4734375
4 0.13425925925925927 0.6544270833333333 0.12962962962962962 0.6513020833333333 0.12777777777777777 0.6494791666666667 0.12268518518518519 0.6463541666666667 0.1175925925925926 0.6450520833333333 0.11481481481481481 0.6440104166666667 0.1125 0.64375 0.1111111111111111 0.6432291666666666 0.10972222222222222 0.64375 0.10740740740740741 0.6440104166666667 0.10231481481481482 0.6463541666666667 0.10092592592592593 0.65 0.10046296296296296 0.6502604166666667 0.09953703703703703 0.6541666666666667 0.09768518518518518 0.6565104166666667 0.09537037037037037 0.6578125 0.0837962962962963 0.6619791666666667 0.08101851851851852 0.66328125 0.07962962962962963 0.6635416666666667 0.07546296296296297 0.665625 0.06620370370370371 0.6690104166666667 0.06296296296296296 0.6705729166666666 0.06018518518518518 0.6713541666666667 0.058333333333333334 0.6723958333333333 0.05416666666666667 0.6736979166666667 0.05324074074074074 0.6736979166666667 0.04861111111111111 0.6760416666666667 0.03333333333333333 0.6815104166666667 0.026851851851851852 0.6856770833333333 0.025 0.6888020833333334 0.025 0.68984375 0.025925925925925925 0.6908854166666667 0.02824074074074074 0.6924479166666667 0.03287037037037037 0.69375 0.03796296296296296 0.69375 0.03981481481481482 0.6932291666666667 0.0412037037037037 0.6932291666666667 0.04490740740740741 0.6919270833333333 0.04953703703703704 0.69140625 0.05277777777777778 0.6901041666666666 0.056018518518518516 0.6893229166666667 0.05740740740740741 0.6885416666666667 0.06111111111111111 0.6875 0.06342592592592593 0.6864583333333333 0.06759259259259259 0.6854166666666667 0.0699074074074074 0.6841145833333333 0.07453703703703704 0.6822916666666666 0.07592592592592592 0.68203125 0.0837962962962963 0.6783854166666666 0.09305555555555556 0.6752604166666667 0.09907407407407408 0.6736979166666667 0.10740740740740741 0.6705729166666666 0.11157407407407408 0.6697916666666667 0.12129629629629629 0.6697916666666667 0.12268518518518519 0.66953125 0.12685185185185185 0.6703125 0.12731481481481483 0.6700520833333333 0.13287037037037036 0.6697916666666667 0.13703703703703704 0.6669270833333333 0.13796296296296295 0.6658854166666667 0.13796296296296295 0.6643229166666667 0.13842592592592592 0.6640625 0.13842592592592592 0.6614583333333334 0.13703703703703704 0.6591145833333333 0.13703703703703704 0.6580729166666667 0.13472222222222222 0.6557291666666667
5 0.3074074074074074 0.6026041666666667 0.30694444444444446 0.60234375 0.30648148148148147 0.6005208333333333 0.3037037037037037 0.5981770833333333 0.29907407407407405 0.596875 0.2962962962962963 0.5966145833333333 0.29583333333333334 0.5963541666666666 0.29305555555555557 0.5963541666666666 0.29259259259259257 0.59609375 0.29074074074074074 0.59609375 0.28703703703703703 0.5971354166666667 0.2800925925925926 0.6005208333333333 0.2791666666666667 0.60078125 0.2773148148148148 0.60078125 0.27685185185185185 0.6010416666666667 0.27361111111111114 0.6010416666666667 0.27314814814814814 0.60078125 0.27037037037037037 0.60078125 0.26990740740740743 0.6005208333333333 0.2675925925925926 0.6005208333333333 0.2671296296296296 0.6002604166666666 0.26342592592592595 0.6002604166666666 0.26296296296296295 0.6 0.26157407407407407 0.6 0.25925925925925924 0.5994791666666667 0.2574074074074074 0.5994791666666667 0.2569444444444444 0.59921875 0.2550925925925926 0.59921875 0.25462962962962965 0.5989583333333334 0.2523148148148148 0.5989583333333334 0.2518518518518518 0.5986979166666667 0.25 0.5986979166666667 0.24814814814814815 0.5981770833333333 0.2462962962962963 0.5981770833333333 0.24583333333333332 0.5979166666666667 0.24212962962962964 0.59765625 0.24166666666666667 0.5973958333333333 0.23935185185185184 0.5973958333333333 0.2388888888888889 0.5971354166666667 0.2361111111111111 0.5971354166666667 0.23564814814814813 0.596875 0.22407407407407406 0.596875 0.22037037037037038 0.5986979166666667 0.2162037037037037 0.6028645833333334 0.2162037037037037 0.6033854166666667 0.21574074074074073 0.6036458333333333 0.21574074074074073 0.6049479166666667 0.2152777777777778 0.6052083333333333 0.2152777777777778 0.6065104166666667 0.21481481481481482 0.6067708333333334 0.21481481481481482 0.6078125 0.2152777777777778 0.6080729166666666 0.2152777777777778 0.609375 0.21574074074074073 0.6096354166666667 0.2162037037037037 0.6111979166666667 0.22037037037037038 0.61328125 0.2212962962962963 0.61328125 0.22453703703703703 0.6140625 0.22592592592592592 0.6140625 0.22777777777777777 0.6145833333333334 0.22916666666666666 0.6145833333333334 0.23055555555555557 0.6151041666666667 0.23657407407407408 0.615625 0.24351851851851852 0.6171875 0.24768518518518517 0.6174479166666667 0.24814814814814815 0.6177083333333333 0.25046296296296294 0.61796875 0.2518518518518518 0.6184895833333334 0.2550925925925926 0.61875 0.25787037037037036 0.61953125 0.2601851851851852 0.6197916666666666 0.2638888888888889 0.6208333333333333 0.2662037037037037 0.6221354166666667 0.26666666666666666 0.6229166666666667 0.26851851851851855 0.6239583333333333 0.26944444444444443 0.625 0.26944444444444443 0.6255208333333333 0.27037037037037037 0.6263020833333334 0.2712962962962963 0.628125 0.275 0.63046875 0.2777777777777778 0.6307291666666667 0.27824074074074073 0.6309895833333333 0.2800925925925926 0.6309895833333333 0.28055555555555556 0.63125 0.287962962962963 0.63125 0.2902777777777778 0.6307291666666667 0.2962962962962963 0.62734375 0.2972222222222222 0.6263020833333334 0.3023148148148148 0.62265625 0.3023148148148148 0.6221354166666667 0.3050925925925926 0.61796875 0.3050925925925926 0.6171875 0.3060185185185185 0.6158854166666666 0.3060185185185185 0.61484375 0.30648148148148147 0.6145833333333334 0.30694444444444446 0.6114583333333333 0.3074074074074074 0.6111979166666667 0.3074074074074074 0.6096354166666667 0.30787037037037035 0.609375 0.30787037037037035 0.6078125 0.30833333333333335 0.6075520833333333 0.30833333333333335 0.6067708333333334 0.30787037037037035 0.6065104166666667 0.30787037037037035 0.6044270833333333 0.3074074074074074 0.6041666666666666
2 0.32222222222222224 0.2630208333333333 0.31342592592592594 0.2630208333333333 0.3101851851851852 0.2635416666666667 0.30694444444444446 0.26848958333333334 0.3055555555555556 0.2908854166666667 0.3055555555555556 0.30885416666666665 0.30462962962962964 0.31744791666666666 0.3037037037037037 0.3541666666666667 0.3023148148148148 0.35703125 0.29259259259259257 0.3614583333333333 0.29074074074074074 0.3645833333333333 0.2916666666666667 0.3671875 0.2953703703703704 0.37005208333333334 0.30185185185185187 0.3723958333333333 0.3074074074074074 0.3731770833333333 0.3101851851851852 0.37447916666666664 0.31574074074074077 0.3736979166666667 0.32083333333333336 0.3723958333333333 0.32592592592592595 0.37265625 0.33240740740740743 0.37057291666666664 0.3375 0.3697916666666667 0.3388888888888889 0.36770833333333336 0.3388888888888889 0.36484375 0.33796296296296297 0.36354166666666665 0.3300925925925926 0.35911458333333335 0.3277777777777778 0.3567708333333333 0.32731481481481484 0.32109375 0.3282407407407407 0.31197916666666664 0.32916666666666666 0.2708333333333333 0.3282407407407407 0.2669270833333333 0.32592592592592595 0.2643229166666667
4 0.4125 0.3575520833333333 0.41064814814814815 0.35651041666666666 0.4078703703703704 0.35572916666666665 0.4074074074074074 0.35598958333333336 0.4046296296296296 0.35598958333333336 0.4023148148148148 0.35651041666666666 0.40046296296296297 0.35651041666666666 0.3962962962962963 0.3572916666666667 0.39444444444444443 0.3580729166666667 0.38333333333333336 0.3611979166666667 0.3824074074074074 0.3611979166666667 0.3773148148148148 0.36328125 0.3680555555555556 0.365625 0.3625 0.36770833333333336 0.35833333333333334 0.36875 0.3574074074074074 0.36875 0.35555555555555557 0.36953125 0.3453703703703704 0.3723958333333333 0.3421296296296296 0.37265625 0.33935185185185185 0.3734375 0.3375 0.37447916666666664 0.3300925925925926 0.37447916666666664 0.32916666666666666 0.37395833333333334 0.32592592592592595 0.3731770833333333 0.32083333333333336 0.3731770833333333 0.32037037037037036 0.3734375 0.3189814814814815 0.3734375 0.3143518518518518 0.375 0.31203703703703706 0.3765625 0.31203703703703706 0.37734375 0.31342592592592594 0.3796875 0.31342592592592594 0.3807291666666667 0.3138888888888889 0.3809895833333333 0.31527777777777777 0.3848958333333333 0.31666666666666665 0.38645833333333335 0.31712962962962965 0.38776041666666666 0.31851851851851853 0.3893229166666667 0.3199074074074074 0.39010416666666664 0.32222222222222224 0.39296875 0.32731481481481484 0.39609375 0.3296296296296296 0.396875 0.3337962962962963 0.39765625 0.33564814814814814 0.3971354166666667 0.337037037037037 0.3971354166666667 0.34120370370370373 0.3963541666666667 0.34305555555555556 0.39453125 0.34305555555555556 0.39375 0.3435185185185185 0.39348958333333334 0.3435185185185185 0.3885416666666667 0.34675925925925927 0.38645833333333335 0.35138888888888886 0.3848958333333333 0.3541666666666667 0.38359375 0.3578703703703704 0.3828125 0.36018518518518516 0.38177083333333334 0.3675925925925926 0.3796875 0.3685185185185185 0.3796875 0.37777777777777777 0.3768229166666667 0.38055555555555554 0.3763020833333333 0.3819444444444444 0.37552083333333336 0.3851851851851852 0.37473958333333335 0.3861111111111111 0.37421875 0.3888888888888889 0.3734375 0.3925925925925926 0.3729166666666667 0.39537037037037037 0.37161458333333336 0.39861111111111114 0.37057291666666664 0.40046296296296297 0.3703125 0.4027777777777778 0.3692708333333333 0.4074074074074074 0.36796875 0.4111111111111111 0.36640625 0.4134259259259259 0.36484375 0.41388888888888886 0.3625 0.41435185185185186 0.36223958333333334 0.41435185185185186 0.3606770833333333
3 0.4074074074074074 0.1671875 0.4060185185185185 0.16770833333333332 0.4050925925925926 0.16770833333333332 0.40324074074074073 0.16822916666666668 0.40185185185185185 0.16822916666666668 0.4013888888888889 0.16848958333333333 0.4 0.16848958333333333 0.3976851851851852 0.16927083333333334 0.3939814814814815 0.16979166666666667 0.38981481481481484 0.17161458333333332 0.3888888888888889 0.17161458333333332 0.3861111111111111 0.17291666666666666 0.38055555555555554 0.17447916666666666 0.38055555555555554 0.17473958333333334 0.37777777777777777 0.17630208333333333 0.3726851851851852 0.17838541666666666 0.3726851851851852 0.17864583333333334 0.36712962962962964 0.18151041666666667 0.36666666666666664 0.18255208333333334 0.3648148148148148 0.18463541666666666 0.3648148148148148 0.18645833333333334 0.36527777777777776 0.18671875 0.3662037037037037 0.18932291666666667 0.3675925925925926 0.19010416666666666 0.3685185185185185 0.19114583333333332 0.3726851851851852 0.19348958333333333 0.37453703703703706 0.19348958333333333 0.375 0.19375 0.38472222222222224 0.19348958333333333 0.38842592592592595 0.19479166666666667 0.3912037037037037 0.19765625 0.3939814814814815 0.19947916666666668 0.39537037037037037 0.20104166666666667 0.39861111111111114 0.203125 0.4 0.20494791666666667 0.40324074074074073 0.20703125 0.4046296296296296 0.20885416666666667 0.4078703703703704 0.2109375 0.41064814814814815 0.2140625 0.4115740740740741 0.21458333333333332 0.41388888888888886 0.21692708333333333 0.41944444444444445 0.21979166666666666 0.42407407407407405 0.21979166666666666 0.43333333333333335 0.21770833333333334 0.4412037037037037 0.21354166666666666 0.4425925925925926 0.21223958333333334 0.4425925925925926 0.21119791666666668 0.44305555555555554 0.2109375 0.44305555555555554 0.20833333333333334 0.44027777777777777 0.20572916666666666 0.44027777777777777 0.20520833333333333 0.43796296296296294 0.20364583333333333 0.4351851851851852 0.2 0.43333333333333335 0.19869791666666667 0.42824074074074076 0.19296875 0.425 0.190625 0.4203703703703704 0.18541666666666667 0.42083333333333334 0.18489583333333334 0.4212962962962963 0.18203125 0.4222222222222222 0.18072916666666666 0.4236111111111111 0.1796875 0.42407407407407405 0.178125 0.42453703703703705 0.17786458333333333 0.42453703703703705 0.17734375 0.42407407407407405 0.17708333333333334 0.42407407407407405 0.17578125 0.4236111111111111 0.17552083333333332 0.4236111111111111 0.17421875 0.4185185185185185 0.17005208333333333 0.4152777777777778 0.16822916666666668 0.4101851851851852 0.1671875
2 0.39537037037037037 0.4940104166666667 0.38101851851851853 0.4921875 0.3768518518518518 0.4921875 0.37407407407407406 0.4940104166666667 0.37222222222222223 0.4979166666666667 0.3763888888888889 0.49895833333333334 0.3800925925925926 0.5018229166666667 0.37777777777777777 0.5075520833333333 0.36712962962962964 0.521875 0.3592592592592593 0.5346354166666667 0.35138888888888886 0.5447916666666667 0.34814814814814815 0.55078125 0.3453703703703704 0.5536458333333333 0.3375 0.5645833333333333 0.33194444444444443 0.5736979166666667 0.32916666666666666 0.5768229166666666 0.31666666666666665 0.5955729166666667 0.31712962962962965 0.5994791666666667 0.31805555555555554 0.6002604166666666 0.32407407407407407 0.6020833333333333 0.3296296296296296 0.6026041666666667 0.3333333333333333 0.6015625 0.3365740740740741 0.5994791666666667 0.34305555555555556 0.5911458333333334 0.34444444444444444 0.5880208333333333 0.34953703703703703 0.5817708333333333 0.3523148148148148 0.5770833333333333 0.35694444444444445 0.5716145833333334 0.362962962962963 0.5596354166666667 0.36527777777777776 0.5572916666666666 0.3662037037037037 0.5549479166666667 0.3726851851851852 0.5471354166666667 0.3768518518518518 0.5401041666666667 0.38564814814814813 0.5286458333333334 0.39351851851851855 0.5153645833333333 0.39861111111111114 0.50859375 0.40324074074074073 0.5065104166666666 0.4083333333333333 0.5072916666666667 0.41388888888888886 0.5065104166666666 0.4162037037037037 0.5057291666666667 0.41712962962962963 0.5015625 0.41203703703703703 0.4986979166666667
3 0.3921296296296296 0.62578125 0.3888888888888889 0.6268229166666667 0.3851851851851852 0.6307291666666667 0.38333333333333336 0.6346354166666667 0.38055555555555554 0.6377604166666667 0.37824074074074077 0.6419270833333334 0.3768518518518518 0.6432291666666666 0.37592592592592594 0.6453125 0.375 0.64609375 0.37407407407407406 0.6481770833333333 0.37222222222222223 0.6505208333333333 0.37175925925925923 0.6520833333333333 0.37083333333333335 0.6528645833333333 0.36898148148148147 0.6559895833333333 0.36712962962962964 0.65703125 0.36435185185185187 0.6578125 0.36064814814814816 0.6580729166666667 0.35833333333333334 0.6588541666666666 0.3537037037037037 0.6596354166666667 0.35 0.6622395833333333 0.35 0.6627604166666666 0.3490740740740741 0.6635416666666667 0.3486111111111111 0.6653645833333334 0.34814814814814815 0.665625 0.34814814814814815 0.6669270833333333 0.3486111111111111 0.6671875 0.3486111111111111 0.6692708333333334 0.34953703703703703 0.6705729166666666 0.35324074074074074 0.6721354166666667 0.35694444444444445 0.6729166666666667 0.35833333333333334 0.6736979166666667 0.3638888888888889 0.6747395833333333 0.36898148148148147 0.6763020833333333 0.37037037037037035 0.6763020833333333 0.3731481481481482 0.6768229166666667 0.37546296296296294 0.6776041666666667 0.37916666666666665 0.678125 0.38055555555555554 0.6786458333333333 0.3819444444444444 0.6786458333333333 0.3851851851851852 0.6794270833333333 0.38657407407407407 0.6794270833333333 0.39305555555555555 0.68125 0.3958333333333333 0.6815104166666667 0.3962962962962963 0.6817708333333333 0.4 0.6817708333333333 0.40046296296296297 0.6815104166666667 0.4041666666666667 0.6815104166666667 0.4074074074074074 0.6796875 0.4078703703703704 0.6796875 0.41203703703703703 0.6765625 0.41203703703703703 0.6760416666666667 0.4134259259259259 0.6744791666666666 0.4134259259259259 0.671875 0.412962962962963 0.6716145833333333 0.4125 0.66953125 0.40925925925925927 0.6671875 0.40694444444444444 0.6661458333333333 0.40555555555555556 0.6651041666666667 0.40370370370370373 0.66171875 0.4041666666666667 0.6614583333333334 0.4041666666666667 0.6598958333333333 0.4046296296296296 0.6596354166666667 0.4050925925925926 0.6567708333333333 0.40555555555555556 0.6565104166666667 0.4060185185185185 0.6544270833333333 0.40694444444444444 0.6533854166666667 0.4074074074074074 0.6515625 0.4083333333333333 0.6505208333333333 0.4083333333333333 0.6494791666666667 0.40879629629629627 0.64921875 0.4097222222222222 0.6463541666666667 0.41203703703703703 0.6434895833333333 0.412962962962963 0.6408854166666667 0.4166666666666667 0.63515625 0.4166666666666667 0.6307291666666667 0.41574074074074074 0.6302083333333334 0.4125 0.6294270833333333 0.40694444444444444 0.6270833333333333 0.4041666666666667 0.6263020833333334 0.4013888888888889 0.6263020833333334 0.39861111111111114 0.62578125
4 0.4185185185185185 0.40520833333333334 0.4111111111111111 0.41041666666666665 0.41064814814814815 0.41119791666666666 0.4083333333333333 0.41302083333333334 0.4050925925925926 0.41692708333333334 0.4041666666666667 0.41744791666666664 0.4009259259259259 0.42083333333333334 0.4009259259259259 0.42135416666666664 0.3990740740740741 0.4236979166666667 0.4 0.425 0.4 0.42604166666666665 0.4013888888888889 0.42734375 0.4046296296296296 0.428125 0.40925925925925927 0.428125 0.4134259259259259 0.4270833333333333 0.41574074074074074 0.42604166666666665 0.4199074074074074 0.42630208333333336 0.42314814814814816 0.42734375 0.42685185185185187 0.4278645833333333 0.43333333333333335 0.4296875 0.4388888888888889 0.43203125 0.44305555555555554 0.4328125 0.45231481481481484 0.43645833333333334 0.4634259259259259 0.4395833333333333 0.475462962962963 0.44427083333333334 0.48564814814814816 0.4473958333333333 0.4898148148148148 0.44817708333333334 0.49166666666666664 0.44817708333333334 0.49212962962962964 0.4484375 0.4962962962962963 0.4484375 0.49675925925925923 0.44817708333333334 0.4981481481481482 0.44817708333333334 0.500462962962963 0.446875 0.5018518518518519 0.4453125 0.5018518518518519 0.44453125 0.5027777777777778 0.4432291666666667 0.5023148148148148 0.44296875 0.5013888888888889 0.44036458333333334 0.500462962962963 0.4393229166666667 0.4976851851851852 0.4375 0.4962962962962963 0.43723958333333335 0.4935185185185185 0.4354166666666667 0.49166666666666664 0.43515625 0.48657407407407405 0.43333333333333335 0.48333333333333334 0.43255208333333334 0.4791666666666667 0.43046875 0.4740740740740741 0.42890625 0.47129629629629627 0.4276041666666667 0.4666666666666667 0.42682291666666666 0.46574074074074073 0.42630208333333336 0.46064814814814814 0.425 0.45092592592592595 0.42109375 0.44907407407407407 0.42083333333333334 0.44722222222222224 0.4197916666666667 0.4439814814814815 0.41901041666666666 0.43703703703703706 0.41640625 0.4337962962962963 0.41458333333333336 0.43148148148148147 0.4122395833333333 0.43194444444444446 0.409375 0.4324074074074074 0.40911458333333334 0.4324074074074074 0.4075520833333333 0.43148148148148147 0.40598958333333335 0.4287037037037037 0.4044270833333333 0.4287037037037037 0.4041666666666667 0.4273148148148148 0.40390625 0.42407407407407405 0.40390625 0.4236111111111111 0.4036458333333333 0.42314814814814816 0.40390625 0.4203703703703704 0.4041666666666667
2 0.45092592592592595 0.45364583333333336 0.4425925925925926 0.44765625 0.4393518518518518 0.44583333333333336 0.4356481481481482 0.44479166666666664 0.4324074074074074 0.4453125 0.4273148148148148 0.4471354166666667 0.425462962962963 0.4544270833333333 0.42083333333333334 0.45729166666666665 0.41064814814814815 0.46119791666666665 0.40185185185185185 0.46536458333333336 0.38842592592592595 0.4700520833333333 0.3814814814814815 0.47369791666666666 0.3768518518518518 0.475 0.3527777777777778 0.48489583333333336 0.3490740740740741 0.4856770833333333 0.3425925925925926 0.4890625 0.32916666666666666 0.4940104166666667 0.325 0.49609375 0.3143518518518518 0.49973958333333335 0.30833333333333335 0.5026041666666666 0.2912037037037037 0.5091145833333334 0.2828703703703704 0.5138020833333333 0.2814814814814815 0.5174479166666667 0.2828703703703704 0.51875 0.28703703703703703 0.52109375 0.2898148148148148 0.5216145833333333 0.29768518518518516 0.52109375 0.30324074074074076 0.5197916666666667 0.3101851851851852 0.5174479166666667 0.3263888888888889 0.51015625 0.34074074074074073 0.5049479166666667 0.3453703703703704 0.5026041666666666 0.3486111111111111 0.5018229166666667 0.35694444444444445 0.4979166666666667 0.3611111111111111 0.49713541666666666 0.36944444444444446 0.49453125 0.3768518518518518 0.4903645833333333 0.37962962962962965 0.4895833333333333 0.3888888888888889 0.48515625 0.40046296296296297 0.48098958333333336 0.4212962962962963 0.471875 0.4287037037037037 0.4700520833333333 0.4388888888888889 0.4666666666666667 0.45046296296296295 0.46796875 0.4546296296296296 0.46770833333333334 0.4587962962962963 0.4666666666666667 0.45925925925925926 0.4622395833333333
5 0.4625 0.55625 0.462037037037037 0.5565104166666667 0.46111111111111114 0.5565104166666667 0.4587962962962963 0.5578125 0.45694444444444443 0.5604166666666667 0.45694444444444443 0.56171875 0.4564814814814815 0.5619791666666667 0.45601851851851855 0.56484375 0.45555555555555555 0.5651041666666666 0.45555555555555555 0.5666666666666667 0.4550925925925926 0.5669270833333333 0.4550925925925926 0.5684895833333333 0.4546296296296296 0.56875 0.4546296296296296 0.5700520833333333 0.45416666666666666 0.5703125 0.45416666666666666 0.571875 0.4537037037037037 0.5721354166666667 0.4537037037037037 0.57421875 0.4532407407407407 0.5744791666666667 0.4532407407407407 0.5765625 0.4527777777777778 0.5768229166666666 0.4527777777777778 0.5786458333333333 0.45231481481481484 0.57890625 0.45231481481481484 0.5815104166666667 0.45185185185185184 0.5817708333333333 0.45185185185185184 0.5848958333333333 0.4513888888888889 0.58515625 0.4513888888888889 0.58671875 0.44907407407407407 0.58828125 0.4444444444444444 0.5893229166666667 0.4393518518518518 0.5895833333333333 0.4351851851851852 0.5916666666666667 0.4351851851851852 0.5927083333333333 0.43472222222222223 0.59296875 0.43425925925925923 0.5950520833333334 0.4337962962962963 0.5953125 0.4337962962962963 0.5986979166666667 0.43333333333333335 0.5989583333333334 0.43333333333333335 0.5994791666666667 0.4351851851851852 0.6010416666666667 0.4375 0.6015625 0.4412037037037037 0.6033854166666667 0.44351851851851853 0.60390625 0.4449074074074074 0.60390625 0.44675925925925924 0.6044270833333333 0.44907407407407407 0.6044270833333333 0.449537037037037 0.6046875 0.4537037037037037 0.6049479166666667 0.45416666666666666 0.6052083333333333 0.45601851851851855 0.6052083333333333 0.4564814814814815 0.60546875 0.4587962962962963 0.60546875 0.45925925925925926 0.6057291666666667 0.46296296296296297 0.6059895833333333 0.4634259259259259 0.60625 0.46574074074074073 0.60625 0.46620370370370373 0.6065104166666667 0.4675925925925926 0.6065104166666667 0.46805555555555556 0.60625 0.47453703703703703 0.60625 0.475 0.6059895833333333 0.47638888888888886 0.6059895833333333 0.4787037037037037 0.60546875 0.4824074074074074 0.6052083333333333 0.4828703703703704 0.6049479166666667 0.48564814814814816 0.6046875 0.4875 0.6041666666666666 0.48842592592592593 0.6036458333333333 0.4898148148148148 0.6033854166666667 0.49212962962962964 0.6020833333333333 0.4935185185185185 0.6 0.4935185185185185 0.5973958333333333 0.4930555555555556 0.5971354166666667 0.4930555555555556 0.5953125 0.49027777777777776 0.59296875 0.4875 0.5921875 0.48333333333333334 0.5903645833333333 0.4824074074074074 0.5890625 0.4824074074074074 0.5880208333333333 0.48194444444444445 0.5877604166666667 0.48194444444444445 0.5872395833333334 0.4824074074074074 0.5869791666666667 0.4824074074074074 0.5822916666666667 0.4828703703703704 0.58203125 0.4828703703703704 0.5794270833333334 0.48333333333333334 0.5791666666666667 0.4837962962962963 0.5744791666666667 0.4842592592592593 0.57421875 0.4842592592592593 0.5713541666666667 0.4847222222222222 0.57109375 0.4847222222222222 0.5692708333333333 0.48518518518518516 0.5690104166666666 0.48564814814814816 0.5653645833333333 0.4861111111111111 0.5651041666666666 0.4861111111111111 0.5598958333333334 0.4837962962962963 0.5578125 0.48333333333333334 0.5578125 0.48194444444444445 0.55703125 0.4810185185185185 0.55703125 0.47962962962962963 0.5565104166666667 0.47685185185185186 0.5565104166666667 0.47638888888888886 0.55625
6 0.5180555555555556 0.6315104166666666 0.5111111111111111 0.6315104166666666 0.5106481481481482 0.6317708333333333 0.5074074074074074 0.6317708333333333 0.5069444444444444 0.63203125 0.5013888888888889 0.63203125 0.5009259259259259 0.6322916666666667 0.49953703703703706 0.6322916666666667 0.49907407407407406 0.6325520833333333 0.4976851851851852 0.6325520833333333 0.49722222222222223 0.6328125 0.4962962962962963 0.6328125 0.49583333333333335 0.6330729166666667 0.49398148148148147 0.6330729166666667 0.4930555555555556 0.63359375 0.49166666666666664 0.6338541666666667 0.4898148148148148 0.6346354166666667 0.4898148148148148 0.6348958333333333 0.48935185185185187 0.63515625 0.48935185185185187 0.6356770833333333 0.4888888888888889 0.6359375 0.48842592592592593 0.63671875 0.4875 0.6372395833333333 0.4875 0.6375 0.48703703703703705 0.6377604166666667 0.48703703703703705 0.6380208333333334 0.48657407407407405 0.63828125 0.48657407407407405 0.6385416666666667 0.4861111111111111 0.6388020833333333 0.4861111111111111 0.6390625 0.48564814814814816 0.6393229166666666 0.48564814814814816 0.6395833333333333 0.48518518518518516 0.63984375 0.48333333333333334 0.6421875 0.4824074074074074 0.6427083333333333 0.4824074074074074 0.64296875 0.48194444444444445 0.6432291666666666 0.48194444444444445 0.64375 0.48055555555555557 0.6450520833333333 0.48055555555555557 0.6455729166666667 0.48009259259259257 0.6458333333333334 0.48009259259259257 0.6463541666666667 0.47962962962962963 0.6466145833333333 0.47962962962962963 0.6505208333333333 0.48009259259259257 0.65078125 0.48055555555555557 0.6515625 0.48148148148148145 0.6520833333333333 0.48194444444444445 0.6528645833333333 0.48333333333333334 0.6536458333333334 0.48333333333333334 0.65390625 0.48703703703703705 0.6559895833333333 0.48703703703703705 0.65625 0.48842592592592593 0.65703125 0.48842592592592593 0.6572916666666667 0.48935185185185187 0.6578125 0.48935185185185187 0.6580729166666667 0.49212962962962964 0.6596354166666667 0.49212962962962964 0.6598958333333333 0.49444444444444446 0.6611979166666667 0.4949074074074074 0.6611979166666667 0.4962962962962963 0.6619791666666667 0.49675925925925923 0.6619791666666667 0.4981481481481482 0.6625 0.49953703703703706 0.6625 0.5 0.6627604166666666 0.5013888888888889 0.6627604166666666 0.5018518518518519 0.6630208333333333 0.5037037037037037 0.6630208333333333 0.5041666666666667 0.66328125 0.5087962962962963 0.66328125 0.5092592592592593 0.6635416666666667 0.5097222222222222 0.66328125 0.513425925925926 0.66328125 0.5138888888888888 0.6630208333333333 0.5162037037037037 0.6627604166666666 0.5175925925925926 0.6622395833333333 0.5194444444444445 0.6622395833333333 0.5199074074074074 0.6619791666666667 0.5212962962962963 0.6619791666666667 0.5217592592592593 0.66171875 0.524074074074074 0.6611979166666667 0.525 0.6606770833333333 0.5254629629629629 0.6606770833333333 0.5337962962962963 0.6559895833333333 0.5337962962962963 0.6557291666666667 0.5347222222222222 0.6552083333333333 0.5347222222222222 0.6549479166666666 0.5356481481481481 0.6541666666666667 0.5356481481481481 0.6536458333333334 0.5361111111111111 0.6533854166666667 0.5361111111111111 0.6528645833333333 0.5365740740740741 0.6526041666666667 0.5365740740740741 0.6518229166666667 0.5370370370370371 0.6515625 0.5370370370370371 0.6505208333333333 0.5375 0.6502604166666667 0.5375 0.6479166666666667 0.537962962962963 0.64765625 0.537962962962963 0.6453125 0.5375 0.6450520833333333 0.5375 0.6440104166666667 0.5370370370370371 0.64375 0.5365740740740741 0.6424479166666667 0.5337962962962963 0.6408854166666667 0.5337962962962963 0.640625 0.5324074074074074 0.63984375 0.5324074074074074 0.6395833333333333 0.5310185185185186 0.6385416666666667 0.5310185185185186 0.63828125 0.5282407407407408 0.63671875 0.5282407407407408 0.6364583333333333 0.5273148148148148 0.6359375 0.5273148148148148 0.6356770833333333 0.5263888888888889 0.63515625 0.5263888888888889 0.6348958333333333 0.5254629629629629 0.634375 0.5254629629629629 0.6341145833333334 0.524537037037037 0.63359375 0.524074074074074 0.63359375 0.5222222222222223 0.6325520833333333 0.5217592592592593 0.6325520833333333 0.5203703703703704 0.63203125 0.5194444444444445 0.63203125
2 0.575925925925926 0.5059895833333333 0.5722222222222222 0.5072916666666667 0.5694444444444444 0.5096354166666667 0.5694444444444444 0.5135416666666667 0.5731481481481482 0.5158854166666667 0.5800925925925926 0.515625 0.5819444444444445 0.5169270833333334 0.5851851851851851 0.54609375 0.5856481481481481 0.5666666666666667 0.5875 0.5856770833333333 0.5888888888888889 0.61484375 0.5902777777777778 0.6177083333333333 0.5925925925925926 0.6192708333333333 0.5949074074074074 0.6192708333333333 0.5986111111111111 0.6200520833333333 0.6078703703703704 0.6197916666666666 0.6111111111111112 0.6190104166666667 0.6125 0.6158854166666666 0.611574074074074 0.5864583333333333 0.6101851851851852 0.57890625 0.6092592592592593 0.5640625 0.6078703703703704 0.5583333333333333 0.6078703703703704 0.55234375 0.6069444444444444 0.55 0.6074074074074074 0.5388020833333333 0.6064814814814815 0.5174479166666667 0.6092592592592593 0.5158854166666667 0.6143518518518518 0.51484375 0.6175925925925926 0.5135416666666667 0.6180555555555556 0.5096354166666667 0.6152777777777778 0.5067708333333333 0.6097222222222223 0.5057291666666667 0.5912037037037037 0.50546875
4 0.638425925925926 0.31875 0.6356481481481482 0.3171875 0.6319444444444444 0.31614583333333335 0.6310185185185185 0.315625 0.6263888888888889 0.3151041666666667 0.625 0.315625 0.6226851851851852 0.31588541666666664 0.6180555555555556 0.31744791666666666 0.6148148148148148 0.31796875 0.6064814814814815 0.3203125 0.6041666666666666 0.32135416666666666 0.5930555555555556 0.32447916666666665 0.5921296296296297 0.32447916666666665 0.587037037037037 0.3260416666666667 0.5856481481481481 0.3260416666666667 0.5842592592592593 0.3265625 0.5833333333333334 0.3265625 0.5791666666666667 0.32786458333333335 0.575462962962963 0.32838541666666665 0.5722222222222222 0.3296875 0.5680555555555555 0.33046875 0.5643518518518519 0.33177083333333335 0.5597222222222222 0.33229166666666665 0.5564814814814815 0.33098958333333334 0.5523148148148148 0.3302083333333333 0.5518518518518518 0.33046875 0.549074074074074 0.33046875 0.5486111111111112 0.3307291666666667 0.5467592592592593 0.3307291666666667 0.5462962962962963 0.33098958333333334 0.5430555555555555 0.33125 0.537962962962963 0.33255208333333336 0.5365740740740741 0.33359375 0.5365740740740741 0.33541666666666664 0.5361111111111111 0.33567708333333335 0.5365740740740741 0.34036458333333336 0.5370370370370371 0.340625 0.5370370370370371 0.3416666666666667 0.5398148148148149 0.34453125 0.5398148148148149 0.3450520833333333 0.5425925925925926 0.34817708333333336 0.5435185185185185 0.35 0.5481481481481482 0.3528645833333333 0.5481481481481482 0.353125 0.5523148148148148 0.35494791666666664 0.5555555555555556 0.35572916666666665 0.5601851851851852 0.35572916666666665 0.5611111111111111 0.35546875 0.5625 0.3546875 0.5671296296296297 0.353125 0.5685185185185185 0.35130208333333335 0.5703703703703704 0.34609375 0.5712962962962963 0.3450520833333333 0.5726851851851852 0.34427083333333336 0.575 0.34348958333333335 0.575925925925926 0.34348958333333335 0.5810185185185185 0.3416666666666667 0.5851851851851851 0.34088541666666666 0.5879629629629629 0.33984375 0.5912037037037037 0.33932291666666664 0.6037037037037037 0.3359375 0.6074074074074074 0.33541666666666664 0.6106481481481482 0.3338541666666667 0.6125 0.3333333333333333 0.6148148148148148 0.33307291666666666 0.6189814814814815 0.33177083333333335 0.6222222222222222 0.33151041666666664 0.6259259259259259 0.3299479166666667 0.6351851851851852 0.32734375 0.638425925925926 0.32526041666666666 0.6402777777777777 0.3223958333333333 0.6398148148148148 0.32083333333333336
3 0.6143518518518518 0.5401041666666667 0.6138888888888889 0.5403645833333334 0.6101851851851852 0.5408854166666667 0.6087962962962963 0.5416666666666666 0.6078703703703704 0.5427083333333333 0.6078703703703704 0.5434895833333333 0.6074074074074074 0.54375 0.6074074074074074 0.5502604166666667 0.6078703703703704 0.5505208333333333 0.6078703703703704 0.5518229166666667 0.6092592592592593 0.5536458333333333 0.611574074074074 0.5549479166666667 0.6143518518518518 0.5557291666666667 0.6162037037037037 0.5567708333333333 0.6162037037037037 0.5583333333333333 0.6166666666666667 0.55859375 0.6166666666666667 0.56171875 0.6162037037037037 0.5619791666666667 0.6162037037037037 0.56484375 0.6157407407407407 0.5651041666666666 0.6157407407407407 0.5700520833333333 0.6152777777777778 0.5703125 0.6152777777777778 0.571875 0.6148148148148148 0.5721354166666667 0.6148148148148148 0.5770833333333333 0.6143518518518518 0.57734375 0.6143518518518518 0.5846354166666666 0.6148148148148148 0.5848958333333333 0.6148148148148148 0.5859375 0.6152777777777778 0.5861979166666667 0.6152777777777778 0.5875 0.6162037037037037 0.5885416666666666 0.6189814814814815 0.5901041666666667 0.624537037037037 0.5903645833333333 0.625 0.590625 0.6282407407407408 0.590625 0.6287037037037037 0.5908854166666667 0.6319444444444444 0.5908854166666667 0.6324074074074074 0.5911458333333334 0.6370370370370371 0.5911458333333334 0.6375 0.5908854166666667 0.6388888888888888 0.5908854166666667 0.6439814814814815 0.5893229166666667 0.6449074074074074 0.5893229166666667 0.6467592592592593 0.5888020833333333 0.6486111111111111 0.5875 0.649074074074074 0.5859375 0.6509259259259259 0.5833333333333334 0.6509259259259259 0.58125 0.6513888888888889 0.5809895833333333 0.6513888888888889 0.57421875 0.6518518518518519 0.5739583333333333 0.6518518518518519 0.5716145833333334 0.6523148148148148 0.5713541666666667 0.6523148148148148 0.5692708333333333 0.6527777777777778 0.5690104166666666 0.6527777777777778 0.5671875 0.6532407407407408 0.5669270833333333 0.6532407407407408 0.5645833333333333 0.6537037037037037 0.5643229166666667 0.6537037037037037 0.5627604166666667 0.6541666666666667 0.5625 0.6546296296296297 0.56015625 0.6550925925925926 0.5598958333333334 0.6550925925925926 0.559375 0.6569444444444444 0.5580729166666667 0.6601851851851852 0.55703125 0.663425925925926 0.5565104166666667 0.6657407407407407 0.5552083333333333 0.6675925925925926 0.5526041666666667 0.6675925925925926 0.5505208333333333 0.6680555555555555 0.5502604166666667 0.6680555555555555 0.54765625 0.6675925925925926 0.5473958333333333 0.6675925925925926 0.5463541666666667 0.6671296296296296 0.54609375 0.6666666666666666 0.5447916666666667 0.6657407407407407 0.5442708333333334 0.6611111111111111 0.54296875 0.6601851851851852 0.54296875 0.6587962962962963 0.5424479166666667 0.6555555555555556 0.5421875 0.6550925925925926 0.5419270833333333 0.6532407407407408 0.5419270833333333 0.6527777777777778 0.5416666666666666 0.649537037037037 0.54140625 0.6476851851851851 0.5408854166666667 0.6453703703703704 0.5408854166666667 0.6449074074074074 0.540625 0.6425925925925926 0.540625 0.6421296296296296 0.5403645833333334 0.6337962962962963 0.5401041666666667 0.6333333333333333 0.53984375 0.6310185185185185 0.53984375 0.6305555555555555 0.5395833333333333 0.6208333333333333 0.5395833333333333 0.6203703703703703 0.53984375 0.6166666666666667 0.53984375 0.6162037037037037 0.5401041666666667
4 0.5393518518518519 0.23619791666666667 0.5393518518518519 0.23958333333333334 0.5388888888888889 0.23984375 0.5388888888888889 0.24088541666666666 0.5393518518518519 0.24114583333333334 0.5398148148148149 0.2520833333333333 0.5407407407407407 0.25286458333333334 0.5412037037037037 0.25390625 0.5444444444444444 0.2557291666666667 0.5472222222222223 0.2557291666666667 0.5476851851851852 0.2559895833333333 0.5486111111111112 0.2559895833333333 0.549074074074074 0.2557291666666667 0.5532407407407407 0.2557291666666667 0.5537037037037037 0.25546875 0.5564814814814815 0.2552083333333333 0.5601851851851852 0.25364583333333335 0.562037037037037 0.2518229166666667 0.562037037037037 0.2513020833333333 0.562962962962963 0.25026041666666665 0.5643518518518519 0.24947916666666667 0.5694444444444444 0.24921875 0.5699074074074074 0.24895833333333334 0.5731481481481482 0.24895833333333334 0.5736111111111111 0.24869791666666666 0.5763888888888888 0.24869791666666666 0.5768518518518518 0.2484375 0.6092592592592593 0.2484375 0.6097222222222223 0.24817708333333333 0.6143518518518518 0.24817708333333333 0.6148148148148148 0.2484375 0.6240740740740741 0.24817708333333333 0.624537037037037 0.2484375 0.6282407407407408 0.2484375 0.6287037037037037 0.24817708333333333 0.6430555555555556 0.24791666666666667 0.6462962962962963 0.24635416666666668 0.6462962962962963 0.24557291666666667 0.6472222222222223 0.24427083333333333 0.6472222222222223 0.23802083333333332 0.6467592592592593 0.23776041666666667 0.6467592592592593 0.23671875 0.6462962962962963 0.23619791666666667 0.6449074074074074 0.23567708333333334 0.6402777777777777 0.23515625 0.6398148148148148 0.23489583333333333 0.6277777777777778 0.23489583333333333 0.6273148148148148 0.23515625 0.6203703703703703 0.23515625 0.6199074074074075 0.23541666666666666 0.6175925925925926 0.23541666666666666 0.6171296296296296 0.23515625 0.6138888888888889 0.23515625 0.6134259259259259 0.23541666666666666 0.600462962962963 0.23541666666666666 0.6 0.23515625 0.5837962962962963 0.23515625 0.5833333333333334 0.23541666666666666 0.5791666666666667 0.23541666666666666 0.5787037037037037 0.23515625 0.5726851851851852 0.23515625 0.5722222222222222 0.23541666666666666 0.5717592592592593 0.23515625 0.5657407407407408 0.23489583333333333 0.5634259259259259 0.234375 0.5611111111111111 0.23307291666666666 0.5592592592592592 0.23125 0.5560185185185185 0.22994791666666667 0.5509259259259259 0.22994791666666667 0.5504629629629629 0.2296875 0.5481481481481482 0.2296875 0.5476851851851852 0.22994791666666667 0.5458333333333333 0.22994791666666667 0.5439814814814815 0.23046875 0.5407407407407407 0.23359375 0.5402777777777777 0.23515625
1 0.7203703703703703 0.5622395833333333 0.7199074074074074 0.5619791666666667 0.7194444444444444 0.5619791666666667 0.7175925925925926 0.5609375 0.7175925925925926 0.5606770833333333 0.7134259259259259 0.5583333333333333 0.7134259259259259 0.5580729166666667 0.7092592592592593 0.5557291666666667 0.7092592592592593 0.55546875 0.7087962962962963 0.5552083333333333 0.7083333333333334 0.5552083333333333 0.7041666666666667 0.5528645833333333 0.7037037037037037 0.5528645833333333 0.7032407407407407 0.5526041666666667 0.7023148148148148 0.5526041666666667 0.700925925925926 0.5520833333333334 0.700462962962963 0.55234375 0.6981481481481482 0.55234375 0.6976851851851852 0.5526041666666667 0.6967592592592593 0.5526041666666667 0.6925925925925925 0.5549479166666667 0.6925925925925925 0.5552083333333333 0.6888888888888889 0.5575520833333333 0.6884259259259259 0.5575520833333333 0.6875 0.5580729166666667 0.687037037037037 0.5580729166666667 0.6865740740740741 0.5583333333333333 0.6851851851851852 0.55859375 0.6842592592592592 0.5591145833333333 0.6837962962962963 0.5591145833333333 0.6814814814814815 0.5604166666666667 0.6814814814814815 0.5614583333333333 0.6819444444444445 0.56171875 0.6819444444444445 0.56328125 0.6824074074074075 0.5635416666666667 0.6824074074074075 0.5643229166666667 0.6819444444444445 0.5645833333333333 0.6819444444444445 0.56484375 0.6787037037037037 0.5666666666666667 0.6787037037037037 0.5669270833333333 0.6773148148148148 0.5677083333333334 0.6773148148148148 0.56796875 0.6759259259259259 0.56875 0.6759259259259259 0.5690104166666666 0.674537037037037 0.5697916666666667 0.674074074074074 0.5697916666666667 0.6648148148148149 0.5752604166666667 0.6643518518518519 0.5752604166666667 0.662962962962963 0.5760416666666667 0.6625 0.5760416666666667 0.6620370370370371 0.5763020833333333 0.6620370370370371 0.5765625 0.6569444444444444 0.5794270833333334 0.6564814814814814 0.5794270833333334 0.6555555555555556 0.5799479166666667 0.6555555555555556 0.58046875 0.6550925925925926 0.5807291666666666 0.6550925925925926 0.58125 0.6546296296296297 0.5815104166666667 0.6546296296296297 0.58203125 0.6541666666666667 0.5822916666666667 0.6541666666666667 0.5828125 0.6537037037037037 0.5830729166666667 0.6537037037037037 0.5846354166666666 0.6541666666666667 0.5848958333333333 0.6541666666666667 0.5854166666666667 0.6546296296296297 0.5856770833333333 0.6546296296296297 0.5859375 0.6564814814814814 0.5869791666666667 0.6569444444444444 0.5869791666666667 0.6587962962962963 0.5877604166666667 0.6592592592592592 0.5877604166666667 0.6597222222222222 0.5880208333333333 0.6606481481481481 0.5880208333333333 0.6611111111111111 0.58828125 0.6662037037037037 0.58828125 0.6666666666666666 0.5880208333333333 0.6680555555555555 0.5877604166666667 0.6689814814814815 0.5872395833333334 0.6694444444444444 0.5872395833333334 0.6726851851851852 0.5854166666666667 0.6731481481481482 0.5854166666666667 0.6814814814814815 0.5809895833333333 0.6819444444444445 0.5809895833333333 0.6837962962962963 0.5799479166666667 0.6842592592592592 0.5799479166666667 0.6875 0.578125 0.687962962962963 0.578125 0.6888888888888889 0.5776041666666667 0.6902777777777778 0.57734375 0.6935185185185185 0.57578125 0.6939814814814815 0.57578125 0.6958333333333333 0.575 0.6962962962962963 0.575 0.6967592592592593 0.5747395833333333 0.6976851851851852 0.5747395833333333 0.6981481481481482 0.5744791666666667 0.700925925925926 0.5744791666666667 0.7013888888888888 0.57421875 0.7050925925925926 0.57421875 0.7060185185185185 0.5736979166666667 0.7064814814814815 0.5736979166666667 0.7083333333333334 0.5729166666666666 0.7087962962962963 0.5729166666666666 0.7087962962962963 0.57265625 0.7106481481481481 0.5716145833333334 0.7106481481481481 0.5713541666666667 0.7129629629629629 0.5700520833333333 0.7134259259259259 0.5700520833333333 0.7148148148148148 0.5692708333333333 0.7152777777777778 0.5692708333333333 0.7162037037037037 0.56875 0.7166666666666667 0.56875 0.7175925925925926 0.5682291666666667 0.7180555555555556 0.5682291666666667 0.7185185185185186 0.56796875 0.7185185185185186 0.5677083333333334 0.7203703703703703 0.5669270833333333 0.7203703703703703 0.5666666666666667 0.7208333333333333 0.56640625 0.7208333333333333 0.5658854166666667 0.7217592592592592 0.5651041666666666 0.7217592592592592 0.5638020833333334 0.7212962962962963 0.5635416666666667
1 0.6324074074074074 0.3921875 0.6324074074074074 0.39609375 0.6328703703703704 0.3963541666666667 0.6328703703703704 0.396875 0.6333333333333333 0.3971354166666667 0.6342592592592593 0.3984375 0.6365740740740741 0.3997395833333333 0.6370370370370371 0.3997395833333333 0.6375 0.4 0.638425925925926 0.4 0.6388888888888888 0.4002604166666667 0.6412037037037037 0.4002604166666667 0.6416666666666667 0.4005208333333333 0.6430555555555556 0.4005208333333333 0.6435185185185185 0.40078125 0.6444444444444445 0.40078125 0.6458333333333334 0.40130208333333334 0.6472222222222223 0.40130208333333334 0.6476851851851851 0.4015625 0.6550925925925926 0.4015625 0.6555555555555556 0.40182291666666664 0.6592592592592592 0.40182291666666664 0.6597222222222222 0.4015625 0.6620370370370371 0.4015625 0.6625 0.40130208333333334 0.6638888888888889 0.4010416666666667 0.6648148148148149 0.4005208333333333 0.6652777777777777 0.4005208333333333 0.6685185185185185 0.39947916666666666 0.6819444444444445 0.39947916666666666 0.6824074074074075 0.3997395833333333 0.6865740740740741 0.3997395833333333 0.687037037037037 0.4 0.687962962962963 0.4 0.6884259259259259 0.4002604166666667 0.6990740740740741 0.4002604166666667 0.6995370370370371 0.4 0.7013888888888888 0.4 0.7027777777777777 0.39947916666666666 0.7037037037037037 0.39947916666666666 0.7041666666666667 0.39921875 0.7046296296296296 0.39921875 0.7064814814814815 0.39791666666666664 0.7064814814814815 0.39765625 0.7078703703703704 0.3963541666666667 0.7078703703703704 0.3921875 0.7074074074074074 0.3919270833333333 0.7069444444444445 0.39114583333333336 0.7050925925925926 0.38984375 0.7046296296296296 0.38984375 0.7041666666666667 0.38958333333333334 0.7032407407407407 0.38958333333333334 0.7027777777777777 0.3893229166666667 0.7018518518518518 0.3893229166666667 0.7013888888888888 0.3890625 0.6967592592592593 0.3890625 0.6962962962962963 0.3888020833333333 0.6939814814814815 0.3888020833333333 0.6935185185185185 0.3885416666666667 0.687962962962963 0.3885416666666667 0.6875 0.38828125 0.6833333333333333 0.38828125 0.6828703703703703 0.3880208333333333 0.6796296296296296 0.3880208333333333 0.6791666666666667 0.38776041666666666 0.6763888888888889 0.38776041666666666 0.6759259259259259 0.3875 0.6736111111111112 0.3875 0.6708333333333333 0.3859375 0.6699074074074074 0.3846354166666667 0.6689814814814815 0.3841145833333333 0.6685185185185185 0.3841145833333333 0.6662037037037037 0.3828125 0.6657407407407407 0.3828125 0.6652777777777777 0.38255208333333335 0.6611111111111111 0.38255208333333335 0.6606481481481481 0.3828125 0.6597222222222222 0.3828125 0.6583333333333333 0.38333333333333336 0.6569444444444444 0.38333333333333336 0.6564814814814814 0.38359375 0.6550925925925926 0.38359375 0.6546296296296297 0.38385416666666666 0.6532407407407408 0.38385416666666666 0.6527777777777778 0.38359375 0.6513888888888889 0.38359375 0.6509259259259259 0.38333333333333336 0.6467592592592593 0.38333333333333336 0.6462962962962963 0.38307291666666665 0.6458333333333334 0.38333333333333336 0.6416666666666667 0.38333333333333336 0.6412037037037037 0.38359375 0.6388888888888888 0.38359375 0.638425925925926 0.38385416666666666 0.637962962962963 0.38385416666666666 0.6365740740740741 0.3846354166666667 0.6365740740740741 0.3848958333333333 0.6356481481481482 0.38567708333333334 0.6356481481481482 0.38619791666666664 0.6351851851851852 0.38645833333333335 0.6351851851851852 0.38697916666666665 0.6347222222222222 0.38723958333333336 0.6347222222222222 0.38776041666666666 0.6342592592592593 0.3880208333333333 0.6342592592592593 0.3890625 0.6337962962962963 0.3893229166666667 0.6333333333333333 0.39114583333333336 0.6328703703703704 0.39140625 0.6328703703703704 0.3919270833333333
1 0.5814814814814815 0.3888020833333333 0.5814814814814815 0.3890625 0.5800925925925926 0.38984375 0.5800925925925926 0.39010416666666664 0.5791666666666667 0.39088541666666665 0.5787037037037037 0.3921875 0.5782407407407407 0.3924479166666667 0.5787037037037037 0.3927083333333333 0.5787037037037037 0.39348958333333334 0.5791666666666667 0.39375 0.5791666666666667 0.39453125 0.5796296296296296 0.39479166666666665 0.5796296296296296 0.39557291666666666 0.5800925925925926 0.3958333333333333 0.5800925925925926 0.3963541666666667 0.5805555555555556 0.3963541666666667 0.5819444444444445 0.3971354166666667 0.5824074074074074 0.3971354166666667 0.5833333333333334 0.39765625 0.5837962962962963 0.39765625 0.5875 0.39947916666666666 0.5879629629629629 0.39947916666666666 0.5884259259259259 0.3997395833333333 0.5916666666666667 0.4005208333333333 0.5925925925925926 0.4010416666666667 0.5976851851851852 0.40234375 0.5986111111111111 0.40286458333333336 0.5990740740740741 0.40286458333333336 0.600925925925926 0.4036458333333333 0.6013888888888889 0.4036458333333333 0.6037037037037037 0.4049479166666667 0.6041666666666666 0.4049479166666667 0.6050925925925926 0.40546875 0.6074074074074074 0.40598958333333335 0.6087962962962963 0.40703125 0.6087962962962963 0.4075520833333333 0.6092592592592593 0.4078125 0.6092592592592593 0.4083333333333333 0.6097222222222223 0.40859375 0.6097222222222223 0.40911458333333334 0.6101851851851852 0.409375 0.6101851851851852 0.40989583333333335 0.6106481481481482 0.41015625 0.6111111111111112 0.4114583333333333 0.612037037037037 0.4122395833333333 0.6125 0.4122395833333333 0.6148148148148148 0.41328125 0.6180555555555556 0.41354166666666664 0.6185185185185185 0.41380208333333335 0.6194444444444445 0.41380208333333335 0.6199074074074075 0.4140625 0.6208333333333333 0.4140625 0.6212962962962963 0.41432291666666665 0.6226851851851852 0.41458333333333336 0.6268518518518519 0.41692708333333334 0.6277777777777778 0.41692708333333334 0.6282407407407408 0.4171875 0.6287037037037037 0.4171875 0.6291666666666667 0.41744791666666664 0.6300925925925925 0.41744791666666664 0.6305555555555555 0.41770833333333335 0.6342592592592593 0.41770833333333335 0.6347222222222222 0.41744791666666664 0.6361111111111111 0.4171875 0.6370370370370371 0.4166666666666667 0.638425925925926 0.41640625 0.6393518518518518 0.4158854166666667 0.6393518518518518 0.415625 0.6421296296296296 0.41380208333333335 0.6421296296296296 0.41354166666666664 0.6430555555555556 0.41302083333333334 0.6435185185185185 0.4122395833333333 0.6444444444444445 0.41171875 0.6449074074074074 0.4109375 0.6467592592592593 0.40963541666666664 0.6467592592592593 0.409375 0.6476851851851851 0.40859375 0.6476851851851851 0.4080729166666667 0.6481481481481481 0.4078125 0.6481481481481481 0.40677083333333336 0.6486111111111111 0.40651041666666665 0.6486111111111111 0.40572916666666664 0.649074074074074 0.40546875 0.649074074074074 0.4049479166666667 0.649537037037037 0.4046875 0.649537037037037 0.40286458333333336 0.649074074074074 0.40260416666666665 0.649074074074074 0.40208333333333335 0.6476851851851851 0.40078125 0.6453703703703704 0.4002604166666667 0.6430555555555556 0.39921875 0.6425925925925926 0.39921875 0.6402777777777777 0.3984375 0.6393518518518518 0.3984375 0.6388888888888888 0.39817708333333335 0.638425925925926 0.39817708333333335 0.6370370370370371 0.39739583333333334 0.6365740740740741 0.39739583333333334 0.6337962962962963 0.3958333333333333 0.6333333333333333 0.3958333333333333 0.6319444444444444 0.3953125 0.6268518518518519 0.3953125 0.6263888888888889 0.39557291666666666 0.625 0.39557291666666666 0.624537037037037 0.3958333333333333 0.6236111111111111 0.3958333333333333 0.6231481481481481 0.39609375 0.6212962962962963 0.39609375 0.6208333333333333 0.3963541666666667 0.6180555555555556 0.3963541666666667 0.6175925925925926 0.39609375 0.611574074074074 0.39453125 0.6106481481481482 0.39401041666666664 0.6101851851851852 0.39401041666666664 0.6092592592592593 0.39348958333333334 0.6087962962962963 0.39348958333333334 0.6074074074074074 0.3927083333333333 0.6064814814814815 0.3927083333333333 0.6050925925925926 0.3921875 0.6041666666666666 0.3921875 0.6037037037037037 0.3919270833333333 0.6032407407407407 0.3919270833333333 0.5995370370370371 0.39010416666666664 0.5986111111111111 0.39010416666666664 0.5925925925925926 0.38828125 0.5916666666666667 0.38828125 0.5912037037037037 0.3880208333333333 0.5902777777777778 0.3880208333333333 0.5898148148148148 0.38776041666666666 0.5884259259259259 0.38776041666666666 0.5879629629629629 0.3875 0.5861111111111111 0.3875 0.5856481481481481 0.38776041666666666 0.5837962962962963 0.38776041666666666 0.5833333333333334 0.3880208333333333 0.5828703703703704 0.3880208333333333
1 0.7828703703703703 0.5768229166666666 0.7828703703703703 0.5770833333333333 0.7814814814814814 0.5778645833333333 0.7814814814814814 0.578125 0.7805555555555556 0.5786458333333333 0.7805555555555556 0.57890625 0.7796296296296297 0.5794270833333334 0.7787037037037037 0.58046875 0.7787037037037037 0.5809895833333333 0.7777777777777778 0.58203125 0.7777777777777778 0.5828125 0.7768518518518519 0.5838541666666667 0.7791666666666667 0.58515625 0.7796296296296297 0.58515625 0.7810185185185186 0.5859375 0.7814814814814814 0.5859375 0.7856481481481481 0.5880208333333333 0.7893518518518519 0.5890625 0.7902777777777777 0.5895833333333333 0.7916666666666666 0.58984375 0.7925925925925926 0.5903645833333333 0.7930555555555555 0.5903645833333333 0.7953703703703704 0.59140625 0.7967592592592593 0.5916666666666667 0.7976851851851852 0.5921875 0.799074074074074 0.5924479166666666 0.8027777777777778 0.5942708333333333 0.8032407407407407 0.5942708333333333 0.8041666666666667 0.5947916666666667 0.8060185185185185 0.5953125 0.8083333333333333 0.5966145833333333 0.8083333333333333 0.596875 0.8097222222222222 0.5979166666666667 0.8097222222222222 0.5984375 0.8106481481481481 0.59921875 0.8106481481481481 0.6005208333333333 0.8111111111111111 0.60078125 0.8111111111111111 0.6015625 0.8115740740740741 0.6018229166666667 0.8115740740740741 0.60234375 0.812037037037037 0.6028645833333334 0.812962962962963 0.6033854166666667 0.8138888888888889 0.6036458333333333 0.8185185185185185 0.6036458333333333 0.8222222222222222 0.6046875 0.825462962962963 0.6065104166666667 0.825462962962963 0.6067708333333334 0.8268518518518518 0.6075520833333333 0.8282407407407407 0.6078125 0.8291666666666667 0.6083333333333333 0.8328703703703704 0.609375 0.8347222222222223 0.609375 0.8351851851851851 0.6091145833333333 0.8375 0.6088541666666667 0.8416666666666667 0.6067708333333334 0.8421296296296297 0.6059895833333333 0.8430555555555556 0.60546875 0.8439814814814814 0.6044270833333333 0.8453703703703703 0.6036458333333333 0.8462962962962963 0.60234375 0.8495370370370371 0.6 0.85 0.5994791666666667 0.85 0.5989583333333334 0.850462962962963 0.5986979166666667 0.850462962962963 0.59765625 0.850925925925926 0.5973958333333333 0.850925925925926 0.5963541666666666 0.8513888888888889 0.59609375 0.8513888888888889 0.5953125 0.850462962962963 0.5947916666666667 0.850462962962963 0.59453125 0.8481481481481481 0.5932291666666667 0.8476851851851852 0.5932291666666667 0.8453703703703703 0.5921875 0.8425925925925926 0.5921875 0.8421296296296297 0.5919270833333333 0.8407407407407408 0.5919270833333333 0.8402777777777778 0.5916666666666667 0.8393518518518519 0.5916666666666667 0.8375 0.5911458333333334 0.8347222222222223 0.58828125 0.8347222222222223 0.5877604166666667 0.8328703703703704 0.5869791666666667 0.8319444444444445 0.5869791666666667 0.8314814814814815 0.58671875 0.8282407407407407 0.58671875 0.8277777777777777 0.5869791666666667 0.8268518518518518 0.5869791666666667 0.8263888888888888 0.5872395833333334 0.8240740740740741 0.5875 0.8222222222222222 0.58828125 0.8203703703703704 0.5872395833333334 0.8199074074074074 0.5872395833333334 0.8185185185185185 0.5864583333333333 0.8171296296296297 0.5861979166666667 0.8162037037037037 0.5856770833333333 0.8138888888888889 0.58515625 0.8106481481481481 0.5838541666666667 0.8027777777777778 0.5817708333333333 0.8018518518518518 0.58125 0.8013888888888889 0.58125 0.8004629629629629 0.5807291666666666 0.7986111111111112 0.5802083333333333 0.7949074074074074 0.578125 0.7939814814814815 0.5778645833333333 0.7930555555555555 0.5778645833333333 0.7925925925925926 0.5776041666666667 0.7916666666666666 0.5776041666666667 0.787962962962963 0.5765625 0.7842592592592592 0.5765625 0.7837962962962963 0.5768229166666666
2 0.7282407407407407 0.2591145833333333 0.7203703703703703 0.2609375 0.7175925925925926 0.2625 0.7166666666666667 0.2635416666666667 0.7171296296296297 0.26796875 0.7231481481481481 0.2791666666666667 0.7277777777777777 0.28489583333333335 0.7319444444444444 0.2921875 0.7337962962962963 0.29401041666666666 0.7416666666666667 0.30625 0.7453703703703703 0.3106770833333333 0.7518518518518519 0.32135416666666666 0.7541666666666667 0.32395833333333335 0.7597222222222222 0.33307291666666666 0.7615740740740741 0.33489583333333334 0.763425925925926 0.3390625 0.7643518518518518 0.33958333333333335 0.7699074074074074 0.34869791666666666 0.7694444444444445 0.3536458333333333 0.7662037037037037 0.35703125 0.7662037037037037 0.3611979166666667 0.7675925925925926 0.36223958333333334 0.774537037037037 0.3645833333333333 0.7805555555555556 0.3645833333333333 0.7851851851851852 0.3640625 0.7986111111111112 0.3611979166666667 0.8074074074074075 0.3572916666666667 0.8101851851851852 0.35390625 0.8101851851851852 0.3528645833333333 0.8064814814814815 0.34921875 0.8023148148148148 0.34739583333333335 0.7976851851851852 0.34661458333333334 0.7921296296296296 0.34453125 0.7912037037037037 0.34348958333333335 0.7907407407407407 0.34140625 0.7814814814814814 0.32916666666666666 0.7773148148148148 0.321875 0.7699074074074074 0.31197916666666664 0.7694444444444445 0.3104166666666667 0.7648148148148148 0.30390625 0.763425925925926 0.30052083333333335 0.7583333333333333 0.29375 0.7555555555555555 0.2877604166666667 0.7532407407407408 0.28567708333333336 0.750462962962963 0.28072916666666664 0.7449074074074075 0.27369791666666665 0.7439814814814815 0.2716145833333333 0.7412037037037037 0.26875 0.7398148148148148 0.26588541666666665 0.7361111111111112 0.26171875 0.7319444444444444 0.259375
2 0.7662037037037037 0.4119791666666667 0.7671296296296296 0.41744791666666664 0.7694444444444445 0.42135416666666664 0.7726851851851851 0.4236979166666667 0.774537037037037 0.42421875 0.7791666666666667 0.4244791666666667 0.7870370370370371 0.4239583333333333 0.7949074074074074 0.41770833333333335 0.8004629629629629 0.4166666666666667 0.8421296296296297 0.41640625 0.8768518518518519 0.41692708333333334 0.9194444444444444 0.41692708333333334 0.9231481481481482 0.41640625 0.9337962962962963 0.4166666666666667 0.9550925925925926 0.4158854166666667 0.962037037037037 0.41484375 0.9671296296296297 0.4119791666666667 0.9680555555555556 0.41041666666666665 0.9685185185185186 0.40729166666666666 0.9666666666666667 0.4049479166666667 0.9652777777777778 0.4041666666666667 0.9592592592592593 0.40338541666666666 0.8111111111111111 0.4041666666666667 0.7944444444444444 0.40390625 0.7921296296296296 0.40260416666666665 0.7902777777777777 0.4005208333333333 0.7870370370370371 0.39921875 0.7828703703703703 0.3984375 0.775 0.39817708333333335 0.7708333333333334 0.4 0.7675925925925926 0.40390625
4 0.8175925925925925 0.7028645833333333 0.8157407407407408 0.7044270833333334 0.8148148148148148 0.7059895833333333 0.8125 0.7083333333333334 0.8125 0.7091145833333333 0.8148148148148148 0.7114583333333333 0.8166666666666667 0.7127604166666667 0.8231481481481482 0.7145833333333333 0.8277777777777777 0.7166666666666667 0.8310185185185185 0.7174479166666666 0.8337962962962963 0.71875 0.8351851851851851 0.7190104166666667 0.8416666666666667 0.7223958333333333 0.8444444444444444 0.7244791666666667 0.8486111111111111 0.7252604166666666 0.85 0.72578125 0.850925925925926 0.72578125 0.8523148148148149 0.7263020833333333 0.8532407407407407 0.7263020833333333 0.8574074074074074 0.728125 0.8587962962962963 0.7283854166666667 0.8629629629629629 0.7302083333333333 0.8662037037037037 0.73125 0.8680555555555556 0.7322916666666667 0.875 0.7341145833333333 0.8842592592592593 0.7375 0.8865740740740741 0.7380208333333333 0.8898148148148148 0.7393229166666667 0.8972222222222223 0.7440104166666667 0.9 0.74453125 0.9074074074074074 0.746875 0.9092592592592592 0.746875 0.9120370370370371 0.7463541666666667 0.9120370370370371 0.74609375 0.9157407407407407 0.7440104166666667 0.9175925925925926 0.74140625 0.9199074074074074 0.73984375 0.9208333333333333 0.7372395833333333 0.9212962962962963 0.7369791666666666 0.9212962962962963 0.7354166666666667 0.9199074074074074 0.7338541666666667 0.9162037037037037 0.7315104166666667 0.912962962962963 0.7307291666666667 0.9111111111111111 0.7299479166666667 0.9078703703703703 0.7296875 0.9041666666666667 0.7283854166666667 0.899537037037037 0.72734375 0.8939814814814815 0.7244791666666667 0.8930555555555556 0.7244791666666667 0.888425925925926 0.7231770833333333 0.8847222222222222 0.7216145833333333 0.8800925925925925 0.7203125 0.8773148148148148 0.7190104166666667 0.8740740740740741 0.7182291666666667 0.8712962962962963 0.7166666666666667 0.8666666666666667 0.7153645833333333 0.8611111111111112 0.7127604166666667 0.8592592592592593 0.7125 0.8574074074074074 0.71171875 0.8537037037037037 0.7109375 0.850925925925926 0.7096354166666666 0.8472222222222222 0.70859375 0.8435185185185186 0.70703125 0.8287037037037037 0.7028645833333333 0.825925925925926 0.7015625 0.8245370370370371 0.7015625 0.8222222222222222 0.7010416666666667 0.8189814814814815 0.7020833333333333
6 0.8921296296296296 0.6697916666666667 0.8907407407407407 0.6705729166666666 0.8902777777777777 0.6705729166666666 0.8888888888888888 0.6713541666666667 0.888425925925926 0.6713541666666667 0.8851851851851852 0.6731770833333334 0.8847222222222222 0.6731770833333334 0.8824074074074074 0.6744791666666666 0.8819444444444444 0.6744791666666666 0.8810185185185185 0.675 0.8805555555555555 0.675 0.8787037037037037 0.6760416666666667 0.8787037037037037 0.6763020833333333 0.8763888888888889 0.6776041666666667 0.8763888888888889 0.6791666666666667 0.8759259259259259 0.6794270833333333 0.8759259259259259 0.68203125 0.8763888888888889 0.6822916666666666 0.8763888888888889 0.6828125 0.8768518518518519 0.6830729166666667 0.8768518518518519 0.68359375 0.8773148148148148 0.6838541666666667 0.8773148148148148 0.684375 0.8777777777777778 0.6846354166666667 0.8777777777777778 0.68515625 0.8782407407407408 0.6854166666666667 0.8782407407407408 0.6859375 0.8787037037037037 0.6861979166666666 0.8787037037037037 0.68671875 0.8791666666666667 0.6869791666666667 0.8791666666666667 0.6877604166666667 0.8796296296296297 0.6880208333333333 0.8796296296296297 0.6890625 0.8805555555555555 0.68984375 0.8805555555555555 0.6903645833333333 0.8824074074074074 0.69140625 0.8824074074074074 0.6916666666666667 0.8833333333333333 0.6921875 0.8833333333333333 0.6924479166666667 0.8851851851851852 0.69375 0.8856481481481482 0.69375 0.8865740740740741 0.6942708333333333 0.8870370370370371 0.6942708333333333 0.8875 0.69453125 0.888425925925926 0.69453125 0.8898148148148148 0.6950520833333333 0.8907407407407407 0.6950520833333333 0.8912037037037037 0.6953125 0.8921296296296296 0.6953125 0.8925925925925926 0.6955729166666667 0.8935185185185185 0.6955729166666667 0.8939814814814815 0.6958333333333333 0.8944444444444445 0.6958333333333333 0.8949074074074074 0.69609375 0.8958333333333334 0.69609375 0.8962962962962963 0.6963541666666667 0.8976851851851851 0.6963541666666667 0.8981481481481481 0.6966145833333334 0.899537037037037 0.6966145833333334 0.9 0.696875 0.9023148148148148 0.696875 0.9027777777777778 0.6971354166666667 0.9050925925925926 0.6971354166666667 0.9055555555555556 0.6973958333333333 0.9092592592592592 0.6973958333333333 0.9097222222222222 0.6971354166666667 0.9106481481481481 0.6971354166666667 0.9111111111111111 0.696875 0.912962962962963 0.696875 0.913425925925926 0.6966145833333334 0.9152777777777777 0.6966145833333334 0.9157407407407407 0.6963541666666667 0.9162037037037037 0.6963541666666667 0.9185185185185185 0.6950520833333333 0.9185185185185185 0.6947916666666667 0.9194444444444444 0.6942708333333333 0.9194444444444444 0.6940104166666666 0.9199074074074074 0.69375 0.9199074074074074 0.6934895833333333 0.9212962962962963 0.6921875 0.9212962962962963 0.6916666666666667 0.9222222222222223 0.6911458333333333 0.9226851851851852 0.6903645833333333 0.9236111111111112 0.68984375 0.9236111111111112 0.6895833333333333 0.924537037037037 0.6888020833333334 0.924537037037037 0.68828125 0.925 0.6880208333333333 0.925 0.6875 0.9254629629629629 0.6872395833333333 0.9254629629629629 0.68671875 0.9259259259259259 0.6864583333333333 0.9259259259259259 0.6856770833333333 0.9263888888888889 0.6854166666666667 0.9259259259259259 0.68515625 0.9259259259259259 0.6838541666666667 0.9254629629629629 0.68359375 0.9254629629629629 0.6822916666666666 0.925 0.68203125 0.925 0.6809895833333334 0.924537037037037 0.6807291666666667 0.924537037037037 0.6802083333333333 0.924074074074074 0.6799479166666667 0.924074074074074 0.6791666666666667 0.9236111111111112 0.67890625 0.9236111111111112 0.6783854166666666 0.9231481481481482 0.678125 0.9231481481481482 0.6776041666666667 0.9226851851851852 0.67734375 0.9226851851851852 0.6768229166666667 0.9222222222222223 0.6765625 0.9222222222222223 0.6760416666666667 0.9217592592592593 0.67578125 0.9212962962962963 0.675 0.9203703703703704 0.6744791666666666 0.9203703703703704 0.67421875 0.9175925925925926 0.67265625 0.9171296296296296 0.67265625 0.9148148148148149 0.6713541666666667 0.9143518518518519 0.6713541666666667 0.913425925925926 0.6708333333333333 0.912962962962963 0.6708333333333333 0.9115740740740741 0.6703125 0.9097222222222222 0.6703125 0.9092592592592592 0.6700520833333333 0.9074074074074074 0.6700520833333333 0.9069444444444444 0.6697916666666667 0.9046296296296297 0.6697916666666667 0.9041666666666667 0.66953125 0.8939814814814815 0.66953125 0.8935185185185185 0.6697916666666667
1 0.9935185185185185 0.43671875 0.9912037037037037 0.4354166666666667 0.9907407407407407 0.4354166666666667 0.9902777777777778 0.43515625 0.9893518518518518 0.43515625 0.9888888888888889 0.4348958333333333 0.9879629629629629 0.4348958333333333 0.9875 0.43463541666666666 0.986574074074074 0.43463541666666666 0.9861111111111112 0.434375 0.9856481481481482 0.43463541666666666 0.9828703703703704 0.43463541666666666 0.9824074074074074 0.4348958333333333 0.9814814814814815 0.4348958333333333 0.9810185185185185 0.43515625 0.9787037037037037 0.4354166666666667 0.9787037037037037 0.4359375 0.9777777777777777 0.43671875 0.9773148148148149 0.43671875 0.9768518518518519 0.43697916666666664 0.9745370370370371 0.43697916666666664 0.9708333333333333 0.43854166666666666 0.9675925925925926 0.4393229166666667 0.9662037037037037 0.4401041666666667 0.9657407407407408 0.4401041666666667 0.9629629629629629 0.44140625 0.9625 0.44140625 0.9611111111111111 0.44192708333333336 0.9601851851851851 0.44192708333333336 0.9587962962962963 0.44244791666666666 0.9541666666666667 0.44244791666666666 0.9537037037037037 0.4421875 0.9476851851851852 0.4421875 0.9472222222222222 0.44244791666666666 0.9458333333333333 0.44244791666666666 0.9453703703703704 0.4427083333333333 0.9439814814814815 0.4427083333333333 0.9435185185185185 0.44296875 0.9425925925925925 0.44296875 0.9421296296296297 0.4432291666666667 0.9416666666666667 0.4432291666666667 0.9407407407407408 0.44375 0.9402777777777778 0.44375 0.9384259259259259 0.44479166666666664 0.9384259259259259 0.44505208333333335 0.9324074074074075 0.44869791666666664 0.9319444444444445 0.44869791666666664 0.9296296296296296 0.45 0.9291666666666667 0.45 0.9277777777777778 0.45078125 0.9273148148148148 0.45078125 0.9263888888888889 0.4515625 0.9263888888888889 0.45208333333333334 0.9259259259259259 0.45234375 0.9259259259259259 0.45260416666666664 0.9254629629629629 0.45286458333333335 0.9254629629629629 0.45338541666666665 0.925 0.45364583333333336 0.925 0.4544270833333333 0.924537037037037 0.4546875 0.924537037037037 0.4552083333333333 0.9254629629629629 0.45598958333333334 0.9254629629629629 0.45651041666666664 0.9259259259259259 0.45677083333333335 0.9263888888888889 0.45807291666666666 0.9268518518518518 0.4583333333333333 0.9277777777777778 0.4596354166666667 0.9305555555555556 0.46145833333333336 0.9305555555555556 0.46171875 0.9314814814814815 0.4622395833333333 0.9314814814814815 0.4625 0.9337962962962963 0.4630208333333333 0.9356481481481481 0.46380208333333334 0.9365740740740741 0.46380208333333334 0.937037037037037 0.4640625 0.937962962962963 0.4640625 0.9384259259259259 0.46432291666666664 0.9393518518518519 0.46432291666666664 0.9398148148148148 0.46458333333333335 0.9416666666666667 0.46458333333333335 0.9421296296296297 0.46484375 0.9435185185185185 0.46484375 0.9476851851851852 0.4635416666666667 0.95 0.46328125 0.950462962962963 0.4630208333333333 0.9518518518518518 0.4627604166666667 0.9541666666666667 0.46171875 0.9555555555555556 0.46145833333333336 0.9564814814814815 0.4609375 0.9592592592592593 0.46041666666666664 0.961574074074074 0.459375 0.9629629629629629 0.4591145833333333 0.9652777777777778 0.4578125 0.9657407407407408 0.4578125 0.9666666666666667 0.45729166666666665 0.9666666666666667 0.45703125 0.9675925925925926 0.45651041666666664 0.9675925925925926 0.45625 0.9689814814814814 0.4549479166666667 0.9689814814814814 0.45416666666666666 0.9694444444444444 0.45390625 0.9699074074074074 0.453125 0.9712962962962963 0.45234375 0.9712962962962963 0.45208333333333334 0.9717592592592592 0.4518229166666667 0.9722222222222222 0.4518229166666667 0.9736111111111111 0.4510416666666667 0.9740740740740741 0.4510416666666667 0.9782407407407407 0.44869791666666664 0.9787037037037037 0.44869791666666664 0.9796296296296296 0.44817708333333334 0.9800925925925926 0.44817708333333334 0.9805555555555555 0.4479166666666667 0.9819444444444444 0.44765625 0.9828703703703704 0.4471354166666667 0.9833333333333333 0.4471354166666667 0.9851851851851852 0.44609375 0.9856481481481482 0.44609375 0.9898148148148148 0.4440104166666667 0.9902777777777778 0.4440104166666667 0.9925925925925926 0.4427083333333333 0.9925925925925926 0.44244791666666666 0.9939814814814815 0.44140625 0.9939814814814815 0.44088541666666664 0.9944444444444445 0.440625 0.9944444444444445 0.4401041666666667 0.9949074074074075 0.43984375 0.9949074074074075 0.43854166666666666 0.9944444444444445 0.43828125 0.9944444444444445 0.43776041666666665 0.9939814814814815 0.4375
4 0.999537037037037 0.25807291666666665 0.9976851851851852 0.25807291666666665 0.9958333333333333 0.2591145833333333 0.9935185185185185 0.2596354166666667 0.9912037037037037 0.26067708333333334 0.9879629629629629 0.26145833333333335 0.987037037037037 0.26197916666666665 0.9856481481481482 0.26223958333333336 0.9847222222222223 0.26276041666666666 0.9833333333333333 0.2630208333333333 0.9824074074074074 0.2635416666666667 0.9814814814814815 0.2635416666666667 0.9782407407407407 0.26536458333333335 0.9777777777777777 0.26536458333333335 0.9773148148148149 0.265625 0.9763888888888889 0.265625 0.975925925925926 0.26588541666666665 0.9745370370370371 0.26588541666666665 0.9740740740740741 0.26614583333333336 0.9736111111111111 0.26614583333333336 0.9731481481481481 0.26640625 0.9726851851851852 0.26640625 0.9722222222222222 0.26666666666666666 0.9717592592592592 0.26666666666666666 0.9712962962962963 0.2669270833333333 0.9680555555555556 0.2677083333333333 0.9671296296296297 0.2682291666666667 0.9657407407407408 0.26848958333333334 0.9648148148148148 0.26901041666666664 0.9643518518518519 0.26901041666666664 0.9638888888888889 0.26927083333333335 0.9634259259259259 0.26927083333333335 0.9583333333333334 0.2708333333333333 0.9569444444444445 0.2708333333333333 0.9555555555555556 0.2713541666666667 0.950925925925926 0.2713541666666667 0.950925925925926 0.2716145833333333 0.9486111111111111 0.27291666666666664 0.9481481481481482 0.27291666666666664 0.9462962962962963 0.27395833333333336 0.9458333333333333 0.27395833333333336 0.9430555555555555 0.2755208333333333 0.9430555555555555 0.27578125 0.9416666666666667 0.27708333333333335 0.9412037037037037 0.27838541666666666 0.9407407407407408 0.2786458333333333 0.9407407407407408 0.2796875 0.9412037037037037 0.2799479166666667 0.9416666666666667 0.28125 0.9421296296296297 0.28151041666666665 0.9430555555555555 0.2828125 0.9462962962962963 0.28489583333333335 0.9462962962962963 0.28515625 0.9476851851851852 0.2859375 0.9481481481481482 0.2859375 0.9495370370370371 0.2864583333333333 0.950462962962963 0.2864583333333333 0.950925925925926 0.28671875 0.9518518518518518 0.28671875 0.9523148148148148 0.2864583333333333 0.9555555555555556 0.2864583333333333 0.9560185185185185 0.28619791666666666 0.9583333333333334 0.28619791666666666 0.9601851851851851 0.28541666666666665 0.9606481481481481 0.28541666666666665 0.962037037037037 0.28489583333333335 0.9629629629629629 0.28489583333333335 0.9662037037037037 0.2838541666666667 0.9671296296296297 0.2838541666666667 0.9675925925925926 0.28359375 0.9699074074074074 0.2830729166666667 0.9717592592592592 0.28203125 0.9740740740740741 0.28151041666666665 0.975 0.28098958333333335 0.9763888888888889 0.28072916666666664 0.9773148148148149 0.28020833333333334 0.9777777777777777 0.28020833333333334 0.9800925925925926 0.2794270833333333 0.9810185185185185 0.2794270833333333 0.9824074074074074 0.27890625 0.9833333333333333 0.27890625 0.9847222222222223 0.27838541666666666 0.9856481481481482 0.27838541666666666 0.9861111111111112 0.278125 0.987037037037037 0.278125 0.9875 0.27786458333333336 0.9893518518518518 0.27786458333333336 0.9898148148148148 0.27760416666666665 0.9902777777777778 0.27760416666666665 0.9907407407407407 0.27786458333333336 0.9925925925925926 0.27786458333333336 0.9930555555555556 0.278125 0.999537037037037 0.278125