1 0.5990740740740741 0.4356770833333333 0.5990740740740741 0.4361979166666667 0.5986111111111111 0.43645833333333334 0.5986111111111111 0.43697916666666664 0.5981481481481481 0.43723958333333335 0.5981481481481481 0.43776041666666665 0.5972222222222222 0.4388020833333333 0.5972222222222222 0.44114583333333335 0.5976851851851852 0.44140625 0.5976851851851852 0.44296875 0.5995370370370371 0.44427083333333334 0.6032407407407407 0.4453125 0.6041666666666666 0.4453125 0.6046296296296296 0.44557291666666665 0.6069444444444444 0.44583333333333336 0.6083333333333333 0.44635416666666666 0.6092592592592593 0.44635416666666666 0.6097222222222223 0.4466145833333333 0.6106481481481482 0.4466145833333333 0.6111111111111112 0.446875 0.612037037037037 0.446875 0.6125 0.4471354166666667 0.6134259259259259 0.4471354166666667 0.6152777777777778 0.44765625 0.6166666666666667 0.44765625 0.6171296296296296 0.4479166666666667 0.6189814814814815 0.4479166666666667 0.6194444444444445 0.44817708333333334 0.6208333333333333 0.44817708333333334 0.6212962962962963 0.4484375 0.6222222222222222 0.4484375 0.6277777777777778 0.45 0.6291666666666667 0.45 0.6310185185185185 0.4505208333333333 0.6342592592592593 0.4505208333333333 0.6351851851851852 0.45078125 0.6365740740740741 0.4518229166666667 0.6365740740740741 0.45234375 0.6370370370370371 0.45260416666666664 0.6370370370370371 0.453125 0.637962962962963 0.45416666666666666 0.637962962962963 0.4549479166666667 0.6388888888888888 0.45546875 0.6388888888888888 0.4557291666666667 0.6412037037037037 0.45703125 0.6412037037037037 0.45729166666666665 0.6421296296296296 0.4578125 0.6458333333333334 0.4588541666666667 0.65 0.4591145833333333 0.6504629629629629 0.459375 0.6527777777777778 0.4596354166666667 0.6541666666666667 0.46015625 0.6569444444444444 0.46015625 0.6574074074074074 0.46041666666666664 0.6583333333333333 0.46041666666666664 0.6587962962962963 0.46015625 0.6606481481481481 0.46015625 0.6611111111111111 0.45989583333333334 0.6620370370370371 0.45989583333333334 0.662962962962963 0.4596354166666667 0.6643518518518519 0.4588541666666667 0.6648148148148149 0.4588541666666667 0.6648148148148149 0.45859375 0.6666666666666666 0.45755208333333336 0.6671296296296296 0.45677083333333335 0.6680555555555555 0.45625 0.6694444444444444 0.4546875 0.6694444444444444 0.45416666666666666 0.6703703703703704 0.45338541666666665 0.6703703703703704 0.45286458333333335 0.6722222222222223 0.4510416666666667 0.6722222222222223 0.4505208333333333 0.6736111111111112 0.44895833333333335 0.6736111111111112 0.4479166666666667 0.674074074074074 0.44765625 0.674074074074074 0.44479166666666664 0.674537037037037 0.44453125 0.674537037037037 0.4432291666666667 0.674074074074074 0.4427083333333333 0.6703703703703704 0.44114583333333335 0.6694444444444444 0.44114583333333335 0.6689814814814815 0.44088541666666664 0.6643518518518519 0.44088541666666664 0.6638888888888889 0.440625 0.6625 0.440625 0.6578703703703703 0.4393229166666667 0.6541666666666667 0.43697916666666664 0.65 0.43697916666666664 0.6481481481481481 0.4375 0.6472222222222223 0.43802083333333336 0.6439814814814815 0.4388020833333333 0.6421296296296296 0.4395833333333333 0.6402777777777777 0.4390625 0.638425925925926 0.4390625 0.637962962962963 0.4388020833333333 0.6347222222222222 0.43854166666666666 0.6324074074074074 0.43776041666666665 0.6314814814814815 0.43776041666666665 0.6296296296296297 0.43723958333333335 0.6268518518518519 0.43723958333333335 0.6231481481481481 0.4361979166666667 0.6208333333333333 0.4361979166666667 0.6203703703703703 0.4359375 0.6189814814814815 0.4359375 0.6175925925925926 0.4354166666666667 0.6157407407407407 0.4354166666666667 0.6152777777777778 0.43515625 0.6129629629629629 0.43515625 0.6125 0.4348958333333333 0.6106481481481482 0.4348958333333333 0.6087962962962963 0.434375 0.6032407407407407 0.434375 0.6027777777777777 0.43463541666666666 0.6018518518518519 0.43463541666666666 0.6 0.43515625
3 0.5916666666666667 0.20729166666666668 0.5884259259259259 0.20625 0.5837962962962963 0.20598958333333334 0.5814814814814815 0.20677083333333332 0.5782407407407407 0.20729166666666668 0.5731481481481482 0.20885416666666667 0.5703703703703704 0.21145833333333333 0.5699074074074074 0.21354166666666666 0.5694444444444444 0.21380208333333334 0.5694444444444444 0.21510416666666668 0.5689814814814815 0.21536458333333333 0.5689814814814815 0.21666666666666667 0.5648148148148148 0.21901041666666668 0.5592592592592592 0.22109375 0.5569444444444445 0.22161458333333334 0.5560185185185185 0.22213541666666667 0.5453703703703704 0.22552083333333334 0.5430555555555555 0.2265625 0.5337962962962963 0.22916666666666666 0.5273148148148148 0.23177083333333334 0.5212962962962963 0.23359375 0.5194444444444445 0.23463541666666668 0.5175925925925926 0.23619791666666667 0.5180555555555556 0.23671875 0.5180555555555556 0.23776041666666667 0.5185185185185185 0.23802083333333332 0.5189814814814815 0.24036458333333333 0.5199074074074074 0.24192708333333332 0.524074074074074 0.24635416666666668 0.524074074074074 0.246875 0.5259259259259259 0.24895833333333334 0.5296296296296297 0.2518229166666667 0.5328703703703703 0.2526041666666667 0.5337962962962963 0.25234375 0.5370370370370371 0.25234375 0.538425925925926 0.2518229166666667 0.5393518518518519 0.2518229166666667 0.5412037037037037 0.25104166666666666 0.5444444444444444 0.25052083333333336 0.5458333333333333 0.24973958333333332 0.55 0.24869791666666666 0.5560185185185185 0.24635416666666668 0.5634259259259259 0.24427083333333333 0.5643518518518519 0.24375 0.5666666666666667 0.24348958333333334 0.5726851851851852 0.24166666666666667 0.5740740740740741 0.24166666666666667 0.575925925925926 0.24114583333333334 0.5763888888888888 0.24140625 0.5833333333333334 0.24140625 0.5837962962962963 0.24114583333333334 0.5842592592592593 0.24140625 0.586574074074074 0.24140625 0.587037037037037 0.24166666666666667 0.5907407407407408 0.24192708333333332 0.5939814814814814 0.24270833333333333 0.5990740740740741 0.24270833333333333 0.6069444444444444 0.240625 0.6092592592592593 0.23932291666666666 0.611574074074074 0.23723958333333334 0.612037037037037 0.23541666666666666 0.6125 0.23515625 0.6125 0.23098958333333333 0.612037037037037 0.23072916666666668 0.611574074074074 0.22838541666666667 0.6092592592592593 0.22526041666666666 0.6092592592592593 0.22447916666666667 0.6078703703703704 0.22265625 0.6078703703703704 0.221875 0.6069444444444444 0.2203125 0.6064814814814815 0.2203125 0.6041666666666666 0.21875 0.6027777777777777 0.2171875 0.6027777777777777 0.21666666666666667 0.6018518518518519 0.21614583333333334 0.5990740740740741 0.21276041666666667 0.5976851851851852 0.21197916666666666 0.5949074074074074 0.209375
4 0.5504629629629629 0.4434895833333333 0.5486111111111112 0.44505208333333335 0.5481481481481482 0.44609375 0.5472222222222223 0.446875 0.5476851851851852 0.4510416666666667 0.5486111111111112 0.4515625 0.5537037037037037 0.453125 0.5574074074074075 0.4549479166666667 0.5615740740740741 0.45598958333333334 0.5648148148148148 0.45729166666666665 0.5703703703703704 0.4588541666666667 0.5712962962962963 0.4588541666666667 0.5763888888888888 0.46015625 0.5800925925925926 0.4622395833333333 0.5819444444444445 0.4627604166666667 0.5828703703703704 0.4627604166666667 0.5879629629629629 0.46432291666666664 0.5902777777777778 0.46458333333333335 0.5949074074074074 0.4661458333333333 0.5976851851851852 0.46640625 0.6013888888888889 0.4674479166666667 0.6032407407407407 0.4674479166666667 0.6046296296296296 0.46796875 0.6069444444444444 0.46822916666666664 0.6097222222222223 0.46927083333333336 0.611574074074074 0.46953125 0.6148148148148148 0.4705729166666667 0.6194444444444445 0.47109375 0.6240740740740741 0.47213541666666664 0.6287037037037037 0.4744791666666667 0.6291666666666667 0.4783854166666667 0.6305555555555555 0.47994791666666664 0.6314814814814815 0.48020833333333335 0.6347222222222222 0.48046875 0.638425925925926 0.4817708333333333 0.6398148148148148 0.48125 0.6421296296296296 0.48098958333333336 0.6458333333333334 0.4783854166666667 0.6476851851851851 0.47604166666666664 0.6504629629629629 0.47421875 0.6546296296296297 0.4703125 0.6550925925925926 0.46875 0.6569444444444444 0.4666666666666667 0.6574074074074074 0.4625 0.6550925925925926 0.4609375 0.6509259259259259 0.4596354166666667 0.649537037037037 0.4596354166666667 0.649074074074074 0.459375 0.6453703703703704 0.459375 0.6416666666666667 0.4609375 0.6398148148148148 0.4609375 0.6393518518518518 0.46119791666666665 0.6342592592592593 0.46067708333333335 0.6314814814814815 0.46015625 0.6291666666666667 0.459375 0.6282407407407408 0.459375 0.6203703703703703 0.45703125 0.612037037037037 0.45546875 0.6069444444444444 0.453125 0.6050925925925926 0.45286458333333335 0.5962962962962963 0.45026041666666666 0.5916666666666667 0.44973958333333336 0.586574074074074 0.44817708333333334 0.5856481481481481 0.44817708333333334 0.5824074074074074 0.4471354166666667 0.5814814814814815 0.4471354166666667 0.5717592592592593 0.4440104166666667 0.5703703703703704 0.4440104166666667 0.5699074074074074 0.44375 0.5685185185185185 0.44375 0.5671296296296297 0.4432291666666667 0.5638888888888889 0.44296875 0.5597222222222222 0.44192708333333336 0.5555555555555556 0.44192708333333336 0.5550925925925926 0.4421875 0.5537037037037037 0.4421875 0.5523148148148148 0.44244791666666666
4 0.6037037037037037 0.4778645833333333 0.5995370370370371 0.4739583333333333 0.5953703703703703 0.471875 0.5944444444444444 0.47213541666666664 0.5907407407407408 0.47213541666666664 0.5893518518518519 0.47265625 0.5884259259259259 0.47265625 0.5851851851851851 0.47421875 0.5851851851851851 0.475 0.5847222222222223 0.4752604166666667 0.5847222222222223 0.4778645833333333 0.5837962962962963 0.4791666666666667 0.5810185185185185 0.48072916666666665 0.575925925925926 0.4822916666666667 0.575 0.4822916666666667 0.5712962962962963 0.48333333333333334 0.5680555555555555 0.48333333333333334 0.5634259259259259 0.48463541666666665 0.5550925925925926 0.4861979166666667 0.5532407407407407 0.4861979166666667 0.5486111111111112 0.4875 0.5449074074074074 0.48776041666666664 0.5319444444444444 0.4903645833333333 0.5287037037037037 0.490625 0.5157407407407407 0.49322916666666666 0.5125 0.4934895833333333 0.5018518518518519 0.49557291666666664 0.500462962962963 0.49635416666666665 0.49722222222222223 0.4973958333333333 0.4962962962962963 0.4979166666666667 0.4949074074074074 0.5020833333333333 0.49537037037037035 0.50234375 0.49675925925925923 0.5057291666666667 0.4981481481481482 0.5067708333333333 0.49907407407407406 0.5067708333333333 0.5018518518518519 0.5075520833333333 0.5046296296296297 0.5075520833333333 0.5050925925925925 0.5078125 0.5069444444444444 0.5078125 0.5074074074074074 0.5075520833333333 0.5138888888888888 0.5075520833333333 0.5166666666666667 0.5067708333333333 0.5199074074074074 0.5067708333333333 0.5203703703703704 0.5065104166666666 0.5231481481481481 0.5065104166666666 0.5254629629629629 0.5059895833333333 0.5277777777777778 0.5059895833333333 0.5337962962962963 0.5044270833333333 0.5356481481481481 0.5044270833333333 0.5407407407407407 0.5033854166666667 0.5425925925925926 0.5033854166666667 0.549537037037037 0.5020833333333333 0.5532407407407407 0.5018229166666667 0.5560185185185185 0.5010416666666667 0.5597222222222222 0.5005208333333333 0.5648148148148148 0.49895833333333334 0.5671296296296297 0.49895833333333334 0.5675925925925925 0.4986979166666667 0.5689814814814815 0.4986979166666667 0.5712962962962963 0.4981770833333333 0.5736111111111111 0.4981770833333333 0.5740740740740741 0.4979166666666667 0.5768518518518518 0.4979166666666667 0.5791666666666667 0.4973958333333333 0.5847222222222223 0.4973958333333333 0.5875 0.496875 0.5953703703703703 0.49895833333333334 0.5981481481481481 0.49921875 0.5986111111111111 0.49947916666666664 0.6032407407407407 0.49947916666666664 0.6037037037037037 0.49921875 0.6069444444444444 0.49895833333333334 0.6087962962962963 0.4981770833333333 0.6097222222222223 0.49661458333333336 0.6097222222222223 0.4953125 0.6101851851851852 0.49505208333333334 0.6101851851851852 0.4903645833333333 0.6097222222222223 0.4901041666666667 0.6097222222222223 0.48880208333333336 0.6092592592592593 0.48854166666666665 0.6087962962962963 0.4859375 0.6078703703703704 0.48489583333333336 0.6078703703703704 0.48411458333333335 0.6050925925925926 0.4796875 0.6037037037037037 0.4783854166666667
4 0.3638888888888889 0.334375 0.362962962962963 0.33671875 0.3625 0.33697916666666666 0.36203703703703705 0.3411458333333333 0.36157407407407405 0.3416666666666667 0.3638888888888889 0.34401041666666665 0.36666666666666664 0.3455729166666667 0.37175925925925923 0.34713541666666664 0.37453703703703706 0.34739583333333335 0.375 0.34765625 0.3768518518518518 0.34765625 0.38055555555555554 0.3484375 0.38472222222222224 0.34869791666666666 0.387037037037037 0.34921875 0.39166666666666666 0.3494791666666667 0.3921296296296296 0.3497395833333333 0.3939814814814815 0.3497395833333333 0.3962962962962963 0.3502604166666667 0.3990740740740741 0.3502604166666667 0.399537037037037 0.35052083333333334 0.4013888888888889 0.35052083333333334 0.40370370370370373 0.35104166666666664 0.4064814814814815 0.35104166666666664 0.40694444444444444 0.35130208333333335 0.40879629629629627 0.35130208333333335 0.40925925925925927 0.3515625 0.4111111111111111 0.3515625 0.4115740740740741 0.35182291666666665 0.4134259259259259 0.35182291666666665 0.4162037037037037 0.35234375 0.4185185185185185 0.35234375 0.42453703703703705 0.3533854166666667 0.42685185185185187 0.3533854166666667 0.42962962962962964 0.35390625 0.43657407407407406 0.35442708333333334 0.4388888888888889 0.35494791666666664 0.44351851851851853 0.35520833333333335 0.4476851851851852 0.35651041666666666 0.4513888888888889 0.35833333333333334 0.4537037037037037 0.3611979166666667 0.4550925925925926 0.36223958333333334 0.45925925925925926 0.36328125 0.46574074074074073 0.36354166666666665 0.46805555555555556 0.3625 0.46944444444444444 0.3611979166666667 0.47175925925925927 0.3572916666666667 0.4726851851851852 0.3541666666666667 0.4736111111111111 0.353125 0.4736111111111111 0.35182291666666665 0.47453703703703703 0.3502604166666667 0.47453703703703703 0.34817708333333336 0.475 0.34791666666666665 0.475 0.3453125 0.475462962962963 0.3450520833333333 0.475462962962963 0.34140625 0.475 0.3411458333333333 0.4740740740740741 0.3385416666666667 0.47314814814814815 0.3377604166666667 0.4722222222222222 0.3377604166666667 0.4708333333333333 0.3372395833333333 0.4685185185185185 0.3372395833333333 0.46805555555555556 0.33697916666666666 0.4625 0.33697916666666666 0.4615740740740741 0.3375 0.4601851851851852 0.3377604166666667 0.4583333333333333 0.33932291666666664 0.45601851851851855 0.34036458333333336 0.4546296296296296 0.340625 0.45046296296296295 0.340625 0.4462962962962963 0.33984375 0.4412037037037037 0.33958333333333335 0.44074074074074077 0.33932291666666664 0.4388888888888889 0.33932291666666664 0.43472222222222223 0.3385416666666667 0.4300925925925926 0.33828125 0.4273148148148148 0.3377604166666667 0.4185185185185185 0.3372395833333333 0.41805555555555557 0.33697916666666666 0.4162037037037037 0.33697916666666666 0.41203703703703703 0.33619791666666665 0.4064814814814815 0.33567708333333335 0.4046296296296296 0.33515625 0.4 0.33489583333333334 0.399537037037037 0.3346354166666667 0.3962962962962963 0.3346354166666667 0.3958333333333333 0.334375 0.39166666666666666 0.3341145833333333 0.3912037037037037 0.3338541666666667 0.3861111111111111 0.3338541666666667 0.38564814814814813 0.33359375 0.37546296296296294 0.33307291666666666 0.375 0.3328125 0.3680555555555556 0.3328125 0.36527777777777776 0.3333333333333333
5 0.7282407407407407 0.37734375 0.7222222222222222 0.37734375 0.7217592592592592 0.3770833333333333 0.7203703703703703 0.3770833333333333 0.7171296296296297 0.378125 0.7143518518518519 0.3796875 0.7125 0.38125 0.7125 0.38177083333333334 0.7101851851851851 0.3846354166666667 0.7106481481481481 0.3848958333333333 0.7111111111111111 0.38619791666666664 0.712037037037037 0.38697916666666665 0.712037037037037 0.3875 0.7143518518518519 0.3890625 0.7175925925925926 0.3924479166666667 0.7171296296296297 0.39375 0.7166666666666667 0.39401041666666664 0.7166666666666667 0.39479166666666665 0.7162037037037037 0.39505208333333336 0.7162037037037037 0.3958333333333333 0.7125 0.4 0.7125 0.4005208333333333 0.7106481481481481 0.40234375 0.7106481481481481 0.40286458333333336 0.7092592592592593 0.4044270833333333 0.7050925925925926 0.4080729166666667 0.7027777777777777 0.4109375 0.700925925925926 0.4122395833333333 0.6990740740740741 0.41458333333333336 0.6972222222222222 0.4158854166666667 0.6967592592592593 0.41692708333333334 0.6939814814814815 0.4197916666666667 0.6944444444444444 0.42109375 0.6949074074074074 0.42135416666666664 0.6953703703703704 0.4236979166666667 0.6967592592592593 0.42473958333333334 0.700925925925926 0.42630208333333336 0.7046296296296296 0.42734375 0.7074074074074074 0.4276041666666667 0.7078703703703704 0.4278645833333333 0.7148148148148148 0.428125 0.7152777777777778 0.4278645833333333 0.7171296296296297 0.4278645833333333 0.7180555555555556 0.4276041666666667 0.7208333333333333 0.42604166666666665 0.7263888888888889 0.42109375 0.7287037037037037 0.41953125 0.7324074074074074 0.415625 0.7333333333333333 0.41510416666666666 0.7342592592592593 0.41380208333333335 0.7416666666666667 0.4075520833333333 0.749537037037037 0.40338541666666666 0.7513888888888889 0.40286458333333336 0.7532407407407408 0.40286458333333336 0.7537037037037037 0.40260416666666665 0.7574074074074074 0.40260416666666665 0.7578703703703704 0.40234375 0.7597222222222222 0.40234375 0.7638888888888888 0.40130208333333334 0.7657407407407407 0.4002604166666667 0.7689814814814815 0.3966145833333333 0.7689814814814815 0.39557291666666666 0.7694444444444445 0.3953125 0.7694444444444445 0.3921875 0.7685185185185185 0.39166666666666666 0.7675925925925926 0.39036458333333335 0.7643518518518518 0.3885416666666667 0.7638888888888888 0.3885416666666667 0.7597222222222222 0.38645833333333335 0.7555555555555555 0.38515625 0.7513888888888889 0.38333333333333336 0.7481481481481481 0.38255208333333335 0.7472222222222222 0.38203125 0.7425925925925926 0.3807291666666667 0.7416666666666667 0.3807291666666667 0.736574074074074 0.37942708333333336 0.7342592592592593 0.37916666666666665 0.7314814814814815 0.378125 0.7296296296296296 0.37786458333333334
3 0.7319444444444444 0.4515625 0.7305555555555555 0.4515625 0.7287037037037037 0.4510416666666667 0.7240740740740741 0.4513020833333333 0.7231481481481481 0.4518229166666667 0.7203703703703703 0.45260416666666664 0.7171296296296297 0.4549479166666667 0.7152777777777778 0.4591145833333333 0.7166666666666667 0.46067708333333335 0.7166666666666667 0.46119791666666665 0.7185185185185186 0.4627604166666667 0.7185185185185186 0.4666666666666667 0.7166666666666667 0.46796875 0.7138888888888889 0.4713541666666667 0.7087962962962963 0.4744791666666667 0.7078703703703704 0.47578125 0.7046296296296296 0.478125 0.7032407407407407 0.4796875 0.6990740740740741 0.48203125 0.6972222222222222 0.48411458333333335 0.6930555555555555 0.4861979166666667 0.6916666666666667 0.48802083333333335 0.6884259259259259 0.4901041666666667 0.6856481481481481 0.49322916666666666 0.6856481481481481 0.4942708333333333 0.6893518518518519 0.4973958333333333 0.6930555555555555 0.49895833333333334 0.6986111111111111 0.5020833333333333 0.7 0.50234375 0.700925925925926 0.5028645833333333 0.7055555555555556 0.503125 0.7060185185185185 0.5028645833333333 0.7092592592592593 0.5026041666666666 0.711574074074074 0.5018229166666667 0.7125 0.5018229166666667 0.7162037037037037 0.5002604166666667 0.7236111111111111 0.49557291666666664 0.7296296296296296 0.49114583333333334 0.7379629629629629 0.4864583333333333 0.7384259259259259 0.4864583333333333 0.7430555555555556 0.48411458333333335 0.7472222222222222 0.4830729166666667 0.7490740740740741 0.4830729166666667 0.749537037037037 0.48333333333333334 0.7527777777777778 0.48359375 0.7532407407407408 0.48333333333333334 0.7564814814814815 0.48333333333333334 0.7583333333333333 0.4828125 0.7597222222222222 0.4828125 0.7601851851851852 0.4825520833333333 0.763425925925926 0.48203125 0.763425925925926 0.4817708333333333 0.7703703703703704 0.478125 0.7712962962962963 0.47708333333333336 0.7712962962962963 0.4765625 0.7726851851851851 0.4747395833333333 0.7726851851851851 0.4703125 0.7722222222222223 0.46979166666666666 0.7666666666666667 0.4666666666666667 0.7643518518518518 0.4661458333333333 0.7574074074074074 0.46197916666666666 0.7513888888888889 0.4596354166666667 0.7476851851851852 0.45755208333333336 0.7430555555555556 0.45598958333333334 0.7412037037037037 0.4549479166666667 0.7393518518518518 0.4544270833333333 0.7361111111111112 0.45286458333333335 0.7337962962962963 0.45234375
4 0.8083333333333333 0.13828125 0.8064814814814815 0.13932291666666666 0.8060185185185185 0.14010416666666667 0.8032407407407407 0.14244791666666667 0.8037037037037037 0.14296875 0.8037037037037037 0.14609375 0.8064814814814815 0.14921875 0.8134259259259259 0.153125 0.8143518518518519 0.15416666666666667 0.8148148148148148 0.15416666666666667 0.8199074074074074 0.15703125 0.8208333333333333 0.15807291666666667 0.8263888888888888 0.1609375 0.8273148148148148 0.16197916666666667 0.8319444444444445 0.16484375 0.8328703703703704 0.16588541666666667 0.8453703703703703 0.17317708333333334 0.85 0.1765625 0.850925925925926 0.17760416666666667 0.850925925925926 0.1828125 0.850462962962963 0.18307291666666667 0.85 0.18541666666666667 0.850925925925926 0.1859375 0.8527777777777777 0.18802083333333333 0.8532407407407407 0.18932291666666667 0.8578703703703704 0.19140625 0.8597222222222223 0.19166666666666668 0.8606481481481482 0.1921875 0.8625 0.1921875 0.8675925925925926 0.19114583333333332 0.8689814814814815 0.19114583333333332 0.8708333333333333 0.19036458333333334 0.8740740740740741 0.18958333333333333 0.8791666666666667 0.18723958333333332 0.8833333333333333 0.18489583333333334 0.8851851851851852 0.18333333333333332 0.888425925925926 0.18151041666666667 0.8888888888888888 0.18072916666666666 0.8925925925925926 0.17786458333333333 0.8925925925925926 0.175 0.8930555555555556 0.17473958333333334 0.8930555555555556 0.17369791666666667 0.8921296296296296 0.17239583333333333 0.8907407407407407 0.17161458333333332 0.8893518518518518 0.17005208333333333 0.8851851851851852 0.16848958333333333 0.8810185185185185 0.16848958333333333 0.8759259259259259 0.16979166666666667 0.8722222222222222 0.16979166666666667 0.8689814814814815 0.16875 0.8662037037037037 0.1671875 0.8652777777777778 0.16588541666666667 0.861574074074074 0.16354166666666667 0.8606481481481482 0.16223958333333333 0.8416666666666667 0.15130208333333334 0.8379629629629629 0.14817708333333332 0.8351851851851851 0.14661458333333333 0.8351851851851851 0.14635416666666667 0.8282407407407407 0.14270833333333333 0.825925925925926 0.140625 0.8236111111111111 0.13984375 0.8217592592592593 0.13854166666666667 0.8194444444444444 0.13828125 0.8180555555555555 0.13776041666666666 0.8148148148148148 0.1375 0.8143518518518519 0.13723958333333333 0.8115740740740741 0.13776041666666666 0.8101851851851852 0.13776041666666666
1 0.7537037037037037 0.4903645833333333 0.7532407407407408 0.4908854166666667 0.7532407407407408 0.49140625 0.7523148148148148 0.4921875 0.7523148148148148 0.49296875 0.7518518518518519 0.49322916666666666 0.7518518518518519 0.49453125 0.7523148148148148 0.49505208333333334 0.7532407407407408 0.49557291666666664 0.7537037037037037 0.49635416666666665 0.7546296296296297 0.496875 0.7555555555555555 0.4979166666666667 0.7569444444444444 0.4986979166666667 0.7569444444444444 0.49895833333333334 0.7587962962962963 0.5002604166666667 0.7592592592592593 0.5010416666666667 0.7671296296296296 0.50546875 0.7671296296296296 0.5057291666666667 0.7685185185185185 0.5065104166666666 0.7685185185185185 0.5067708333333333 0.7699074074074074 0.5075520833333333 0.7699074074074074 0.5078125 0.7712962962962963 0.50859375 0.7712962962962963 0.5088541666666667 0.7736111111111111 0.51015625 0.775 0.51171875 0.775 0.5125 0.7759259259259259 0.5135416666666667 0.7759259259259259 0.51484375 0.7763888888888889 0.5151041666666667 0.7763888888888889 0.5174479166666667 0.7768518518518519 0.5177083333333333 0.7768518518518519 0.5182291666666666 0.7782407407407408 0.5197916666666667 0.7796296296296297 0.5205729166666667 0.7800925925925926 0.5205729166666667 0.7865740740740741 0.52421875 0.7865740740740741 0.5244791666666667 0.787962962962963 0.5252604166666667 0.7898148148148149 0.52578125 0.7907407407407407 0.52578125 0.7912037037037037 0.5260416666666666 0.7939814814814815 0.5260416666666666 0.7944444444444444 0.5263020833333333 0.7953703703703704 0.5260416666666666 0.7967592592592593 0.5260416666666666 0.7972222222222223 0.52578125 0.7986111111111112 0.52578125 0.8032407407407407 0.52421875 0.8041666666666667 0.52421875 0.8046296296296296 0.5239583333333333 0.8055555555555556 0.5239583333333333 0.8064814814814815 0.5236979166666667 0.8087962962962963 0.52265625 0.8101851851851852 0.5223958333333333 0.812962962962963 0.52109375 0.812962962962963 0.5208333333333334 0.8148148148148148 0.5197916666666667 0.8152777777777778 0.5190104166666667 0.8162037037037037 0.5184895833333333 0.8171296296296297 0.5174479166666667 0.8166666666666667 0.5171875 0.8162037037037037 0.5153645833333333 0.8152777777777778 0.5143229166666666 0.8152777777777778 0.5135416666666667 0.8125 0.5122395833333333 0.812037037037037 0.5122395833333333 0.8092592592592592 0.5104166666666666 0.8083333333333333 0.509375 0.8083333333333333 0.5088541666666667 0.8078703703703703 0.50859375 0.8078703703703703 0.5080729166666667 0.8074074074074075 0.5078125 0.8074074074074075 0.5072916666666667 0.8069444444444445 0.50703125 0.8064814814814815 0.5057291666666667 0.8055555555555556 0.5057291666666667 0.8050925925925926 0.50546875 0.8037037037037037 0.50546875 0.8032407407407407 0.5052083333333334 0.799537037037037 0.5052083333333334 0.799074074074074 0.5049479166666667 0.7962962962962963 0.5049479166666667 0.7958333333333333 0.5046875 0.7944444444444444 0.5046875 0.7939814814814815 0.5044270833333333 0.7930555555555555 0.5044270833333333 0.7925925925925926 0.5041666666666667 0.7916666666666666 0.5041666666666667 0.7907407407407407 0.50390625 0.7875 0.5020833333333333 0.7875 0.5018229166666667 0.7865740740740741 0.5013020833333334 0.7861111111111111 0.5013020833333334 0.7777777777777778 0.49635416666666665 0.7777777777777778 0.49609375 0.7763888888888889 0.4953125 0.7754629629629629 0.4942708333333333 0.7717592592592593 0.4921875 0.7717592592592593 0.49192708333333335 0.7685185185185185 0.4901041666666667 0.7680555555555556 0.4901041666666667 0.7671296296296296 0.4895833333333333 0.763425925925926 0.48854166666666665 0.7597222222222222 0.48854166666666665 0.7564814814814815 0.4895833333333333 0.7555555555555555 0.4895833333333333 0.7546296296296297 0.48984375
4 0.8138888888888889 0.68046875 0.8087962962962963 0.6765625 0.8041666666666667 0.6736979166666667 0.8 0.6716145833333333 0.7986111111111112 0.6700520833333333 0.7944444444444444 0.66796875 0.7902777777777777 0.6671875 0.7814814814814814 0.6697916666666667 0.7810185185185186 0.6729166666666667 0.7805555555555556 0.6731770833333334 0.7805555555555556 0.675 0.7800925925925926 0.6752604166666667 0.7796296296296297 0.67734375 0.7726851851851851 0.68203125 0.7648148148148148 0.6854166666666667 0.7597222222222222 0.68828125 0.7560185185185185 0.6893229166666667 0.75 0.6921875 0.7472222222222222 0.69296875 0.7393518518518518 0.696875 0.7314814814814815 0.7 0.7273148148148149 0.7010416666666667 0.7245370370370371 0.7020833333333333 0.7199074074074074 0.7044270833333334 0.7175925925925926 0.7049479166666667 0.7106481481481481 0.7088541666666667 0.7101851851851851 0.7088541666666667 0.7087962962962963 0.7114583333333333 0.7087962962962963 0.71328125 0.7106481481481481 0.715625 0.7125 0.7169270833333333 0.7166666666666667 0.71796875 0.7222222222222222 0.71796875 0.7226851851851852 0.7177083333333333 0.7245370370370371 0.7177083333333333 0.7287037037037037 0.7169270833333333 0.7324074074074074 0.7153645833333333 0.7356481481481482 0.71484375 0.7412037037037037 0.7130208333333333 0.7444444444444445 0.7111979166666667 0.7476851851851852 0.71015625 0.750462962962963 0.7088541666666667 0.7509259259259259 0.7083333333333334 0.7550925925925925 0.7067708333333333 0.7597222222222222 0.7044270833333334 0.7708333333333334 0.7005208333333334 0.7824074074074074 0.6953125 0.7837962962962963 0.6950520833333333 0.7861111111111111 0.6940104166666666 0.7893518518518519 0.6932291666666667 0.7907407407407407 0.6932291666666667 0.7949074074074074 0.6916666666666667 0.799537037037037 0.69140625 0.8 0.6911458333333333 0.8037037037037037 0.6911458333333333 0.8041666666666667 0.69140625 0.8074074074074075 0.6916666666666667 0.8078703703703703 0.69140625 0.8111111111111111 0.69140625 0.8143518518518519 0.690625 0.8171296296296297 0.6895833333333333 0.8180555555555555 0.6888020833333334 0.8180555555555555 0.6859375 0.8185185185185185 0.6854166666666667 0.8175925925925925 0.6848958333333334
5 0.9819444444444444 0.6197916666666666 0.9814814814814815 0.61953125 0.9814814814814815 0.61875 0.9782407407407407 0.61640625 0.9731481481481481 0.61640625 0.9703703703703703 0.6158854166666666 0.9699074074074074 0.6161458333333333 0.9657407407407408 0.6161458333333333 0.9629629629629629 0.615625 0.9606481481481481 0.61640625 0.9587962962962963 0.6166666666666667 0.9564814814814815 0.6184895833333334 0.9513888888888888 0.6213541666666667 0.9435185185185185 0.6213541666666667 0.9430555555555555 0.62109375 0.9412037037037037 0.62109375 0.9407407407407408 0.6208333333333333 0.9388888888888889 0.6208333333333333 0.9361111111111111 0.6203125 0.9337962962962963 0.6203125 0.9333333333333333 0.6200520833333333 0.9282407407407407 0.6200520833333333 0.9277777777777778 0.6197916666666666 0.9254629629629629 0.6197916666666666 0.9226851851851852 0.6192708333333333 0.9115740740740741 0.6184895833333334 0.9078703703703703 0.6177083333333333 0.9060185185185186 0.6177083333333333 0.9055555555555556 0.6174479166666667 0.9013888888888889 0.6171875 0.9009259259259259 0.6169270833333333 0.8935185185185185 0.6169270833333333 0.8921296296296296 0.6166666666666667 0.8916666666666667 0.6169270833333333 0.8898148148148148 0.6169270833333333 0.8875 0.6174479166666667 0.8842592592592593 0.6192708333333333 0.8842592592592593 0.6197916666666666 0.8833333333333333 0.6205729166666667 0.8819444444444444 0.6229166666666667 0.8819444444444444 0.62734375 0.8824074074074074 0.6276041666666666 0.8824074074074074 0.62890625 0.8828703703703704 0.6291666666666667 0.8833333333333333 0.6309895833333333 0.8861111111111111 0.6325520833333333 0.888425925925926 0.6333333333333333 0.8935185185185185 0.6338541666666667 0.8953703703703704 0.634375 0.8967592592592593 0.634375 0.9009259259259259 0.63515625 0.9032407407407408 0.63515625 0.9087962962962963 0.6361979166666667 0.9120370370370371 0.6361979166666667 0.9125 0.6364583333333333 0.9185185185185185 0.6369791666666667 0.9226851851851852 0.6377604166666667 0.924537037037037 0.6377604166666667 0.925 0.6380208333333334 0.9268518518518518 0.6380208333333334 0.9273148148148148 0.63828125 0.9291666666666667 0.63828125 0.9296296296296296 0.6385416666666667 0.9314814814814815 0.6385416666666667 0.9319444444444445 0.6388020833333333 0.9351851851851852 0.6390625 0.9435185185185185 0.6416666666666667 0.9462962962962963 0.6442708333333333 0.9476851851851852 0.6466145833333333 0.95 0.6484375 0.9537037037037037 0.6502604166666667 0.9546296296296296 0.6505208333333333 0.9569444444444445 0.6505208333333333 0.9574074074074074 0.65078125 0.9657407407407408 0.65078125 0.9703703703703703 0.6497395833333334 0.9722222222222222 0.6481770833333333 0.9768518518518519 0.6427083333333333 0.9768518518518519 0.6421875 0.9777777777777777 0.64140625 0.9791666666666666 0.6390625 0.9791666666666666 0.6380208333333334 0.9796296296296296 0.6377604166666667 0.9796296296296296 0.63671875 0.9805555555555555 0.63515625 0.9805555555555555 0.6338541666666667 0.9810185185185185 0.63359375 0.9810185185185185 0.63203125 0.9814814814814815 0.6317708333333333 0.9814814814814815 0.62578125 0.9819444444444444 0.6255208333333333 0.9819444444444444 0.6234375 0.9824074074074074 0.6231770833333333
2 0.9342592592592592 0.2703125 0.9310185185185185 0.27057291666666666 0.9282407407407407 0.2713541666666667 0.924074074074074 0.275 0.9236111111111112 0.28411458333333334 0.9259259259259259 0.2950520833333333 0.9273148148148148 0.30885416666666665 0.9291666666666667 0.31640625 0.9314814814814815 0.3380208333333333 0.9328703703703703 0.3424479166666667 0.9328703703703703 0.3458333333333333 0.9347222222222222 0.3546875 0.9356481481481481 0.36614583333333334 0.9342592592592592 0.3692708333333333 0.9263888888888889 0.3729166666666667 0.924537037037037 0.3768229166666667 0.9273148148148148 0.38203125 0.9314814814814815 0.3846354166666667 0.9365740740740741 0.3848958333333333 0.950462962962963 0.3841145833333333 0.9587962962962963 0.38177083333333334 0.9662037037037037 0.38125 0.9717592592592592 0.37890625 0.9736111111111111 0.3768229166666667 0.9717592592592592 0.3736979166666667 0.9703703703703703 0.3690104166666667 0.9643518518518519 0.36666666666666664 0.961574074074074 0.36484375 0.9592592592592593 0.3578125 0.9546296296296296 0.33307291666666666 0.9546296296296296 0.325 0.9518518518518518 0.30755208333333334 0.950925925925926 0.2953125 0.9467592592592593 0.275 0.9430555555555555 0.27109375