1 0.06388888888888888 0.5213541666666667 0.06388888888888888 0.5236979166666667 0.06342592592592593 0.5239583333333333 0.06342592592592593 0.5255208333333333 0.06388888888888888 0.52578125 0.06388888888888888 0.5260416666666666 0.06898148148148148 0.52890625 0.06944444444444445 0.52890625 0.07037037037037037 0.5294270833333333 0.07453703703703704 0.53046875 0.07546296296296297 0.5309895833333333 0.07777777777777778 0.5315104166666667 0.07962962962962963 0.5325520833333334 0.08009259259259259 0.5325520833333334 0.08101851851851852 0.5330729166666667 0.08518518518518518 0.5341145833333333 0.0875 0.5354166666666667 0.0875 0.5356770833333333 0.08842592592592592 0.5364583333333334 0.08842592592592592 0.5369791666666667 0.08981481481481482 0.53828125 0.08981481481481482 0.5388020833333333 0.09027777777777778 0.5390625 0.09027777777777778 0.5395833333333333 0.09074074074074075 0.53984375 0.09074074074074075 0.5403645833333334 0.0912037037037037 0.540625 0.0912037037037037 0.5408854166666667 0.09444444444444444 0.5427083333333333 0.09490740740740741 0.5427083333333333 0.09583333333333334 0.5432291666666667 0.09768518518518518 0.5432291666666667 0.09814814814814815 0.5434895833333333 0.09953703703703703 0.5434895833333333 0.1 0.54375 0.10231481481481482 0.54375 0.10277777777777777 0.5440104166666667 0.1037037037037037 0.5440104166666667 0.1050925925925926 0.5447916666666667 0.10601851851851851 0.5447916666666667 0.1111111111111111 0.5463541666666667 0.11203703703703703 0.5463541666666667 0.1125 0.5466145833333333 0.11342592592592593 0.5466145833333333 0.11388888888888889 0.546875 0.11481481481481481 0.546875 0.11527777777777778 0.5471354166666667 0.11898148148148148 0.5471354166666667 0.11990740740740741 0.5466145833333333 0.12037037037037036 0.5466145833333333 0.12129629629629629 0.54609375 0.12175925925925926 0.54609375 0.12268518518518519 0.5455729166666666 0.12314814814814815 0.5455729166666666 0.12777777777777777 0.54296875 0.12777777777777777 0.5427083333333333 0.12962962962962962 0.54140625 0.12962962962962962 0.5411458333333333 0.13148148148148148 0.5393229166666667 0.13148148148148148 0.5388020833333333 0.13194444444444445 0.5385416666666667 0.13194444444444445 0.5380208333333333 0.13240740740740742 0.5377604166666666 0.13240740740740742 0.5372395833333333 0.13287037037037036 0.5369791666666667 0.13287037037037036 0.5361979166666667 0.13240740740740742 0.5359375 0.13240740740740742 0.53359375 0.13194444444444445 0.5333333333333333 0.13194444444444445 0.5330729166666667 0.1300925925925926 0.53203125 0.12962962962962962 0.53203125 0.12731481481481483 0.5309895833333333 0.12222222222222222 0.5296875 0.1175925925925926 0.5270833333333333 0.1175925925925926 0.5268229166666667 0.11481481481481481 0.5255208333333333 0.11388888888888889 0.5255208333333333 0.11342592592592593 0.5252604166666667 0.1111111111111111 0.5252604166666667 0.11064814814814815 0.525 0.10601851851851851 0.525 0.10555555555555556 0.5252604166666667 0.10416666666666667 0.5252604166666667 0.1037037037037037 0.5255208333333333 0.09861111111111111 0.5255208333333333 0.09814814814814815 0.5252604166666667 0.09722222222222222 0.5252604166666667 0.09675925925925925 0.525 0.09583333333333334 0.525 0.09537037037037037 0.5247395833333334 0.09490740740740741 0.5247395833333334 0.09351851851851851 0.5239583333333333 0.09305555555555556 0.5239583333333333 0.09212962962962963 0.5234375 0.09074074074074075 0.5231770833333333 0.08981481481481482 0.52265625 0.08842592592592592 0.5223958333333333 0.0875 0.521875 0.08657407407407407 0.521875 0.08518518518518518 0.5213541666666667 0.08287037037037037 0.52109375 0.07962962962962963 0.5200520833333333 0.0787037037037037 0.5200520833333333 0.07824074074074074 0.5197916666666667 0.07777777777777778 0.5197916666666667 0.07592592592592592 0.5190104166666667 0.07453703703703704 0.5190104166666667 0.07407407407407407 0.51875 0.06898148148148148 0.51875 0.06851851851851852 0.5190104166666667 0.06712962962962964 0.5192708333333333
2 0.2310185185185185 0.353125 0.22916666666666666 0.3497395833333333 0.22777777777777777 0.3489583333333333 0.22361111111111112 0.34791666666666665 0.21666666666666667 0.34791666666666665 0.19212962962962962 0.34921875 0.18287037037037038 0.34921875 0.15833333333333333 0.35078125 0.15185185185185185 0.35078125 0.1375 0.35208333333333336 0.11342592592592593 0.3533854166666667 0.09907407407407408 0.3536458333333333 0.09212962962962963 0.35442708333333334 0.0875 0.35442708333333334 0.08425925925925926 0.35494791666666664 0.07962962962962963 0.35494791666666664 0.0763888888888889 0.35546875 0.06620370370370371 0.35598958333333336 0.056018518518518516 0.35572916666666665 0.05324074074074074 0.3541666666666667 0.05138888888888889 0.35234375 0.04814814814814815 0.35078125 0.04583333333333333 0.35130208333333335 0.038425925925925926 0.35182291666666665 0.03611111111111111 0.35260416666666666 0.03518518518518519 0.3533854166666667 0.03425925925925926 0.35598958333333336 0.03425925925925926 0.35963541666666665 0.03611111111111111 0.36666666666666664 0.04027777777777778 0.3731770833333333 0.044444444444444446 0.375 0.050462962962962966 0.37526041666666665 0.05694444444444444 0.37395833333333334 0.06342592592592593 0.3703125 0.06666666666666667 0.36953125 0.075 0.3684895833333333 0.08518518518518518 0.36822916666666666 0.09398148148148149 0.36692708333333335 0.10231481481481482 0.36666666666666664 0.1111111111111111 0.3653645833333333 0.13657407407407407 0.3645833333333333 0.15092592592592594 0.36328125 0.15833333333333333 0.36354166666666665 0.16203703703703703 0.36302083333333335 0.1736111111111111 0.36276041666666664 0.1787037037037037 0.36223958333333334 0.18981481481481483 0.3625 0.20694444444444443 0.3614583333333333 0.21898148148148147 0.3611979166666667 0.22453703703703703 0.36041666666666666 0.22962962962962963 0.35859375 0.2310185185185185 0.3572916666666667
4 0.10324074074074074 0.63515625 0.10185185185185185 0.63671875 0.10092592592592593 0.6388020833333333 0.10138888888888889 0.6390625 0.10138888888888889 0.63984375 0.10231481481481482 0.6408854166666667 0.10277777777777777 0.6424479166666667 0.10601851851851851 0.6442708333333333 0.11203703703703703 0.6463541666666667 0.11388888888888889 0.6466145833333333 0.11990740740740741 0.6484375 0.12268518518518519 0.6497395833333334 0.13148148148148148 0.6518229166666667 0.13796296296296295 0.6544270833333333 0.1388888888888889 0.6544270833333333 0.14212962962962963 0.65546875 0.1449074074074074 0.6559895833333333 0.14675925925925926 0.6567708333333333 0.14953703703703702 0.6572916666666667 0.15185185185185185 0.6583333333333333 0.1550925925925926 0.6591145833333333 0.15833333333333333 0.6606770833333333 0.15925925925925927 0.6606770833333333 0.16203703703703703 0.66171875 0.16527777777777777 0.6622395833333333 0.1675925925925926 0.6630208333333333 0.1699074074074074 0.6643229166666667 0.1712962962962963 0.665625 0.17175925925925925 0.6677083333333333 0.17222222222222222 0.66796875 0.17222222222222222 0.66953125 0.1736111111111111 0.6716145833333333 0.18009259259259258 0.6736979166666667 0.18564814814814815 0.6736979166666667 0.18796296296296297 0.6723958333333333 0.18935185185185185 0.6721354166666667 0.19166666666666668 0.6708333333333333 0.19398148148148148 0.6700520833333333 0.20046296296296295 0.6658854166666667 0.2023148148148148 0.6635416666666667 0.20462962962962963 0.6619791666666667 0.20601851851851852 0.6583333333333333 0.2064814814814815 0.6580729166666667 0.2074074074074074 0.6544270833333333 0.20787037037037037 0.6541666666666667 0.2074074074074074 0.65390625 0.2074074074074074 0.653125 0.20601851851851852 0.65078125 0.20462962962962963 0.6497395833333334 0.19722222222222222 0.64765625 0.19305555555555556 0.6494791666666667 0.18518518518518517 0.6518229166666667 0.18194444444444444 0.6502604166666667 0.17731481481481481 0.6494791666666667 0.17314814814814813 0.6479166666666667 0.17175925925925925 0.6479166666666667 0.17037037037037037 0.6473958333333333 0.16944444444444445 0.6473958333333333 0.16712962962962963 0.6463541666666667 0.16342592592592592 0.6458333333333334 0.1587962962962963 0.64453125 0.15787037037037038 0.6440104166666667 0.15694444444444444 0.6440104166666667 0.15324074074074073 0.64296875 0.14814814814814814 0.6408854166666667 0.1439814814814815 0.63984375 0.13935185185185187 0.6380208333333334 0.13518518518518519 0.6372395833333333 0.1337962962962963 0.63671875 0.13287037037037036 0.63671875 0.12731481481481483 0.63515625 0.12638888888888888 0.6346354166666667 0.12361111111111112 0.634375 0.11898148148148148 0.6330729166666667 0.11481481481481481 0.6322916666666667 0.10972222222222222 0.63203125 0.10694444444444444 0.6325520833333333
6 0.1726851851851852 0.6005208333333333 0.16898148148148148 0.6026041666666667 0.16898148148148148 0.6028645833333334 0.1685185185185185 0.603125 0.1685185185185185 0.6033854166666667 0.16805555555555557 0.6036458333333333 0.1675925925925926 0.6044270833333333 0.16666666666666666 0.6049479166666667 0.16666666666666666 0.6052083333333333 0.16574074074074074 0.6057291666666667 0.16574074074074074 0.6059895833333333 0.16435185185185186 0.6067708333333334 0.16435185185185186 0.60703125 0.1638888888888889 0.6072916666666667 0.1638888888888889 0.6096354166666667 0.16342592592592592 0.6098958333333333 0.16342592592592592 0.6114583333333333 0.1638888888888889 0.61171875 0.1638888888888889 0.6122395833333333 0.16435185185185186 0.6125 0.16435185185185186 0.61328125 0.1648148148148148 0.6135416666666667 0.1648148148148148 0.6143229166666667 0.16527777777777777 0.6145833333333334 0.16527777777777777 0.6153645833333333 0.16574074074074074 0.615625 0.16574074074074074 0.6161458333333333 0.16620370370370371 0.61640625 0.16620370370370371 0.6169270833333333 0.16666666666666666 0.6171875 0.16666666666666666 0.6177083333333333 0.1675925925925926 0.6184895833333334 0.1675925925925926 0.6190104166666667 0.1685185185185185 0.61953125 0.1685185185185185 0.6197916666666666 0.16944444444444445 0.6203125 0.16944444444444445 0.6205729166666667 0.1712962962962963 0.6216145833333333 0.17175925925925925 0.6216145833333333 0.17314814814814813 0.6223958333333334 0.1736111111111111 0.6223958333333334 0.17407407407407408 0.62265625 0.17546296296296296 0.62265625 0.17592592592592593 0.6229166666666667 0.1763888888888889 0.6229166666666667 0.17777777777777778 0.6234375 0.17962962962962964 0.6234375 0.18009259259259258 0.6236979166666666 0.1824074074074074 0.6236979166666666 0.18287037037037038 0.6239583333333333 0.18425925925925926 0.6239583333333333 0.18472222222222223 0.62421875 0.19305555555555556 0.62421875 0.1935185185185185 0.6239583333333333 0.19490740740740742 0.6239583333333333 0.19537037037037036 0.6236979166666666 0.1962962962962963 0.6236979166666666 0.19675925925925927 0.6234375 0.1986111111111111 0.6234375 0.19907407407407407 0.6231770833333333 0.2 0.6231770833333333 0.20046296296296295 0.6229166666666667 0.20092592592592592 0.6229166666666667 0.2013888888888889 0.62265625 0.2013888888888889 0.6223958333333334 0.2037037037037037 0.62109375 0.2037037037037037 0.6208333333333333 0.2074074074074074 0.61875 0.2074074074074074 0.6184895833333334 0.20879629629629629 0.6177083333333333 0.20879629629629629 0.6171875 0.20925925925925926 0.6169270833333333 0.20925925925925926 0.6161458333333333 0.20972222222222223 0.6158854166666666 0.20972222222222223 0.6153645833333333 0.2101851851851852 0.6151041666666667 0.2101851851851852 0.6135416666666667 0.21064814814814814 0.61328125 0.21064814814814814 0.6119791666666666 0.2111111111111111 0.61171875 0.2111111111111111 0.6106770833333334 0.21064814814814814 0.6104166666666667 0.21064814814814814 0.609375 0.2101851851851852 0.6091145833333333 0.2101851851851852 0.6083333333333333 0.20972222222222223 0.6080729166666666 0.20972222222222223 0.6075520833333333 0.20925925925925926 0.6072916666666667 0.20925925925925926 0.6067708333333334 0.20833333333333334 0.60625 0.20833333333333334 0.6059895833333333 0.20787037037037037 0.6057291666666667 0.20787037037037037 0.6052083333333333 0.20694444444444443 0.6044270833333333 0.20694444444444443 0.6036458333333333 0.2064814814814815 0.6033854166666667 0.2064814814814815 0.6028645833333334 0.20555555555555555 0.6020833333333333 0.20555555555555555 0.6015625 0.2050925925925926 0.6013020833333333 0.2050925925925926 0.6010416666666667 0.20416666666666666 0.6005208333333333 0.2037037037037037 0.6005208333333333 0.20324074074074075 0.6002604166666666 0.20277777777777778 0.6002604166666666 0.2013888888888889 0.5997395833333333 0.2 0.5997395833333333 0.19953703703703704 0.5994791666666667 0.19583333333333333 0.5994791666666667 0.19537037037037036 0.59921875 0.1912037037037037 0.59921875 0.19074074074074074 0.5989583333333334 0.18055555555555555 0.5989583333333334 0.18009259259259258 0.59921875 0.17777777777777778 0.59921875 0.17731481481481481 0.5994791666666667 0.1763888888888889 0.5994791666666667 0.17592592592592593 0.5997395833333333 0.17546296296296296 0.5997395833333333 0.175 0.6 0.17453703703703705 0.6 0.17407407407407408 0.6002604166666666
2 0.17407407407407408 0.4666666666666667 0.16574074074074074 0.4705729166666667 0.16203703703703703 0.47317708333333336 0.16111111111111112 0.4744791666666667 0.16342592592592592 0.4783854166666667 0.16574074074074074 0.47994791666666664 0.1699074074074074 0.48020833333333335 0.17407407407407408 0.47942708333333334 0.17777777777777778 0.47994791666666664 0.1787037037037037 0.48046875 0.18009259259259258 0.4822916666666667 0.18333333333333332 0.484375 0.18518518518518517 0.4869791666666667 0.18796296296296297 0.48854166666666665 0.1925925925925926 0.49322916666666666 0.1986111111111111 0.49765625 0.20694444444444443 0.5067708333333333 0.22083333333333333 0.5184895833333333 0.22314814814814815 0.5213541666666667 0.2273148148148148 0.5244791666666667 0.23194444444444445 0.5294270833333333 0.23472222222222222 0.53125 0.23981481481481481 0.5369791666666667 0.24814814814814815 0.5447916666666667 0.26296296296296295 0.5575520833333333 0.2657407407407407 0.5588541666666667 0.27037037037037037 0.5598958333333334 0.2722222222222222 0.5598958333333334 0.2824074074074074 0.5578125 0.2833333333333333 0.55703125 0.2833333333333333 0.5528645833333333 0.27870370370370373 0.54765625 0.26666666666666666 0.5369791666666667 0.26342592592592595 0.5330729166666667 0.2537037037037037 0.5239583333333333 0.24675925925925926 0.5184895833333333 0.24259259259259258 0.5138020833333333 0.2263888888888889 0.49973958333333335 0.20462962962962963 0.478125 0.20185185185185187 0.4744791666666667 0.20324074074074075 0.47109375 0.20601851851851852 0.4671875 0.20601851851851852 0.46640625 0.20046296296296295 0.4625 0.19166666666666668 0.4622395833333333 0.18194444444444444 0.46432291666666664 0.17777777777777778 0.46588541666666666
1 0.25833333333333336 0.37890625 0.25416666666666665 0.3765625 0.2537037037037037 0.3765625 0.2518518518518518 0.37578125 0.25092592592592594 0.37578125 0.25046296296296294 0.37604166666666666 0.2490740740740741 0.37604166666666666 0.24861111111111112 0.3763020833333333 0.24768518518518517 0.3763020833333333 0.24722222222222223 0.3765625 0.24583333333333332 0.3768229166666667 0.2449074074074074 0.37734375 0.24444444444444444 0.37734375 0.24351851851851852 0.37786458333333334 0.24305555555555555 0.37786458333333334 0.24166666666666667 0.37864583333333335 0.2412037037037037 0.37864583333333335 0.2388888888888889 0.3796875 0.23842592592592593 0.3796875 0.23657407407407408 0.38046875 0.2361111111111111 0.38046875 0.23472222222222222 0.38125 0.23425925925925925 0.38125 0.2310185185185185 0.3828125 0.23055555555555557 0.3828125 0.22685185185185186 0.384375 0.22546296296296298 0.3846354166666667 0.22407407407407406 0.3854166666666667 0.22314814814814815 0.3854166666666667 0.22268518518518518 0.38567708333333334 0.22175925925925927 0.38567708333333334 0.2212962962962963 0.3859375 0.21898148148148147 0.3859375 0.21851851851851853 0.38567708333333334 0.21666666666666667 0.38567708333333334 0.2162037037037037 0.3854166666666667 0.21481481481481482 0.3854166666666667 0.21435185185185185 0.38515625 0.21342592592592594 0.38515625 0.21296296296296297 0.3848958333333333 0.2125 0.3848958333333333 0.21203703703703702 0.38515625 0.21064814814814814 0.38515625 0.2101851851851852 0.3854166666666667 0.20925925925925926 0.3854166666666667 0.20462962962962963 0.3885416666666667 0.20416666666666666 0.3885416666666667 0.20324074074074075 0.3890625 0.20277777777777778 0.3890625 0.20046296296296295 0.38984375 0.19953703703703704 0.38984375 0.19907407407407407 0.39010416666666664 0.19814814814814816 0.39010416666666664 0.19768518518518519 0.39036458333333335 0.1962962962962963 0.390625 0.19305555555555556 0.3924479166666667 0.19305555555555556 0.39348958333333334 0.1935185185185185 0.39375 0.1935185185185185 0.3966145833333333 0.19537037037037036 0.39791666666666664 0.19583333333333333 0.39869791666666665 0.19675925925925927 0.39921875 0.19675925925925927 0.39947916666666666 0.19768518518518519 0.4 0.19768518518518519 0.4002604166666667 0.19953703703703704 0.40130208333333334 0.19953703703703704 0.4015625 0.20092592592592592 0.40234375 0.20092592592592592 0.40260416666666665 0.20462962962962963 0.4046875 0.2050925925925926 0.4046875 0.20555555555555555 0.4049479166666667 0.2064814814814815 0.4049479166666667 0.20694444444444443 0.40520833333333334 0.20787037037037037 0.40520833333333334 0.20833333333333334 0.40546875 0.2111111111111111 0.40546875 0.21157407407407408 0.40572916666666664 0.21296296296296297 0.40572916666666664 0.21342592592592594 0.40546875 0.21435185185185185 0.40546875 0.21481481481481482 0.40520833333333334 0.2162037037037037 0.40520833333333334 0.21666666666666667 0.4049479166666667 0.21805555555555556 0.4046875 0.21898148148148147 0.4041666666666667 0.21944444444444444 0.4041666666666667 0.2212962962962963 0.403125 0.22361111111111112 0.40260416666666665 0.2273148148148148 0.4005208333333333 0.22777777777777777 0.4005208333333333 0.22824074074074074 0.4002604166666667 0.22870370370370371 0.39895833333333336 0.22916666666666666 0.39869791666666665 0.2300925925925926 0.39739583333333334 0.23148148148148148 0.3966145833333333 0.23148148148148148 0.3963541666666667 0.23287037037037037 0.39557291666666666 0.23287037037037037 0.3953125 0.2361111111111111 0.39348958333333334 0.23657407407407408 0.39348958333333334 0.2375 0.39296875 0.23796296296296296 0.39296875 0.2388888888888889 0.3924479166666667 0.23935185185185184 0.3924479166666667 0.24305555555555555 0.39088541666666665 0.24351851851851852 0.39088541666666665 0.2439814814814815 0.390625 0.24444444444444444 0.390625 0.2449074074074074 0.39036458333333335 0.25 0.3890625 0.25092592592592594 0.3885416666666667 0.2513888888888889 0.3885416666666667 0.2587962962962963 0.3846354166666667 0.2587962962962963 0.384375 0.25925925925925924 0.3841145833333333 0.25925925925925924 0.38333333333333336 0.25972222222222224 0.38307291666666665 0.25972222222222224 0.38177083333333334 0.2601851851851852 0.3815104166666667 0.2601851851851852 0.38046875 0.25972222222222224 0.3802083333333333 0.25972222222222224 0.37994791666666666 0.25833333333333336 0.37916666666666665
1 0.26064814814814813 0.4393229166666667 0.26064814814814813 0.43984375 0.25972222222222224 0.440625 0.25972222222222224 0.44114583333333335 0.25925925925925924 0.44140625 0.25925925925925924 0.44192708333333336 0.2587962962962963 0.4421875 0.2587962962962963 0.4427083333333333 0.25833333333333336 0.44296875 0.25833333333333336 0.4434895833333333 0.25787037037037036 0.44375 0.25787037037037036 0.44505208333333335 0.2574074074074074 0.4453125 0.2574074074074074 0.44609375 0.2569444444444444 0.44635416666666666 0.2569444444444444 0.4471354166666667 0.2564814814814815 0.4473958333333333 0.2564814814814815 0.44817708333333334 0.25601851851851853 0.4484375 0.25601851851851853 0.44947916666666665 0.25555555555555554 0.44973958333333336 0.25555555555555554 0.45286458333333335 0.25601851851851853 0.453125 0.25601851851851853 0.45416666666666666 0.2574074074074074 0.4552083333333333 0.25833333333333336 0.4552083333333333 0.25972222222222224 0.4557291666666667 0.2652777777777778 0.4557291666666667 0.2657407407407407 0.45598958333333334 0.2675925925925926 0.45598958333333334 0.26805555555555555 0.45625 0.2740740740740741 0.4578125 0.275 0.4583333333333333 0.27546296296296297 0.4583333333333333 0.2759259259259259 0.45807291666666666 0.2773148148148148 0.45807291666666666 0.2777777777777778 0.4578125 0.27870370370370373 0.4578125 0.2824074074074074 0.45651041666666664 0.287962962962963 0.45651041666666664 0.2884259259259259 0.45677083333333335 0.29074074074074074 0.45677083333333335 0.2912037037037037 0.45703125 0.29398148148148145 0.45703125 0.29444444444444445 0.45729166666666665 0.2962962962962963 0.45729166666666665 0.2967592592592593 0.45755208333333336 0.2986111111111111 0.45755208333333336 0.29907407407407405 0.4578125 0.30092592592592593 0.4578125 0.3013888888888889 0.45807291666666666 0.30462962962962964 0.4583333333333333 0.3050925925925926 0.45859375 0.3060185185185185 0.45859375 0.30648148148148147 0.4588541666666667 0.3101851851851852 0.4588541666666667 0.3106481481481482 0.4591145833333333 0.31203703703703706 0.4591145833333333 0.3125 0.459375 0.31527777777777777 0.459375 0.31574074074074077 0.4596354166666667 0.31851851851851853 0.4596354166666667 0.3189814814814815 0.45989583333333334 0.32222222222222224 0.45989583333333334 0.3226851851851852 0.4596354166666667 0.32407407407407407 0.459375 0.325 0.4588541666666667 0.32546296296296295 0.4588541666666667 0.32546296296296295 0.45859375 0.32685185185185184 0.45729166666666665 0.32731481481481484 0.45598958333333334 0.3277777777777778 0.4557291666666667 0.3277777777777778 0.4544270833333333 0.32685185185185184 0.45364583333333336 0.32685185185185184 0.453125 0.3263888888888889 0.45286458333333335 0.32546296296296295 0.4515625 0.324537037037037 0.4510416666666667 0.3236111111111111 0.4510416666666667 0.32314814814814813 0.45078125 0.32222222222222224 0.45078125 0.32175925925925924 0.4505208333333333 0.31851851851851853 0.4505208333333333 0.31805555555555554 0.45026041666666666 0.31712962962962965 0.45026041666666666 0.31666666666666665 0.45 0.31527777777777777 0.45 0.3148148148148148 0.44973958333333336 0.31342592592592594 0.44973958333333336 0.31296296296296294 0.44947916666666665 0.3111111111111111 0.44947916666666665 0.3106481481481482 0.44921875 0.30972222222222223 0.44921875 0.30925925925925923 0.44895833333333335 0.30833333333333335 0.44895833333333335 0.30787037037037035 0.44869791666666664 0.30694444444444446 0.44869791666666664 0.30648148148148147 0.4484375 0.30416666666666664 0.44817708333333334 0.30277777777777776 0.44765625 0.29953703703703705 0.4473958333333333 0.29907407407407405 0.4471354166666667 0.2967592592592593 0.446875 0.29444444444444445 0.44609375 0.2935185185185185 0.44609375 0.29305555555555557 0.44583333333333336 0.2916666666666667 0.44583333333333336 0.2912037037037037 0.44557291666666665 0.2902777777777778 0.44557291666666665 0.28935185185185186 0.44505208333333335 0.28888888888888886 0.44505208333333335 0.287962962962963 0.44453125 0.2875 0.44453125 0.2861111111111111 0.44375 0.2861111111111111 0.4434895833333333 0.2851851851851852 0.4427083333333333 0.2851851851851852 0.4421875 0.2828703703703704 0.43984375 0.27824074074074073 0.43984375 0.2777777777777778 0.4401041666666667 0.274537037037037 0.44036458333333334 0.2740740740740741 0.4401041666666667 0.27314814814814814 0.4401041666666667 0.26990740740740743 0.4390625 0.2689814814814815 0.4390625 0.2675925925925926 0.43854166666666666 0.2662037037037037 0.43854166666666666 0.2657407407407407 0.43828125 0.26435185185185184 0.43828125 0.2638888888888889 0.43802083333333336 0.26342592592592595 0.43802083333333336 0.2625 0.43854166666666666 0.262037037037037 0.43854166666666666
5 0.3023148148148148 0.20078125 0.30092592592592593 0.20078125 0.300462962962963 0.20052083333333334 0.29768518518518516 0.20052083333333334 0.2949074074074074 0.20130208333333333 0.2902777777777778 0.20364583333333333 0.287962962962963 0.20442708333333334 0.2861111111111111 0.20598958333333334 0.28564814814814815 0.20755208333333333 0.2851851851851852 0.2078125 0.2851851851851852 0.20885416666666667 0.2847222222222222 0.20911458333333333 0.28379629629629627 0.21119791666666668 0.2824074074074074 0.21276041666666667 0.27870370370370373 0.21484375 0.2759259259259259 0.215625 0.275 0.21640625 0.2722222222222222 0.21770833333333334 0.2657407407407407 0.21927083333333333 0.26342592592592595 0.22109375 0.2537037037037037 0.22473958333333333 0.25092592592592594 0.22552083333333334 0.24722222222222223 0.22760416666666666 0.24444444444444444 0.22838541666666667 0.2439814814814815 0.23229166666666667 0.24768518518518517 0.23567708333333334 0.2513888888888889 0.23984375 0.25462962962962965 0.24166666666666667 0.2550925925925926 0.24166666666666667 0.25833333333333336 0.24322916666666666 0.25925925925925924 0.24348958333333334 0.26342592592592595 0.24348958333333334 0.26805555555555555 0.2421875 0.2712962962962963 0.24192708333333332 0.27824074074074073 0.2390625 0.2814814814814815 0.23854166666666668 0.28194444444444444 0.23828125 0.2828703703703704 0.23828125 0.28703703703703703 0.23645833333333333 0.29259259259259257 0.23489583333333333 0.29583333333333334 0.23359375 0.3013888888888889 0.23229166666666667 0.3023148148148148 0.23177083333333334 0.3037037037037037 0.23177083333333334 0.30416666666666664 0.23151041666666666 0.3055555555555556 0.23151041666666666 0.30648148148148147 0.23125 0.30925925925925923 0.23229166666666667 0.3148148148148148 0.23229166666666667 0.32314814814814813 0.22994791666666667 0.32407407407407407 0.22994791666666667 0.32592592592592595 0.22916666666666666 0.3263888888888889 0.22864583333333333 0.3263888888888889 0.22552083333333334 0.32685185185185184 0.22526041666666666 0.32685185185185184 0.22447916666666667 0.32546296296296295 0.22291666666666668 0.324537037037037 0.22239583333333332 0.3189814814814815 0.21588541666666666 0.31805555555555554 0.21536458333333333 0.3162037037037037 0.21328125 0.31574074074074077 0.21223958333333334 0.3148148148148148 0.21171875 0.3143518518518518 0.2109375 0.31296296296296294 0.21015625 0.3101851851851852 0.20677083333333332 0.3087962962962963 0.20598958333333334 0.3060185185185185 0.20338541666666668 0.30416666666666664 0.20234375
4 0.26944444444444443 0.19427083333333334 0.2689814814814815 0.19427083333333334 0.2675925925925926 0.19348958333333333 0.26342592592592595 0.19348958333333333 0.25972222222222224 0.19479166666666667 0.25787037037037036 0.19583333333333333 0.2564814814814815 0.19713541666666667 0.2564814814814815 0.19791666666666666 0.25601851851851853 0.19817708333333334 0.25601851851851853 0.19921875 0.25555555555555554 0.19947916666666668 0.25555555555555554 0.20052083333333334 0.2550925925925926 0.20078125 0.25462962962962965 0.20234375 0.2537037037037037 0.203125 0.25324074074074077 0.20416666666666666 0.2513888888888889 0.20546875 0.24861111111111112 0.20651041666666667 0.2462962962962963 0.20703125 0.24537037037037038 0.20755208333333333 0.2439814814814815 0.2078125 0.23842592592592593 0.21041666666666667 0.23194444444444445 0.21276041666666667 0.2310185185185185 0.21354166666666666 0.23055555555555557 0.21354166666666666 0.2263888888888889 0.215625 0.22268518518518518 0.21666666666666667 0.21944444444444444 0.21848958333333332 0.21666666666666667 0.21927083333333333 0.21203703703703702 0.22135416666666666 0.20925925925925926 0.221875 0.20277777777777778 0.22552083333333334 0.2 0.22630208333333332 0.19768518518518519 0.22734375 0.19675925925925927 0.22838541666666667 0.19675925925925927 0.2296875 0.1962962962962963 0.22994791666666667 0.1962962962962963 0.23177083333333334 0.19583333333333333 0.23203125 0.1962962962962963 0.23307291666666666 0.19722222222222222 0.23411458333333332 0.20416666666666666 0.23776041666666667 0.2050925925925926 0.23802083333333332 0.20925925925925926 0.23802083333333332 0.20972222222222223 0.23776041666666667 0.2125 0.23776041666666667 0.21296296296296297 0.2375 0.2152777777777778 0.23723958333333334 0.21666666666666667 0.23671875 0.2175925925925926 0.23671875 0.22361111111111112 0.23385416666666667 0.22592592592592592 0.23307291666666666 0.22916666666666666 0.23125 0.22962962962962963 0.23125 0.2324074074074074 0.22994791666666667 0.2337962962962963 0.2296875 0.2351851851851852 0.22890625 0.2375 0.22838541666666667 0.23981481481481481 0.22838541666666667 0.24027777777777778 0.228125 0.24305555555555555 0.228125 0.24351851851851852 0.22786458333333334 0.24444444444444444 0.22786458333333334 0.25 0.22552083333333334 0.2523148148148148 0.225 0.25555555555555554 0.2234375 0.2587962962962963 0.22239583333333332 0.262037037037037 0.22057291666666667 0.26296296296296295 0.21953125 0.2652777777777778 0.21822916666666667 0.26805555555555555 0.21744791666666666 0.2712962962962963 0.21614583333333334 0.275 0.21588541666666666 0.2814814814814815 0.21328125 0.2824074074074074 0.21223958333333334 0.28379629629629627 0.21145833333333333 0.28564814814814815 0.20885416666666667 0.2847222222222222 0.20755208333333333 0.28425925925925927 0.20546875 0.2800925925925926 0.20234375 0.27870370370370373 0.20052083333333334 0.2759259259259259 0.1984375 0.275 0.19713541666666667 0.274537037037037 0.19713541666666667
3 0.3101851851851852 0.26119791666666664 0.3087962962962963 0.26197916666666665 0.30648148148148147 0.26276041666666666 0.30416666666666664 0.26510416666666664 0.30277777777777776 0.265625 0.30092592592592593 0.2669270833333333 0.2986111111111111 0.27005208333333336 0.2967592592592593 0.2713541666666667 0.2967592592592593 0.271875 0.2949074074074074 0.27317708333333335 0.29305555555555557 0.2752604166666667 0.29305555555555557 0.2760416666666667 0.29259259259259257 0.27630208333333334 0.29212962962962963 0.27760416666666665 0.29074074074074074 0.27890625 0.2898148148148148 0.28072916666666664 0.2875 0.2830729166666667 0.28935185185185186 0.28671875 0.2949074074074074 0.28984375 0.29583333333333334 0.28984375 0.29814814814814816 0.290625 0.30277777777777776 0.290625 0.3060185185185185 0.28958333333333336 0.3074074074074074 0.28958333333333336 0.30787037037037035 0.28932291666666665 0.3106481481481482 0.28932291666666665 0.31203703703703706 0.28984375 0.31296296296296294 0.28984375 0.31574074074074077 0.2908854166666667 0.3189814814814815 0.29140625 0.324537037037037 0.29296875 0.32546296296296295 0.29348958333333336 0.33425925925925926 0.29583333333333334 0.3351851851851852 0.29635416666666664 0.33935185185185185 0.29739583333333336 0.3421296296296296 0.2986979166666667 0.3435185185185185 0.2989583333333333 0.3449074074074074 0.29973958333333334 0.3476851851851852 0.30052083333333335 0.3490740740740741 0.30130208333333336 0.3537037037037037 0.3026041666666667 0.35462962962962963 0.3026041666666667 0.35648148148148145 0.303125 0.3611111111111111 0.303125 0.362962962962963 0.3015625 0.36342592592592593 0.30078125 0.36435185185185187 0.30026041666666664 0.3648148148148148 0.2994791666666667 0.36574074074074076 0.2989583333333333 0.36898148148148147 0.2950520833333333 0.3699074074074074 0.29453125 0.37175925925925923 0.29244791666666664 0.37175925925925923 0.29192708333333334 0.3726851851851852 0.2908854166666667 0.37222222222222223 0.2903645833333333 0.37222222222222223 0.28958333333333336 0.37175925925925923 0.28932291666666665 0.37175925925925923 0.28854166666666664 0.37037037037037035 0.2869791666666667 0.3638888888888889 0.28463541666666664 0.3611111111111111 0.2830729166666667 0.36064814814814816 0.2830729166666667 0.35694444444444445 0.28125 0.35555555555555557 0.28098958333333335 0.35138888888888886 0.2791666666666667 0.3490740740740741 0.2786458333333333 0.3449074074074074 0.27682291666666664 0.3425925925925926 0.27630208333333334 0.34120370370370373 0.2755208333333333 0.3351851851851852 0.27395833333333336 0.33240740740740743 0.27291666666666664 0.32916666666666666 0.27109375 0.3282407407407407 0.26927083333333335 0.3277777777777778 0.26901041666666664 0.3277777777777778 0.26848958333333334 0.32731481481481484 0.2682291666666667 0.32731481481481484 0.2677083333333333 0.32685185185185184 0.2674479166666667 0.32685185185185184 0.2669270833333333 0.32546296296296295 0.26588541666666665 0.32222222222222224 0.26510416666666664 0.3162037037037037 0.2625 0.31574074074074077 0.2625 0.3143518518518518 0.26171875 0.31342592592592594 0.26171875 0.31157407407407406 0.26119791666666664
1 0.34953703703703703 0.22734375 0.34814814814814815 0.22734375 0.3476851851851852 0.22708333333333333 0.3435185185185185 0.22708333333333333 0.34305555555555556 0.22734375 0.34120370370370373 0.22734375 0.3388888888888889 0.22864583333333333 0.3388888888888889 0.22890625 0.33796296296296297 0.22942708333333334 0.33796296296296297 0.2296875 0.33425925925925926 0.23203125 0.33425925925925926 0.23229166666666667 0.3337962962962963 0.23255208333333333 0.3337962962962963 0.23333333333333334 0.3333333333333333 0.23359375 0.3333333333333333 0.23515625 0.33287037037037037 0.23541666666666666 0.33287037037037037 0.23645833333333333 0.33240740740740743 0.23671875 0.33240740740740743 0.23723958333333334 0.33101851851851855 0.23828125 0.33101851851851855 0.23854166666666668 0.3296296296296296 0.2390625 0.32731481481481484 0.2390625 0.32685185185185184 0.23932291666666666 0.32592592592592595 0.23932291666666666 0.32407407407407407 0.24010416666666667 0.3236111111111111 0.24010416666666667 0.31805555555555554 0.24296875 0.31805555555555554 0.24322916666666666 0.31712962962962965 0.24401041666666667 0.31712962962962965 0.24505208333333334 0.31666666666666665 0.2453125 0.31666666666666665 0.24635416666666668 0.3162037037037037 0.24661458333333333 0.3162037037037037 0.24791666666666667 0.31574074074074077 0.24817708333333333 0.3148148148148148 0.24947916666666667 0.3138888888888889 0.25 0.3138888888888889 0.25026041666666665 0.31296296296296294 0.25104166666666666 0.31296296296296294 0.2515625 0.3125 0.2518229166666667 0.3125 0.2526041666666667 0.31203703703703706 0.25286458333333334 0.31203703703703706 0.25442708333333336 0.31157407407407406 0.2546875 0.31157407407407406 0.2596354166666667 0.3138888888888889 0.26067708333333334 0.3143518518518518 0.26067708333333334 0.3162037037037037 0.26145833333333335 0.31666666666666665 0.26145833333333335 0.31805555555555554 0.26223958333333336 0.31851851851851853 0.26223958333333336 0.32083333333333336 0.2635416666666667 0.3212962962962963 0.2635416666666667 0.32222222222222224 0.2640625 0.32314814814814813 0.2640625 0.32546296296296295 0.26484375 0.3287037037037037 0.26484375 0.32916666666666666 0.26458333333333334 0.3300925925925926 0.26458333333333334 0.33101851851851855 0.2640625 0.3314814814814815 0.2640625 0.3347222222222222 0.2630208333333333 0.33564814814814814 0.2630208333333333 0.33611111111111114 0.26276041666666666 0.3375 0.2625 0.33935185185185185 0.26145833333333335 0.33935185185185185 0.26119791666666664 0.3421296296296296 0.2596354166666667 0.3421296296296296 0.259375 0.3425925925925926 0.2591145833333333 0.3425925925925926 0.25859375 0.3435185185185185 0.2578125 0.3435185185185185 0.25729166666666664 0.3439814814814815 0.25703125 0.3453703703703704 0.2552083333333333 0.34675925925925927 0.25416666666666665 0.34675925925925927 0.25364583333333335 0.3472222222222222 0.25338541666666664 0.3472222222222222 0.25286458333333334 0.3476851851851852 0.2526041666666667 0.3476851851851852 0.25026041666666665 0.3472222222222222 0.25 0.3472222222222222 0.24921875 0.34675925925925927 0.24895833333333334 0.34675925925925927 0.24817708333333333 0.34629629629629627 0.24791666666666667 0.34629629629629627 0.24375 0.34675925925925927 0.24348958333333334 0.34675925925925927 0.24322916666666666 0.3472222222222222 0.24296875 0.3472222222222222 0.24270833333333333 0.3476851851851852 0.24244791666666668 0.3476851851851852 0.2421875 0.34814814814814815 0.24192708333333332 0.34814814814814815 0.24166666666666667 0.3509259259259259 0.23880208333333333 0.3509259259259259 0.23828125 0.35138888888888886 0.23802083333333332 0.35138888888888886 0.23776041666666667 0.35185185185185186 0.2375 0.35185185185185186 0.23697916666666666 0.3527777777777778 0.23619791666666667 0.3527777777777778 0.23489583333333333 0.35324074074074074 0.23463541666666668 0.35324074074074074 0.23307291666666666 0.3537037037037037 0.2328125 0.3537037037037037 0.23177083333333334 0.35324074074074074 0.23151041666666666 0.35324074074074074 0.23072916666666668 0.3527777777777778 0.23046875 0.3527777777777778 0.2296875 0.3523148148148148 0.22942708333333334 0.3523148148148148 0.22890625 0.35185185185185186 0.22864583333333333 0.35185185185185186 0.22838541666666667 0.350462962962963 0.22760416666666666 0.35 0.22760416666666666
6 0.3574074074074074 0.3072916666666667 0.35555555555555557 0.30807291666666664 0.3541666666666667 0.30833333333333335 0.35138888888888886 0.30963541666666666 0.3509259259259259 0.30963541666666666 0.34953703703703703 0.3104166666666667 0.3490740740740741 0.3104166666666667 0.3449074074074074 0.31276041666666665 0.3449074074074074 0.31302083333333336 0.3439814814814815 0.31354166666666666 0.3439814814814815 0.3138020833333333 0.34305555555555556 0.3145833333333333 0.34305555555555556 0.3151041666666667 0.3425925925925926 0.31536458333333334 0.3425925925925926 0.31588541666666664 0.3421296296296296 0.31614583333333335 0.3421296296296296 0.31666666666666665 0.3416666666666667 0.31692708333333336 0.3416666666666667 0.31796875 0.34120370370370373 0.3182291666666667 0.34120370370370373 0.3234375 0.3416666666666667 0.32369791666666664 0.3416666666666667 0.32526041666666666 0.3421296296296296 0.3255208333333333 0.3421296296296296 0.3263020833333333 0.3435185185185185 0.32760416666666664 0.3435185185185185 0.328125 0.3439814814814815 0.32838541666666665 0.3453703703703704 0.3302083333333333 0.3472222222222222 0.33125 0.3472222222222222 0.33151041666666664 0.35 0.33307291666666666 0.350462962962963 0.33307291666666666 0.35185185185185186 0.3338541666666667 0.3523148148148148 0.3338541666666667 0.3541666666666667 0.33489583333333334 0.35555555555555557 0.33515625 0.3574074074074074 0.3359375 0.35833333333333334 0.3359375 0.3587962962962963 0.33619791666666665 0.3597222222222222 0.33619791666666665 0.36018518518518516 0.33645833333333336 0.3611111111111111 0.33645833333333336 0.36157407407407405 0.33671875 0.36342592592592593 0.33671875 0.3638888888888889 0.33697916666666666 0.3763888888888889 0.33697916666666666 0.3768518518518518 0.33671875 0.38055555555555554 0.33671875 0.38101851851851853 0.33645833333333336 0.38333333333333336 0.3359375 0.38425925925925924 0.33541666666666664 0.38564814814814813 0.33515625 0.38657407407407407 0.3346354166666667 0.387037037037037 0.3346354166666667 0.3912037037037037 0.33229166666666665 0.3912037037037037 0.33203125 0.3925925925925926 0.33125 0.3925925925925926 0.33098958333333334 0.39444444444444443 0.3296875 0.39444444444444443 0.3294270833333333 0.3962962962962963 0.32760416666666664 0.3962962962962963 0.32708333333333334 0.39675925925925926 0.3268229166666667 0.39675925925925926 0.3263020833333333 0.3972222222222222 0.3260416666666667 0.3972222222222222 0.325 0.3976851851851852 0.32473958333333336 0.3976851851851852 0.3234375 0.39814814814814814 0.32317708333333334 0.39814814814814814 0.32135416666666666 0.3976851851851852 0.32109375 0.3976851851851852 0.31979166666666664 0.3972222222222222 0.31953125 0.3972222222222222 0.3182291666666667 0.39675925925925926 0.31796875 0.3962962962962963 0.31666666666666665 0.39537037037037037 0.31588541666666664 0.39537037037037037 0.31536458333333334 0.39490740740740743 0.3151041666666667 0.39351851851851855 0.31328125 0.3925925925925926 0.31276041666666665 0.3925925925925926 0.3125 0.38935185185185184 0.3106770833333333 0.38935185185185184 0.3104166666666667 0.3875 0.309375 0.387037037037037 0.309375 0.3851851851851852 0.30833333333333335 0.38472222222222224 0.30833333333333335 0.38333333333333336 0.3078125 0.3824074074074074 0.3078125 0.37824074074074077 0.3065104166666667 0.3773148148148148 0.3065104166666667 0.3768518518518518 0.30625 0.375 0.30625 0.37453703703703706 0.3059895833333333 0.3731481481481482 0.3059895833333333 0.3726851851851852 0.30572916666666666 0.3680555555555556 0.30572916666666666 0.3675925925925926 0.3059895833333333 0.36574074074074076 0.3059895833333333 0.36527777777777776 0.30625 0.3638888888888889 0.30625 0.36342592592592593 0.3065104166666667 0.36157407407407405 0.3065104166666667 0.3611111111111111 0.3067708333333333 0.36018518518518516 0.3067708333333333 0.3597222222222222 0.30703125
6 0.35694444444444445 0.33697916666666666 0.35324074074074074 0.33932291666666664 0.3527777777777778 0.34010416666666665 0.35185185185185186 0.340625 0.3509259259259259 0.3419270833333333 0.35 0.3424479166666667 0.35 0.34270833333333334 0.3490740740740741 0.34348958333333335 0.3490740740740741 0.34401041666666665 0.3486111111111111 0.34427083333333336 0.3486111111111111 0.3450520833333333 0.34814814814814815 0.3453125 0.34814814814814815 0.34609375 0.3476851851851852 0.3463541666666667 0.3476851851851852 0.346875 0.3472222222222222 0.34713541666666664 0.3472222222222222 0.34765625 0.34675925925925927 0.34791666666666665 0.34675925925925927 0.34869791666666666 0.34629629629629627 0.3489583333333333 0.34629629629629627 0.3497395833333333 0.3458333333333333 0.35 0.3458333333333333 0.3541666666666667 0.34629629629629627 0.35442708333333334 0.34629629629629627 0.35572916666666665 0.34675925925925927 0.35598958333333336 0.34675925925925927 0.3567708333333333 0.3472222222222222 0.35703125 0.3472222222222222 0.3575520833333333 0.3476851851851852 0.3578125 0.34953703703703703 0.36015625 0.350462962962963 0.3606770833333333 0.350462962962963 0.3609375 0.35138888888888886 0.3614583333333333 0.35138888888888886 0.36171875 0.35648148148148145 0.3645833333333333 0.35648148148148145 0.36484375 0.3574074074074074 0.3653645833333333 0.3578703703703704 0.3653645833333333 0.36018518518518516 0.36640625 0.36064814814814816 0.36640625 0.36574074074074076 0.36796875 0.36712962962962964 0.36796875 0.3685185185185185 0.3684895833333333 0.37083333333333335 0.3684895833333333 0.3712962962962963 0.36875 0.37592592592592594 0.36875 0.3763888888888889 0.3690104166666667 0.3768518518518518 0.3690104166666667 0.3773148148148148 0.36875 0.38101851851851853 0.36875 0.3814814814814815 0.3684895833333333 0.3824074074074074 0.3684895833333333 0.38287037037037036 0.36822916666666666 0.38425925925925924 0.36822916666666666 0.38564814814814813 0.36770833333333336 0.38657407407407407 0.36770833333333336 0.387037037037037 0.36744791666666665 0.38796296296296295 0.36744791666666665 0.38842592592592595 0.3671875 0.3888888888888889 0.3671875 0.38981481481481484 0.36666666666666664 0.3902777777777778 0.36666666666666664 0.3912037037037037 0.36614583333333334 0.39166666666666666 0.36614583333333334 0.39305555555555555 0.3653645833333333 0.39351851851851855 0.3653645833333333 0.39675925925925926 0.36354166666666665 0.39675925925925926 0.36328125 0.399537037037037 0.3614583333333333 0.399537037037037 0.3611979166666667 0.4013888888888889 0.359375 0.4013888888888889 0.35885416666666664 0.4023148148148148 0.3580729166666667 0.4023148148148148 0.3575520833333333 0.4027777777777778 0.3572916666666667 0.4027777777777778 0.35651041666666666 0.40324074074074073 0.35625 0.40324074074074073 0.35494791666666664 0.40370370370370373 0.3546875 0.40370370370370373 0.35182291666666665 0.40324074074074073 0.3515625 0.40324074074074073 0.3494791666666667 0.4027777777777778 0.34921875 0.4027777777777778 0.3484375 0.4023148148148148 0.34817708333333336 0.4023148148148148 0.34765625 0.40185185185185185 0.34739583333333335 0.4 0.3450520833333333 0.3990740740740741 0.34453125 0.39861111111111114 0.34375 0.3972222222222222 0.34296875 0.3972222222222222 0.34270833333333334 0.3921296296296296 0.33984375 0.3888888888888889 0.3390625 0.38796296296296295 0.3385416666666667 0.3875 0.3385416666666667 0.38657407407407407 0.3380208333333333 0.3861111111111111 0.3380208333333333 0.38425925925925924 0.3372395833333333 0.3824074074074074 0.3372395833333333 0.3819444444444444 0.33697916666666666 0.36666666666666664 0.33697916666666666 0.3662037037037037 0.3372395833333333 0.3648148148148148 0.3372395833333333 0.36435185185185187 0.33697916666666666 0.36203703703703705 0.33697916666666666 0.36157407407407405 0.33671875 0.3597222222222222 0.33671875 0.3592592592592593 0.33697916666666666
1 0.35509259259259257 0.61015625 0.35462962962962963 0.6114583333333333 0.35509259259259257 0.61171875 0.35509259259259257 0.6125 0.35555555555555557 0.6127604166666667 0.35555555555555557 0.61328125 0.3560185185185185 0.6135416666666667 0.35694444444444445 0.61484375 0.3587962962962963 0.615625 0.3592592592592593 0.615625 0.36018518518518516 0.6161458333333333 0.36064814814814816 0.6161458333333333 0.3611111111111111 0.61640625 0.36203703703703705 0.61640625 0.36342592592592593 0.6169270833333333 0.36435185185185187 0.6169270833333333 0.3662037037037037 0.6177083333333333 0.36666666666666664 0.6177083333333333 0.3685185185185185 0.61875 0.3685185185185185 0.6190104166666667 0.37222222222222223 0.6213541666666667 0.37222222222222223 0.6216145833333333 0.3726851851851852 0.621875 0.3768518518518518 0.621875 0.38055555555555554 0.6205729166666667 0.38333333333333336 0.6205729166666667 0.3837962962962963 0.6208333333333333 0.38564814814814813 0.6208333333333333 0.387037037037037 0.6213541666666667 0.38796296296296295 0.6213541666666667 0.3912037037037037 0.6231770833333333 0.39166666666666666 0.6231770833333333 0.3939814814814815 0.6239583333333333 0.39490740740740743 0.6239583333333333 0.3958333333333333 0.6244791666666667 0.40185185185185185 0.6260416666666667 0.40370370370370373 0.6270833333333333 0.4050925925925926 0.62734375 0.4060185185185185 0.6278645833333333 0.4074074074074074 0.628125 0.4083333333333333 0.6286458333333333 0.41064814814814815 0.6291666666666667 0.4115740740740741 0.6296875 0.412962962962963 0.6296875 0.4134259259259259 0.6299479166666667 0.4148148148148148 0.6299479166666667 0.4152777777777778 0.6302083333333334 0.4162037037037037 0.6302083333333334 0.4166666666666667 0.6299479166666667 0.4199074074074074 0.6291666666666667 0.4236111111111111 0.6270833333333333 0.4236111111111111 0.6229166666666667 0.42314814814814816 0.62265625 0.42268518518518516 0.62265625 0.42083333333333334 0.6216145833333333 0.4203703703703704 0.6216145833333333 0.4152777777777778 0.6190104166666667 0.4148148148148148 0.6190104166666667 0.41388888888888886 0.6184895833333334 0.4134259259259259 0.6184895833333334 0.4125 0.61796875 0.41203703703703703 0.61796875 0.4111111111111111 0.6174479166666667 0.41064814814814815 0.6174479166666667 0.4074074074074074 0.6158854166666666 0.40694444444444444 0.6158854166666666 0.4060185185185185 0.6153645833333333 0.40555555555555556 0.6153645833333333 0.40185185185185185 0.6138020833333333 0.40046296296296297 0.6135416666666667 0.39814814814814814 0.6125 0.39814814814814814 0.6122395833333333 0.39675925925925926 0.6114583333333333 0.39675925925925926 0.6106770833333334 0.3962962962962963 0.6104166666666667 0.3962962962962963 0.60859375 0.3958333333333333 0.6083333333333333 0.3958333333333333 0.6072916666666667 0.39444444444444443 0.6065104166666667 0.39444444444444443 0.60625 0.39166666666666666 0.6049479166666667 0.3902777777777778 0.6046875 0.38842592592592595 0.60390625 0.387037037037037 0.60390625 0.38657407407407407 0.6036458333333333 0.38472222222222224 0.6036458333333333 0.38425925925925924 0.6033854166666667 0.38333333333333336 0.6033854166666667 0.38287037037037036 0.603125 0.3819444444444444 0.603125 0.3814814814814815 0.6028645833333334 0.38101851851851853 0.6028645833333334 0.3763888888888889 0.6002604166666666 0.37546296296296294 0.6002604166666666 0.375 0.6 0.3736111111111111 0.6 0.3731481481481482 0.5997395833333333 0.37037037037037035 0.5997395833333333 0.3699074074074074 0.6 0.3685185185185185 0.6 0.36666666666666664 0.6010416666666667 0.36527777777777776 0.6013020833333333 0.3648148148148148 0.6015625 0.3648148148148148 0.6018229166666667 0.36342592592592593 0.6026041666666667 0.36342592592592593 0.6028645833333334 0.36203703703703705 0.6036458333333333 0.36203703703703705 0.60390625 0.36018518518518516 0.6049479166666667 0.36018518518518516 0.6052083333333333 0.3592592592592593 0.6057291666666667 0.3578703703703704 0.6075520833333333 0.35694444444444445 0.6080729166666666 0.35694444444444445 0.6083333333333333
1 0.425 0.3963541666666667 0.42453703703703705 0.3963541666666667 0.4236111111111111 0.3958333333333333 0.42314814814814816 0.3958333333333333 0.4199074074074074 0.39479166666666665 0.41574074074074074 0.39479166666666665 0.412962962962963 0.39609375 0.4125 0.39609375 0.4074074074074074 0.39895833333333336 0.4074074074074074 0.39921875 0.4060185185185185 0.4002604166666667 0.40555555555555556 0.4010416666666667 0.4013888888888889 0.4041666666666667 0.4013888888888889 0.4044270833333333 0.4009259259259259 0.4046875 0.4009259259259259 0.40520833333333334 0.40046296296296297 0.40546875 0.4 0.40625 0.3976851851851852 0.4078125 0.3972222222222222 0.4078125 0.39537037037037037 0.40859375 0.39351851851851855 0.40859375 0.39305555555555555 0.4088541666666667 0.38842592592592595 0.4088541666666667 0.38796296296296295 0.40911458333333334 0.38472222222222224 0.40989583333333335 0.38333333333333336 0.41067708333333336 0.38333333333333336 0.4109375 0.3819444444444444 0.4119791666666667 0.3819444444444444 0.4125 0.3814814814814815 0.4127604166666667 0.3814814814814815 0.41328125 0.38101851851851853 0.41354166666666664 0.38101851851851853 0.4140625 0.38055555555555554 0.41432291666666665 0.3800925925925926 0.41510416666666666 0.37916666666666665 0.415625 0.37916666666666665 0.4158854166666667 0.3768518518518518 0.4171875 0.3768518518518518 0.41744791666666664 0.37453703703703706 0.4197916666666667 0.37453703703703706 0.42083333333333334 0.375 0.42109375 0.375 0.4236979166666667 0.37546296296296294 0.4239583333333333 0.37546296296296294 0.4244791666666667 0.37592592592592594 0.42473958333333334 0.37592592592592594 0.425 0.37916666666666665 0.42682291666666666 0.37962962962962965 0.42682291666666666 0.3814814814814815 0.4278645833333333 0.3819444444444444 0.4278645833333333 0.38425925925925924 0.42890625 0.3851851851851852 0.42890625 0.38564814814814813 0.42916666666666664 0.387037037037037 0.42916666666666664 0.38842592592592595 0.4296875 0.3907407407407407 0.4296875 0.3912037037037037 0.42994791666666665 0.3925925925925926 0.42994791666666665 0.39305555555555555 0.43020833333333336 0.39444444444444443 0.43020833333333336 0.39490740740740743 0.43046875 0.39675925925925926 0.43046875 0.3972222222222222 0.43020833333333336 0.39861111111111114 0.42994791666666665 0.399537037037037 0.42942708333333335 0.4 0.42942708333333335 0.4050925925925926 0.4265625 0.40555555555555556 0.4265625 0.4074074074074074 0.42552083333333335 0.4074074074074074 0.42526041666666664 0.4083333333333333 0.42473958333333334 0.4083333333333333 0.4244791666666667 0.4097222222222222 0.4236979166666667 0.4097222222222222 0.4234375 0.41064814814814815 0.42265625 0.41064814814814815 0.42213541666666665 0.4111111111111111 0.421875 0.4111111111111111 0.42109375 0.4115740740740741 0.42083333333333334 0.4115740740740741 0.4203125 0.41203703703703703 0.4200520833333333 0.41203703703703703 0.4158854166666667 0.4125 0.415625 0.4125 0.41510416666666666 0.41388888888888886 0.41380208333333335 0.41388888888888886 0.41328125 0.41435185185185186 0.41302083333333334 0.4148148148148148 0.4122395833333333 0.41574074074074074 0.41171875 0.41574074074074074 0.4114583333333333 0.4162037037037037 0.41119791666666666 0.4162037037037037 0.4109375 0.4166666666666667 0.41067708333333336 0.41805555555555557 0.4088541666666667 0.41898148148148145 0.4083333333333333 0.42083333333333334 0.40572916666666664 0.4217592592592593 0.40520833333333334 0.4217592592592593 0.4049479166666667 0.42268518518518516 0.4044270833333333 0.42268518518518516 0.4041666666666667 0.42453703703703705 0.403125 0.42453703703703705 0.40286458333333336 0.425462962962963 0.40234375 0.425462962962963 0.40208333333333335 0.4263888888888889 0.40130208333333334 0.4263888888888889 0.40078125 0.42685185185185187 0.4005208333333333 0.42685185185185187 0.39947916666666666 0.4263888888888889 0.39921875 0.4263888888888889 0.39817708333333335 0.42592592592592593 0.39791666666666664 0.42592592592592593 0.39739583333333334 0.425462962962963 0.3971354166666667
4 0.43148148148148147 0.47578125 0.42777777777777776 0.47760416666666666 0.425 0.4783854166666667 0.41759259259259257 0.4822916666666667 0.41898148148148145 0.48411458333333335 0.41944444444444445 0.4859375 0.42314814814814816 0.48776041666666664 0.42407407407407405 0.48776041666666664 0.4273148148148148 0.4869791666666667 0.4305555555555556 0.48671875 0.4310185185185185 0.4864583333333333 0.43425925925925923 0.4869791666666667 0.4361111111111111 0.48776041666666664 0.4375 0.48932291666666666 0.4375 0.4901041666666667 0.43796296296296294 0.4903645833333333 0.4388888888888889 0.49244791666666665 0.44305555555555554 0.496875 0.44305555555555554 0.4973958333333333 0.44583333333333336 0.49947916666666664 0.44675925925925924 0.5005208333333333 0.44675925925925924 0.5010416666666667 0.45 0.5044270833333333 0.45046296296296295 0.5057291666666667 0.4527777777777778 0.5072916666666667 0.45416666666666666 0.5088541666666667 0.4546296296296296 0.51015625 0.45694444444444443 0.5125 0.45694444444444443 0.5130208333333334 0.45787037037037037 0.5140625 0.4601851851851852 0.515625 0.4615740740740741 0.5171875 0.4615740740740741 0.5177083333333333 0.4648148148148148 0.5208333333333334 0.4648148148148148 0.5213541666666667 0.46574074074074073 0.5223958333333333 0.4685185185185185 0.5244791666666667 0.4689814814814815 0.5252604166666667 0.4708333333333333 0.5263020833333333 0.4726851851851852 0.5265625 0.4740740740740741 0.5270833333333333 0.47638888888888886 0.5270833333333333 0.47685185185185186 0.5268229166666667 0.4824074074074074 0.5268229166666667 0.4847222222222222 0.5252604166666667 0.4847222222222222 0.5234375 0.48518518518518516 0.5231770833333333 0.48518518518518516 0.5203125 0.4847222222222222 0.5200520833333333 0.4847222222222222 0.5184895833333333 0.4842592592592593 0.5182291666666666 0.4842592592592593 0.5171875 0.4837962962962963 0.5169270833333334 0.48333333333333334 0.515625 0.4791666666666667 0.5109375 0.4791666666666667 0.5104166666666666 0.475462962962963 0.5067708333333333 0.47453703703703703 0.5049479166666667 0.4722222222222222 0.5028645833333333 0.4722222222222222 0.50234375 0.4703703703703704 0.5005208333333333 0.4703703703703704 0.5 0.4685185185185185 0.4984375 0.4685185185185185 0.4979166666666667 0.4652777777777778 0.49505208333333334 0.4648148148148148 0.4940104166666667 0.45555555555555555 0.48385416666666664 0.4532407407407407 0.4825520833333333 0.4532407407407407 0.48203125 0.4550925925925926 0.48020833333333335 0.45787037037037037 0.4786458333333333 0.4597222222222222 0.478125 0.46111111111111114 0.47604166666666664 0.46111111111111114 0.4747395833333333 0.4615740740740741 0.4744791666666667 0.4597222222222222 0.4734375 0.45925925925925926 0.47265625 0.45787037037037037 0.471875 0.4564814814814815 0.47161458333333334 0.45555555555555555 0.47109375 0.4527777777777778 0.47109375 0.45231481481481484 0.4713541666666667 0.45046296296296295 0.4713541666666667 0.45 0.47161458333333334 0.4476851851851852 0.471875 0.4449074074074074 0.47291666666666665 0.4361111111111111 0.4744791666666667 0.43333333333333335 0.47552083333333334
4 0.4976851851851852 0.35260416666666666 0.4949074074074074 0.35598958333333336 0.4930555555555556 0.3575520833333333 0.4930555555555556 0.35833333333333334 0.49166666666666664 0.36015625 0.4898148148148148 0.3611979166666667 0.48935185185185187 0.3625 0.48842592592592593 0.36328125 0.48842592592592593 0.36380208333333336 0.48703703703703705 0.3651041666666667 0.48703703703703705 0.365625 0.4861111111111111 0.36666666666666664 0.48518518518518516 0.36953125 0.48564814814814816 0.3697916666666667 0.48564814814814816 0.37109375 0.4861111111111111 0.37135416666666665 0.4861111111111111 0.3723958333333333 0.48657407407407405 0.3729166666666667 0.4912037037037037 0.37395833333333334 0.4925925925925926 0.37395833333333334 0.4930555555555556 0.37421875 0.4976851851851852 0.37421875 0.5 0.3731770833333333 0.5027777777777778 0.3723958333333333 0.5060185185185185 0.37213541666666666 0.5083333333333333 0.3729166666666667 0.5111111111111111 0.3731770833333333 0.5115740740740741 0.3734375 0.513425925925926 0.3734375 0.5152777777777777 0.37395833333333334 0.5166666666666667 0.37395833333333334 0.5171296296296296 0.37421875 0.5222222222222223 0.375 0.524537037037037 0.37578125 0.5254629629629629 0.37578125 0.5259259259259259 0.37604166666666666 0.5296296296296297 0.3765625 0.5310185185185186 0.3770833333333333 0.5361111111111111 0.37786458333333334 0.5398148148148149 0.37890625 0.5407407407407407 0.37942708333333336 0.5421296296296296 0.37942708333333336 0.5425925925925926 0.3796875 0.5449074074074074 0.37994791666666666 0.5481481481481482 0.3809895833333333 0.549074074074074 0.3809895833333333 0.5541666666666667 0.38229166666666664 0.5564814814814815 0.38255208333333335 0.5592592592592592 0.38333333333333336 0.5601851851851852 0.38385416666666666 0.5666666666666667 0.3854166666666667 0.5680555555555555 0.3854166666666667 0.5685185185185185 0.38567708333333334 0.5699074074074074 0.38567708333333334 0.5722222222222222 0.38619791666666664 0.5782407407407407 0.38619791666666664 0.5787037037037037 0.3859375 0.5800925925925926 0.3859375 0.5837962962962963 0.3846354166666667 0.5861111111111111 0.38177083333333334 0.586574074074074 0.38046875 0.5842592592592593 0.37734375 0.5805555555555556 0.37578125 0.5791666666666667 0.37552083333333336 0.5768518518518518 0.37447916666666664 0.575 0.37421875 0.5708333333333333 0.3729166666666667 0.5694444444444444 0.3729166666666667 0.5689814814814815 0.37265625 0.5625 0.37161458333333336 0.5583333333333333 0.3703125 0.5574074074074075 0.3697916666666667 0.5560185185185185 0.36953125 0.5550925925925926 0.3690104166666667 0.5541666666666667 0.3690104166666667 0.5537037037037037 0.36875 0.5513888888888889 0.3684895833333333 0.55 0.36796875 0.5476851851851852 0.36770833333333336 0.5462962962962963 0.3671875 0.5453703703703704 0.3671875 0.5388888888888889 0.3651041666666667 0.5328703703703703 0.3640625 0.5254629629629629 0.36171875 0.5208333333333334 0.3609375 0.5148148148148148 0.359375 0.5115740740740741 0.3578125 0.5111111111111111 0.3572916666666667 0.5111111111111111 0.35598958333333336 0.5106481481481482 0.35572916666666665 0.5101851851851852 0.3533854166666667 0.5083333333333333 0.35260416666666666 0.5074074074074074 0.35260416666666666 0.5055555555555555 0.35208333333333336 0.5041666666666667 0.35208333333333336 0.5018518518518519 0.35130208333333335
4 0.5171296296296296 0.48020833333333335 0.5171296296296296 0.48098958333333336 0.5162037037037037 0.48203125 0.5162037037037037 0.48359375 0.5157407407407407 0.48385416666666664 0.5157407407407407 0.4859375 0.5152777777777777 0.4861979166666667 0.5171296296296296 0.48854166666666665 0.5212962962962963 0.48984375 0.5236111111111111 0.48984375 0.524074074074074 0.4901041666666667 0.5291666666666667 0.48984375 0.5314814814814814 0.48880208333333336 0.5337962962962963 0.48828125 0.5388888888888889 0.48828125 0.5393518518518519 0.48854166666666665 0.5421296296296296 0.48854166666666665 0.5425925925925926 0.48880208333333336 0.5444444444444444 0.48880208333333336 0.5449074074074074 0.4890625 0.5486111111111112 0.4890625 0.549074074074074 0.48932291666666666 0.5541666666666667 0.4901041666666667 0.5578703703703703 0.49114583333333334 0.5601851851851852 0.49140625 0.5634259259259259 0.49244791666666665 0.5643518518518519 0.49244791666666665 0.5680555555555555 0.4934895833333333 0.5694444444444444 0.4934895833333333 0.5726851851851852 0.4942708333333333 0.575925925925926 0.49453125 0.5763888888888888 0.4947916666666667 0.5814814814814815 0.49557291666666664 0.5875 0.49713541666666666 0.5888888888888889 0.49713541666666666 0.5921296296296297 0.4979166666666667 0.5935185185185186 0.4979166666666667 0.5949074074074074 0.4984375 0.5962962962962963 0.4984375 0.5967592592592592 0.4986979166666667 0.5981481481481481 0.4986979166666667 0.5986111111111111 0.49895833333333334 0.6 0.49895833333333334 0.6023148148148149 0.49947916666666664 0.6097222222222223 0.49947916666666664 0.6101851851851852 0.49921875 0.6148148148148148 0.4986979166666667 0.6166666666666667 0.49765625 0.6180555555555556 0.49583333333333335 0.6185185185185185 0.49322916666666666 0.6180555555555556 0.49296875 0.6175925925925926 0.49166666666666664 0.6157407407407407 0.4901041666666667 0.6134259259259259 0.4895833333333333 0.6125 0.4890625 0.6064814814814815 0.48828125 0.5995370370370371 0.4861979166666667 0.5986111111111111 0.4861979166666667 0.5967592592592592 0.4856770833333333 0.5953703703703703 0.4856770833333333 0.5925925925925926 0.48489583333333336 0.5879629629629629 0.484375 0.5851851851851851 0.48333333333333334 0.5842592592592593 0.48333333333333334 0.5800925925925926 0.48203125 0.5777777777777777 0.4817708333333333 0.5722222222222222 0.48020833333333335 0.5689814814814815 0.4796875 0.5601851851851852 0.47708333333333336 0.5555555555555556 0.4765625 0.5541666666666667 0.47604166666666664 0.5532407407407407 0.47604166666666664 0.5486111111111112 0.4744791666666667 0.5458333333333333 0.47265625 0.5416666666666666 0.4666666666666667 0.5388888888888889 0.46588541666666666 0.5375 0.46588541666666666 0.5370370370370371 0.465625 0.5324074074074074 0.465625 0.5287037037037037 0.4671875 0.5287037037037037 0.4674479166666667 0.525 0.46979166666666666 0.524074074074074 0.47161458333333334 0.5212962962962963 0.4744791666666667 0.5199074074074074 0.47708333333333336
1 0.5324074074074074 0.6018229166666667 0.5314814814814814 0.60234375 0.5310185185185186 0.60234375 0.5291666666666667 0.6033854166666667 0.5291666666666667 0.6080729166666666 0.5296296296296297 0.6083333333333333 0.5296296296296297 0.6098958333333333 0.5300925925925926 0.61015625 0.5300925925925926 0.6114583333333333 0.5282407407407408 0.6125 0.5282407407407408 0.6127604166666667 0.5273148148148148 0.61328125 0.5259259259259259 0.6151041666666667 0.5263888888888889 0.6153645833333333 0.5277777777777778 0.6171875 0.5300925925925926 0.61875 0.5300925925925926 0.6190104166666667 0.5310185185185186 0.6197916666666666 0.5310185185185186 0.6205729166666667 0.5314814814814814 0.6208333333333333 0.5314814814814814 0.6216145833333333 0.5319444444444444 0.621875 0.5319444444444444 0.6294270833333333 0.5314814814814814 0.6296875 0.5314814814814814 0.6390625 0.5319444444444444 0.6393229166666666 0.5319444444444444 0.63984375 0.5324074074074074 0.6401041666666667 0.5328703703703703 0.64140625 0.5337962962962963 0.6419270833333334 0.5342592592592592 0.6419270833333334 0.5347222222222222 0.6421875 0.5356481481481481 0.6421875 0.5361111111111111 0.6424479166666667 0.5416666666666666 0.6424479166666667 0.5421296296296296 0.6421875 0.5444444444444444 0.6421875 0.5453703703703704 0.6416666666666667 0.5467592592592593 0.63984375 0.5481481481481482 0.6388020833333333 0.5481481481481482 0.6375 0.5486111111111112 0.6372395833333333 0.5486111111111112 0.6333333333333333 0.549074074074074 0.6330729166666667 0.549074074074074 0.6309895833333333 0.549537037037037 0.6307291666666667 0.549537037037037 0.6270833333333333 0.55 0.6268229166666667 0.55 0.62421875 0.5504629629629629 0.6239583333333333 0.5504629629629629 0.6223958333333334 0.5509259259259259 0.6221354166666667 0.5509259259259259 0.6213541666666667 0.5513888888888889 0.62109375 0.5513888888888889 0.6203125 0.5518518518518518 0.6200520833333333 0.5523148148148148 0.6192708333333333 0.5564814814814815 0.6169270833333333 0.5564814814814815 0.6166666666666667 0.5574074074074075 0.6158854166666666 0.5574074074074075 0.6153645833333333 0.5578703703703703 0.6151041666666667 0.5578703703703703 0.61484375 0.5574074074074075 0.6145833333333334 0.5574074074074075 0.6138020833333333 0.5569444444444445 0.6135416666666667 0.5569444444444445 0.6127604166666667 0.5564814814814815 0.6125 0.5564814814814815 0.6119791666666666 0.5555555555555556 0.6114583333333333 0.5555555555555556 0.6111979166666667 0.5578703703703703 0.6096354166666667 0.5578703703703703 0.609375 0.5587962962962963 0.6088541666666667 0.5592592592592592 0.6080729166666666 0.5601851851851852 0.6075520833333333 0.5601851851851852 0.6067708333333334 0.5597222222222222 0.6065104166666667 0.5597222222222222 0.6059895833333333 0.5592592592592592 0.6057291666666667 0.5592592592592592 0.6052083333333333 0.5587962962962963 0.6049479166666667 0.5583333333333333 0.6041666666666666 0.5569444444444445 0.6033854166666667 0.5560185185185185 0.6033854166666667 0.5555555555555556 0.603125 0.5550925925925926 0.603125 0.5527777777777778 0.60234375 0.5518518518518518 0.60234375 0.5513888888888889 0.6020833333333333 0.5402777777777777 0.6020833333333333 0.5398148148148149 0.6018229166666667
5 0.5916666666666667 0.4466145833333333 0.5902777777777778 0.44817708333333334 0.5902777777777778 0.44869791666666664 0.5888888888888889 0.4505208333333333 0.5888888888888889 0.4513020833333333 0.5884259259259259 0.4515625 0.5884259259259259 0.45234375 0.5879629629629629 0.45260416666666664 0.5879629629629629 0.45338541666666665 0.5875 0.45364583333333336 0.5875 0.4546875 0.587037037037037 0.4549479166666667 0.5875 0.45546875 0.5875 0.45703125 0.5879629629629629 0.45729166666666665 0.5884259259259259 0.4588541666666667 0.5902777777777778 0.45989583333333334 0.5953703703703703 0.46171875 0.5981481481481481 0.46197916666666666 0.5986111111111111 0.4622395833333333 0.6 0.4622395833333333 0.600462962962963 0.4625 0.6018518518518519 0.4625 0.6023148148148149 0.4627604166666667 0.6050925925925926 0.4630208333333333 0.6055555555555555 0.46328125 0.6069444444444444 0.46328125 0.6097222222222223 0.4640625 0.6111111111111112 0.4640625 0.611574074074074 0.46432291666666664 0.6125 0.46432291666666664 0.6157407407407407 0.46510416666666665 0.6171296296296296 0.46510416666666665 0.6175925925925926 0.46536458333333336 0.6199074074074075 0.465625 0.6222222222222222 0.46640625 0.6259259259259259 0.4669270833333333 0.6305555555555555 0.46822916666666664 0.6314814814814815 0.46875 0.6333333333333333 0.46927083333333336 0.6351851851851852 0.4703125 0.6365740740740741 0.4747395833333333 0.638425925925926 0.47604166666666664 0.638425925925926 0.47630208333333335 0.6393518518518518 0.4765625 0.6402777777777777 0.4765625 0.6416666666666667 0.47708333333333336 0.6467592592592593 0.4778645833333333 0.6472222222222223 0.47760416666666666 0.65 0.47760416666666666 0.6541666666666667 0.47578125 0.6555555555555556 0.4744791666666667 0.6555555555555556 0.4739583333333333 0.6564814814814814 0.47317708333333336 0.6564814814814814 0.47265625 0.6592592592592592 0.46953125 0.6601851851851852 0.46901041666666665 0.6611111111111111 0.46770833333333334 0.6620370370370371 0.4671875 0.6620370370370371 0.4666666666666667 0.6657407407407407 0.4625 0.6657407407407407 0.46197916666666666 0.6666666666666666 0.4609375 0.6666666666666666 0.46015625 0.6671296296296296 0.45989583333333334 0.6671296296296296 0.4591145833333333 0.6675925925925926 0.4588541666666667 0.6675925925925926 0.45807291666666666 0.6680555555555555 0.4578125 0.6680555555555555 0.45677083333333335 0.6685185185185185 0.45651041666666664 0.6685185185185185 0.45546875 0.6689814814814815 0.4552083333333333 0.6689814814814815 0.4505208333333333 0.6675925925925926 0.44895833333333335 0.6657407407407407 0.4479166666666667 0.662962962962963 0.4471354166666667 0.6611111111111111 0.4471354166666667 0.6606481481481481 0.446875 0.6569444444444444 0.446875 0.6564814814814814 0.4471354166666667 0.6555555555555556 0.4471354166666667 0.6523148148148148 0.44869791666666664 0.6513888888888889 0.44869791666666664 0.649537037037037 0.44921875 0.6467592592592593 0.4505208333333333 0.6449074074074074 0.4505208333333333 0.6444444444444445 0.45078125 0.637962962962963 0.45078125 0.6375 0.4505208333333333 0.6356481481481482 0.4505208333333333 0.6351851851851852 0.45026041666666666 0.6305555555555555 0.45 0.6300925925925925 0.44973958333333336 0.6282407407407408 0.44973958333333336 0.6277777777777778 0.44947916666666665 0.624537037037037 0.44921875 0.6240740740740741 0.44895833333333335 0.6217592592592592 0.44869791666666664 0.6203703703703703 0.44817708333333334 0.6194444444444445 0.44817708333333334 0.6189814814814815 0.4479166666666667 0.6180555555555556 0.4479166666666667 0.6148148148148148 0.4471354166666667 0.6106481481481482 0.446875 0.6101851851851852 0.4466145833333333 0.6069444444444444 0.44635416666666666 0.6037037037037037 0.44557291666666665 0.6018518518518519 0.44557291666666665 0.6013888888888889 0.4453125 0.5995370370370371 0.4453125 0.5990740740740741 0.44505208333333335 0.5986111111111111 0.4453125 0.5953703703703703 0.4453125
4 0.612037037037037 0.3411458333333333 0.611574074074074 0.34140625 0.6106481481481482 0.34140625 0.6092592592592593 0.3421875 0.6092592592592593 0.34270833333333334 0.6083333333333333 0.34348958333333335 0.6083333333333333 0.34427083333333336 0.6078703703703704 0.34453125 0.6078703703703704 0.34817708333333336 0.6083333333333333 0.3484375 0.6083333333333333 0.35 0.6087962962962963 0.3502604166666667 0.6092592592592593 0.35182291666666665 0.6101851851851852 0.3528645833333333 0.6101851851851852 0.3536458333333333 0.6129629629629629 0.3578125 0.6129629629629629 0.35859375 0.6138888888888889 0.35989583333333336 0.6138888888888889 0.3609375 0.6148148148148148 0.36223958333333334 0.6148148148148148 0.36328125 0.6171296296296296 0.36666666666666664 0.6175925925925926 0.36875 0.6203703703703703 0.3729166666666667 0.6203703703703703 0.3736979166666667 0.6212962962962963 0.375 0.6212962962962963 0.37604166666666666 0.6217592592592592 0.3763020833333333 0.6226851851851852 0.37916666666666665 0.6236111111111111 0.3802083333333333 0.6236111111111111 0.38307291666666665 0.6231481481481481 0.38333333333333336 0.6231481481481481 0.3846354166666667 0.6222222222222222 0.3854166666666667 0.6162037037037037 0.3888020833333333 0.6157407407407407 0.3927083333333333 0.6180555555555556 0.39505208333333336 0.6194444444444445 0.3958333333333333 0.6236111111111111 0.3971354166666667 0.625462962962963 0.3971354166666667 0.6259259259259259 0.39739583333333334 0.6351851851851852 0.39739583333333334 0.6356481481481482 0.3971354166666667 0.637962962962963 0.3971354166666667 0.638425925925926 0.396875 0.6421296296296296 0.3966145833333333 0.6449074074074074 0.3958333333333333 0.6458333333333334 0.3958333333333333 0.6518518518518519 0.39348958333333334 0.6555555555555556 0.3924479166666667 0.6592592592592592 0.3890625 0.6592592592592592 0.38776041666666666 0.6587962962962963 0.3875 0.6583333333333333 0.38515625 0.6578703703703703 0.3848958333333333 0.6578703703703703 0.384375 0.6574074074074074 0.384375 0.6504629629629629 0.38046875 0.6458333333333334 0.37942708333333336 0.6435185185185185 0.3776041666666667 0.6435185185185185 0.3770833333333333 0.6421296296296296 0.37526041666666665 0.6416666666666667 0.3734375 0.6393518518518518 0.37005208333333334 0.638425925925926 0.3671875 0.6375 0.36640625 0.6375 0.365625 0.6365740740740741 0.3645833333333333 0.6356481481481482 0.36171875 0.6351851851851852 0.3614583333333333 0.6351851851851852 0.3609375 0.6333333333333333 0.35833333333333334 0.6333333333333333 0.3575520833333333 0.6324074074074074 0.35651041666666666 0.6324074074074074 0.35546875 0.6319444444444444 0.35520833333333335 0.6319444444444444 0.3541666666666667 0.6314814814814815 0.35390625 0.6305555555555555 0.3502604166666667 0.6300925925925925 0.35 0.6300925925925925 0.34921875 0.6291666666666667 0.34817708333333336 0.6291666666666667 0.34739583333333335 0.6282407407407408 0.3463541666666667 0.6282407407407408 0.3455729166666667 0.6277777777777778 0.3453125 0.6268518518518519 0.34322916666666664 0.625 0.3416666666666667 0.6236111111111111 0.34140625 0.6226851851851852 0.34088541666666666 0.6166666666666667 0.340625 0.6162037037037037 0.34088541666666666
4 0.7518518518518519 0.35520833333333335 0.75 0.35520833333333335 0.749537037037037 0.35494791666666664 0.7476851851851852 0.35494791666666664 0.7472222222222222 0.3546875 0.7430555555555556 0.35442708333333334 0.7425925925925926 0.3541666666666667 0.7375 0.3541666666666667 0.737037037037037 0.35390625 0.7351851851851852 0.35390625 0.7347222222222223 0.3541666666666667 0.7310185185185185 0.3541666666666667 0.7305555555555555 0.35390625 0.7263888888888889 0.35390625 0.725925925925926 0.3541666666666667 0.7240740740740741 0.3541666666666667 0.7203703703703703 0.35520833333333335 0.7199074074074074 0.35598958333333336 0.7180555555555556 0.3572916666666667 0.7180555555555556 0.3578125 0.7185185185185186 0.3580729166666667 0.7185185185185186 0.3611979166666667 0.7199074074074074 0.3625 0.7236111111111111 0.36484375 0.7263888888888889 0.3684895833333333 0.7263888888888889 0.3697916666666667 0.725925925925926 0.37005208333333334 0.725925925925926 0.37135416666666665 0.725462962962963 0.37161458333333336 0.725462962962963 0.3731770833333333 0.7245370370370371 0.37447916666666664 0.7245370370370371 0.37578125 0.7240740740740741 0.37604166666666666 0.7236111111111111 0.37890625 0.7231481481481481 0.37916666666666665 0.7231481481481481 0.3802083333333333 0.7226851851851852 0.38046875 0.7226851851851852 0.38177083333333334 0.7222222222222222 0.38203125 0.7222222222222222 0.38307291666666665 0.7217592592592592 0.38333333333333336 0.7208333333333333 0.38671875 0.7203703703703703 0.38697916666666665 0.7203703703703703 0.38828125 0.7199074074074074 0.3885416666666667 0.7199074074074074 0.39010416666666664 0.7194444444444444 0.39036458333333335 0.7189814814814814 0.3927083333333333 0.7185185185185186 0.39296875 0.7185185185185186 0.39375 0.7180555555555556 0.39401041666666664 0.7180555555555556 0.39479166666666665 0.7171296296296297 0.3958333333333333 0.7166666666666667 0.39791666666666664 0.7162037037037037 0.39817708333333335 0.7162037037037037 0.39947916666666666 0.7157407407407408 0.3997395833333333 0.7157407407407408 0.4010416666666667 0.7152777777777778 0.40130208333333334 0.7152777777777778 0.40260416666666665 0.7148148148148148 0.40286458333333336 0.7148148148148148 0.4041666666666667 0.7143518518518519 0.4044270833333333 0.7143518518518519 0.40572916666666664 0.7138888888888889 0.40598958333333335 0.7138888888888889 0.4075520833333333 0.7134259259259259 0.4078125 0.7143518518518519 0.40963541666666664 0.7152777777777778 0.41067708333333336 0.7166666666666667 0.4114583333333333 0.7180555555555556 0.4114583333333333 0.7185185185185186 0.41171875 0.7217592592592592 0.41171875 0.7222222222222222 0.4114583333333333 0.7287037037037037 0.4114583333333333 0.7324074074074074 0.40963541666666664 0.7342592592592593 0.40703125 0.7342592592592593 0.40625 0.7347222222222223 0.40598958333333335 0.7351851851851852 0.4046875 0.7356481481481482 0.4044270833333333 0.7361111111111112 0.4015625 0.736574074074074 0.40130208333333334 0.736574074074074 0.3997395833333333 0.737037037037037 0.39947916666666666 0.737037037037037 0.3984375 0.7375 0.39817708333333335 0.7375 0.39739583333333334 0.7384259259259259 0.39609375 0.7384259259259259 0.39505208333333336 0.7393518518518518 0.39375 0.7393518518518518 0.3927083333333333 0.7398148148148148 0.3924479166666667 0.7402777777777778 0.3890625 0.7407407407407407 0.3888020833333333 0.7407407407407407 0.38776041666666666 0.7412037037037037 0.3875 0.7412037037037037 0.38645833333333335 0.7416666666666667 0.38619791666666664 0.7425925925925926 0.38255208333333335 0.7435185185185185 0.38125 0.7444444444444445 0.3768229166666667 0.7467592592592592 0.3731770833333333 0.7467592592592592 0.37213541666666666 0.7472222222222222 0.371875 0.7476851851851852 0.37005208333333334 0.7486111111111111 0.3690104166666667 0.750462962962963 0.36796875 0.7532407407407408 0.36692708333333335 0.7578703703703704 0.365625 0.7597222222222222 0.3653645833333333 0.7606481481481482 0.36484375 0.763425925925926 0.3614583333333333 0.763425925925926 0.3609375 0.7606481481481482 0.3578125 0.7597222222222222 0.3572916666666667 0.7578703703703704 0.3567708333333333 0.7569444444444444 0.3567708333333333
2 0.75 0.4393229166666667 0.7462962962962963 0.44088541666666664 0.7425925925925926 0.4432291666666667 0.7435185185185185 0.44765625 0.7476851851851852 0.44973958333333336 0.7509259259259259 0.44921875 0.7578703703703704 0.44947916666666665 0.762962962962963 0.4518229166666667 0.7648148148148148 0.4552083333333333 0.7703703703703704 0.46171875 0.7712962962962963 0.46380208333333334 0.7782407407407408 0.471875 0.7828703703703703 0.47942708333333334 0.7916666666666666 0.4895833333333333 0.8023148148148148 0.5052083333333334 0.8083333333333333 0.51171875 0.8097222222222222 0.5143229166666666 0.8166666666666667 0.5213541666666667 0.8189814814814815 0.5252604166666667 0.8231481481481482 0.528125 0.825 0.5317708333333333 0.8296296296296296 0.5346354166666667 0.8337962962962963 0.5356770833333333 0.8393518518518519 0.5348958333333333 0.8416666666666667 0.5333333333333333 0.8412037037037037 0.5299479166666666 0.836574074074074 0.5236979166666667 0.8351851851851851 0.5203125 0.8333333333333334 0.5184895833333333 0.8217592592592593 0.5018229166666667 0.8162037037037037 0.49583333333333335 0.8097222222222222 0.4861979166666667 0.8078703703703703 0.48463541666666665 0.8 0.47369791666666666 0.7972222222222223 0.4708333333333333 0.7949074074074074 0.46588541666666666 0.7805555555555556 0.44765625 0.7810185185185186 0.4432291666666667 0.7856481481481481 0.4393229166666667 0.7833333333333333 0.43515625 0.774074074074074 0.434375 0.762962962962963 0.4361979166666667 0.7569444444444444 0.43802083333333336
3 0.7657407407407407 0.5236979166666667 0.7601851851851852 0.5294270833333333 0.7601851851851852 0.5299479166666666 0.7587962962962963 0.5317708333333333 0.7587962962962963 0.5325520833333334 0.7578703703703704 0.53359375 0.7569444444444444 0.5364583333333334 0.7564814814814815 0.53671875 0.7560185185185185 0.5411458333333333 0.7578703703703704 0.54375 0.7597222222222222 0.5447916666666667 0.7643518518518518 0.5458333333333333 0.7657407407407407 0.5458333333333333 0.7662037037037037 0.54609375 0.7708333333333334 0.54609375 0.7717592592592593 0.5458333333333333 0.7722222222222223 0.54609375 0.7796296296296297 0.54609375 0.7800925925925926 0.5463541666666667 0.7824074074074074 0.5463541666666667 0.7828703703703703 0.5466145833333333 0.7837962962962963 0.5463541666666667 0.7870370370370371 0.5463541666666667 0.788425925925926 0.546875 0.7893518518518519 0.546875 0.7921296296296296 0.54765625 0.7944444444444444 0.5486979166666667 0.7958333333333333 0.5486979166666667 0.7962962962962963 0.5489583333333333 0.7986111111111112 0.54921875 0.8101851851851852 0.5528645833333333 0.8157407407407408 0.5536458333333333 0.8171296296296297 0.5541666666666667 0.8194444444444444 0.5544270833333333 0.8208333333333333 0.5549479166666667 0.8217592592592593 0.5549479166666667 0.825 0.5557291666666667 0.8296296296296296 0.5557291666666667 0.8300925925925926 0.55546875 0.8337962962962963 0.5552083333333333 0.8398148148148148 0.553125 0.8435185185185186 0.55078125 0.8453703703703703 0.5486979166666667 0.8453703703703703 0.54609375 0.8458333333333333 0.5458333333333333 0.8458333333333333 0.54453125 0.8435185185185186 0.5419270833333333 0.8402777777777778 0.5401041666666667 0.8398148148148148 0.5401041666666667 0.8333333333333334 0.5369791666666667 0.8296296296296296 0.5361979166666667 0.8273148148148148 0.53515625 0.8175925925925925 0.5325520833333334 0.8166666666666667 0.53203125 0.8157407407407408 0.53203125 0.8143518518518519 0.5315104166666667 0.8134259259259259 0.5315104166666667 0.8101851851851852 0.5307291666666667 0.8069444444444445 0.53046875 0.8041666666666667 0.5294270833333333 0.8032407407407407 0.5286458333333334 0.8027777777777778 0.5270833333333333 0.8023148148148148 0.5268229166666667 0.8023148148148148 0.525 0.8013888888888889 0.5236979166666667 0.8009259259259259 0.5213541666666667 0.799074074074074 0.51953125 0.7944444444444444 0.5171875 0.7935185185185185 0.5171875 0.7907407407407407 0.51640625 0.7888888888888889 0.51640625 0.788425925925926 0.5161458333333333 0.7851851851851852 0.5161458333333333 0.7847222222222222 0.5158854166666667 0.7828703703703703 0.5158854166666667 0.7824074074074074 0.5161458333333333 0.7791666666666667 0.51640625 0.7773148148148148 0.5171875 0.7759259259259259 0.5174479166666667 0.7703703703703704 0.5205729166666667 0.7703703703703704 0.5208333333333334
4 0.9189814814814815 0.39609375 0.9180555555555555 0.39505208333333336 0.9148148148148149 0.39348958333333334 0.9138888888888889 0.39348958333333334 0.9120370370370371 0.39296875 0.9111111111111111 0.3932291666666667 0.9037037037037037 0.3932291666666667 0.8921296296296296 0.3958333333333333 0.888425925925926 0.39609375 0.8824074074074074 0.39739583333333334 0.8810185185185185 0.39739583333333334 0.8787037037037037 0.39817708333333335 0.8777777777777778 0.39817708333333335 0.8717592592592592 0.3997395833333333 0.8703703703703703 0.3997395833333333 0.8680555555555556 0.4002604166666667 0.8662037037037037 0.4002604166666667 0.861574074074074 0.40130208333333334 0.8583333333333333 0.4015625 0.8578703703703704 0.40182291666666664 0.8555555555555555 0.40208333333333335 0.8541666666666666 0.40260416666666665 0.8495370370370371 0.403125 0.8490740740740741 0.40338541666666666 0.8425925925925926 0.4036458333333333 0.8421296296296297 0.40338541666666666 0.8407407407407408 0.40338541666666666 0.8402777777777778 0.403125 0.837037037037037 0.40286458333333336 0.836574074074074 0.40260416666666665 0.8324074074074074 0.40260416666666665 0.8319444444444445 0.40234375 0.8287037037037037 0.40234375 0.8282407407407407 0.40208333333333335 0.8236111111111111 0.40208333333333335 0.8231481481481482 0.40234375 0.8217592592592593 0.40234375 0.8180555555555555 0.4044270833333333 0.8175925925925925 0.40598958333333335 0.8171296296296297 0.40625 0.8171296296296297 0.40729166666666666 0.8166666666666667 0.4075520833333333 0.8166666666666667 0.41171875 0.8162037037037037 0.4119791666666667 0.8166666666666667 0.4122395833333333 0.8171296296296297 0.4158854166666667 0.8175925925925925 0.4161458333333333 0.8180555555555555 0.41744791666666664 0.8189814814814815 0.41822916666666665 0.8189814814814815 0.41875 0.8199074074074074 0.41953125 0.8199074074074074 0.4200520833333333 0.8245370370370371 0.4236979166666667 0.8273148148148148 0.42526041666666664 0.8291666666666667 0.42578125 0.8342592592592593 0.42630208333333336 0.8347222222222223 0.42604166666666665 0.837037037037037 0.42604166666666665 0.8375 0.42578125 0.8412037037037037 0.42526041666666664 0.8458333333333333 0.4234375 0.8476851851851852 0.42109375 0.8490740740740741 0.4200520833333333 0.85 0.41822916666666665 0.8527777777777777 0.4166666666666667 0.8560185185185185 0.4158854166666667 0.8592592592592593 0.41458333333333336 0.8625 0.41380208333333335 0.8638888888888889 0.41380208333333335 0.8662037037037037 0.41302083333333334 0.8694444444444445 0.4125 0.8726851851851852 0.4114583333333333 0.8777777777777778 0.4109375 0.8796296296296297 0.41041666666666665 0.8810185185185185 0.41041666666666665 0.8824074074074074 0.40989583333333335 0.8833333333333333 0.40989583333333335 0.8921296296296296 0.4080729166666667 0.8935185185185185 0.4080729166666667 0.8939814814814815 0.4078125 0.8962962962962963 0.4075520833333333 0.8976851851851851 0.40703125 0.8986111111111111 0.40703125 0.9023148148148148 0.40598958333333335 0.9032407407407408 0.40598958333333335 0.9055555555555556 0.40520833333333334 0.9115740740740741 0.4041666666666667 0.9152777777777777 0.40260416666666665 0.9180555555555555 0.40078125 0.9185185185185185 0.4002604166666667 0.9185185185185185 0.39921875 0.9189814814814815 0.39895833333333336
1 0.8532407407407407 0.5065104166666666 0.8486111111111111 0.5065104166666666 0.8481481481481481 0.5067708333333333 0.8416666666666667 0.5067708333333333 0.8407407407407408 0.5072916666666667 0.8402777777777778 0.5072916666666667 0.8402777777777778 0.5075520833333333 0.8393518518518519 0.5080729166666667 0.8393518518518519 0.5083333333333333 0.8384259259259259 0.5091145833333334 0.8384259259259259 0.5119791666666667 0.8379629629629629 0.5122395833333333 0.8379629629629629 0.5143229166666666 0.8375 0.5145833333333333 0.8375 0.5151041666666667 0.837037037037037 0.5153645833333333 0.837037037037037 0.5158854166666667 0.836574074074074 0.5161458333333333 0.836574074074074 0.5166666666666667 0.8361111111111111 0.5169270833333334 0.8361111111111111 0.5184895833333333 0.836574074074074 0.51875 0.836574074074074 0.5203125 0.837037037037037 0.5205729166666667 0.837037037037037 0.5216145833333333 0.8375 0.521875 0.8375 0.52265625 0.8379629629629629 0.5229166666666667 0.8379629629629629 0.5234375 0.8388888888888889 0.52421875 0.8388888888888889 0.5247395833333334 0.8393518518518519 0.525 0.8393518518518519 0.5255208333333333 0.8398148148148148 0.52578125 0.8398148148148148 0.5263020833333333 0.8402777777777778 0.5265625 0.8402777777777778 0.5270833333333333 0.8407407407407408 0.52734375 0.8407407407407408 0.528125 0.8412037037037037 0.5283854166666667 0.8412037037037037 0.5296875 0.8416666666666667 0.5299479166666666 0.8416666666666667 0.5315104166666667 0.8421296296296297 0.5317708333333333 0.8421296296296297 0.5341145833333333 0.8425925925925926 0.534375 0.8425925925925926 0.5375 0.8430555555555556 0.5377604166666666 0.8430555555555556 0.5385416666666667 0.8435185185185186 0.5388020833333333 0.8435185185185186 0.53984375 0.8439814814814814 0.5401041666666667 0.8439814814814814 0.5408854166666667 0.8449074074074074 0.5416666666666666 0.8453703703703703 0.54296875 0.8472222222222222 0.5447916666666667 0.8472222222222222 0.5453125 0.8476851851851852 0.5455729166666666 0.8481481481481481 0.5463541666666667 0.8490740740740741 0.546875 0.8495370370370371 0.546875 0.85 0.5466145833333333 0.850925925925926 0.5466145833333333 0.8513888888888889 0.5463541666666667 0.8527777777777777 0.5463541666666667 0.8532407407407407 0.54609375 0.8564814814814815 0.5453125 0.8574074074074074 0.5447916666666667 0.8574074074074074 0.54453125 0.8592592592592593 0.5427083333333333 0.8592592592592593 0.5419270833333333 0.8597222222222223 0.5416666666666666 0.8597222222222223 0.5411458333333333 0.8601851851851852 0.5408854166666667 0.8601851851851852 0.5380208333333333 0.8606481481481482 0.5377604166666666 0.8606481481481482 0.53515625 0.8611111111111112 0.5348958333333333 0.8611111111111112 0.5322916666666667 0.861574074074074 0.53203125 0.861574074074074 0.5299479166666666 0.862037037037037 0.5296875 0.862037037037037 0.5278645833333333 0.8625 0.5276041666666667 0.8625 0.5260416666666666 0.8629629629629629 0.52578125 0.8629629629629629 0.5247395833333334 0.8634259259259259 0.5244791666666667 0.8638888888888889 0.5231770833333333 0.8657407407407407 0.5213541666666667 0.8662037037037037 0.5200520833333333 0.8671296296296296 0.5192708333333333 0.8671296296296296 0.51875 0.8675925925925926 0.5184895833333333 0.8675925925925926 0.51796875 0.8680555555555556 0.5177083333333333 0.8680555555555556 0.5169270833333334 0.8685185185185185 0.5166666666666667 0.8685185185185185 0.5161458333333333 0.8689814814814815 0.5158854166666667 0.8689814814814815 0.51484375 0.8694444444444445 0.5145833333333333 0.8694444444444445 0.5135416666666667 0.8699074074074075 0.51328125 0.8699074074074075 0.5096354166666667 0.8685185185185185 0.50859375 0.8662037037037037 0.5080729166666667 0.8652777777777778 0.5075520833333333 0.8629629629629629 0.5075520833333333 0.8625 0.5072916666666667 0.8601851851851852 0.5072916666666667 0.8597222222222223 0.50703125 0.8564814814814815 0.50703125 0.8560185185185185 0.5067708333333333 0.8537037037037037 0.5067708333333333
1 0.8787037037037037 0.26666666666666666 0.8787037037037037 0.2669270833333333 0.8763888888888889 0.26848958333333334 0.8763888888888889 0.26875 0.8759259259259259 0.26901041666666664 0.875462962962963 0.26979166666666665 0.874537037037037 0.2703125 0.8740740740740741 0.27109375 0.8731481481481481 0.2716145833333333 0.8731481481481481 0.271875 0.8726851851851852 0.2721354166666667 0.8726851851851852 0.27265625 0.8722222222222222 0.27291666666666664 0.8722222222222222 0.2734375 0.8703703703703703 0.2752604166666667 0.8703703703703703 0.2791666666666667 0.8726851851851852 0.28046875 0.8736111111111111 0.28046875 0.8740740740740741 0.28072916666666664 0.875462962962963 0.28072916666666664 0.8768518518518519 0.28125 0.8777777777777778 0.28125 0.8782407407407408 0.28151041666666665 0.8796296296296297 0.28177083333333336 0.8824074074074074 0.2833333333333333 0.8828703703703704 0.2833333333333333 0.8842592592592593 0.28411458333333334 0.8847222222222222 0.28411458333333334 0.8888888888888888 0.28541666666666665 0.8902777777777777 0.28541666666666665 0.8907407407407407 0.28567708333333336 0.8916666666666667 0.28567708333333336 0.8921296296296296 0.2859375 0.8953703703703704 0.2859375 0.8958333333333334 0.28619791666666666 0.8976851851851851 0.28619791666666666 0.8981481481481481 0.2864583333333333 0.899537037037037 0.2864583333333333 0.9 0.28671875 0.9027777777777778 0.28671875 0.9032407407407408 0.2869791666666667 0.9050925925925926 0.2869791666666667 0.9055555555555556 0.2872395833333333 0.9078703703703703 0.2875 0.9083333333333333 0.2877604166666667 0.9097222222222222 0.28802083333333334 0.9120370370370371 0.2890625 0.9143518518518519 0.28958333333333336 0.9185185185185185 0.29140625 0.9189814814814815 0.29140625 0.9222222222222223 0.29244791666666664 0.9231481481481482 0.29244791666666664 0.9236111111111112 0.29270833333333335 0.925 0.29270833333333335 0.9254629629629629 0.29296875 0.9287037037037037 0.29296875 0.9300925925925926 0.29244791666666664 0.9310185185185185 0.29244791666666664 0.9314814814814815 0.2921875 0.9319444444444445 0.2921875 0.9347222222222222 0.2908854166666667 0.9347222222222222 0.290625 0.9356481481481481 0.28984375 0.9356481481481481 0.28932291666666665 0.9361111111111111 0.2890625 0.9361111111111111 0.28854166666666664 0.9365740740740741 0.28828125 0.9365740740740741 0.2872395833333333 0.937037037037037 0.2869791666666667 0.9356481481481481 0.2859375 0.9351851851851852 0.28515625 0.9342592592592592 0.28463541666666664 0.9337962962962963 0.28463541666666664 0.9310185185185185 0.2830729166666667 0.9305555555555556 0.2830729166666667 0.9300925925925926 0.2828125 0.9277777777777778 0.28229166666666666 0.9268518518518518 0.28177083333333336 0.9254629629629629 0.28151041666666665 0.9236111111111112 0.28046875 0.9212962962962963 0.2799479166666667 0.9199074074074074 0.2791666666666667 0.9194444444444444 0.2791666666666667 0.9166666666666666 0.27760416666666665 0.9162037037037037 0.27760416666666665 0.9120370370370371 0.2752604166666667 0.9120370370370371 0.275 0.9111111111111111 0.27447916666666666 0.9111111111111111 0.27421875 0.9101851851851852 0.2734375 0.9101851851851852 0.27291666666666664 0.9097222222222222 0.27265625 0.9097222222222222 0.271875 0.9092592592592592 0.2716145833333333 0.9092592592592592 0.27109375 0.9078703703703703 0.27005208333333336 0.9074074074074074 0.27005208333333336 0.9060185185185186 0.26953125 0.9050925925925926 0.26953125 0.9046296296296297 0.26927083333333335 0.9037037037037037 0.26927083333333335 0.9032407407407408 0.26901041666666664 0.9018518518518519 0.26901041666666664 0.9013888888888889 0.26875 0.9004629629629629 0.26875 0.9 0.26848958333333334 0.899537037037037 0.26848958333333334 0.8967592592592593 0.2671875 0.8962962962962963 0.2671875 0.8953703703703704 0.26666666666666666 0.8949074074074074 0.26666666666666666 0.8935185185185185 0.26588541666666665 0.8930555555555556 0.26588541666666665 0.8921296296296296 0.26536458333333335 0.8912037037037037 0.26536458333333335 0.8907407407407407 0.26510416666666664 0.8902777777777777 0.26510416666666664 0.888425925925926 0.2643229166666667 0.887962962962963 0.2643229166666667 0.8875 0.26458333333333334 0.8856481481481482 0.26458333333333334 0.8851851851851852 0.26484375 0.8842592592592593 0.26484375 0.8837962962962963 0.26510416666666664 0.8828703703703704 0.26510416666666664 0.8824074074074074 0.26536458333333335 0.8810185185185185 0.26536458333333335
1 0.9027777777777778 0.5098958333333333 0.9032407407407408 0.51015625 0.9032407407407408 0.5111979166666667 0.9037037037037037 0.5114583333333333 0.9037037037037037 0.5122395833333333 0.9041666666666667 0.5125 0.9041666666666667 0.5135416666666667 0.9050925925925926 0.5140625 0.9055555555555556 0.5140625 0.9078703703703703 0.5153645833333333 0.9083333333333333 0.5153645833333333 0.9097222222222222 0.5158854166666667 0.9120370370370371 0.5161458333333333 0.9125 0.51640625 0.9143518518518519 0.51640625 0.9148148148148149 0.5166666666666667 0.9175925925925926 0.5166666666666667 0.9180555555555555 0.51640625 0.9199074074074074 0.51640625 0.9217592592592593 0.515625 0.9222222222222223 0.515625 0.9236111111111112 0.5151041666666667 0.9342592592592592 0.5151041666666667 0.9347222222222222 0.51484375 0.9365740740740741 0.51484375 0.937037037037037 0.5145833333333333 0.9384259259259259 0.5145833333333333 0.9388888888888889 0.5143229166666666 0.9398148148148148 0.5143229166666666 0.9402777777777778 0.5140625 0.9416666666666667 0.5138020833333333 0.9444444444444444 0.5122395833333333 0.9449074074074074 0.5122395833333333 0.9458333333333333 0.51171875 0.9467592592592593 0.51171875 0.9472222222222222 0.5114583333333333 0.9486111111111111 0.5114583333333333 0.9490740740740741 0.5111979166666667 0.95 0.5111979166666667 0.950462962962963 0.5109375 0.9513888888888888 0.5109375 0.9518518518518518 0.5106770833333333 0.9527777777777777 0.5106770833333333 0.9532407407407407 0.5104166666666666 0.9546296296296296 0.5104166666666666 0.9550925925925926 0.51015625 0.9564814814814815 0.51015625 0.9569444444444445 0.5098958333333333 0.9583333333333334 0.5098958333333333 0.9587962962962963 0.5096354166666667 0.9606481481481481 0.5096354166666667 0.9611111111111111 0.509375 0.9625 0.509375 0.9629629629629629 0.5091145833333334 0.9643518518518519 0.5091145833333334 0.9648148148148148 0.5088541666666667 0.9662037037037037 0.5088541666666667 0.9666666666666667 0.50859375 0.9675925925925926 0.50859375 0.9680555555555556 0.5083333333333333 0.9703703703703703 0.5080729166666667 0.9712962962962963 0.5075520833333333 0.9717592592592592 0.5075520833333333 0.9736111111111111 0.5067708333333333 0.9740740740740741 0.5067708333333333 0.975462962962963 0.5059895833333333 0.975462962962963 0.5018229166666667 0.9740740740740741 0.5005208333333333 0.9736111111111111 0.5005208333333333 0.9712962962962963 0.49921875 0.9708333333333333 0.49921875 0.9703703703703703 0.49895833333333334 0.9694444444444444 0.49895833333333334 0.9689814814814814 0.4986979166666667 0.9638888888888889 0.4986979166666667 0.9634259259259259 0.4984375 0.9541666666666667 0.4984375 0.9537037037037037 0.4986979166666667 0.9472222222222222 0.4986979166666667 0.9467592592592593 0.4984375 0.9416666666666667 0.4984375 0.9412037037037037 0.4981770833333333 0.937962962962963 0.4981770833333333 0.9375 0.4979166666666667 0.9291666666666667 0.4979166666666667 0.9287037037037037 0.4981770833333333 0.925 0.4981770833333333 0.924537037037037 0.4984375 0.9231481481481482 0.4984375 0.9226851851851852 0.4986979166666667 0.9203703703703704 0.49895833333333334 0.9199074074074074 0.49921875 0.9166666666666666 0.5 0.9157407407407407 0.5005208333333333 0.9152777777777777 0.5002604166666667 0.913425925925926 0.5002604166666667 0.912962962962963 0.5 0.9115740740740741 0.5 0.9111111111111111 0.5002604166666667 0.9097222222222222 0.5002604166666667 0.9092592592592592 0.5005208333333333 0.9083333333333333 0.5005208333333333 0.9078703703703703 0.50078125 0.9074074074074074 0.50078125 0.9060185185185186 0.5015625 0.9050925925925926 0.5028645833333333 0.9041666666666667 0.5033854166666667 0.9041666666666667 0.50390625 0.9037037037037037 0.5041666666666667 0.9037037037037037 0.5044270833333333 0.9032407407407408 0.5046875 0.9032407407407408 0.5052083333333334 0.9027777777777778 0.50546875