1 0.500462962962963 0.42734375 0.500462962962963 0.4283854166666667 0.5009259259259259 0.42864583333333334 0.5009259259259259 0.43020833333333336 0.5013888888888889 0.43046875 0.5013888888888889 0.4315104166666667 0.5018518518518519 0.4317708333333333 0.5046296296296297 0.43255208333333334 0.5055555555555555 0.43255208333333334 0.5083333333333333 0.43333333333333335 0.5092592592592593 0.43385416666666665 0.5101851851851852 0.43385416666666665 0.5138888888888888 0.4348958333333333 0.5148148148148148 0.4348958333333333 0.5152777777777777 0.43515625 0.5162037037037037 0.43515625 0.5166666666666667 0.4354166666666667 0.5175925925925926 0.4354166666666667 0.5194444444444445 0.4359375 0.5208333333333334 0.4359375 0.5226851851851851 0.43671875 0.5231481481481481 0.43671875 0.524537037037037 0.4375 0.5296296296296297 0.4388020833333333 0.5328703703703703 0.44036458333333334 0.5361111111111111 0.44114583333333335 0.5375 0.44192708333333336 0.537962962962963 0.44244791666666666 0.537962962962963 0.44296875 0.5402777777777777 0.44557291666666665 0.5421296296296296 0.4466145833333333 0.5476851851851852 0.44817708333333334 0.5486111111111112 0.44869791666666664 0.549537037037037 0.44869791666666664 0.5518518518518518 0.44947916666666665 0.5569444444444445 0.44921875 0.5574074074074075 0.44947916666666665 0.5583333333333333 0.44947916666666665 0.5587962962962963 0.44973958333333336 0.5597222222222222 0.44973958333333336 0.5606481481481481 0.45 0.5625 0.44947916666666665 0.5638888888888889 0.44947916666666665 0.5648148148148148 0.44895833333333335 0.5652777777777778 0.44895833333333335 0.5680555555555555 0.4473958333333333 0.5689814814814815 0.44583333333333336 0.5699074074074074 0.4453125 0.5708333333333333 0.44427083333333334 0.5722222222222222 0.4434895833333333 0.5740740740740741 0.44114583333333335 0.5763888888888888 0.4393229166666667 0.5763888888888888 0.43828125 0.5768518518518518 0.43802083333333336 0.5768518518518518 0.43697916666666664 0.5773148148148148 0.43671875 0.5773148148148148 0.4359375 0.5777777777777777 0.4356770833333333 0.5777777777777777 0.43515625 0.5768518518518518 0.43463541666666666 0.575925925925926 0.43333333333333335 0.5740740740740741 0.4328125 0.5731481481481482 0.4328125 0.5726851851851852 0.43255208333333334 0.5689814814814815 0.43255208333333334 0.5685185185185185 0.4322916666666667 0.5671296296296297 0.4322916666666667 0.5666666666666667 0.43203125 0.5657407407407408 0.43203125 0.5638888888888889 0.4315104166666667 0.5615740740740741 0.43046875 0.5615740740740741 0.43020833333333336 0.5592592592592592 0.42864583333333334 0.5583333333333333 0.4276041666666667 0.5564814814814815 0.4270833333333333 0.5555555555555556 0.42734375 0.5532407407407407 0.42734375 0.5527777777777778 0.4276041666666667 0.5518518518518518 0.4276041666666667 0.5486111111111112 0.42916666666666664 0.5439814814814815 0.42916666666666664 0.538425925925926 0.4276041666666667 0.5365740740740741 0.4276041666666667 0.5361111111111111 0.42734375 0.5351851851851852 0.42734375 0.5347222222222222 0.4270833333333333 0.5337962962962963 0.4270833333333333 0.5333333333333333 0.42682291666666666 0.5310185185185186 0.4265625 0.5296296296296297 0.42604166666666665 0.5287037037037037 0.42604166666666665 0.5282407407407408 0.42578125 0.5273148148148148 0.42578125 0.5254629629629629 0.42526041666666664 0.524074074074074 0.42526041666666664 0.5236111111111111 0.425 0.5226851851851851 0.425 0.5208333333333334 0.4244791666666667 0.5175925925925926 0.4244791666666667 0.5166666666666667 0.4239583333333333 0.5162037037037037 0.4239583333333333 0.512962962962963 0.42265625 0.5101851851851852 0.42265625 0.5097222222222222 0.42239583333333336 0.5055555555555555 0.42239583333333336 0.5055555555555555 0.42265625 0.5041666666666667 0.4234375 0.5037037037037037 0.42421875 0.5018518518518519 0.42552083333333335 0.5009259259259259 0.4265625 0.5009259259259259 0.4270833333333333
3 0.5296296296296297 0.19244791666666666 0.525 0.19140625 0.524537037037037 0.19166666666666668 0.5226851851851851 0.19166666666666668 0.5175925925925926 0.19270833333333334 0.512962962962963 0.19322916666666667 0.5111111111111111 0.19427083333333334 0.5087962962962963 0.196875 0.5087962962962963 0.20104166666666667 0.5064814814814815 0.20260416666666667 0.5009259259259259 0.20416666666666666 0.4986111111111111 0.20520833333333333 0.49583333333333335 0.20598958333333334 0.4949074074074074 0.20598958333333334 0.48657407407407405 0.20833333333333334 0.48333333333333334 0.20885416666666667 0.48148148148148145 0.20963541666666666 0.4759259259259259 0.21119791666666668 0.475 0.21119791666666668 0.47175925925925927 0.21223958333333334 0.4708333333333333 0.21223958333333334 0.46805555555555556 0.21302083333333333 0.4671296296296296 0.21354166666666666 0.46064814814814814 0.21536458333333333 0.4597222222222222 0.21588541666666666 0.45601851851851855 0.21666666666666667 0.4550925925925926 0.21770833333333334 0.4546296296296296 0.22005208333333334 0.45416666666666666 0.2203125 0.4564814814814815 0.22473958333333333 0.4583333333333333 0.22682291666666668 0.4587962962962963 0.228125 0.4634259259259259 0.23307291666666666 0.4666666666666667 0.23515625 0.47129629629629627 0.23541666666666666 0.47175925925925927 0.23515625 0.4736111111111111 0.23515625 0.4740740740740741 0.23489583333333333 0.475462962962963 0.23489583333333333 0.47824074074074074 0.234375 0.49444444444444446 0.2296875 0.49675925925925923 0.22942708333333334 0.5 0.22838541666666667 0.5009259259259259 0.22838541666666667 0.5027777777777778 0.22760416666666666 0.5055555555555555 0.22734375 0.5069444444444444 0.22682291666666668 0.5111111111111111 0.22604166666666667 0.512962962962963 0.22604166666666667 0.513425925925926 0.22578125 0.5138888888888888 0.22604166666666667 0.5166666666666667 0.22604166666666667 0.5171296296296296 0.22630208333333332 0.5212962962962963 0.2265625 0.5273148148148148 0.22838541666666667 0.5314814814814814 0.22916666666666666 0.5356481481481481 0.22916666666666666 0.5361111111111111 0.22890625 0.537962962962963 0.22890625 0.538425925925926 0.22864583333333333 0.5412037037037037 0.22838541666666667 0.5425925925925926 0.22760416666666666 0.5439814814814815 0.22734375 0.5486111111111112 0.22447916666666667 0.5486111111111112 0.22265625 0.549074074074074 0.22239583333333332 0.5486111111111112 0.21744791666666666 0.5453703703703704 0.21223958333333334 0.5444444444444444 0.20885416666666667 0.537962962962963 0.19973958333333333 0.5370370370370371 0.19921875 0.5337962962962963 0.1953125
4 0.45046296296296295 0.4296875 0.4486111111111111 0.4315104166666667 0.44814814814814813 0.4356770833333333 0.45046296296296295 0.43776041666666665 0.4537037037037037 0.4395833333333333 0.4564814814814815 0.44036458333333334 0.4587962962962963 0.44140625 0.462037037037037 0.4421875 0.46435185185185185 0.4432291666666667 0.4666666666666667 0.44375 0.4703703703703704 0.44609375 0.4773148148148148 0.4479166666666667 0.47824074074074074 0.4484375 0.48194444444444445 0.44895833333333335 0.48564814814814816 0.45078125 0.49027777777777776 0.45208333333333334 0.4925925925925926 0.453125 0.49675925925925923 0.45416666666666666 0.4976851851851852 0.45416666666666666 0.5046296296296297 0.45625 0.5055555555555555 0.45625 0.5083333333333333 0.45703125 0.5092592592592593 0.45755208333333336 0.5166666666666667 0.4596354166666667 0.5175925925925926 0.46015625 0.5185185185185185 0.46015625 0.5222222222222223 0.46119791666666665 0.5254629629629629 0.4625 0.5291666666666667 0.46640625 0.5291666666666667 0.4669270833333333 0.5273148148148148 0.46848958333333335 0.5263888888888889 0.4705729166666667 0.5291666666666667 0.47161458333333334 0.5328703703703703 0.47265625 0.5356481481481481 0.47161458333333334 0.5365740740740741 0.47161458333333334 0.5388888888888889 0.4703125 0.5388888888888889 0.46953125 0.5416666666666666 0.4666666666666667 0.5486111111111112 0.4625 0.549537037037037 0.46119791666666665 0.5523148148148148 0.4591145833333333 0.5537037037037037 0.45677083333333335 0.5546296296296296 0.45598958333333334 0.5550925925925926 0.4546875 0.5546296296296296 0.4544270833333333 0.5537037037037037 0.45208333333333334 0.5518518518518518 0.4510416666666667 0.5509259259259259 0.4510416666666667 0.549537037037037 0.4505208333333333 0.5453703703703704 0.44973958333333336 0.5435185185185185 0.44973958333333336 0.5430555555555555 0.45 0.5365740740740741 0.45078125 0.5324074074074074 0.44973958333333336 0.5300925925925926 0.44947916666666665 0.524537037037037 0.4473958333333333 0.5203703703703704 0.44635416666666666 0.5120370370370371 0.4432291666666667 0.5055555555555555 0.44166666666666665 0.5032407407407408 0.440625 0.500462962962963 0.43984375 0.49907407407407406 0.4390625 0.4912037037037037 0.43671875 0.48657407407407405 0.4348958333333333 0.4837962962962963 0.434375 0.4777777777777778 0.4317708333333333 0.4759259259259259 0.4315104166666667 0.4634259259259259 0.4278645833333333 0.45925925925925926 0.4276041666666667 0.4587962962962963 0.42734375 0.4546296296296296 0.42734375 0.4537037037037037 0.4276041666666667
4 0.4976851851851852 0.46380208333333334 0.49537037037037035 0.46119791666666665 0.4930555555555556 0.4596354166666667 0.49074074074074076 0.4588541666666667 0.4861111111111111 0.45859375 0.4828703703703704 0.46015625 0.48148148148148145 0.46171875 0.48148148148148145 0.4625 0.4791666666666667 0.46640625 0.4777777777777778 0.4674479166666667 0.475 0.46796875 0.4708333333333333 0.46822916666666664 0.4671296296296296 0.46927083333333336 0.46574074074074073 0.46927083333333336 0.4625 0.4700520833333333 0.45787037037037037 0.4703125 0.4546296296296296 0.47109375 0.45092592592592595 0.47109375 0.4486111111111111 0.47161458333333334 0.4444444444444444 0.471875 0.4393518518518518 0.47291666666666665 0.43796296296296294 0.47291666666666665 0.43194444444444446 0.4739583333333333 0.4273148148148148 0.47421875 0.42685185185185187 0.4744791666666667 0.425462962962963 0.4744791666666667 0.4212962962962963 0.4752604166666667 0.41944444444444445 0.4752604166666667 0.4152777777777778 0.47604166666666664 0.40879629629629627 0.47630208333333335 0.4041666666666667 0.47734375 0.39537037037037037 0.4783854166666667 0.3888888888888889 0.48020833333333335 0.38564814814814813 0.4822916666666667 0.38564814814814813 0.48515625 0.3851851851851852 0.48541666666666666 0.3851851851851852 0.4861979166666667 0.38657407407407407 0.48854166666666665 0.3888888888888889 0.490625 0.3902777777777778 0.490625 0.3962962962962963 0.49166666666666664 0.3976851851851852 0.49166666666666664 0.39814814814814814 0.49140625 0.4046296296296296 0.49166666666666664 0.40694444444444444 0.49114583333333334 0.41759259259259257 0.490625 0.42407407407407405 0.4895833333333333 0.42824074074074076 0.4895833333333333 0.4287037037037037 0.48932291666666666 0.4388888888888889 0.48854166666666665 0.4393518518518518 0.48828125 0.44305555555555554 0.48828125 0.4449074074074074 0.48776041666666664 0.45092592592592595 0.48723958333333334 0.4587962962962963 0.4859375 0.4666666666666667 0.48541666666666666 0.4708333333333333 0.484375 0.48055555555555557 0.484375 0.4810185185185185 0.48463541666666665 0.4824074074074074 0.48463541666666665 0.48842592592592593 0.4875 0.4930555555555556 0.48880208333333336 0.4981481481481482 0.48880208333333336 0.5009259259259259 0.48802083333333335 0.5023148148148148 0.4869791666666667 0.5027777777777778 0.4861979166666667 0.5027777777777778 0.48385416666666664 0.5032407407407408 0.48359375 0.5032407407407408 0.48151041666666666 0.5027777777777778 0.48125 0.5018518518518519 0.4744791666666667 0.500462962962963 0.47161458333333334 0.49953703703703706 0.4671875
4 0.2791666666666667 0.309375 0.27824074074074073 0.3104166666666667 0.27824074074074073 0.31197916666666664 0.2777777777777778 0.31223958333333335 0.2777777777777778 0.3138020833333333 0.2773148148148148 0.3140625 0.2777777777777778 0.31484375 0.2777777777777778 0.31692708333333336 0.27870370370370373 0.31875 0.2828703703703704 0.32083333333333336 0.28379629629629627 0.32083333333333336 0.2902777777777778 0.32265625 0.29444444444444445 0.32317708333333334 0.2986111111111111 0.32447916666666665 0.3 0.32447916666666665 0.30787037037037035 0.3260416666666667 0.3162037037037037 0.3268229166666667 0.3282407407407407 0.32916666666666666 0.3296296296296296 0.3296875 0.3337962962962963 0.3299479166666667 0.33935185185185185 0.33098958333333334 0.3425925925925926 0.33125 0.3458333333333333 0.33203125 0.3476851851851852 0.33203125 0.35324074074074074 0.33307291666666666 0.35694444444444445 0.3333333333333333 0.36064814814814816 0.33489583333333334 0.36203703703703705 0.33515625 0.3648148148148148 0.33671875 0.36574074074074076 0.3380208333333333 0.3662037037037037 0.33984375 0.3675925925925926 0.3416666666666667 0.37222222222222223 0.34296875 0.37546296296296294 0.34322916666666664 0.37592592592592594 0.34348958333333335 0.38055555555555554 0.34348958333333335 0.38564814814814813 0.34140625 0.38564814814814813 0.34088541666666666 0.38842592592592595 0.3380208333333333 0.38842592592592595 0.33697916666666666 0.3902777777777778 0.3341145833333333 0.3912037037037037 0.33125 0.3921296296296296 0.3302083333333333 0.3925925925925926 0.32760416666666664 0.39305555555555555 0.32734375 0.39351851851851855 0.32109375 0.39305555555555555 0.32083333333333336 0.39305555555555555 0.3190104166666667 0.3921296296296296 0.3177083333333333 0.38981481481481484 0.3177083333333333 0.3819444444444444 0.31640625 0.37824074074074077 0.31640625 0.37777777777777777 0.31666666666666665 0.3763888888888889 0.31666666666666665 0.37175925925925923 0.3190104166666667 0.36666666666666664 0.3190104166666667 0.36157407407407405 0.31796875 0.3597222222222222 0.31796875 0.3560185185185185 0.3171875 0.3527777777777778 0.31692708333333336 0.34814814814814815 0.31588541666666664 0.3449074074074074 0.315625 0.3416666666666667 0.31484375 0.3287037037037037 0.3138020833333333 0.32731481481481484 0.31328125 0.32314814814814813 0.31276041666666665 0.31712962962962965 0.31145833333333334 0.31574074074074077 0.31145833333333334 0.30972222222222223 0.31015625 0.30277777777777776 0.30963541666666666 0.29074074074074074 0.30755208333333334 0.2833333333333333 0.3072916666666667
5 0.637962962962963 0.37109375 0.6342592592592593 0.37083333333333335 0.6305555555555555 0.37161458333333336 0.6273148148148148 0.3734375 0.6236111111111111 0.3768229166666667 0.6240740740740741 0.3770833333333333 0.6240740740740741 0.3807291666666667 0.6282407407407408 0.384375 0.6282407407407408 0.3875 0.6277777777777778 0.38776041666666666 0.6277777777777778 0.3888020833333333 0.6259259259259259 0.390625 0.6259259259259259 0.39114583333333336 0.624537037037037 0.3927083333333333 0.6226851851851852 0.39401041666666664 0.6199074074074075 0.396875 0.6152777777777778 0.4002604166666667 0.611574074074074 0.4046875 0.6018518518518519 0.4119791666666667 0.6018518518518519 0.4161458333333333 0.6027777777777777 0.41692708333333334 0.6078703703703704 0.41953125 0.6185185185185185 0.42213541666666665 0.6231481481481481 0.42213541666666665 0.625462962962963 0.42135416666666664 0.6282407407407408 0.4197916666666667 0.6337962962962963 0.415625 0.6347222222222222 0.41458333333333336 0.6393518518518518 0.4114583333333333 0.6407407407407407 0.40989583333333335 0.6425925925925926 0.40859375 0.6430555555555556 0.4078125 0.6472222222222223 0.40546875 0.65 0.40286458333333336 0.6527777777777778 0.40130208333333334 0.6550925925925926 0.39921875 0.6578703703703703 0.39739583333333334 0.6587962962962963 0.39739583333333334 0.6592592592592592 0.3971354166666667 0.6680555555555555 0.3971354166666667 0.6685185185185185 0.39739583333333334 0.6736111111111112 0.39739583333333334 0.6787037037037037 0.39427083333333335 0.6805555555555556 0.3924479166666667 0.6805555555555556 0.3885416666666667 0.674074074074074 0.38359375 0.6699074074074074 0.3815104166666667 0.6694444444444444 0.3815104166666667 0.6685185185185185 0.3807291666666667 0.6638888888888889 0.37916666666666665 0.6601851851851852 0.37734375 0.6532407407407408 0.37473958333333335 0.6513888888888889 0.37473958333333335 0.6462962962962963 0.3729166666666667 0.6453703703703704 0.3729166666666667 0.6430555555555556 0.37213541666666666 0.6421296296296296 0.37213541666666666 0.6407407407407407 0.37161458333333336 0.6398148148148148 0.37161458333333336
3 0.6296296296296297 0.4453125 0.625462962962963 0.44505208333333335 0.6222222222222222 0.44583333333333336 0.6157407407407407 0.45 0.6148148148148148 0.4510416666666667 0.6152777777777778 0.4546875 0.6166666666666667 0.45598958333333334 0.6166666666666667 0.45651041666666664 0.6175925925925926 0.45755208333333336 0.6175925925925926 0.4583333333333333 0.6180555555555556 0.45859375 0.6180555555555556 0.4591145833333333 0.6171296296296296 0.45989583333333334 0.6166666666666667 0.4609375 0.6148148148148148 0.4622395833333333 0.6129629629629629 0.46432291666666664 0.6069444444444444 0.46770833333333334 0.6055555555555555 0.46901041666666665 0.5976851851851852 0.4734375 0.5976851851851852 0.47369791666666666 0.5814814814814815 0.4825520833333333 0.5791666666666667 0.48489583333333336 0.5787037037037037 0.48671875 0.5824074074074074 0.4903645833333333 0.5930555555555556 0.49661458333333336 0.5953703703703703 0.4973958333333333 0.6 0.49765625 0.6018518518518519 0.49713541666666666 0.6032407407407407 0.49713541666666666 0.6097222222222223 0.49505208333333334 0.6208333333333333 0.48828125 0.6212962962962963 0.48828125 0.6282407407407408 0.484375 0.6300925925925925 0.48385416666666664 0.6347222222222222 0.48098958333333336 0.6370370370370371 0.48020833333333335 0.6425925925925926 0.47760416666666666 0.6444444444444445 0.47734375 0.6458333333333334 0.47682291666666665 0.6513888888888889 0.47682291666666665 0.6532407407407408 0.47734375 0.6574074074074074 0.47760416666666666 0.6578703703703703 0.4778645833333333 0.6620370370370371 0.47682291666666665 0.6666666666666666 0.4744791666666667 0.6666666666666666 0.4739583333333333 0.6685185185185185 0.471875 0.6685185185185185 0.4713541666666667 0.6689814814814815 0.47109375 0.6689814814814815 0.46953125 0.6685185185185185 0.46927083333333336 0.6680555555555555 0.4666666666666667 0.6662037037037037 0.46458333333333335 0.6648148148148149 0.46380208333333334 0.6638888888888889 0.4627604166666667 0.6620370370370371 0.46171875 0.6587962962962963 0.46067708333333335 0.6574074074074074 0.45989583333333334 0.6564814814814814 0.4588541666666667 0.6481481481481481 0.45390625 0.6453703703703704 0.45286458333333335 0.6388888888888888 0.44921875 0.6361111111111111 0.44817708333333334 0.6333333333333333 0.4466145833333333
4 0.7671296296296296 0.13541666666666666 0.7648148148148148 0.13645833333333332 0.763425925925926 0.13671875 0.7606481481481482 0.13854166666666667 0.7592592592592593 0.14244791666666667 0.7597222222222222 0.14270833333333333 0.7597222222222222 0.14375 0.7611111111111111 0.1453125 0.7611111111111111 0.14609375 0.7671296296296296 0.15130208333333334 0.7694444444444445 0.15260416666666668 0.7708333333333334 0.15416666666666667 0.774074074074074 0.15572916666666667 0.7814814814814814 0.1609375 0.7856481481481481 0.16432291666666668 0.7875 0.16640625 0.7902777777777777 0.16796875 0.7935185185185185 0.17057291666666666 0.7944444444444444 0.171875 0.7967592592592593 0.17317708333333334 0.8 0.17578125 0.8013888888888889 0.17734375 0.8013888888888889 0.18072916666666666 0.7986111111111112 0.18541666666666667 0.8004629629629629 0.18671875 0.8018518518518518 0.18958333333333333 0.8069444444444445 0.19270833333333334 0.8092592592592592 0.19348958333333333 0.8148148148148148 0.19322916666666667 0.8175925925925925 0.19270833333333334 0.8208333333333333 0.19166666666666668 0.8217592592592593 0.19166666666666668 0.8291666666666667 0.1890625 0.8305555555555556 0.18802083333333333 0.8356481481481481 0.18541666666666667 0.8412037037037037 0.18151041666666667 0.8444444444444444 0.17786458333333333 0.8439814814814814 0.1765625 0.8430555555555556 0.17578125 0.8416666666666667 0.1734375 0.8361111111111111 0.16979166666666667 0.8337962962962963 0.16927083333333334 0.8300925925925926 0.16927083333333334 0.825925925925926 0.17083333333333334 0.8222222222222222 0.1703125 0.8189814814814815 0.16822916666666668 0.8171296296296297 0.16614583333333333 0.8148148148148148 0.16458333333333333 0.8125 0.16223958333333333 0.8074074074074075 0.15911458333333334 0.8064814814814815 0.15807291666666667 0.8027777777777778 0.15572916666666667 0.8013888888888889 0.15416666666666667 0.7986111111111112 0.15234375 0.7939814814814815 0.14817708333333332 0.7925925925925926 0.14739583333333334 0.7912037037037037 0.14583333333333334 0.787962962962963 0.14401041666666667 0.7870370370370371 0.14296875 0.7851851851851852 0.14192708333333334 0.7824074074074074 0.13880208333333333 0.775 0.13541666666666666 0.7736111111111111 0.13541666666666666 0.7712962962962963 0.13489583333333333 0.7708333333333334 0.13515625
1 0.6504629629629629 0.48671875 0.6486111111111111 0.48802083333333335 0.6472222222222223 0.4895833333333333 0.6472222222222223 0.4903645833333333 0.6476851851851851 0.490625 0.6476851851851851 0.49114583333333334 0.649074074074074 0.49270833333333336 0.65 0.49322916666666666 0.6509259259259259 0.49453125 0.6518518518518519 0.49505208333333334 0.6541666666666667 0.4979166666666667 0.6564814814814814 0.49921875 0.6564814814814814 0.49947916666666664 0.6592592592592592 0.5015625 0.6597222222222222 0.50234375 0.6606481481481481 0.5028645833333333 0.6615740740740741 0.50390625 0.662962962962963 0.5046875 0.6652777777777777 0.5072916666666667 0.6652777777777777 0.5078125 0.6671296296296296 0.5096354166666667 0.6671296296296296 0.5143229166666666 0.6680555555555555 0.5151041666666667 0.6680555555555555 0.515625 0.6685185185185185 0.5158854166666667 0.6689814814814815 0.5171875 0.6726851851851852 0.5192708333333333 0.674537037037037 0.5213541666666667 0.6787037037037037 0.5236979166666667 0.6791666666666667 0.5236979166666667 0.6814814814814815 0.5247395833333334 0.6861111111111111 0.5247395833333334 0.6907407407407408 0.5234375 0.6916666666666667 0.5234375 0.6921296296296297 0.5231770833333333 0.6944444444444444 0.5229166666666667 0.6958333333333333 0.5223958333333333 0.6967592592592593 0.5223958333333333 0.6995370370370371 0.5216145833333333 0.7027777777777777 0.5200520833333333 0.7046296296296296 0.51953125 0.7074074074074074 0.5174479166666667 0.7074074074074074 0.5153645833333333 0.7069444444444445 0.5151041666666667 0.7069444444444445 0.51328125 0.7060185185185185 0.5127604166666667 0.7055555555555556 0.5119791666666667 0.7013888888888888 0.5096354166666667 0.7013888888888888 0.5091145833333334 0.700925925925926 0.5088541666666667 0.700925925925926 0.5080729166666667 0.700462962962963 0.5078125 0.700462962962963 0.5067708333333333 0.7 0.5065104166666666 0.7 0.5057291666666667 0.6990740740740741 0.5052083333333334 0.6990740740740741 0.5049479166666667 0.6972222222222222 0.50390625 0.6962962962962963 0.5036458333333333 0.6953703703703704 0.5036458333333333 0.6949074074074074 0.5033854166666667 0.6939814814814815 0.5033854166666667 0.6935185185185185 0.503125 0.6902777777777778 0.503125 0.6893518518518519 0.5033854166666667 0.6884259259259259 0.5028645833333333 0.687962962962963 0.5028645833333333 0.6851851851851852 0.5010416666666667 0.6824074074074075 0.5002604166666667 0.6763888888888889 0.49661458333333336 0.6763888888888889 0.49635416666666665 0.674537037037037 0.4953125 0.6736111111111112 0.4942708333333333 0.6708333333333333 0.49270833333333336 0.6708333333333333 0.49244791666666665 0.6680555555555555 0.490625 0.6680555555555555 0.4903645833333333 0.6657407407407407 0.48880208333333336 0.6657407407407407 0.48854166666666665 0.6643518518518519 0.48802083333333335 0.6643518518518519 0.48776041666666664 0.6611111111111111 0.4856770833333333 0.6601851851851852 0.48541666666666666 0.6592592592592592 0.48541666666666666 0.6587962962962963 0.48515625 0.6560185185185186 0.48515625 0.6555555555555556 0.48541666666666666 0.6541666666666667 0.48541666666666666 0.6523148148148148 0.4859375 0.6509259259259259 0.48671875
4 0.6578703703703703 0.6658854166666667 0.6555555555555556 0.665625 0.6541666666666667 0.6651041666666667 0.649537037037037 0.6653645833333334 0.6486111111111111 0.6658854166666667 0.6476851851851851 0.6658854166666667 0.6449074074074074 0.6677083333333333 0.6435185185185185 0.66953125 0.6439814814814815 0.6739583333333333 0.6412037037037037 0.6760416666666667 0.637962962962963 0.6778645833333333 0.6203703703703703 0.6846354166666667 0.6148148148148148 0.6861979166666666 0.6134259259259259 0.6869791666666667 0.612037037037037 0.6872395833333333 0.6083333333333333 0.6888020833333334 0.6050925925925926 0.6895833333333333 0.6023148148148149 0.6908854166666667 0.5962962962962963 0.69296875 0.5935185185185186 0.6934895833333333 0.586574074074074 0.69609375 0.5819444444444445 0.6973958333333333 0.5773148148148148 0.6994791666666667 0.5680555555555555 0.7026041666666667 0.5652777777777778 0.7049479166666667 0.5652777777777778 0.7083333333333334 0.5648148148148148 0.70859375 0.5671296296296297 0.7111979166666667 0.5717592592592593 0.71328125 0.5800925925925926 0.71328125 0.5828703703703704 0.7127604166666667 0.5981481481481481 0.70859375 0.6055555555555555 0.7057291666666666 0.6078703703703704 0.7052083333333333 0.612037037037037 0.7033854166666667 0.6194444444444445 0.7013020833333333 0.6263888888888889 0.6981770833333333 0.6291666666666667 0.6973958333333333 0.6300925925925925 0.6973958333333333 0.637962962962963 0.69453125 0.6425925925925926 0.69375 0.6467592592592593 0.6921875 0.6481481481481481 0.6921875 0.6537037037037037 0.6908854166666667 0.6699074074074074 0.6908854166666667 0.6763888888888889 0.6893229166666667 0.6777777777777778 0.6877604166666667 0.6782407407407407 0.6856770833333333 0.6787037037037037 0.6854166666666667 0.6763888888888889 0.6830729166666667 0.674074074074074 0.6791666666666667 0.6726851851851852 0.6776041666666667 0.6712962962962963 0.6768229166666667 0.6699074074074074 0.675 0.6657407407407407 0.67265625
5 0.7601851851851852 0.6216145833333333 0.7583333333333333 0.6234375 0.7574074074074074 0.625 0.7574074074074074 0.6260416666666667 0.7569444444444444 0.6263020833333334 0.7569444444444444 0.6270833333333333 0.7564814814814815 0.62734375 0.7564814814814815 0.628125 0.7550925925925925 0.63046875 0.7560185185185185 0.6341145833333334 0.7578703703703704 0.6354166666666666 0.7601851851851852 0.6361979166666667 0.763425925925926 0.6364583333333333 0.7675925925925926 0.6377604166666667 0.7699074074074074 0.6380208333333334 0.7712962962962963 0.6385416666666667 0.7731481481481481 0.6385416666666667 0.7736111111111111 0.6388020833333333 0.7754629629629629 0.6388020833333333 0.7773148148148148 0.6393229166666666 0.7787037037037037 0.6393229166666666 0.7800925925925926 0.63984375 0.7810185185185186 0.63984375 0.7828703703703703 0.640625 0.7856481481481481 0.6408854166666667 0.7930555555555555 0.6424479166666667 0.8018518518518518 0.6434895833333333 0.8101851851851852 0.6453125 0.8115740740740741 0.64609375 0.8134259259259259 0.6481770833333333 0.8166666666666667 0.6541666666666667 0.8185185185185185 0.6552083333333333 0.8199074074074074 0.65546875 0.8222222222222222 0.6565104166666667 0.825 0.6567708333333333 0.8287037037037037 0.6575520833333334 0.8333333333333334 0.6575520833333334 0.8379629629629629 0.6559895833333333 0.8412037037037037 0.65390625 0.8430555555555556 0.65078125 0.8467592592592592 0.646875 0.8481481481481481 0.6440104166666667 0.8495370370370371 0.6424479166666667 0.8495370370370371 0.6411458333333333 0.85 0.6408854166666667 0.85 0.6393229166666666 0.850462962962963 0.6390625 0.850462962962963 0.6375 0.850925925925926 0.6372395833333333 0.850925925925926 0.6361979166666667 0.8518518518518519 0.6346354166666667 0.8518518518518519 0.6333333333333333 0.8523148148148149 0.6330729166666667 0.8523148148148149 0.6322916666666667 0.8532407407407407 0.6315104166666666 0.8532407407407407 0.6268229166666667 0.850462962962963 0.6247395833333333 0.8453703703703703 0.6234375 0.8435185185185186 0.62265625 0.8407407407407408 0.6221354166666667 0.8393518518518519 0.6221354166666667 0.8375 0.6216145833333333 0.837037037037037 0.621875 0.8347222222222223 0.621875 0.8328703703703704 0.6223958333333334 0.825462962962963 0.6268229166666667 0.8217592592592593 0.6270833333333333 0.8175925925925925 0.6263020833333334 0.8148148148148148 0.6263020833333334 0.8115740740740741 0.6255208333333333 0.8055555555555556 0.625 0.8009259259259259 0.6239583333333333 0.799537037037037 0.6239583333333333 0.7912037037037037 0.6223958333333334 0.7893518518518519 0.6223958333333334 0.7828703703703703 0.62109375 0.7805555555555556 0.62109375 0.7800925925925926 0.6208333333333333 0.7787037037037037 0.6208333333333333 0.774537037037037 0.6200520833333333 0.7717592592592593 0.6200520833333333 0.7712962962962963 0.6197916666666666 0.763425925925926 0.6197916666666666
2 0.8694444444444445 0.2747395833333333 0.8657407407407407 0.275 0.862037037037037 0.2760416666666667 0.8578703703703704 0.2791666666666667 0.8569444444444444 0.28151041666666665 0.8550925925925926 0.30078125 0.8550925925925926 0.3260416666666667 0.8541666666666666 0.33307291666666666 0.8541666666666666 0.3494791666666667 0.8527777777777777 0.37161458333333336 0.8518518518518519 0.3734375 0.8490740740740741 0.375 0.8453703703703703 0.3763020833333333 0.8421296296296297 0.3768229166666667 0.8398148148148148 0.3807291666666667 0.8416666666666667 0.38567708333333334 0.8453703703703703 0.3885416666666667 0.8564814814814815 0.39036458333333335 0.8652777777777778 0.38984375 0.8736111111111111 0.38776041666666666 0.8805555555555555 0.3875 0.8870370370370371 0.3846354166666667 0.8870370370370371 0.37994791666666666 0.8861111111111111 0.3768229166666667 0.8851851851851852 0.37578125 0.8787037037037037 0.37265625 0.8777777777777778 0.3690104166666667 0.8777777777777778 0.3453125 0.8800925925925925 0.3111979166666667 0.8800925925925925 0.2984375 0.8810185185185185 0.2911458333333333 0.8805555555555555 0.28046875 0.8800925925925925 0.27890625 0.8768518518518519 0.27578125
4 0.9625 0.3763020833333333 0.9578703703703704 0.37447916666666664 0.950925925925926 0.37395833333333334 0.9472222222222222 0.375 0.9430555555555555 0.37552083333333336 0.9393518518518519 0.3768229166666667 0.9384259259259259 0.3768229166666667 0.9361111111111111 0.3776041666666667 0.9337962962962963 0.37786458333333334 0.9296296296296296 0.37916666666666665 0.9287037037037037 0.37916666666666665 0.924537037037037 0.38046875 0.9222222222222223 0.3815104166666667 0.9189814814814815 0.38229166666666664 0.9157407407407407 0.38385416666666666 0.9125 0.384375 0.9074074074074074 0.38619791666666664 0.9037037037037037 0.38671875 0.899537037037037 0.3880208333333333 0.8953703703703704 0.3885416666666667 0.8921296296296296 0.38958333333333334 0.887962962962963 0.38958333333333334 0.8856481481481482 0.3890625 0.875 0.3890625 0.874537037037037 0.3888020833333333 0.8722222222222222 0.3888020833333333 0.8689814814814815 0.38958333333333334 0.8666666666666667 0.390625 0.8611111111111112 0.39140625 0.8592592592592593 0.3924479166666667 0.8560185185185185 0.39609375 0.8560185185185185 0.4010416666666667 0.8564814814814815 0.40130208333333334 0.8569444444444444 0.4041666666666667 0.8597222222222223 0.40703125 0.8601851851851852 0.4083333333333333 0.8652777777777778 0.4122395833333333 0.8657407407407407 0.4122395833333333 0.8689814814814815 0.4140625 0.8726851851851852 0.41510416666666666 0.875 0.4153645833333333 0.8763888888888889 0.4158854166666667 0.8796296296296297 0.4158854166666667 0.8800925925925925 0.4161458333333333 0.8814814814814815 0.4158854166666667 0.8851851851851852 0.4158854166666667 0.8865740740740741 0.4153645833333333 0.8888888888888888 0.41510416666666666 0.8930555555555556 0.4125 0.8967592592592593 0.40546875 0.8976851851851851 0.4046875 0.8976851851851851 0.4041666666666667 0.899074074074074 0.40338541666666666 0.9023148148148148 0.40234375 0.9050925925925926 0.40182291666666664 0.9087962962962963 0.4005208333333333 0.9111111111111111 0.4002604166666667 0.9138888888888889 0.39921875 0.9148148148148149 0.39921875 0.9180555555555555 0.39817708333333335 0.9208333333333333 0.39765625 0.9236111111111112 0.3963541666666667 0.9254629629629629 0.39609375 0.9291666666666667 0.39505208333333336 0.9300925925925926 0.39453125 0.9310185185185185 0.39453125 0.9333333333333333 0.39375 0.9342592592592592 0.39375 0.9375 0.3927083333333333 0.9393518518518519 0.3924479166666667 0.9402777777777778 0.3919270833333333 0.950925925925926 0.3888020833333333 0.9532407407407407 0.3875 0.9592592592592593 0.38567708333333334 0.9611111111111111 0.3846354166666667 0.9634259259259259 0.3815104166666667 0.9634259259259259 0.37864583333333335 0.9629629629629629 0.37838541666666664 0.9629629629629629 0.3768229166666667
3 0.9782407407407407 0.18333333333333332 0.9773148148148149 0.18359375 0.975 0.18359375 0.9745370370370371 0.18385416666666668 0.9699074074074074 0.18411458333333333 0.9657407407407408 0.18515625 0.9629629629629629 0.18541666666666667 0.961574074074074 0.18619791666666666 0.9592592592592593 0.18671875 0.9564814814814815 0.18776041666666668 0.9546296296296296 0.18802083333333333 0.9523148148148148 0.1890625 0.9486111111111111 0.19010416666666666 0.9476851851851852 0.19010416666666666 0.9472222222222222 0.19036458333333334 0.9449074074074074 0.190625 0.9425925925925925 0.19140625 0.9416666666666667 0.19140625 0.9351851851851852 0.19322916666666667 0.9337962962962963 0.19401041666666666 0.9310185185185185 0.19479166666666667 0.9282407407407407 0.19661458333333334 0.9273148148148148 0.19791666666666666 0.9273148148148148 0.19869791666666667 0.9268518518518518 0.19895833333333332 0.9268518518518518 0.2 0.9263888888888889 0.20026041666666666 0.9263888888888889 0.2015625 0.9287037037037037 0.20494791666666667 0.9351851851851852 0.20833333333333334 0.9421296296296297 0.20989583333333334 0.9449074074074074 0.21145833333333333 0.9481481481481482 0.21484375 0.9518518518518518 0.21770833333333334 0.9546296296296296 0.22083333333333333 0.9555555555555556 0.22135416666666666 0.9611111111111111 0.22760416666666666 0.9611111111111111 0.228125 0.9662037037037037 0.23333333333333334 0.9703703703703703 0.2359375 0.9740740740740741 0.23671875 0.975462962962963 0.23671875 0.975925925925926 0.23645833333333333 0.9791666666666666 0.23645833333333333 0.9824074074074074 0.23567708333333334 0.9875 0.23359375 0.9939814814814815 0.23177083333333334 0.9981481481481481 0.22890625 0.999537037037037 0.22890625 0.999537037037037 0.22395833333333334 0.9981481481481481 0.22395833333333334 0.9972222222222222 0.2234375 0.9972222222222222 0.22265625 0.9962962962962963 0.22135416666666666 0.9962962962962963 0.2203125 0.9958333333333333 0.22005208333333334 0.9958333333333333 0.21927083333333333 0.9953703703703703 0.21901041666666668 0.9949074074074075 0.21770833333333334 0.9921296296296296 0.21536458333333333 0.9837962962962963 0.20572916666666666 0.9833333333333333 0.20390625 0.9828703703703704 0.20364583333333333 0.9828703703703704 0.20260416666666667 0.9819444444444444 0.2015625 0.9819444444444444 0.19765625 0.9824074074074074 0.19739583333333333 0.9828703703703704 0.19583333333333333 0.987037037037037 0.19322916666666667 0.987037037037037 0.18932291666666667 0.9837962962962963 0.18697916666666667 0.9824074074074074 0.18541666666666667
2 0.950462962962963 0.51953125 0.9314814814814815 0.515625 0.9268518518518518 0.5153645833333333 0.9236111111111112 0.5161458333333333 0.9212962962962963 0.5174479166666667 0.9166666666666666 0.5213541666666667 0.9231481481481482 0.5283854166666667 0.9226851851851852 0.5330729166666667 0.9194444444444444 0.5364583333333334 0.9166666666666666 0.5411458333333333 0.9120370370370371 0.5455729166666666 0.9106481481481481 0.5484375 0.9037037037037037 0.5578125 0.8962962962962963 0.5666666666666667 0.8912037037037037 0.57421875 0.8837962962962963 0.5825520833333333 0.8787037037037037 0.5903645833333333 0.874537037037037 0.5950520833333334 0.8671296296296296 0.6059895833333333 0.8652777777777778 0.6075520833333333 0.8625 0.6122395833333333 0.8569444444444444 0.6190104166666667 0.8560185185185185 0.621875 0.8564814814814815 0.625 0.8592592592592593 0.62734375 0.8643518518518518 0.6291666666666667 0.8689814814814815 0.6294270833333333 0.8726851851851852 0.62890625 0.8763888888888889 0.6268229166666667 0.8782407407407408 0.6244791666666667 0.8805555555555555 0.6229166666666667 0.8865740740740741 0.6140625 0.8888888888888888 0.61171875 0.8916666666666667 0.6065104166666667 0.899074074074074 0.59609375 0.9037037037037037 0.5911458333333334 0.9064814814814814 0.5856770833333333 0.9148148148148149 0.57578125 0.9175925925925926 0.5708333333333333 0.9199074074074074 0.56875 0.9291666666666667 0.5557291666666667 0.9356481481481481 0.5484375 0.9407407407407408 0.5401041666666667 0.9458333333333333 0.53515625 0.9513888888888888 0.5322916666666667 0.9587962962962963 0.53046875 0.9611111111111111 0.5286458333333334 0.962037037037037 0.5252604166666667 0.9578703703703704 0.521875
3 0.9388888888888889 0.6559895833333333 0.9347222222222222 0.6567708333333333 0.9310185185185185 0.6578125 0.9296296296296296 0.659375 0.9277777777777778 0.6606770833333333 0.9263888888888889 0.6622395833333333 0.9263888888888889 0.6630208333333333 0.924537037037037 0.665625 0.9231481481481482 0.6692708333333334 0.9212962962962963 0.6713541666666667 0.9194444444444444 0.675 0.9185185185185185 0.67578125 0.9185185185185185 0.6763020833333333 0.9166666666666666 0.6786458333333333 0.9166666666666666 0.6794270833333333 0.9157407407407407 0.6807291666666667 0.9157407407407407 0.6817708333333333 0.9143518518518519 0.6833333333333333 0.9143518518518519 0.6838541666666667 0.9106481481481481 0.6875 0.9069444444444444 0.6893229166666667 0.9037037037037037 0.68984375 0.9009259259259259 0.6908854166666667 0.8986111111111111 0.6927083333333334 0.8962962962962963 0.6966145833333334 0.8962962962962963 0.7013020833333333 0.8986111111111111 0.7033854166666667 0.899537037037037 0.7049479166666667 0.9032407407407408 0.70703125 0.9092592592592592 0.7091145833333333 0.9101851851851852 0.7091145833333333 0.9125 0.7098958333333333 0.9138888888888889 0.7098958333333333 0.9152777777777777 0.7104166666666667 0.9212962962962963 0.7114583333333333 0.9263888888888889 0.7130208333333333 0.9305555555555556 0.71328125 0.9342592592592592 0.7140625 0.9356481481481481 0.7140625 0.937962962962963 0.7145833333333333 0.9398148148148148 0.7145833333333333 0.9402777777777778 0.71484375 0.9421296296296297 0.71484375 0.9425925925925925 0.7151041666666667 0.9518518518518518 0.7151041666666667 0.9550925925925926 0.7143229166666667 0.9587962962962963 0.7119791666666667 0.9606481481481481 0.709375 0.9611111111111111 0.7057291666666666 0.961574074074074 0.70546875 0.961574074074074 0.7002604166666667 0.9606481481481481 0.6986979166666667 0.9592592592592593 0.6971354166666667 0.9574074074074074 0.6958333333333333 0.9560185185185185 0.6940104166666666 0.9560185185185185 0.6885416666666667 0.9564814814814815 0.68828125 0.9574074074074074 0.6833333333333333 0.9578703703703704 0.6830729166666667 0.9578703703703704 0.68203125 0.9587962962962963 0.68046875 0.9592592592592593 0.67734375 0.9597222222222223 0.6770833333333334 0.9597222222222223 0.6760416666666667 0.9606481481481481 0.6744791666666666 0.9611111111111111 0.6697916666666667 0.961574074074074 0.66953125 0.961574074074074 0.6677083333333333 0.962037037037037 0.6674479166666667 0.962037037037037 0.6643229166666667 0.961574074074074 0.6640625 0.961574074074074 0.6625 0.9611111111111111 0.6619791666666667 0.9578703703703704 0.66015625 0.9546296296296296 0.6591145833333333 0.9532407407407407 0.6583333333333333 0.950462962962963 0.6575520833333334 0.9490740740740741 0.6575520833333334 0.9430555555555555 0.65625