1 0.006944444444444444 0.41015625 0.005555555555555556 0.41171875 0.005555555555555556 0.41458333333333336 0.0060185185185185185 0.41484375 0.0060185185185185185 0.4158854166666667 0.008796296296296297 0.41744791666666664 0.012037037037037037 0.41822916666666665 0.013888888888888888 0.41901041666666666 0.01574074074074074 0.41901041666666666 0.016203703703703703 0.4192708333333333 0.017592592592592594 0.4192708333333333 0.022222222222222223 0.42109375 0.03009259259259259 0.4231770833333333 0.03333333333333333 0.42473958333333334 0.03611111111111111 0.42552083333333335 0.03796296296296296 0.4265625 0.03935185185185185 0.428125 0.03935185185185185 0.42864583333333334 0.04027777777777778 0.42916666666666664 0.0412037037037037 0.43020833333333336 0.04490740740740741 0.43203125 0.04861111111111111 0.43307291666666664 0.04953703703703704 0.43307291666666664 0.05 0.43333333333333335 0.05092592592592592 0.43333333333333335 0.05277777777777778 0.43385416666666665 0.05324074074074074 0.43359375 0.05694444444444444 0.43359375 0.059722222222222225 0.434375 0.060648148148148145 0.434375 0.06388888888888888 0.4354166666666667 0.06620370370370371 0.4354166666666667 0.06666666666666667 0.4356770833333333 0.06805555555555555 0.4356770833333333 0.06944444444444445 0.43515625 0.07037037037037037 0.43515625 0.07314814814814814 0.434375 0.07407407407407407 0.434375 0.07731481481481481 0.43333333333333335 0.07824074074074074 0.43333333333333335 0.07916666666666666 0.43307291666666664 0.08055555555555556 0.4322916666666667 0.08194444444444444 0.43072916666666666 0.0824074074074074 0.42942708333333335 0.08333333333333333 0.42864583333333334 0.08333333333333333 0.428125 0.08425925925925926 0.4270833333333333 0.08425925925925926 0.42630208333333336 0.08472222222222223 0.42604166666666665 0.08472222222222223 0.425 0.08518518518518518 0.42473958333333334 0.08518518518518518 0.42265625 0.08472222222222223 0.42239583333333336 0.08425925925925926 0.4200520833333333 0.08287037037037037 0.41901041666666666 0.08287037037037037 0.41875 0.07962962962962963 0.4171875 0.07731481481481481 0.4166666666666667 0.07546296296296297 0.4158854166666667 0.07222222222222222 0.415625 0.06851851851851852 0.41458333333333336 0.06388888888888888 0.4122395833333333 0.06296296296296296 0.4119791666666667 0.062037037037037036 0.4119791666666667 0.06157407407407407 0.41171875 0.059722222222222225 0.41171875 0.05925925925925926 0.4114583333333333 0.05416666666666667 0.4114583333333333 0.053703703703703705 0.41171875 0.05185185185185185 0.41171875 0.05138888888888889 0.4119791666666667 0.05 0.4119791666666667 0.04953703703703704 0.4122395833333333 0.046296296296296294 0.4122395833333333 0.04583333333333333 0.4125 0.04490740740740741 0.4125 0.044444444444444446 0.4122395833333333 0.043055555555555555 0.4122395833333333 0.04259259259259259 0.4119791666666667 0.04027777777777778 0.4119791666666667 0.03981481481481482 0.41171875 0.0375 0.41171875 0.037037037037037035 0.4114583333333333 0.03564814814814815 0.4114583333333333 0.03518518518518519 0.41119791666666666 0.03333333333333333 0.41119791666666666 0.027777777777777776 0.40963541666666664 0.02638888888888889 0.40963541666666664 0.025925925925925925 0.409375 0.024074074074074074 0.409375 0.02361111111111111 0.40911458333333334 0.021296296296296296 0.40911458333333334 0.020833333333333332 0.4088541666666667 0.019444444444444445 0.4088541666666667 0.01898148148148148 0.40859375 0.018055555555555554 0.40859375 0.017592592592592594 0.4083333333333333 0.016203703703703703 0.4083333333333333 0.01574074074074074 0.4080729166666667 0.014351851851851852 0.4080729166666667 0.013888888888888888 0.4078125 0.012962962962962963 0.4078125 0.0125 0.4080729166666667 0.011574074074074073 0.4080729166666667 0.011111111111111112 0.4083333333333333 0.010185185185185186 0.4083333333333333 0.009259259259259259 0.40859375 0.008796296296296297 0.40911458333333334
5 0.1361111111111111 0.35572916666666665 0.13425925925925927 0.35572916666666665 0.1310185185185185 0.35651041666666666 0.12916666666666668 0.3575520833333333 0.1259259259259259 0.3606770833333333 0.1259259259259259 0.36276041666666664 0.12638888888888888 0.36302083333333335 0.12638888888888888 0.3645833333333333 0.12685185185185185 0.36484375 0.12685185185185185 0.3653645833333333 0.12731481481481483 0.3653645833333333 0.13055555555555556 0.3671875 0.13194444444444445 0.36875 0.13194444444444445 0.37161458333333336 0.13148148148148148 0.371875 0.13148148148148148 0.3731770833333333 0.13055555555555556 0.3736979166666667 0.12638888888888888 0.37890625 0.11527777777777778 0.38828125 0.11435185185185186 0.39010416666666664 0.10833333333333334 0.3963541666666667 0.10833333333333334 0.39739583333333334 0.10787037037037037 0.39765625 0.10787037037037037 0.40078125 0.1087962962962963 0.40182291666666664 0.1111111111111111 0.403125 0.11296296296296296 0.4036458333333333 0.11388888888888889 0.4036458333333333 0.11898148148148148 0.40520833333333334 0.12129629629629629 0.40546875 0.12268518518518519 0.40598958333333335 0.1259259259259259 0.40598958333333335 0.12638888888888888 0.40625 0.12731481481481483 0.40625 0.12777777777777777 0.40598958333333335 0.1300925925925926 0.40598958333333335 0.13240740740740742 0.4046875 0.13518518518518519 0.40208333333333335 0.13842592592592592 0.3997395833333333 0.13935185185185187 0.3984375 0.14166666666666666 0.3966145833333333 0.14351851851851852 0.39427083333333335 0.14675925925925926 0.3919270833333333 0.1476851851851852 0.39088541666666665 0.15046296296296297 0.3893229166666667 0.1550925925925926 0.3854166666666667 0.15694444444444444 0.38333333333333336 0.15833333333333333 0.38255208333333335 0.1587962962962963 0.38255208333333335 0.16157407407407406 0.3809895833333333 0.16574074074074074 0.37994791666666666 0.17175925925925925 0.37994791666666666 0.17222222222222222 0.3802083333333333 0.1736111111111111 0.3802083333333333 0.17407407407407408 0.37994791666666666 0.17777777777777778 0.37942708333333336 0.1814814814814815 0.37734375 0.18194444444444444 0.3768229166666667 0.18194444444444444 0.3729166666666667 0.17916666666666667 0.37135416666666665 0.17592592592592593 0.37005208333333334 0.17453703703703705 0.3690104166666667 0.1699074074074074 0.36770833333333336 0.1685185185185185 0.36692708333333335 0.16805555555555557 0.36692708333333335 0.16574074074074074 0.365625 0.16574074074074074 0.3653645833333333 0.16157407407407406 0.3640625 0.15555555555555556 0.3606770833333333 0.15416666666666667 0.36015625 0.15 0.35989583333333336 0.14444444444444443 0.3572916666666667 0.1425925925925926 0.3567708333333333 0.14027777777777778 0.35651041666666666 0.1388888888888889 0.35598958333333336 0.13657407407407407 0.35598958333333336
3 0.13703703703703704 0.42916666666666664 0.1300925925925926 0.4278645833333333 0.1259259259259259 0.4278645833333333 0.12546296296296297 0.428125 0.12268518518518519 0.4283854166666667 0.11851851851851852 0.43072916666666666 0.1175925925925926 0.4315104166666667 0.11666666666666667 0.43333333333333335 0.11481481481481481 0.4348958333333333 0.11481481481481481 0.43984375 0.1175925925925926 0.44296875 0.11666666666666667 0.44453125 0.11064814814814815 0.44921875 0.10694444444444444 0.4510416666666667 0.10648148148148148 0.4518229166666667 0.10416666666666667 0.45364583333333336 0.1 0.45546875 0.09490740740740741 0.45859375 0.09166666666666666 0.45989583333333334 0.08981481481481482 0.46171875 0.0875 0.4630208333333333 0.08703703703703704 0.46380208333333334 0.0824074074074074 0.4666666666666667 0.08194444444444444 0.46875 0.08148148148148149 0.46901041666666665 0.08148148148148149 0.4703125 0.08101851851851852 0.4705729166666667 0.08287037037037037 0.47239583333333335 0.0875 0.4747395833333333 0.09166666666666666 0.47604166666666664 0.09537037037037037 0.478125 0.09814814814814815 0.47890625 0.1037037037037037 0.47942708333333334 0.10416666666666667 0.4791666666666667 0.10694444444444444 0.4791666666666667 0.10740740740740741 0.47890625 0.1111111111111111 0.4786458333333333 0.11388888888888889 0.47734375 0.11527777777777778 0.47708333333333336 0.12314814814814815 0.47317708333333336 0.1287037037037037 0.4708333333333333 0.13055555555555556 0.46979166666666666 0.13425925925925927 0.4661458333333333 0.14305555555555555 0.46145833333333336 0.1486111111111111 0.46041666666666664 0.15 0.45989583333333334 0.1537037037037037 0.46067708333333335 0.1550925925925926 0.46067708333333335 0.15555555555555556 0.46041666666666664 0.16064814814814815 0.46041666666666664 0.16203703703703703 0.46067708333333335 0.1625 0.46041666666666664 0.16620370370370371 0.46015625 0.16898148148148148 0.459375 0.17037037037037037 0.45859375 0.17453703703703705 0.4546875 0.17453703703703705 0.4505208333333333 0.1712962962962963 0.446875 0.1675925925925926 0.4440104166666667 0.16620370370370371 0.44244791666666666 0.16203703703703703 0.4401041666666667 0.15787037037037038 0.43723958333333335 0.15324074074074073 0.4361979166666667 0.15046296296296297 0.43463541666666666 0.14583333333333334 0.43307291666666664 0.14305555555555555 0.4315104166666667 0.1398148148148148 0.43046875
4 0.2708333333333333 0.12265625 0.26990740740740743 0.12317708333333334 0.2671296296296296 0.12682291666666667 0.2675925925925926 0.12708333333333333 0.2675925925925926 0.12838541666666667 0.26805555555555555 0.12864583333333332 0.26851851851851855 0.13046875 0.27175925925925926 0.13411458333333334 0.274537037037037 0.1359375 0.2777777777777778 0.1390625 0.2814814814814815 0.14140625 0.2833333333333333 0.14322916666666666 0.28564814814814815 0.14453125 0.28703703703703703 0.14609375 0.28935185185185186 0.14739583333333334 0.29444444444444445 0.15208333333333332 0.29583333333333334 0.15286458333333333 0.29907407407407405 0.15572916666666667 0.30092592592592593 0.15677083333333333 0.30185185185185187 0.1578125 0.30416666666666664 0.15911458333333334 0.3055555555555556 0.16067708333333333 0.3060185185185185 0.16223958333333333 0.30462962962962964 0.16432291666666668 0.3037037037037037 0.16848958333333333 0.30324074074074076 0.16875 0.30324074074074076 0.1703125 0.3055555555555556 0.17317708333333334 0.3101851851851852 0.17552083333333332 0.3162037037037037 0.17708333333333334 0.31712962962962965 0.17760416666666667 0.31805555555555554 0.17760416666666667 0.31851851851851853 0.17786458333333333 0.3212962962962963 0.17786458333333333 0.32175925925925924 0.178125 0.32546296296296295 0.17786458333333333 0.32592592592592595 0.17760416666666667 0.3282407407407407 0.17734375 0.3333333333333333 0.17578125 0.337037037037037 0.17421875 0.3384259259259259 0.17395833333333333 0.3421296296296296 0.171875 0.3425925925925926 0.17109375 0.3449074074074074 0.16953125 0.3476851851851852 0.16536458333333334 0.3476851851851852 0.16380208333333332 0.34814814814814815 0.16354166666666667 0.34814814814814815 0.16223958333333333 0.3486111111111111 0.16197916666666667 0.3476851851851852 0.16145833333333334 0.34444444444444444 0.15807291666666667 0.3421296296296296 0.15703125 0.3388888888888889 0.15651041666666668 0.3375 0.15598958333333332 0.3337962962962963 0.15364583333333334 0.3314814814814815 0.153125 0.33055555555555555 0.15260416666666668 0.32685185185185184 0.15260416666666668 0.32592592592592595 0.15286458333333333 0.32407407407407407 0.15208333333333332 0.3226851851851852 0.15078125 0.3226851851851852 0.15026041666666667 0.31342592592592594 0.14375 0.31203703703703706 0.1421875 0.3074074074074074 0.13984375 0.30648148148148147 0.13880208333333333 0.3023148148148148 0.13619791666666667 0.29444444444444445 0.12916666666666668 0.29212962962962963 0.12786458333333334 0.2912037037037037 0.12682291666666667 0.28703703703703703 0.12447916666666667 0.28703703703703703 0.12421875 0.2851851851851852 0.12369791666666667 0.28379629629629627 0.12291666666666666 0.2796296296296296 0.121875 0.275 0.121875 0.274537037037037 0.12213541666666666
1 0.16111111111111112 0.4666666666666667 0.16018518518518518 0.4671875 0.1587962962962963 0.46875 0.1587962962962963 0.46927083333333336 0.15833333333333333 0.46953125 0.15833333333333333 0.4703125 0.15787037037037038 0.4705729166666667 0.1587962962962963 0.4713541666666667 0.15925925925925927 0.47265625 0.16018518518518518 0.4734375 0.16018518518518518 0.4739583333333333 0.16111111111111112 0.475 0.16342592592592592 0.4765625 0.1648148148148148 0.4783854166666667 0.1675925925925926 0.48046875 0.16944444444444445 0.4828125 0.17083333333333334 0.48359375 0.17083333333333334 0.48385416666666664 0.1736111111111111 0.4859375 0.1736111111111111 0.48723958333333334 0.17314814814814813 0.4875 0.17314814814814813 0.4890625 0.1726851851851852 0.48932291666666666 0.1726851851851852 0.49270833333333336 0.17314814814814813 0.49296875 0.17314814814814813 0.49453125 0.1736111111111111 0.4947916666666667 0.1736111111111111 0.4953125 0.1763888888888889 0.49713541666666666 0.1763888888888889 0.4973958333333333 0.17731481481481481 0.4979166666666667 0.17777777777777778 0.4979166666666667 0.18055555555555555 0.49947916666666664 0.18194444444444444 0.5010416666666667 0.18194444444444444 0.5015625 0.18287037037037038 0.5020833333333333 0.18287037037037038 0.50234375 0.18564814814814815 0.50390625 0.1865740740740741 0.50390625 0.1884259259259259 0.5044270833333333 0.18935185185185185 0.5049479166666667 0.1935185185185185 0.5049479166666667 0.19490740740740742 0.5044270833333333 0.19583333333333333 0.5044270833333333 0.19768518518518519 0.50390625 0.19907407407407407 0.50390625 0.19953703703703704 0.5036458333333333 0.20092592592592592 0.5036458333333333 0.2013888888888889 0.5033854166666667 0.20277777777777778 0.5033854166666667 0.20324074074074075 0.503125 0.20462962962962963 0.503125 0.2050925925925926 0.5028645833333333 0.20601851851851852 0.5028645833333333 0.20879629629629629 0.5020833333333333 0.21296296296296297 0.49973958333333335 0.21342592592592594 0.49895833333333334 0.21481481481481482 0.4979166666666667 0.21481481481481482 0.4953125 0.21435185185185185 0.49505208333333334 0.21435185185185185 0.49375 0.21342592592592594 0.49322916666666666 0.2125 0.4921875 0.2111111111111111 0.49140625 0.2101851851851852 0.4903645833333333 0.2101851851851852 0.4895833333333333 0.20972222222222223 0.48932291666666666 0.20972222222222223 0.48854166666666665 0.20925925925925926 0.48828125 0.20925925925925926 0.4869791666666667 0.20879629629629629 0.48671875 0.20879629629629629 0.4859375 0.2050925925925926 0.48385416666666664 0.20416666666666666 0.48359375 0.20324074074074075 0.48359375 0.20277777777777778 0.48333333333333334 0.2013888888888889 0.48333333333333334 0.20092592592592592 0.4830729166666667 0.19722222222222222 0.4830729166666667 0.19490740740740742 0.4822916666666667 0.19398148148148148 0.4822916666666667 0.19212962962962962 0.4817708333333333 0.18981481481481483 0.48046875 0.18796296296296297 0.4783854166666667 0.18611111111111112 0.47708333333333336 0.18564814814814815 0.47630208333333335 0.18425925925925926 0.47552083333333334 0.18425925925925926 0.4752604166666667 0.18333333333333332 0.4747395833333333 0.1824074074074074 0.47369791666666666 0.17962962962962964 0.47213541666666664 0.17777777777777778 0.4700520833333333 0.17592592592592593 0.46901041666666665 0.17592592592592593 0.46875 0.17453703703703705 0.46796875 0.17407407407407408 0.4671875 0.17314814814814813 0.4666666666666667 0.1726851851851852 0.4666666666666667 0.17175925925925925 0.4661458333333333 0.1699074074074074 0.465625 0.16898148148148148 0.465625 0.1685185185185185 0.46588541666666666 0.1675925925925926 0.46588541666666666 0.16574074074074074 0.46640625 0.16203703703703703 0.46640625
4 0.1712962962962963 0.64609375 0.1638888888888889 0.6424479166666667 0.16064814814814815 0.6416666666666667 0.15694444444444444 0.64140625 0.15648148148148147 0.6411458333333333 0.1537037037037037 0.6411458333333333 0.15 0.6421875 0.14629629629629629 0.6442708333333333 0.14537037037037037 0.6458333333333334 0.14537037037037037 0.6505208333333333 0.14351851851851852 0.6541666666666667 0.14166666666666666 0.6552083333333333 0.13842592592592592 0.6557291666666667 0.13472222222222222 0.6575520833333334 0.13055555555555556 0.65859375 0.12685185185185185 0.6604166666666667 0.12129629629629629 0.6619791666666667 0.1087962962962963 0.6671875 0.0962962962962963 0.67109375 0.09351851851851851 0.6723958333333333 0.08935185185185185 0.6736979166666667 0.0824074074074074 0.6768229166666667 0.0763888888888889 0.6783854166666666 0.07037037037037037 0.6817708333333333 0.06759259259259259 0.684375 0.06712962962962964 0.6859375 0.0699074074074074 0.6893229166666667 0.07268518518518519 0.690625 0.07546296296296297 0.69140625 0.08148148148148149 0.6911458333333333 0.08888888888888889 0.6895833333333333 0.09259259259259259 0.68828125 0.09351851851851851 0.68828125 0.10231481481481482 0.6856770833333333 0.11064814814814815 0.6817708333333333 0.1175925925925926 0.6796875 0.12407407407407407 0.6768229166666667 0.13148148148148148 0.67421875 0.1337962962962963 0.6736979166666667 0.1375 0.6721354166666667 0.1425925925925926 0.6713541666666667 0.1449074074074074 0.6705729166666666 0.14814814814814814 0.6700520833333333 0.15092592592592594 0.6692708333333334 0.1550925925925926 0.6674479166666667 0.16203703703703703 0.6669270833333333 0.1648148148148148 0.6674479166666667 0.1699074074074074 0.6677083333333333 0.1736111111111111 0.6690104166666667 0.17777777777777778 0.66796875 0.18194444444444444 0.6658854166666667 0.1837962962962963 0.6619791666666667 0.18333333333333332 0.66171875 0.1824074074074074 0.6580729166666667 0.18055555555555555 0.65625 0.18009259259259258 0.6546875 0.17731481481481481 0.6515625 0.1763888888888889 0.6510416666666666 0.17592592592592593 0.65
5 0.35648148148148145 0.6026041666666667 0.3560185185185185 0.60234375 0.35555555555555557 0.59921875 0.3537037037037037 0.5973958333333333 0.3490740740740741 0.5955729166666667 0.3476851851851852 0.5955729166666667 0.3453703703703704 0.5950520833333334 0.3425925925925926 0.5950520833333334 0.3421296296296296 0.5947916666666667 0.34120370370370373 0.5947916666666667 0.3365740740740741 0.5958333333333333 0.3333333333333333 0.5973958333333333 0.3333333333333333 0.59765625 0.3296296296296296 0.6 0.32685185185185184 0.60078125 0.325 0.60078125 0.324537037037037 0.6005208333333333 0.3212962962962963 0.6002604166666666 0.3194444444444444 0.5997395833333333 0.3175925925925926 0.5997395833333333 0.31712962962962965 0.5994791666666667 0.31527777777777777 0.5994791666666667 0.3148148148148148 0.59921875 0.3125 0.59921875 0.31203703703703706 0.5989583333333334 0.3101851851851852 0.5989583333333334 0.30787037037037035 0.5984375 0.3060185185185185 0.5984375 0.3023148148148148 0.59765625 0.2972222222222222 0.5973958333333333 0.2953703703703704 0.596875 0.2935185185185185 0.596875 0.2912037037037037 0.5963541666666666 0.2865740740740741 0.59609375 0.28425925925925927 0.5955729166666667 0.2824074074074074 0.5955729166666667 0.28055555555555556 0.5950520833333334 0.27361111111111114 0.5950520833333334 0.27314814814814814 0.5953125 0.2708333333333333 0.5955729166666667 0.2708333333333333 0.5958333333333333 0.26666666666666666 0.5981770833333333 0.26481481481481484 0.6 0.26481481481481484 0.6005208333333333 0.26342592592592595 0.6018229166666667 0.26342592592592595 0.6026041666666667 0.26296296296296295 0.6028645833333334 0.2625 0.6078125 0.26342592592592595 0.6088541666666667 0.2657407407407407 0.61015625 0.26851851851851855 0.6111979166666667 0.26990740740740743 0.6111979166666667 0.27361111111111114 0.6119791666666666 0.2777777777777778 0.6122395833333333 0.2828703703703704 0.61328125 0.2847222222222222 0.61328125 0.2865740740740741 0.6138020833333333 0.287962962962963 0.6138020833333333 0.2884259259259259 0.6140625 0.29074074074074074 0.6143229166666667 0.29305555555555557 0.6151041666666667 0.29768518518518516 0.6158854166666666 0.3 0.6166666666666667 0.30092592592592593 0.6166666666666667 0.30972222222222223 0.6190104166666667 0.3125 0.6200520833333333 0.3162037037037037 0.6221354166666667 0.31805555555555554 0.62421875 0.31805555555555554 0.6247395833333333 0.3189814814814815 0.62578125 0.3189814814814815 0.6265625 0.32083333333333336 0.6283854166666667 0.32222222222222224 0.6291666666666667 0.32592592592592595 0.6302083333333334 0.3277777777777778 0.6302083333333334 0.3282407407407407 0.63046875 0.3300925925925926 0.63046875 0.33055555555555555 0.6307291666666667 0.3347222222222222 0.6307291666666667 0.3384259259259259 0.6296875 0.3416666666666667 0.6283854166666667 0.3458333333333333 0.625 0.34953703703703703 0.6229166666666667 0.350462962962963 0.6208333333333333 0.35138888888888886 0.6200520833333333 0.35138888888888886 0.61953125 0.35324074074074074 0.6169270833333333 0.3541666666666667 0.6135416666666667 0.35462962962962963 0.61328125 0.35462962962962963 0.6122395833333333 0.35509259259259257 0.6119791666666666 0.35509259259259257 0.6109375 0.35555555555555557 0.6106770833333334 0.35555555555555557 0.609375 0.3560185185185185 0.6091145833333333 0.3560185185185185 0.6080729166666666 0.35648148148148145 0.6078125
2 0.3768518518518518 0.2559895833333333 0.3726851851851852 0.2559895833333333 0.36898148148148147 0.25807291666666665 0.3675925925925926 0.2598958333333333 0.3662037037037037 0.26458333333333334 0.36435185185185187 0.29270833333333335 0.36435185185185187 0.30520833333333336 0.36203703703703705 0.32864583333333336 0.3611111111111111 0.3497395833333333 0.3592592592592593 0.35234375 0.35462962962962963 0.35494791666666664 0.3523148148148148 0.35546875 0.3490740740740741 0.35703125 0.3472222222222222 0.36041666666666666 0.34814814814814815 0.36276041666666664 0.3537037037037037 0.36614583333333334 0.3574074074074074 0.36770833333333336 0.36712962962962964 0.3697916666666667 0.37175925925925923 0.3697916666666667 0.3768518518518518 0.36796875 0.3814814814814815 0.36822916666666666 0.38842592592592595 0.36770833333333336 0.39444444444444443 0.36484375 0.3962962962962963 0.3619791666666667 0.3962962962962963 0.3609375 0.39351851851851855 0.3575520833333333 0.38564814814814813 0.353125 0.38472222222222224 0.35130208333333335 0.38472222222222224 0.33984375 0.38564814814814813 0.3307291666666667 0.3851851851851852 0.315625 0.38657407407407407 0.2986979166666667 0.387037037037037 0.275 0.38842592592592595 0.26328125 0.3875 0.259375 0.3861111111111111 0.25807291666666665 0.38333333333333336 0.25677083333333334
4 0.47129629629629627 0.3536458333333333 0.46944444444444444 0.35260416666666666 0.46620370370370373 0.3515625 0.46574074074074073 0.35182291666666665 0.4625 0.35182291666666665 0.45694444444444443 0.3528645833333333 0.45555555555555555 0.3533854166666667 0.4537037037037037 0.3536458333333333 0.45185185185185184 0.35442708333333334 0.45092592592592595 0.35442708333333334 0.44722222222222224 0.35572916666666665 0.44305555555555554 0.35625 0.4393518518518518 0.3572916666666667 0.43842592592592594 0.3578125 0.4351851851851852 0.35859375 0.43148148148148147 0.36041666666666666 0.4273148148148148 0.3611979166666667 0.42592592592592593 0.3619791666666667 0.42314814814814816 0.36276041666666664 0.41944444444444445 0.36328125 0.4185185185185185 0.36380208333333336 0.4166666666666667 0.3640625 0.41435185185185186 0.36484375 0.4134259259259259 0.36484375 0.4 0.36875 0.3972222222222222 0.3690104166666667 0.3958333333333333 0.36953125 0.3902777777777778 0.37057291666666664 0.38842592592592595 0.37135416666666665 0.3851851851851852 0.3690104166666667 0.38425925925925924 0.36875 0.3824074074074074 0.36875 0.3819444444444444 0.3684895833333333 0.37824074074074077 0.3684895833333333 0.37777777777777777 0.36875 0.3763888888888889 0.36875 0.3726851851851852 0.3703125 0.36944444444444446 0.37083333333333335 0.3675925925925926 0.37265625 0.3675925925925926 0.3731770833333333 0.3685185185185185 0.37447916666666664 0.36898148148148147 0.37734375 0.3699074074074074 0.37838541666666664 0.37037037037037035 0.3802083333333333 0.3731481481481482 0.38359375 0.37407407407407406 0.3841145833333333 0.37407407407407406 0.3846354166666667 0.375 0.38515625 0.37824074074074077 0.3888020833333333 0.38472222222222224 0.39296875 0.38564814814814813 0.39296875 0.38842592592592595 0.39375 0.38981481481481484 0.39348958333333334 0.3925925925925926 0.39348958333333334 0.39490740740740743 0.3927083333333333 0.39675925925925926 0.3924479166666667 0.40046296296296297 0.3888020833333333 0.4 0.3841145833333333 0.4023148148148148 0.38255208333333335 0.40370370370370373 0.38229166666666664 0.4064814814814815 0.3809895833333333 0.412962962962963 0.37916666666666665 0.4162037037037037 0.37864583333333335 0.41712962962962963 0.378125 0.4212962962962963 0.3770833333333333 0.42268518518518516 0.3763020833333333 0.42916666666666664 0.37447916666666664 0.4351851851851852 0.3734375 0.43842592592592594 0.3723958333333333 0.4393518518518518 0.3723958333333333 0.4439814814814815 0.37057291666666664 0.4462962962962963 0.3703125 0.4486111111111111 0.36953125 0.4513888888888889 0.3690104166666667 0.4550925925925926 0.36744791666666665 0.45601851851851855 0.36744791666666665 0.46064814814814814 0.36614583333333334 0.4615740740740741 0.365625 0.4638888888888889 0.3651041666666667 0.4689814814814815 0.36328125 0.47175925925925927 0.3611979166666667 0.4722222222222222 0.3580729166666667 0.4726851851851852 0.3578125
3 0.4699074074074074 0.16041666666666668 0.4671296296296296 0.16119791666666666 0.4625 0.16197916666666667 0.45787037037037037 0.16328125 0.45555555555555555 0.16432291666666668 0.45046296296296295 0.16588541666666667 0.4486111111111111 0.16692708333333334 0.4476851851851852 0.16692708333333334 0.44074074074074077 0.16979166666666667 0.4393518518518518 0.17083333333333334 0.4356481481481482 0.17213541666666668 0.43287037037037035 0.17369791666666667 0.4310185185185185 0.17526041666666667 0.4305555555555556 0.17630208333333333 0.42916666666666664 0.17760416666666667 0.4300925925925926 0.17890625 0.4305555555555556 0.18125 0.4356481481481482 0.18567708333333333 0.43657407407407406 0.18567708333333333 0.4388888888888889 0.18645833333333334 0.44074074074074077 0.18645833333333334 0.4412037037037037 0.18671875 0.44537037037037036 0.18671875 0.44583333333333336 0.18697916666666667 0.44814814814814813 0.18697916666666667 0.45046296296296295 0.1875 0.4564814814814815 0.19140625 0.4583333333333333 0.19375 0.46064814814814814 0.19505208333333332 0.4625 0.19713541666666667 0.4648148148148148 0.19869791666666667 0.4666666666666667 0.20104166666666667 0.46944444444444444 0.20286458333333332 0.47129629629629627 0.20520833333333333 0.4726851851851852 0.20598958333333334 0.47314814814814815 0.20677083333333332 0.4773148148148148 0.21015625 0.4791666666666667 0.21223958333333334 0.48194444444444445 0.21354166666666666 0.48564814814814816 0.21432291666666667 0.49074074074074076 0.2140625 0.49537037037037035 0.21302083333333333 0.49722222222222223 0.21197916666666666 0.5023148148148148 0.20989583333333334 0.5060185185185185 0.20755208333333333 0.5078703703703704 0.20546875 0.5074074074074074 0.2015625 0.5055555555555555 0.19895833333333332 0.5046296296296297 0.1984375 0.5027777777777778 0.19609375 0.5018518518518519 0.19557291666666668 0.500462962962963 0.19401041666666666 0.500462962962963 0.19348958333333333 0.49907407407407406 0.1921875 0.49907407407407406 0.19166666666666668 0.4976851851851852 0.19010416666666666 0.49398148148148147 0.18697916666666667 0.4925925925925926 0.18619791666666666 0.49074074074074076 0.18463541666666666 0.4898148148148148 0.18333333333333332 0.4888888888888889 0.1828125 0.48518518518518516 0.17760416666666667 0.4898148148148148 0.1703125 0.4898148148148148 0.16927083333333334 0.487962962962963 0.16666666666666666 0.487962962962963 0.16588541666666667 0.4847222222222222 0.16354166666666667 0.4828703703703704 0.16171875 0.4810185185185185 0.1609375 0.47824074074074074 0.16015625 0.4726851851851852 0.16015625 0.4722222222222222 0.16041666666666668
2 0.4564814814814815 0.4940104166666667 0.43472222222222223 0.4901041666666667 0.43148148148148147 0.4901041666666667 0.425462962962963 0.49375 0.425462962962963 0.4947916666666667 0.42685185185185187 0.49635416666666665 0.43148148148148147 0.49895833333333334 0.43333333333333335 0.5018229166666667 0.42685185185185187 0.51171875 0.42314814814814816 0.5158854166666667 0.4212962962962963 0.51953125 0.36574074074074076 0.59453125 0.36527777777777776 0.5986979166666667 0.36574074074074076 0.5994791666666667 0.36898148148148147 0.6010416666666667 0.3768518518518518 0.6026041666666667 0.38287037037037036 0.6013020833333333 0.38657407407407407 0.59921875 0.39814814814814814 0.58203125 0.40370370370370373 0.5760416666666667 0.412962962962963 0.56171875 0.42083333333333334 0.5520833333333334 0.4300925925925926 0.5380208333333333 0.4356481481481482 0.5317708333333333 0.44027777777777777 0.5239583333333333 0.4462962962962963 0.5161458333333333 0.44907407407407407 0.5135416666666667 0.45046296296296295 0.5106770833333333 0.4527777777777778 0.5080729166666667 0.4550925925925926 0.5067708333333333 0.4583333333333333 0.5059895833333333 0.4671296296296296 0.5059895833333333 0.4685185185185185 0.5057291666666667 0.4703703703703704 0.5044270833333333 0.4708333333333333 0.5010416666666667 0.46944444444444444 0.49947916666666664 0.4671296296296296 0.4979166666666667 0.46296296296296297 0.496875
3 0.44351851851851853 0.6263020833333334 0.44074074074074077 0.6268229166666667 0.43472222222222223 0.6307291666666667 0.4324074074074074 0.63515625 0.42962962962962964 0.6385416666666667 0.42916666666666664 0.6401041666666667 0.42777777777777776 0.6416666666666667 0.42685185185185187 0.6440104166666667 0.4236111111111111 0.6479166666666667 0.4212962962962963 0.6528645833333333 0.4199074074074074 0.6541666666666667 0.4185185185185185 0.6565104166666667 0.41759259259259257 0.6572916666666667 0.4134259259259259 0.659375 0.4125 0.6596354166666667 0.4078703703703704 0.6596354166666667 0.4064814814814815 0.66015625 0.40324074074074073 0.6606770833333333 0.4 0.6619791666666667 0.3972222222222222 0.6653645833333334 0.3972222222222222 0.6666666666666666 0.39675925925925926 0.6669270833333333 0.39675925925925926 0.6700520833333333 0.399537037037037 0.6723958333333333 0.4023148148148148 0.6736979166666667 0.41203703703703703 0.6763020833333333 0.4152777777777778 0.6768229166666667 0.41712962962962963 0.6776041666666667 0.4217592592592593 0.6783854166666666 0.42685185185185187 0.6796875 0.43148148148148147 0.6802083333333333 0.4388888888888889 0.6825520833333333 0.44305555555555554 0.6833333333333333 0.45185185185185184 0.68359375 0.4546296296296296 0.6830729166666667 0.45787037037037037 0.6815104166666667 0.46111111111111114 0.6778645833333333 0.46111111111111114 0.6768229166666667 0.4615740740740741 0.6765625 0.4615740740740741 0.6744791666666666 0.462037037037037 0.6736979166666667 0.46111111111111114 0.6721354166666667 0.4587962962962963 0.66953125 0.45740740740740743 0.6690104166666667 0.4527777777777778 0.6658854166666667 0.4527777777777778 0.66484375 0.4532407407407407 0.6645833333333333 0.4532407407407407 0.6614583333333334 0.4537037037037037 0.6611979166666667 0.4537037037037037 0.6598958333333333 0.45416666666666666 0.6596354166666667 0.45416666666666666 0.6583333333333333 0.4546296296296296 0.6580729166666667 0.4546296296296296 0.6565104166666667 0.4550925925925926 0.65625 0.4550925925925926 0.6549479166666666 0.45555555555555555 0.6546875 0.45601851851851855 0.6528645833333333 0.45787037037037037 0.6505208333333333 0.45787037037037037 0.6497395833333334 0.45925925925925926 0.6479166666666667 0.45925925925925926 0.6471354166666666 0.46064814814814814 0.6447916666666667 0.46296296296296297 0.6424479166666667 0.46435185185185185 0.6385416666666667 0.4675925925925926 0.6346354166666667 0.4666666666666667 0.6330729166666667 0.46435185185185185 0.6307291666666667 0.4625 0.63046875 0.45925925925925926 0.6291666666666667 0.45092592592592595 0.6268229166666667 0.449537037037037 0.6268229166666667 0.44907407407407407 0.6265625 0.4439814814814815 0.6265625
4 0.4708333333333333 0.40572916666666664 0.4699074074074074 0.40703125 0.4638888888888889 0.41171875 0.45694444444444443 0.41901041666666666 0.4564814814814815 0.4197916666666667 0.4564814814814815 0.421875 0.45694444444444443 0.42213541666666665 0.45694444444444443 0.4236979166666667 0.4583333333333333 0.42473958333333334 0.4625 0.42604166666666665 0.4638888888888889 0.42604166666666665 0.46435185185185185 0.42630208333333336 0.4666666666666667 0.42630208333333336 0.4703703703703704 0.42473958333333334 0.47175925925925927 0.425 0.475 0.425 0.4791666666666667 0.42604166666666665 0.48009259259259257 0.42604166666666665 0.4824074074074074 0.42682291666666666 0.4861111111111111 0.42734375 0.4930555555555556 0.42994791666666665 0.4976851851851852 0.43125 0.5023148148148148 0.43411458333333336 0.5138888888888888 0.43697916666666664 0.5208333333333334 0.4401041666666667 0.5254629629629629 0.44140625 0.5342592592592592 0.44505208333333335 0.5412037037037037 0.4471354166666667 0.5453703703703704 0.44765625 0.5458333333333333 0.4479166666666667 0.5476851851851852 0.4479166666666667 0.5481481481481482 0.44817708333333334 0.5509259259259259 0.44817708333333334 0.5555555555555556 0.4471354166666667 0.5569444444444445 0.44635416666666666 0.5601851851851852 0.44375 0.5601851851851852 0.4393229166666667 0.5555555555555556 0.4359375 0.5527777777777778 0.43515625 0.5472222222222223 0.4328125 0.5449074074074074 0.4322916666666667 0.5425925925925926 0.4309895833333333 0.5319444444444444 0.42734375 0.5300925925925926 0.42630208333333336 0.5254629629629629 0.4244791666666667 0.5092592592592593 0.4192708333333333 0.5041666666666667 0.41692708333333334 0.4986111111111111 0.41510416666666666 0.4962962962962963 0.41380208333333335 0.4925925925925926 0.4125 0.49027777777777776 0.41041666666666665 0.49027777777777776 0.40963541666666664 0.48935185185185187 0.4083333333333333 0.48935185185185187 0.40729166666666666 0.4898148148148148 0.40703125 0.4898148148148148 0.40390625 0.487962962962963 0.40286458333333336 0.4861111111111111 0.40234375 0.4828703703703704 0.40234375 0.4824074074074074 0.40260416666666665 0.48148148148148145 0.40234375 0.47824074074074074 0.40234375 0.47453703703703703 0.40338541666666666
2 0.4981481481481482 0.44453125 0.4930555555555556 0.4427083333333333 0.48842592592592593 0.4427083333333333 0.48518518518518516 0.4432291666666667 0.48148148148148145 0.4466145833333333 0.48194444444444445 0.4515625 0.47962962962962963 0.45390625 0.47638888888888886 0.4557291666666667 0.4708333333333333 0.45807291666666666 0.4671296296296296 0.4588541666666667 0.4615740740740741 0.4609375 0.4546296296296296 0.46432291666666664 0.4425925925925926 0.46822916666666664 0.4287037037037037 0.47421875 0.41574074074074074 0.4786458333333333 0.4111111111111111 0.48098958333333336 0.3958333333333333 0.4861979166666667 0.3902777777777778 0.48880208333333336 0.37592592592592594 0.49375 0.3731481481481482 0.4953125 0.3648148148148148 0.4979166666666667 0.34444444444444444 0.5057291666666667 0.3375 0.5088541666666667 0.3333333333333333 0.5119791666666667 0.33240740740740743 0.5138020833333333 0.33564814814814814 0.5171875 0.3375 0.5182291666666666 0.34120370370370373 0.5192708333333333 0.34629629629629627 0.5190104166666667 0.3541666666666667 0.5174479166666667 0.362962962962963 0.5145833333333333 0.3736111111111111 0.5104166666666666 0.3773148148148148 0.5083333333333333 0.3921296296296296 0.5026041666666666 0.3962962962962963 0.5015625 0.40324074074074073 0.4981770833333333 0.4074074074074074 0.4973958333333333 0.4152777777777778 0.49453125 0.42268518518518516 0.49270833333333336 0.4305555555555556 0.48932291666666666 0.4351851851851852 0.48854166666666665 0.43657407407407406 0.4864583333333333 0.4388888888888889 0.48515625 0.4444444444444444 0.48359375 0.45046296296296295 0.48072916666666665 0.4671296296296296 0.4744791666666667 0.4726851851851852 0.47161458333333334 0.4828703703703704 0.46901041666666665 0.4861111111111111 0.4674479166666667 0.4935185185185185 0.4661458333333333 0.4976851851851852 0.4661458333333333 0.500462962962963 0.4671875 0.5050925925925925 0.46770833333333334 0.5120370370370371 0.4666666666666667 0.5138888888888888 0.465625 0.5157407407407407 0.4630208333333333 0.513425925925926 0.45859375 0.5106481481481482 0.45677083333333335 0.5064814814814815 0.4510416666666667
5 0.513425925925926 0.55703125 0.5115740740740741 0.5580729166666667 0.5097222222222222 0.56015625 0.5092592592592593 0.5627604166666667 0.5087962962962963 0.5630208333333333 0.5087962962962963 0.5645833333333333 0.5083333333333333 0.56484375 0.5083333333333333 0.5658854166666667 0.5078703703703704 0.5661458333333333 0.5078703703703704 0.5671875 0.5074074074074074 0.5674479166666667 0.5074074074074074 0.5684895833333333 0.5069444444444444 0.56875 0.5069444444444444 0.5700520833333333 0.5064814814814815 0.5703125 0.5064814814814815 0.5713541666666667 0.5060185185185185 0.5716145833333334 0.5060185185185185 0.57265625 0.5055555555555555 0.5729166666666666 0.5050925925925925 0.5770833333333333 0.5046296296296297 0.57734375 0.5046296296296297 0.5796875 0.5041666666666667 0.5799479166666667 0.5041666666666667 0.58203125 0.5037037037037037 0.5822916666666667 0.5037037037037037 0.5841145833333333 0.5032407407407408 0.584375 0.5032407407407408 0.5856770833333333 0.5027777777777778 0.5859375 0.5023148148148148 0.5877604166666667 0.5009259259259259 0.5890625 0.49907407407407406 0.58984375 0.49444444444444446 0.5908854166666667 0.48935185185185187 0.59140625 0.4861111111111111 0.59296875 0.4837962962962963 0.5994791666666667 0.48518518518518516 0.6010416666666667 0.48935185185185187 0.6033854166666667 0.4949074074074074 0.6052083333333333 0.4986111111111111 0.60546875 0.49907407407407406 0.6057291666666667 0.5055555555555555 0.6059895833333333 0.5069444444444444 0.6065104166666667 0.5078703703703704 0.6065104166666667 0.5111111111111111 0.6072916666666667 0.512962962962963 0.6072916666666667 0.513425925925926 0.6075520833333333 0.5296296296296297 0.6075520833333333 0.5300925925925926 0.6072916666666667 0.5328703703703703 0.60703125 0.5337962962962963 0.6065104166666667 0.5435185185185185 0.60390625 0.5449074074074074 0.6028645833333334 0.5453703703703704 0.5997395833333333 0.5458333333333333 0.5994791666666667 0.5453703703703704 0.59921875 0.5453703703703704 0.5981770833333333 0.5449074074074074 0.5979166666666667 0.5449074074074074 0.5971354166666667 0.5444444444444444 0.596875 0.5439814814814815 0.5955729166666667 0.5370370370370371 0.59296875 0.5356481481481481 0.5921875 0.5351851851851852 0.5908854166666667 0.5347222222222222 0.590625 0.5347222222222222 0.58828125 0.5342592592592592 0.5880208333333333 0.5342592592592592 0.5872395833333334 0.5347222222222222 0.5869791666666667 0.5347222222222222 0.5822916666666667 0.5351851851851852 0.58203125 0.5351851851851852 0.5796875 0.5356481481481481 0.5794270833333334 0.5356481481481481 0.5776041666666667 0.5361111111111111 0.57734375 0.5361111111111111 0.5755208333333334 0.5365740740740741 0.5752604166666667 0.5365740740740741 0.5736979166666667 0.5370370370370371 0.5734375 0.5375 0.5697916666666667 0.537962962962963 0.56953125 0.537962962962963 0.5682291666666667 0.538425925925926 0.56796875 0.538425925925926 0.5666666666666667 0.5388888888888889 0.56640625 0.5388888888888889 0.56484375 0.5393518518518519 0.5645833333333333 0.5393518518518519 0.56328125 0.5388888888888889 0.5630208333333333 0.5388888888888889 0.5604166666666667 0.5375 0.5588541666666667 0.5365740740740741 0.5583333333333333 0.5319444444444444 0.5572916666666666 0.5236111111111111 0.5572916666666666 0.5231481481481481 0.55703125 0.5180555555555556 0.55703125 0.5175925925925926 0.5567708333333333 0.5166666666666667 0.55703125
6 0.5449074074074074 0.6356770833333333 0.5444444444444444 0.6359375 0.5421296296296296 0.6364583333333333 0.5398148148148149 0.6377604166666667 0.5398148148148149 0.6380208333333334 0.5388888888888889 0.6385416666666667 0.537962962962963 0.63984375 0.5370370370370371 0.6403645833333333 0.5370370370370371 0.640625 0.5351851851851852 0.6424479166666667 0.5347222222222222 0.64375 0.5310185185185186 0.64765625 0.5310185185185186 0.6481770833333333 0.5305555555555556 0.6484375 0.5305555555555556 0.6489583333333333 0.5300925925925926 0.64921875 0.5300925925925926 0.65 0.5296296296296297 0.6502604166666667 0.5296296296296297 0.6510416666666666 0.5300925925925926 0.6513020833333333 0.5300925925925926 0.6541666666666667 0.5314814814814814 0.6549479166666666 0.5314814814814814 0.6552083333333333 0.5324074074074074 0.6557291666666667 0.5324074074074074 0.6559895833333333 0.5347222222222222 0.6572916666666667 0.5351851851851852 0.6580729166666667 0.538425925925926 0.66015625 0.538425925925926 0.6604166666666667 0.5398148148148149 0.6611979166666667 0.5398148148148149 0.6614583333333334 0.5412037037037037 0.6622395833333333 0.5412037037037037 0.6625 0.5458333333333333 0.6651041666666667 0.5462962962962963 0.6651041666666667 0.5476851851851852 0.6658854166666667 0.5481481481481482 0.6658854166666667 0.5486111111111112 0.6661458333333333 0.549537037037037 0.6661458333333333 0.55 0.66640625 0.5513888888888889 0.66640625 0.5518518518518518 0.6666666666666666 0.5532407407407407 0.6666666666666666 0.5537037037037037 0.6669270833333333 0.5569444444444445 0.6669270833333333 0.5574074074074075 0.6671875 0.5638888888888889 0.6671875 0.5643518518518519 0.6669270833333333 0.5671296296296297 0.6669270833333333 0.5675925925925925 0.6666666666666666 0.5694444444444444 0.6666666666666666 0.5699074074074074 0.66640625 0.5712962962962963 0.66640625 0.5717592592592593 0.6661458333333333 0.5726851851851852 0.6661458333333333 0.5731481481481482 0.6658854166666667 0.5745370370370371 0.665625 0.575462962962963 0.6651041666666667 0.5777777777777777 0.6645833333333333 0.5787037037037037 0.6640625 0.5791666666666667 0.6640625 0.5810185185185185 0.6630208333333333 0.5814814814814815 0.6630208333333333 0.5828703703703704 0.6622395833333333 0.5833333333333334 0.6622395833333333 0.5837962962962963 0.6619791666666667 0.5842592592592593 0.6611979166666667 0.5851851851851851 0.6606770833333333 0.5851851851851851 0.66015625 0.586574074074074 0.6588541666666666 0.586574074074074 0.6583333333333333 0.587037037037037 0.6580729166666667 0.587037037037037 0.6575520833333334 0.5875 0.6572916666666667 0.5875 0.6559895833333333 0.5879629629629629 0.6557291666666667 0.5879629629629629 0.6544270833333333 0.5884259259259259 0.6541666666666667 0.5884259259259259 0.64765625 0.5879629629629629 0.6473958333333333 0.5879629629629629 0.6463541666666667 0.586574074074074 0.6453125 0.586574074074074 0.6450520833333333 0.5856481481481481 0.64453125 0.5856481481481481 0.6442708333333333 0.5847222222222223 0.64375 0.5847222222222223 0.6434895833333333 0.5837962962962963 0.64296875 0.5837962962962963 0.6427083333333333 0.5833333333333334 0.6424479166666667 0.5805555555555556 0.6390625 0.575925925925926 0.6364583333333333 0.575462962962963 0.6364583333333333 0.5722222222222222 0.6348958333333333 0.5717592592592593 0.6348958333333333 0.5712962962962963 0.6346354166666667 0.5699074074074074 0.6346354166666667 0.5694444444444444 0.634375 0.5597222222222222 0.634375 0.5592592592592592 0.6346354166666667 0.5550925925925926 0.6346354166666667 0.5546296296296296 0.6348958333333333 0.5527777777777778 0.6348958333333333 0.5523148148148148 0.63515625 0.549537037037037 0.63515625 0.549074074074074 0.6354166666666666 0.5472222222222223 0.6354166666666666 0.5467592592592593 0.6356770833333333
2 0.6425925925925926 0.5072916666666667 0.6305555555555555 0.5083333333333333 0.6268518518518519 0.5096354166666667 0.625462962962963 0.5135416666666667 0.6268518518518519 0.5153645833333333 0.6300925925925925 0.5161458333333333 0.6337962962962963 0.5161458333333333 0.6370370370370371 0.5171875 0.6393518518518518 0.5192708333333333 0.6398148148148148 0.5205729166666667 0.6388888888888888 0.525 0.6398148148148148 0.5359375 0.6398148148148148 0.5666666666666667 0.6425925925925926 0.6182291666666667 0.6435185185185185 0.6200520833333333 0.6462962962962963 0.62265625 0.6523148148148148 0.6234375 0.6578703703703703 0.6234375 0.6615740740740741 0.6229166666666667 0.6648148148148149 0.6200520833333333 0.6657407407407407 0.6125 0.6648148148148149 0.5953125 0.6638888888888889 0.5924479166666666 0.662962962962963 0.58046875 0.662962962962963 0.5447916666666667 0.6615740740740741 0.5205729166666667 0.6625 0.5184895833333333 0.6638888888888889 0.5174479166666667 0.6662037037037037 0.5166666666666667 0.6722222222222223 0.5158854166666667 0.674074074074074 0.5151041666666667 0.675 0.5140625 0.675 0.51171875 0.674074074074074 0.509375 0.6694444444444444 0.5078125 0.6652777777777777 0.5078125 0.6620370370370371 0.5072916666666667
4 0.7023148148148148 0.31796875 0.7013888888888888 0.31744791666666666 0.700925925925926 0.31666666666666665 0.6986111111111111 0.31588541666666664 0.6962962962962963 0.3145833333333333 0.6935185185185185 0.3138020833333333 0.6884259259259259 0.3138020833333333 0.687962962962963 0.3140625 0.6847222222222222 0.3143229166666667 0.6754629629629629 0.31692708333333336 0.6736111111111112 0.3177083333333333 0.6699074074074074 0.3182291666666667 0.6680555555555555 0.3190104166666667 0.6648148148148149 0.31979166666666664 0.6638888888888889 0.3203125 0.6620370370370371 0.32057291666666665 0.6504629629629629 0.32395833333333335 0.6481481481481481 0.32421875 0.6425925925925926 0.32578125 0.637962962962963 0.3265625 0.6342592592592593 0.32786458333333335 0.6305555555555555 0.328125 0.6268518518518519 0.32916666666666666 0.6236111111111111 0.32916666666666666 0.6226851851851852 0.3294270833333333 0.6222222222222222 0.32916666666666666 0.6203703703703703 0.32916666666666666 0.6175925925925926 0.32864583333333336 0.6148148148148148 0.32786458333333335 0.6143518518518518 0.328125 0.6060185185185185 0.32838541666666665 0.6055555555555555 0.32864583333333336 0.6032407407407407 0.32864583333333336 0.6027777777777777 0.32890625 0.5995370370370371 0.32916666666666666 0.5981481481481481 0.3307291666666667 0.5976851851851852 0.33307291666666666 0.5972222222222222 0.3333333333333333 0.5972222222222222 0.3380208333333333 0.5976851851851852 0.33828125 0.5976851851851852 0.33932291666666664 0.5981481481481481 0.33958333333333335 0.5981481481481481 0.340625 0.5986111111111111 0.34088541666666666 0.5990740740740741 0.3424479166666667 0.600925925925926 0.34427083333333336 0.6013888888888889 0.3455729166666667 0.6032407407407407 0.34765625 0.6069444444444444 0.35078125 0.6087962962962963 0.3515625 0.6111111111111112 0.353125 0.6143518518518518 0.35390625 0.6199074074074075 0.35390625 0.6203703703703703 0.3536458333333333 0.6226851851851852 0.3536458333333333 0.625462962962963 0.3528645833333333 0.6287037037037037 0.35130208333333335 0.6305555555555555 0.3497395833333333 0.6310185185185185 0.346875 0.6314814814814815 0.34661458333333334 0.6314814814814815 0.3450520833333333 0.6324074074074074 0.34348958333333335 0.6347222222222222 0.3421875 0.6402777777777777 0.340625 0.6425925925925926 0.34036458333333336 0.649074074074074 0.3380208333333333 0.6532407407407408 0.3372395833333333 0.6583333333333333 0.33567708333333335 0.6620370370370371 0.33515625 0.6662037037037037 0.3338541666666667 0.6699074074074074 0.3333333333333333 0.6777777777777778 0.33125 0.6791666666666667 0.33125 0.6847222222222222 0.3302083333333333 0.6875 0.32890625 0.6962962962962963 0.3268229166666667 0.6995370370370371 0.325 0.7027777777777777 0.3223958333333333 0.7027777777777777 0.3190104166666667 0.7023148148148148 0.31875
3 0.6689814814814815 0.5424479166666667 0.6666666666666666 0.54296875 0.6648148148148149 0.54453125 0.6643518518518519 0.5466145833333333 0.6638888888888889 0.546875 0.6638888888888889 0.5484375 0.663425925925926 0.5489583333333333 0.6638888888888889 0.54921875 0.6638888888888889 0.5526041666666667 0.6643518518518519 0.5528645833333333 0.6643518518518519 0.55390625 0.6657407407407407 0.55546875 0.6657407407407407 0.5559895833333334 0.6694444444444444 0.55703125 0.674537037037037 0.5604166666666667 0.674074074074074 0.5606770833333333 0.674074074074074 0.5643229166666667 0.6736111111111112 0.5645833333333333 0.6731481481481482 0.56875 0.6726851851851852 0.5690104166666666 0.6722222222222223 0.5723958333333333 0.6717592592592593 0.57265625 0.6717592592592593 0.5755208333333334 0.6712962962962963 0.57578125 0.6712962962962963 0.5770833333333333 0.6708333333333333 0.57734375 0.6708333333333333 0.578125 0.6699074074074074 0.5794270833333334 0.6699074074074074 0.5838541666666667 0.6694444444444444 0.5841145833333333 0.6694444444444444 0.5895833333333333 0.6699074074074074 0.58984375 0.6699074074074074 0.59140625 0.6722222222222223 0.59296875 0.674074074074074 0.5934895833333333 0.6759259259259259 0.5934895833333333 0.6763888888888889 0.59375 0.6796296296296296 0.59375 0.6800925925925926 0.5934895833333333 0.6828703703703703 0.5934895833333333 0.6833333333333333 0.59375 0.6851851851851852 0.59375 0.6856481481481481 0.5940104166666667 0.6939814814814815 0.5940104166666667 0.6944444444444444 0.59375 0.6967592592592593 0.59375 0.6995370370370371 0.5927083333333333 0.7013888888888888 0.5916666666666667 0.7013888888888888 0.590625 0.7018518518518518 0.5903645833333333 0.7032407407407407 0.5864583333333333 0.7055555555555556 0.5833333333333334 0.7060185185185185 0.5796875 0.7064814814814815 0.5794270833333334 0.7069444444444445 0.5776041666666667 0.7074074074074074 0.57734375 0.7074074074074074 0.57578125 0.7078703703703704 0.5755208333333334 0.7078703703703704 0.5739583333333333 0.7083333333333334 0.5736979166666667 0.7083333333333334 0.5721354166666667 0.7087962962962963 0.571875 0.7087962962962963 0.5697916666666667 0.7092592592592593 0.56953125 0.7092592592592593 0.5677083333333334 0.7097222222222223 0.5674479166666667 0.7097222222222223 0.5658854166666667 0.7101851851851851 0.565625 0.7101851851851851 0.5643229166666667 0.7106481481481481 0.5640625 0.7111111111111111 0.5622395833333333 0.7125 0.5611979166666666 0.7143518518518519 0.5606770833333333 0.7171296296296297 0.5604166666666667 0.7208333333333333 0.5596354166666667 0.7226851851851852 0.5583333333333333 0.7240740740740741 0.5565104166666667 0.7245370370370371 0.5528645833333333 0.725 0.5526041666666667 0.7245370370370371 0.55234375 0.7245370370370371 0.5497395833333333 0.7240740740740741 0.5494791666666666 0.7240740740740741 0.5486979166666667 0.7203703703703703 0.5466145833333333 0.7157407407407408 0.5458333333333333 0.7129629629629629 0.5447916666666667 0.7037037037037037 0.5442708333333334 0.7013888888888888 0.54375 0.6962962962962963 0.5434895833333333 0.6939814814814815 0.54296875 0.6824074074074075 0.5427083333333333 0.6819444444444445 0.5424479166666667
4 0.6041666666666666 0.23203125 0.6037037037037037 0.23697916666666666 0.6032407407407407 0.23723958333333334 0.6032407407407407 0.2453125 0.6037037037037037 0.24557291666666667 0.6037037037037037 0.246875 0.6041666666666666 0.24713541666666666 0.6041666666666666 0.24817708333333333 0.6046296296296296 0.2484375 0.6050925925925926 0.25026041666666665 0.6064814814814815 0.2518229166666667 0.6074074074074074 0.2520833333333333 0.6101851851851852 0.2520833333333333 0.6106481481481482 0.25234375 0.6175925925925926 0.25234375 0.6180555555555556 0.2520833333333333 0.6231481481481481 0.2518229166666667 0.625462962962963 0.25 0.6259259259259259 0.24921875 0.6282407407407408 0.24765625 0.6300925925925925 0.246875 0.6310185185185185 0.246875 0.6324074074074074 0.24635416666666668 0.6361111111111111 0.24609375 0.6365740740740741 0.24583333333333332 0.6851851851851852 0.24609375 0.6856481481481481 0.24635416666666668 0.6953703703703704 0.24635416666666668 0.6958333333333333 0.24609375 0.7087962962962963 0.24583333333333332 0.711574074074074 0.24401041666666667 0.712037037037037 0.24244791666666668 0.7125 0.2421875 0.7125 0.24114583333333334 0.7129629629629629 0.24088541666666666 0.7129629629629629 0.23880208333333333 0.7134259259259259 0.23854166666666668 0.7134259259259259 0.23463541666666668 0.7129629629629629 0.234375 0.7129629629629629 0.23333333333333334 0.7125 0.2328125 0.7111111111111111 0.23229166666666667 0.7083333333333334 0.23229166666666667 0.7055555555555556 0.23177083333333334 0.6986111111111111 0.23177083333333334 0.6981481481481482 0.23151041666666666 0.6939814814814815 0.23151041666666666 0.6935185185185185 0.23177083333333334 0.6916666666666667 0.23177083333333334 0.6912037037037037 0.23151041666666666 0.6884259259259259 0.23151041666666666 0.687962962962963 0.23177083333333334 0.662962962962963 0.23177083333333334 0.6625 0.23151041666666666 0.6504629629629629 0.23151041666666666 0.65 0.23125 0.6467592592592593 0.23125 0.6462962962962963 0.23151041666666666 0.6458333333333334 0.23125 0.6342592592592593 0.23125 0.6296296296296297 0.22994791666666667 0.6268518518518519 0.22734375 0.6236111111111111 0.22578125 0.6148148148148148 0.22526041666666666 0.6143518518518518 0.22552083333333334 0.6111111111111112 0.22552083333333334 0.6092592592592593 0.2265625 0.6092592592592593 0.22682291666666668 0.6069444444444444 0.228125
1 0.7606481481481482 0.5565104166666667 0.7597222222222222 0.5565104166666667 0.7592592592592593 0.55625 0.7555555555555555 0.55625 0.7550925925925925 0.5565104166666667 0.7541666666666667 0.5565104166666667 0.7509259259259259 0.5580729166666667 0.7509259259259259 0.5583333333333333 0.7476851851851852 0.5604166666666667 0.7476851851851852 0.5606770833333333 0.7439814814814815 0.5627604166666667 0.7430555555555556 0.5630208333333333 0.7416666666666667 0.5630208333333333 0.7412037037037037 0.56328125 0.7398148148148148 0.56328125 0.7379629629629629 0.5643229166666667 0.7379629629629629 0.5653645833333333 0.7375 0.565625 0.7375 0.5674479166666667 0.7337962962962963 0.5716145833333334 0.7296296296296296 0.57421875 0.7291666666666666 0.57421875 0.7273148148148149 0.5752604166666667 0.7268518518518519 0.5752604166666667 0.7125 0.5830729166666667 0.712037037037037 0.5830729166666667 0.7101851851851851 0.5838541666666667 0.7101851851851851 0.584375 0.7092592592592593 0.5854166666666667 0.7092592592592593 0.5861979166666667 0.7087962962962963 0.5864583333333333 0.7087962962962963 0.58828125 0.7097222222222223 0.5888020833333333 0.7097222222222223 0.5890625 0.7125 0.590625 0.7129629629629629 0.590625 0.7157407407407408 0.5919270833333333 0.7208333333333333 0.5919270833333333 0.7217592592592592 0.5916666666666667 0.7231481481481481 0.5908854166666667 0.725 0.5903645833333333 0.7282407407407407 0.5888020833333333 0.7287037037037037 0.5888020833333333 0.7314814814814815 0.5875 0.7319444444444444 0.5875 0.7356481481481482 0.5854166666666667 0.7361111111111112 0.5854166666666667 0.7379629629629629 0.584375 0.7384259259259259 0.584375 0.7416666666666667 0.5825520833333333 0.7421296296296296 0.5825520833333333 0.7439814814814815 0.5815104166666667 0.7444444444444445 0.5815104166666667 0.7476851851851852 0.5799479166666667 0.7490740740740741 0.5799479166666667 0.749537037037037 0.5796875 0.7513888888888889 0.5796875 0.7518518518518519 0.5794270833333334 0.7527777777777778 0.5794270833333334 0.7555555555555555 0.5786458333333333 0.7625 0.5786458333333333 0.763425925925926 0.57890625 0.7638888888888888 0.5783854166666667 0.7657407407407407 0.57734375 0.7657407407407407 0.5770833333333333 0.7699074074074074 0.5744791666666667 0.7703703703703704 0.5744791666666667 0.7717592592592593 0.5736979166666667 0.7731481481481481 0.5734375 0.774074074074074 0.5729166666666666 0.7768518518518519 0.5721354166666667 0.7782407407407408 0.5705729166666667 0.7782407407407408 0.5700520833333333 0.7787037037037037 0.5697916666666667 0.7791666666666667 0.56796875 0.7777777777777778 0.5671875 0.7777777777777778 0.5669270833333333 0.7763888888888889 0.5661458333333333 0.7763888888888889 0.5658854166666667 0.774537037037037 0.56484375 0.774537037037037 0.5645833333333333 0.7708333333333334 0.5625 0.7708333333333334 0.5622395833333333 0.7689814814814815 0.5611979166666666 0.7689814814814815 0.5609375 0.7671296296296296 0.5598958333333334 0.7652777777777777 0.559375 0.7638888888888888 0.55859375 0.7638888888888888 0.5583333333333333
1 0.6925925925925925 0.3924479166666667 0.6925925925925925 0.3927083333333333 0.6930555555555555 0.39296875 0.6930555555555555 0.39609375 0.6935185185185185 0.3963541666666667 0.6939814814814815 0.39765625 0.6944444444444444 0.39791666666666664 0.6958333333333333 0.3997395833333333 0.6972222222222222 0.4005208333333333 0.6976851851851852 0.4005208333333333 0.6981481481481482 0.40078125 0.6990740740740741 0.40078125 0.6995370370370371 0.4010416666666667 0.700462962962963 0.4010416666666667 0.700925925925926 0.40130208333333334 0.7023148148148148 0.40130208333333334 0.7027777777777777 0.4010416666666667 0.7050925925925926 0.4010416666666667 0.7055555555555556 0.40130208333333334 0.7078703703703704 0.40182291666666664 0.7087962962962963 0.40234375 0.7092592592592593 0.40208333333333335 0.7138888888888889 0.40208333333333335 0.7143518518518519 0.40234375 0.7166666666666667 0.40234375 0.7171296296296297 0.40260416666666665 0.7208333333333333 0.40260416666666665 0.7212962962962963 0.40234375 0.7226851851851852 0.40234375 0.7231481481481481 0.40208333333333335 0.7240740740740741 0.40208333333333335 0.7245370370370371 0.40182291666666664 0.725925925925926 0.4015625 0.7282407407407407 0.4005208333333333 0.7296296296296296 0.4005208333333333 0.7300925925925926 0.4002604166666667 0.7314814814814815 0.4002604166666667 0.7319444444444444 0.4 0.7407407407407407 0.4 0.7412037037037037 0.4002604166666667 0.7476851851851852 0.4002604166666667 0.7481481481481481 0.4005208333333333 0.7486111111111111 0.4005208333333333 0.7490740740740741 0.40078125 0.75 0.40078125 0.7513888888888889 0.40130208333333334 0.7550925925925925 0.40130208333333334 0.7555555555555555 0.4010416666666667 0.7564814814814815 0.4010416666666667 0.7569444444444444 0.40130208333333334 0.7597222222222222 0.40130208333333334 0.7601851851851852 0.4010416666666667 0.763425925925926 0.40078125 0.7638888888888888 0.4005208333333333 0.7648148148148148 0.4005208333333333 0.7652777777777777 0.4002604166666667 0.7662037037037037 0.4002604166666667 0.7666666666666667 0.4 0.7671296296296296 0.4 0.7685185185185185 0.39895833333333336 0.7685185185185185 0.39869791666666665 0.7699074074074074 0.39739583333333334 0.7699074074074074 0.396875 0.7703703703703704 0.3966145833333333 0.7703703703703704 0.3953125 0.7699074074074074 0.39505208333333336 0.7699074074074074 0.3927083333333333 0.7694444444444445 0.3924479166666667 0.7694444444444445 0.3921875 0.7680555555555556 0.39140625 0.7680555555555556 0.39114583333333336 0.7671296296296296 0.390625 0.7657407407407407 0.39036458333333335 0.7648148148148148 0.38984375 0.7643518518518518 0.38984375 0.7638888888888888 0.38958333333333334 0.7597222222222222 0.38958333333333334 0.7592592592592593 0.3893229166666667 0.7578703703703704 0.3893229166666667 0.7574074074074074 0.3890625 0.7550925925925925 0.3890625 0.7546296296296297 0.3888020833333333 0.7513888888888889 0.3888020833333333 0.7509259259259259 0.3885416666666667 0.7476851851851852 0.3885416666666667 0.7472222222222222 0.38828125 0.7430555555555556 0.38828125 0.7425925925925926 0.3880208333333333 0.7402777777777778 0.3880208333333333 0.7398148148148148 0.38776041666666666 0.736574074074074 0.3875 0.7361111111111112 0.38723958333333336 0.7356481481481482 0.38723958333333336 0.7337962962962963 0.38619791666666664 0.7337962962962963 0.3859375 0.7328703703703704 0.3854166666666667 0.7324074074074074 0.3846354166666667 0.7314814814814815 0.3841145833333333 0.7310185185185185 0.3841145833333333 0.7291666666666666 0.38307291666666665 0.7287037037037037 0.38307291666666665 0.7282407407407407 0.3828125 0.7268518518518519 0.3828125 0.7263888888888889 0.38255208333333335 0.7231481481481481 0.38255208333333335 0.7226851851851852 0.3828125 0.7194444444444444 0.38307291666666665 0.7189814814814814 0.38333333333333336 0.7180555555555556 0.38333333333333336 0.7175925925925926 0.38359375 0.7143518518518519 0.38359375 0.7138888888888889 0.38333333333333336 0.711574074074074 0.38333333333333336 0.7111111111111111 0.38307291666666665 0.7027777777777777 0.38307291666666665 0.7023148148148148 0.38333333333333336 0.700925925925926 0.38333333333333336 0.700462962962963 0.38359375 0.7 0.38359375 0.6990740740740741 0.3841145833333333 0.6986111111111111 0.3841145833333333 0.6972222222222222 0.3848958333333333 0.6972222222222222 0.38515625 0.6967592592592593 0.3854166666666667 0.6962962962962963 0.38671875 0.6958333333333333 0.38697916666666665 0.6958333333333333 0.38723958333333336 0.6953703703703704 0.3875 0.6953703703703704 0.3880208333333333 0.6949074074074074 0.38828125 0.6949074074074074 0.3890625 0.6944444444444444 0.3893229166666667 0.6944444444444444 0.39036458333333335 0.6939814814814815 0.390625 0.6939814814814815 0.39114583333333336
1 0.6402777777777777 0.38828125 0.6388888888888888 0.38984375 0.6388888888888888 0.39036458333333335 0.638425925925926 0.390625 0.638425925925926 0.39166666666666666 0.637962962962963 0.3919270833333333 0.637962962962963 0.3932291666666667 0.638425925925926 0.39348958333333334 0.638425925925926 0.39453125 0.6388888888888888 0.39479166666666665 0.6388888888888888 0.3953125 0.6398148148148148 0.3963541666666667 0.6402777777777777 0.3963541666666667 0.6416666666666667 0.3971354166666667 0.6421296296296296 0.3971354166666667 0.6458333333333334 0.39869791666666665 0.649537037037037 0.3997395833333333 0.6504629629629629 0.4002604166666667 0.6513888888888889 0.4002604166666667 0.6527777777777778 0.40078125 0.6537037037037037 0.40078125 0.6560185185185186 0.40182291666666664 0.6625 0.4036458333333333 0.663425925925926 0.4041666666666667 0.6652777777777777 0.4046875 0.6675925925925926 0.40598958333333335 0.6689814814814815 0.4075520833333333 0.6689814814814815 0.4080729166666667 0.6694444444444444 0.4083333333333333 0.6694444444444444 0.409375 0.6699074074074074 0.40963541666666664 0.6699074074074074 0.41067708333333336 0.6703703703703704 0.4109375 0.6703703703703704 0.41171875 0.6726851851851852 0.41302083333333334 0.674537037037037 0.41354166666666664 0.6768518518518518 0.41380208333333335 0.6773148148148148 0.4140625 0.6787037037037037 0.4140625 0.6791666666666667 0.41432291666666665 0.6814814814814815 0.41458333333333336 0.6847222222222222 0.41640625 0.6851851851851852 0.41640625 0.687037037037037 0.41744791666666664 0.6884259259259259 0.41770833333333335 0.6893518518518519 0.41822916666666665 0.6935185185185185 0.41822916666666665 0.6972222222222222 0.4171875 0.700462962962963 0.4153645833333333 0.700462962962963 0.41510416666666666 0.7013888888888888 0.41458333333333336 0.7013888888888888 0.41432291666666665 0.7050925925925926 0.4114583333333333 0.7078703703703704 0.4083333333333333 0.7078703703703704 0.4075520833333333 0.7083333333333334 0.40729166666666666 0.7083333333333334 0.40625 0.7087962962962963 0.40598958333333335 0.7087962962962963 0.40520833333333334 0.7097222222222223 0.4041666666666667 0.7092592592592593 0.40390625 0.7092592592592593 0.40338541666666666 0.7087962962962963 0.40286458333333336 0.7064814814814815 0.4015625 0.7060185185185185 0.4015625 0.7050925925925926 0.4010416666666667 0.7041666666666667 0.4010416666666667 0.7037037037037037 0.40078125 0.7027777777777777 0.40078125 0.7023148148148148 0.4005208333333333 0.7013888888888888 0.4005208333333333 0.700925925925926 0.4002604166666667 0.7 0.4002604166666667 0.6995370370370371 0.4 0.6972222222222222 0.3997395833333333 0.6949074074074074 0.39817708333333335 0.6930555555555555 0.3958333333333333 0.6916666666666667 0.3958333333333333 0.6912037037037037 0.39557291666666666 0.6875 0.39557291666666666 0.687037037037037 0.3958333333333333 0.6851851851851852 0.3958333333333333 0.6837962962962963 0.3963541666666667 0.6828703703703703 0.3963541666666667 0.6814814814814815 0.3971354166666667 0.6810185185185185 0.396875 0.6800925925925926 0.396875 0.6736111111111112 0.39505208333333336 0.6726851851851852 0.39453125 0.6722222222222223 0.39453125 0.6712962962962963 0.39401041666666664 0.6708333333333333 0.39401041666666664 0.6699074074074074 0.39348958333333334 0.6694444444444444 0.39348958333333334 0.6685185185185185 0.39296875 0.6666666666666666 0.3924479166666667 0.6652777777777777 0.39166666666666666 0.6648148148148149 0.39166666666666666 0.6625 0.390625 0.6615740740740741 0.39036458333333335 0.6606481481481481 0.39036458333333335 0.6569444444444444 0.3893229166666667 0.6555555555555556 0.3885416666666667 0.6518518518518519 0.3875 0.6509259259259259 0.3875 0.6504629629629629 0.38723958333333336 0.649537037037037 0.38723958333333336 0.649074074074074 0.38697916666666665 0.6481481481481481 0.38697916666666665 0.6476851851851851 0.38671875 0.6467592592592593 0.38671875 0.6458333333333334 0.38645833333333335 0.6444444444444445 0.38697916666666665 0.6435185185185185 0.38697916666666665 0.6425925925925926 0.38723958333333336
1 0.8407407407407408 0.5817708333333333 0.8407407407407408 0.58203125 0.837037037037037 0.584375 0.836574074074074 0.58515625 0.8356481481481481 0.5856770833333333 0.8337962962962963 0.5877604166666667 0.8351851851851851 0.5893229166666667 0.8361111111111111 0.58984375 0.8361111111111111 0.5901041666666667 0.8393518518518519 0.5916666666666667 0.8407407407407408 0.5919270833333333 0.8421296296296297 0.5927083333333333 0.8425925925925926 0.5927083333333333 0.8453703703703703 0.5940104166666667 0.8472222222222222 0.59453125 0.8490740740740741 0.5955729166666667 0.8527777777777777 0.5966145833333333 0.8541666666666666 0.5973958333333333 0.8546296296296296 0.5973958333333333 0.8560185185185185 0.5981770833333333 0.8564814814814815 0.5981770833333333 0.8578703703703704 0.5989583333333334 0.8583333333333333 0.5989583333333334 0.8597222222222223 0.5997395833333333 0.8601851851851852 0.5997395833333333 0.8611111111111112 0.6002604166666666 0.8629629629629629 0.60078125 0.8652777777777778 0.6020833333333333 0.8657407407407407 0.6020833333333333 0.8680555555555556 0.6033854166666667 0.8685185185185185 0.60390625 0.8685185185185185 0.6072916666666667 0.8699074074074075 0.6088541666666667 0.8703703703703703 0.6088541666666667 0.8726851851851852 0.6098958333333333 0.8740740740740741 0.6098958333333333 0.874537037037037 0.61015625 0.8763888888888889 0.61015625 0.8782407407407408 0.6111979166666667 0.8800925925925925 0.61171875 0.8856481481481482 0.61484375 0.888425925925926 0.615625 0.8898148148148148 0.615625 0.8902777777777777 0.6158854166666666 0.8949074074074074 0.6158854166666666 0.8953703703703704 0.615625 0.8962962962962963 0.615625 0.8972222222222223 0.6153645833333333 0.9018518518518519 0.6127604166666667 0.9018518518518519 0.6125 0.9032407407407408 0.61171875 0.9041666666666667 0.6104166666666667 0.9050925925925926 0.6098958333333333 0.9060185185185186 0.6088541666666667 0.9092592592592592 0.60703125 0.9106481481481481 0.60546875 0.9106481481481481 0.6049479166666667 0.9111111111111111 0.6046875 0.9111111111111111 0.60390625 0.9115740740740741 0.6036458333333333 0.9111111111111111 0.60234375 0.9097222222222222 0.60078125 0.9074074074074074 0.5994791666666667 0.9060185185185186 0.59921875 0.9041666666666667 0.5984375 0.9027777777777778 0.5984375 0.9023148148148148 0.5981770833333333 0.9 0.5981770833333333 0.8981481481481481 0.59765625 0.8958333333333334 0.5963541666666666 0.8944444444444445 0.59453125 0.8921296296296296 0.5927083333333333 0.8912037037037037 0.5927083333333333 0.8907407407407407 0.5924479166666666 0.887962962962963 0.5924479166666666 0.8842592592592593 0.5940104166666667 0.8805555555555555 0.5940104166666667 0.8787037037037037 0.5934895833333333 0.8777777777777778 0.59296875 0.8763888888888889 0.5927083333333333 0.875462962962963 0.5921875 0.8722222222222222 0.59140625 0.8712962962962963 0.5908854166666667 0.8675925925925926 0.58984375 0.8629629629629629 0.5877604166666667 0.8601851851851852 0.5869791666666667 0.8587962962962963 0.5861979166666667 0.8583333333333333 0.5861979166666667 0.8569444444444444 0.5854166666666667 0.8564814814814815 0.5854166666666667 0.8527777777777777 0.5838541666666667 0.850462962962963 0.58359375 0.8449074074074074 0.5817708333333333 0.8435185185185186 0.5817708333333333 0.8430555555555556 0.5815104166666667 0.8412037037037037 0.5815104166666667
2 0.7875 0.2596354166666667 0.7842592592592592 0.26145833333333335 0.7824074074074074 0.26328125 0.7828703703703703 0.2674479166666667 0.7856481481481481 0.2713541666666667 0.7865740740740741 0.275 0.7893518518518519 0.2796875 0.7935185185185185 0.28411458333333334 0.7986111111111112 0.29348958333333336 0.8046296296296296 0.30104166666666665 0.8064814814814815 0.30520833333333336 0.8115740740740741 0.31276041666666665 0.8143518518518519 0.3182291666666667 0.8162037037037037 0.32005208333333335 0.8185185185185185 0.325 0.8273148148148148 0.3377604166666667 0.8333333333333334 0.34921875 0.8337962962962963 0.35390625 0.8296296296296296 0.3572916666666667 0.8296296296296296 0.3611979166666667 0.8347222222222223 0.3651041666666667 0.8375 0.3658854166666667 0.8412037037037037 0.36614583333333334 0.8518518518518519 0.3651041666666667 0.8555555555555555 0.3640625 0.8611111111111112 0.36328125 0.8680555555555556 0.3611979166666667 0.875 0.3572916666666667 0.875 0.353125 0.8708333333333333 0.3494791666666667 0.8657407407407407 0.34791666666666665 0.861574074074074 0.34739583333333335 0.8597222222222223 0.3463541666666667 0.8569444444444444 0.34322916666666664 0.8472222222222222 0.32890625 0.8453703703703703 0.32473958333333336 0.8379629629629629 0.3145833333333333 0.8337962962962963 0.30703125 0.8314814814814815 0.30442708333333335 0.8282407407407407 0.2981770833333333 0.8240740740740741 0.29322916666666665 0.8222222222222222 0.28854166666666664 0.812037037037037 0.27317708333333335 0.8101851851851852 0.26927083333333335 0.8023148148148148 0.2596354166666667 0.799074074074074 0.25859375 0.7935185185185185 0.25859375
2 0.8287037037037037 0.40989583333333335 0.8287037037037037 0.41796875 0.8296296296296296 0.421875 0.8324074074074074 0.4244791666666667 0.8375 0.4265625 0.8412037037037037 0.4270833333333333 0.8495370370370371 0.42682291666666666 0.8513888888888889 0.42526041666666664 0.8569444444444444 0.42213541666666665 0.8611111111111112 0.4205729166666667 0.8699074074074075 0.4203125 0.8703703703703703 0.4205729166666667 0.9606481481481481 0.4205729166666667 0.9611111111111111 0.42083333333333334 0.9893518518518518 0.42083333333333334 0.9898148148148148 0.42109375 0.999537037037037 0.4203125 0.999537037037037 0.4075520833333333 0.9967592592592592 0.4075520833333333 0.9939814814814815 0.40703125 0.9861111111111112 0.40703125 0.9856481481481482 0.40729166666666666 0.9560185185185185 0.40703125 0.9546296296296296 0.40729166666666666 0.9449074074074074 0.40677083333333336 0.9319444444444445 0.40677083333333336 0.9314814814814815 0.40703125 0.9277777777777778 0.40651041666666665 0.9254629629629629 0.40677083333333336 0.9009259259259259 0.40651041666666665 0.9 0.40677083333333336 0.8967592592592593 0.40625 0.8944444444444445 0.40651041666666665 0.8888888888888888 0.40651041666666665 0.888425925925926 0.40625 0.8833333333333333 0.40651041666666665 0.8736111111111111 0.40598958333333335 0.8685185185185185 0.40625 0.8597222222222223 0.40546875 0.8532407407407407 0.40182291666666664 0.8495370370370371 0.4005208333333333 0.8379629629629629 0.4 0.8324074074074074 0.40338541666666666 0.8291666666666667 0.4078125
4 0.8703703703703703 0.7127604166666667 0.8671296296296296 0.7166666666666667 0.8712962962962963 0.7197916666666667 0.8717592592592592 0.7205729166666667 0.875462962962963 0.7216145833333333 0.8907407407407407 0.7278645833333334 0.8953703703703704 0.73046875 0.8962962962962963 0.73203125 0.9 0.7338541666666667 0.9027777777777778 0.7341145833333333 0.9064814814814814 0.73515625 0.9074074074074074 0.73515625 0.9092592592592592 0.7359375 0.913425925925926 0.7369791666666666 0.9199074074074074 0.7395833333333334 0.9217592592592593 0.740625 0.9273148148148148 0.7427083333333333 0.9356481481481481 0.7453125 0.9393518518518519 0.7473958333333334 0.9412037037037037 0.7479166666666667 0.9467592592592593 0.7510416666666667 0.9486111111111111 0.7528645833333333 0.950462962962963 0.7536458333333333 0.9537037037037037 0.7557291666666667 0.9537037037037037 0.75625 0.9546296296296296 0.75703125 0.9578703703703704 0.7578125 0.9611111111111111 0.7578125 0.9657407407407408 0.75703125 0.9680555555555556 0.75625 0.9736111111111111 0.7526041666666666 0.975462962962963 0.75078125 0.9763888888888889 0.7489583333333333 0.9777777777777777 0.7479166666666667 0.9782407407407407 0.7458333333333333 0.9791666666666666 0.74453125 0.9791666666666666 0.74296875 0.9787037037037037 0.7427083333333333 0.9782407407407407 0.7403645833333333 0.975 0.7388020833333333 0.9722222222222222 0.7361979166666667 0.9675925925925926 0.7348958333333333 0.9662037037037037 0.7348958333333333 0.9634259259259259 0.7359375 0.9597222222222223 0.7361979166666667 0.9592592592592593 0.7364583333333333 0.9578703703703704 0.7361979166666667 0.9546296296296296 0.7361979166666667 0.9513888888888888 0.7348958333333333 0.9490740740740741 0.734375 0.9453703703703704 0.7322916666666667 0.9425925925925925 0.7317708333333334 0.9365740740740741 0.7296875 0.9342592592592592 0.7283854166666667 0.9305555555555556 0.72734375 0.9254629629629629 0.7247395833333333 0.9203703703703704 0.7234375 0.9157407407407407 0.7216145833333333 0.9143518518518519 0.7213541666666666 0.9111111111111111 0.7197916666666667 0.9060185185185186 0.7182291666666667 0.9 0.715625 0.8958333333333334 0.7145833333333333 0.8912037037037037 0.7125 0.888425925925926 0.71171875 0.8875 0.71171875 0.8847222222222222 0.7106770833333333 0.8837962962962963 0.7106770833333333 0.8805555555555555 0.7096354166666666 0.8763888888888889 0.7096354166666666 0.8731481481481481 0.7109375
6 0.950925925925926 0.6778645833333333 0.950462962962963 0.678125 0.95 0.678125 0.9495370370370371 0.6783854166666666 0.9486111111111111 0.6783854166666666 0.9481481481481482 0.6786458333333333 0.9476851851851852 0.6786458333333333 0.9472222222222222 0.67890625 0.9458333333333333 0.6791666666666667 0.9449074074074074 0.6796875 0.9435185185185185 0.6799479166666667 0.9421296296296297 0.6807291666666667 0.9416666666666667 0.6807291666666667 0.9384259259259259 0.6822916666666666 0.937962962962963 0.6822916666666666 0.937037037037037 0.6828125 0.9365740740740741 0.6828125 0.9356481481481481 0.6833333333333333 0.9351851851851852 0.6833333333333333 0.9347222222222222 0.68359375 0.9347222222222222 0.6838541666666667 0.9324074074074075 0.68515625 0.9319444444444445 0.68515625 0.9314814814814815 0.6854166666666667 0.9314814814814815 0.6861979166666666 0.9310185185185185 0.6864583333333333 0.9310185185185185 0.6877604166666667 0.9305555555555556 0.6880208333333333 0.9305555555555556 0.6903645833333333 0.9310185185185185 0.690625 0.9310185185185185 0.6916666666666667 0.9314814814814815 0.6919270833333333 0.9314814814814815 0.6932291666666667 0.9324074074074075 0.6940104166666666 0.9324074074074075 0.69453125 0.9328703703703703 0.6947916666666667 0.9328703703703703 0.6953125 0.9333333333333333 0.6955729166666667 0.9333333333333333 0.69609375 0.9337962962962963 0.6963541666666667 0.9337962962962963 0.6971354166666667 0.9342592592592592 0.6973958333333333 0.9342592592592592 0.6979166666666666 0.9351851851851852 0.6986979166666667 0.9351851851851852 0.69921875 0.9361111111111111 0.6997395833333333 0.9365740740740741 0.6997395833333333 0.9384259259259259 0.70078125 0.9384259259259259 0.7010416666666667 0.9393518518518519 0.7015625 0.9398148148148148 0.7015625 0.9416666666666667 0.7026041666666667 0.9421296296296297 0.7026041666666667 0.9430555555555555 0.703125 0.9444444444444444 0.703125 0.9449074074074074 0.7033854166666667 0.9458333333333333 0.7033854166666667 0.9462962962962963 0.7036458333333333 0.9472222222222222 0.7036458333333333 0.9476851851851852 0.70390625 0.9481481481481482 0.70390625 0.9490740740740741 0.7044270833333334 0.9495370370370371 0.7044270833333334 0.950925925925926 0.7049479166666667 0.9523148148148148 0.7049479166666667 0.9527777777777777 0.7052083333333333 0.9555555555555556 0.7052083333333333 0.9560185185185185 0.70546875 0.9583333333333334 0.70546875 0.9587962962962963 0.7057291666666666 0.9606481481481481 0.7057291666666666 0.9611111111111111 0.7059895833333333 0.9643518518518519 0.7059895833333333 0.9648148148148148 0.7057291666666666 0.9666666666666667 0.7057291666666666 0.9680555555555556 0.7052083333333333 0.9689814814814814 0.7052083333333333 0.9694444444444444 0.7049479166666667 0.9699074074074074 0.7049479166666667 0.9703703703703703 0.7046875 0.9708333333333333 0.7046875 0.9712962962962963 0.7044270833333334 0.9726851851851852 0.7041666666666667 0.9736111111111111 0.7036458333333333 0.9740740740740741 0.7036458333333333 0.9745370370370371 0.7033854166666667 0.9745370370370371 0.7028645833333333 0.975 0.7026041666666667 0.975462962962963 0.7018229166666666 0.9763888888888889 0.7013020833333333 0.9763888888888889 0.7010416666666667 0.9777777777777777 0.7002604166666667 0.9777777777777777 0.7 0.9791666666666666 0.69921875 0.9791666666666666 0.6989583333333333 0.9800925925925926 0.6984375 0.9800925925925926 0.6981770833333333 0.9810185185185185 0.69765625 0.9810185185185185 0.6973958333333333 0.9814814814814815 0.6971354166666667 0.9814814814814815 0.6963541666666667 0.9819444444444444 0.69609375 0.9819444444444444 0.6934895833333333 0.9824074074074074 0.6932291666666667 0.9819444444444444 0.69296875 0.9819444444444444 0.6919270833333333 0.9814814814814815 0.6916666666666667 0.9814814814814815 0.690625 0.9810185185185185 0.6903645833333333 0.9810185185185185 0.6893229166666667 0.9805555555555555 0.6890625 0.9805555555555555 0.6885416666666667 0.9800925925925926 0.68828125 0.9800925925925926 0.6875 0.9796296296296296 0.6872395833333333 0.9796296296296296 0.6861979166666666 0.9791666666666666 0.6859375 0.9791666666666666 0.6848958333333334 0.9787037037037037 0.6846354166666667 0.9787037037037037 0.6838541666666667 0.9782407407407407 0.68359375 0.9782407407407407 0.6830729166666667 0.9773148148148149 0.6825520833333333 0.9773148148148149 0.6822916666666666 0.975925925925926 0.6815104166666667 0.9745370370370371 0.68125 0.9736111111111111 0.6807291666666667 0.9731481481481481 0.6807291666666667 0.9726851851851852 0.68046875 0.9712962962962963 0.6802083333333333 0.9703703703703703 0.6796875 0.9699074074074074 0.6796875 0.9685185185185186 0.6791666666666667 0.9675925925925926 0.6791666666666667 0.9671296296296297 0.67890625 0.9662037037037037 0.67890625 0.9657407407407408 0.6786458333333333 0.9643518518518519 0.6786458333333333 0.9638888888888889 0.6783854166666666 0.9587962962962963 0.6783854166666666 0.9583333333333334 0.678125 0.9523148148148148 0.678125 0.9518518518518518 0.6778645833333333