1 0.5745370370370371 0.43333333333333335 0.5745370370370371 0.43359375 0.5736111111111111 0.43411458333333336 0.5722222222222222 0.4356770833333333 0.5722222222222222 0.4375 0.5717592592592593 0.43776041666666665 0.5717592592592593 0.43984375 0.5740740740740741 0.44192708333333336 0.5745370370370371 0.44192708333333336 0.575462962962963 0.44244791666666666 0.5773148148148148 0.44296875 0.5782407407407407 0.44296875 0.5787037037037037 0.4432291666666667 0.5810185185185185 0.4434895833333333 0.5833333333333334 0.44427083333333334 0.5842592592592593 0.44427083333333334 0.5879629629629629 0.4453125 0.5888888888888889 0.4453125 0.5893518518518519 0.44557291666666665 0.5916666666666667 0.44583333333333336 0.5930555555555556 0.44635416666666666 0.5939814814814814 0.44635416666666666 0.5944444444444444 0.4466145833333333 0.5953703703703703 0.4466145833333333 0.5958333333333333 0.446875 0.5981481481481481 0.4471354166666667 0.5995370370370371 0.44765625 0.600925925925926 0.44765625 0.6013888888888889 0.4479166666666667 0.6027777777777777 0.4479166666666667 0.6032407407407407 0.44817708333333334 0.6041666666666666 0.44817708333333334 0.6078703703703704 0.44921875 0.6101851851851852 0.4505208333333333 0.6106481481481482 0.4510416666666667 0.6106481481481482 0.4515625 0.6111111111111112 0.4518229166666667 0.6111111111111112 0.45234375 0.6125 0.45390625 0.6134259259259259 0.4544270833333333 0.6134259259259259 0.4546875 0.6152777777777778 0.4557291666666667 0.6157407407407407 0.4557291666666667 0.6166666666666667 0.45625 0.6194444444444445 0.45703125 0.6203703703703703 0.45703125 0.6208333333333333 0.45729166666666665 0.6226851851851852 0.45729166666666665 0.6231481481481481 0.45755208333333336 0.624537037037037 0.45755208333333336 0.625 0.4578125 0.6263888888888889 0.4578125 0.6300925925925925 0.4588541666666667 0.6319444444444444 0.4588541666666667 0.6324074074074074 0.45859375 0.6347222222222222 0.45859375 0.6351851851851852 0.4583333333333333 0.638425925925926 0.45807291666666666 0.638425925925926 0.4578125 0.6398148148148148 0.45703125 0.6398148148148148 0.45677083333333335 0.6416666666666667 0.45546875 0.6421296296296296 0.4549479166666667 0.6421296296296296 0.4544270833333333 0.6439814814814815 0.45234375 0.6458333333333334 0.4510416666666667 0.6467592592592593 0.45 0.6467592592592593 0.44947916666666665 0.6476851851851851 0.44869791666666664 0.6476851851851851 0.44817708333333334 0.6486111111111111 0.4473958333333333 0.649074074074074 0.44557291666666665 0.649537037037037 0.4453125 0.649537037037037 0.44479166666666664 0.65 0.44453125 0.65 0.44375 0.6504629629629629 0.4434895833333333 0.65 0.4421875 0.6486111111111111 0.44140625 0.6486111111111111 0.44114583333333335 0.6462962962962963 0.4401041666666667 0.6421296296296296 0.43984375 0.6388888888888888 0.4388020833333333 0.637962962962963 0.4388020833333333 0.6375 0.43854166666666666 0.6365740740740741 0.43854166666666666 0.6361111111111111 0.43828125 0.6351851851851852 0.43828125 0.6342592592592593 0.43802083333333336 0.6305555555555555 0.4359375 0.6300925925925925 0.4354166666666667 0.6291666666666667 0.4354166666666667 0.6287037037037037 0.43515625 0.6273148148148148 0.43515625 0.6263888888888889 0.4348958333333333 0.6259259259259259 0.43515625 0.625 0.43515625 0.6222222222222222 0.4361979166666667 0.6212962962962963 0.4361979166666667 0.6185185185185185 0.43723958333333335 0.6152777777777778 0.43723958333333335 0.6148148148148148 0.43697916666666664 0.6138888888888889 0.43697916666666664 0.6111111111111112 0.4361979166666667 0.6097222222222223 0.4361979166666667 0.6092592592592593 0.4359375 0.6074074074074074 0.4359375 0.6055555555555555 0.4354166666666667 0.6037037037037037 0.4354166666666667 0.6032407407407407 0.43515625 0.6013888888888889 0.43515625 0.600925925925926 0.4348958333333333 0.5990740740740741 0.4348958333333333 0.5972222222222222 0.434375 0.5958333333333333 0.434375 0.5921296296296297 0.43333333333333335 0.5912037037037037 0.43333333333333335 0.5907407407407408 0.43307291666666664 0.5898148148148148 0.43307291666666664 0.5879629629629629 0.43255208333333334 0.5861111111111111 0.43255208333333334 0.5856481481481481 0.4322916666666667 0.5833333333333334 0.4322916666666667 0.5828703703703704 0.43203125 0.5787037037037037 0.43203125 0.5782407407407407 0.4322916666666667 0.575925925925926 0.4322916666666667 0.575925925925926 0.43255208333333334
3 0.575 0.20494791666666667 0.5712962962962963 0.20390625 0.5694444444444444 0.20390625 0.5689814814814815 0.20364583333333333 0.5675925925925925 0.20364583333333333 0.5625 0.20494791666666667 0.5615740740740741 0.20494791666666667 0.5574074074074075 0.20651041666666667 0.5546296296296296 0.20807291666666666 0.5537037037037037 0.20911458333333333 0.5537037037037037 0.21171875 0.5532407407407407 0.21197916666666666 0.5532407407407407 0.21302083333333333 0.5518518518518518 0.21458333333333332 0.549537037037037 0.21614583333333334 0.5476851851851852 0.21692708333333333 0.5449074074074074 0.21744791666666666 0.5412037037037037 0.21901041666666668 0.5342592592592592 0.22057291666666667 0.5314814814814814 0.221875 0.5268518518518519 0.22317708333333333 0.5259259259259259 0.22369791666666666 0.5212962962962963 0.22447916666666667 0.5189814814814815 0.22552083333333334 0.5138888888888888 0.22682291666666668 0.5083333333333333 0.22916666666666666 0.5046296296296297 0.23020833333333332 0.5009259259259259 0.23203125 0.5013888888888889 0.23645833333333333 0.5027777777777778 0.23802083333333332 0.5032407407407408 0.23932291666666666 0.5097222222222222 0.24713541666666666 0.5106481481481482 0.24765625 0.5111111111111111 0.2484375 0.512962962962963 0.24947916666666667 0.5162037037037037 0.24947916666666667 0.5166666666666667 0.24921875 0.5212962962962963 0.24895833333333334 0.5314814814814814 0.24609375 0.5324074074074074 0.24557291666666667 0.537962962962963 0.24427083333333333 0.5407407407407407 0.24296875 0.5435185185185185 0.2421875 0.5481481481481482 0.24140625 0.5523148148148148 0.23984375 0.5574074074074075 0.2390625 0.5601851851851852 0.23828125 0.5685185185185185 0.2390625 0.5745370370370371 0.24036458333333333 0.5824074074074074 0.24036458333333333 0.5907407407407408 0.23802083333333332 0.5930555555555556 0.23671875 0.5939814814814814 0.2359375 0.5953703703703703 0.23359375 0.5953703703703703 0.22994791666666667 0.5949074074074074 0.2296875 0.5949074074074074 0.228125 0.5944444444444444 0.22786458333333334 0.5935185185185186 0.225 0.5925925925925926 0.22395833333333334 0.5921296296296297 0.22213541666666667 0.5907407407407408 0.22005208333333334 0.5898148148148148 0.21953125 0.587037037037037 0.21640625 0.5856481481481481 0.21536458333333333 0.5837962962962963 0.21223958333333334 0.5828703703703704 0.21171875 0.5805555555555556 0.20885416666666667 0.5773148148148148 0.20625
4 0.525 0.44088541666666664 0.5222222222222223 0.4432291666666667 0.5212962962962963 0.4473958333333333 0.5231481481481481 0.44973958333333336 0.5254629629629629 0.4510416666666667 0.5291666666666667 0.4518229166666667 0.5333333333333333 0.45364583333333336 0.5356481481481481 0.45390625 0.538425925925926 0.4549479166666667 0.5407407407407407 0.4552083333333333 0.55 0.45807291666666666 0.5509259259259259 0.45807291666666666 0.5532407407407407 0.4588541666666667 0.5541666666666667 0.4588541666666667 0.5574074074074075 0.45989583333333334 0.5601851851851852 0.46041666666666664 0.5638888888888889 0.4625 0.5666666666666667 0.46328125 0.5726851851851852 0.46432291666666664 0.5768518518518518 0.46536458333333336 0.5777777777777777 0.46588541666666666 0.5824074074074074 0.4666666666666667 0.5856481481481481 0.46770833333333334 0.5879629629629629 0.46796875 0.5916666666666667 0.46927083333333336 0.5990740740740741 0.4713541666666667 0.600925925925926 0.47265625 0.6018518518518519 0.47421875 0.6018518518518519 0.47734375 0.6023148148148149 0.47760416666666666 0.6023148148148149 0.4786458333333333 0.6037037037037037 0.4796875 0.6083333333333333 0.48125 0.6111111111111112 0.48151041666666666 0.6152777777777778 0.4796875 0.6175925925925926 0.47734375 0.6175925925925926 0.47682291666666665 0.6208333333333333 0.47421875 0.6226851851851852 0.47317708333333336 0.6231481481481481 0.47239583333333335 0.625462962962963 0.4705729166666667 0.6263888888888889 0.46875 0.6296296296296297 0.46536458333333336 0.6305555555555555 0.46380208333333334 0.6305555555555555 0.4630208333333333 0.6310185185185185 0.4627604166666667 0.6305555555555555 0.4625 0.6305555555555555 0.46171875 0.6291666666666667 0.46015625 0.6268518518518519 0.4588541666666667 0.6231481481481481 0.45807291666666666 0.6185185185185185 0.45807291666666666 0.6148148148148148 0.45989583333333334 0.6111111111111112 0.46015625 0.6037037037037037 0.4578125 0.6013888888888889 0.45755208333333336 0.5939814814814814 0.45546875 0.5912037037037037 0.45416666666666666 0.5888888888888889 0.45364583333333336 0.5879629629629629 0.453125 0.5851851851851851 0.45260416666666664 0.5791666666666667 0.45078125 0.5768518518518518 0.4505208333333333 0.5722222222222222 0.44895833333333335 0.5689814814814815 0.4484375 0.5652777777777778 0.4471354166666667 0.5634259259259259 0.446875 0.55 0.44296875 0.5449074074074074 0.4421875 0.537962962962963 0.44036458333333334 0.5337962962962963 0.4395833333333333 0.5319444444444444 0.4395833333333333 0.5314814814814814 0.4393229166666667 0.5282407407407408 0.4393229166666667
4 0.575925925925926 0.4744791666666667 0.5699074074074074 0.4700520833333333 0.5680555555555555 0.46953125 0.5638888888888889 0.46953125 0.5625 0.4700520833333333 0.5615740740740741 0.4700520833333333 0.5597222222222222 0.4705729166666667 0.5592592592592592 0.47109375 0.5583333333333333 0.4744791666666667 0.5564814814814815 0.47630208333333335 0.5560185185185185 0.47734375 0.5541666666666667 0.4783854166666667 0.5476851851851852 0.48020833333333335 0.5444444444444444 0.48046875 0.5333333333333333 0.4825520833333333 0.5277777777777778 0.4830729166666667 0.524537037037037 0.48385416666666664 0.5222222222222223 0.48385416666666664 0.5175925925925926 0.48515625 0.5125 0.4856770833333333 0.5078703703703704 0.48671875 0.5060185185185185 0.48671875 0.5009259259259259 0.48802083333333335 0.49953703703703706 0.48802083333333335 0.4925925925925926 0.48932291666666666 0.48935185185185187 0.4895833333333333 0.4861111111111111 0.4903645833333333 0.48194444444444445 0.490625 0.4791666666666667 0.49140625 0.4740740740740741 0.4921875 0.4689814814814815 0.4940104166666667 0.4666666666666667 0.496875 0.4666666666666667 0.49947916666666664 0.4671296296296296 0.49973958333333335 0.4675925925925926 0.5018229166666667 0.46944444444444444 0.5033854166666667 0.4708333333333333 0.50390625 0.4722222222222222 0.50390625 0.4740740740740741 0.5044270833333333 0.47685185185185186 0.5044270833333333 0.4773148148148148 0.5046875 0.4875 0.5046875 0.487962962962963 0.5044270833333333 0.4912037037037037 0.5044270833333333 0.49166666666666664 0.5041666666666667 0.4981481481481482 0.5036458333333333 0.5013888888888889 0.5026041666666666 0.5027777777777778 0.5026041666666666 0.5032407407407408 0.50234375 0.5120370370370371 0.5018229166666667 0.5171296296296296 0.5005208333333333 0.5185185185185185 0.5005208333333333 0.5226851851851851 0.49973958333333335 0.525 0.49895833333333334 0.5291666666666667 0.4986979166666667 0.5328703703703703 0.49765625 0.5375 0.4973958333333333 0.537962962962963 0.49713541666666666 0.5425925925925926 0.496875 0.5430555555555555 0.49661458333333336 0.5467592592592593 0.49661458333333336 0.55 0.49609375 0.5527777777777778 0.49609375 0.5532407407407407 0.49583333333333335 0.5615740740740741 0.49583333333333335 0.562037037037037 0.49557291666666664 0.5643518518518519 0.49557291666666664 0.5680555555555555 0.4979166666666667 0.5712962962962963 0.4981770833333333 0.5717592592592593 0.4984375 0.5768518518518518 0.4984375 0.5787037037037037 0.4979166666666667 0.5800925925925926 0.49713541666666666 0.5824074074074074 0.4942708333333333 0.5824074074074074 0.4890625 0.5819444444444445 0.48880208333333336 0.5819444444444445 0.4875 0.5814814814814815 0.48723958333333334 0.5814814814814815 0.4859375 0.5810185185185185 0.4856770833333333 0.5800925925925926 0.48203125
4 0.34120370370370373 0.3302083333333333 0.3402777777777778 0.33359375 0.3398148148148148 0.3338541666666667 0.3398148148148148 0.3377604166666667 0.34120370370370373 0.33932291666666664 0.34305555555555556 0.34036458333333336 0.34675925925925927 0.3416666666666667 0.3509259259259259 0.3421875 0.35138888888888886 0.3424479166666667 0.35509259259259257 0.34270833333333334 0.36203703703703705 0.34401041666666665 0.3638888888888889 0.34401041666666665 0.3662037037037037 0.34453125 0.3685185185185185 0.34453125 0.36898148148148147 0.34479166666666666 0.37222222222222223 0.3450520833333333 0.37592592592592594 0.3458333333333333 0.3787037037037037 0.3458333333333333 0.37916666666666665 0.34609375 0.3819444444444444 0.34609375 0.3824074074074074 0.3463541666666667 0.38472222222222224 0.3463541666666667 0.3851851851851852 0.34661458333333334 0.38796296296296295 0.34661458333333334 0.3925925925925926 0.34765625 0.3990740740740741 0.34791666666666665 0.399537037037037 0.34817708333333336 0.4013888888888889 0.34817708333333336 0.40185185185185185 0.3484375 0.40370370370370373 0.3484375 0.4041666666666667 0.34869791666666666 0.4060185185185185 0.34869791666666666 0.4064814814814815 0.3489583333333333 0.4083333333333333 0.3489583333333333 0.40879629629629627 0.34921875 0.4199074074074074 0.3502604166666667 0.42407407407407405 0.3515625 0.425462962962963 0.3515625 0.42777777777777776 0.35208333333333336 0.42962962962962964 0.3533854166666667 0.43148148148148147 0.3572916666666667 0.43796296296296294 0.35885416666666664 0.44305555555555554 0.35911458333333335 0.44537037037037036 0.35833333333333334 0.4476851851851852 0.3567708333333333 0.44814814814814813 0.35546875 0.45 0.3533854166666667 0.45 0.35260416666666666 0.4513888888888889 0.3502604166666667 0.45185185185185184 0.34739583333333335 0.45231481481481484 0.34713541666666664 0.45231481481481484 0.3458333333333333 0.4527777777777778 0.3455729166666667 0.4527777777777778 0.34375 0.4532407407407407 0.34348958333333335 0.4532407407407407 0.3421875 0.4537037037037037 0.3419270833333333 0.4537037037037037 0.3372395833333333 0.45185185185185184 0.3338541666666667 0.45 0.3333333333333333 0.44537037037037036 0.33307291666666666 0.4449074074074074 0.3328125 0.4412037037037037 0.3328125 0.43796296296296294 0.33359375 0.4351851851851852 0.3359375 0.4273148148148148 0.3359375 0.4236111111111111 0.33515625 0.41944444444444445 0.33515625 0.4162037037037037 0.334375 0.41435185185185186 0.334375 0.41388888888888886 0.3341145833333333 0.41203703703703703 0.3341145833333333 0.40925925925925927 0.33359375 0.40370370370370373 0.33359375 0.40324074074074073 0.3333333333333333 0.4009259259259259 0.3333333333333333 0.40046296296296297 0.33307291666666666 0.3972222222222222 0.33307291666666666 0.39675925925925926 0.3328125 0.39166666666666666 0.33255208333333336 0.3912037037037037 0.33229166666666665 0.38472222222222224 0.33177083333333335 0.38055555555555554 0.33098958333333334 0.37592592592592594 0.3307291666666667 0.3731481481481482 0.3299479166666667 0.36898148148148147 0.3299479166666667 0.3685185185185185 0.3296875 0.36666666666666664 0.3296875 0.3638888888888889 0.32916666666666666 0.3611111111111111 0.32916666666666666 0.3574074074074074 0.32838541666666665 0.35462962962962963 0.32838541666666665 0.3541666666666667 0.328125 0.35185185185185186 0.328125 0.35138888888888886 0.32786458333333335 0.3453703703703704 0.32786458333333335 0.3435185185185185 0.32864583333333336
5 0.7055555555555556 0.3768229166666667 0.7023148148148148 0.3768229166666667 0.7018518518518518 0.3765625 0.6967592592592593 0.3765625 0.6962962962962963 0.3768229166666667 0.6949074074074074 0.3768229166666667 0.6921296296296297 0.378125 0.6884259259259259 0.38125 0.6875 0.3848958333333333 0.6893518518518519 0.38697916666666665 0.6921296296296297 0.3885416666666667 0.6935185185185185 0.390625 0.6935185185185185 0.39140625 0.6944444444444444 0.3924479166666667 0.6930555555555555 0.39375 0.6916666666666667 0.3966145833333333 0.687962962962963 0.4005208333333333 0.6875 0.4015625 0.6851851851851852 0.40338541666666666 0.6828703703703703 0.40625 0.6810185185185185 0.4075520833333333 0.6796296296296296 0.409375 0.6773148148148148 0.4109375 0.6754629629629629 0.41328125 0.6722222222222223 0.415625 0.6717592592592593 0.4166666666666667 0.6694444444444444 0.4192708333333333 0.6694444444444444 0.4205729166666667 0.6699074074074074 0.42083333333333334 0.6699074074074074 0.42135416666666664 0.6722222222222223 0.4236979166666667 0.674537037037037 0.4244791666666667 0.6777777777777778 0.425 0.6787037037037037 0.42552083333333335 0.6814814814814815 0.42630208333333336 0.6842592592592592 0.4265625 0.6847222222222222 0.42682291666666666 0.6898148148148148 0.4270833333333333 0.6925925925925925 0.42630208333333336 0.6972222222222222 0.4236979166666667 0.6981481481481482 0.42265625 0.7018518518518518 0.4203125 0.7069444444444445 0.41432291666666665 0.7087962962962963 0.41302083333333334 0.711574074074074 0.41015625 0.7143518518518519 0.4080729166666667 0.7212962962962963 0.4041666666666667 0.7217592592592592 0.4041666666666667 0.7245370370370371 0.40208333333333335 0.725462962962963 0.40208333333333335 0.7273148148148149 0.4015625 0.7361111111111112 0.4015625 0.7375 0.4010416666666667 0.7398148148148148 0.40078125 0.7453703703703703 0.3963541666666667 0.7453703703703703 0.3953125 0.7458333333333333 0.39505208333333336 0.7458333333333333 0.39296875 0.7462962962962963 0.3924479166666667 0.7439814814814815 0.39010416666666664 0.7379629629629629 0.38697916666666665 0.7282407407407407 0.38307291666666665 0.725 0.38229166666666664 0.7240740740740741 0.38177083333333334 0.7203703703703703 0.3807291666666667 0.7171296296296297 0.3802083333333333 0.712037037037037 0.37864583333333335 0.7106481481481481 0.37864583333333335 0.7064814814814815 0.37734375
3 0.7055555555555556 0.45078125 0.7027777777777777 0.4505208333333333 0.7023148148148148 0.45026041666666666 0.7 0.45026041666666666 0.6995370370370371 0.4505208333333333 0.6972222222222222 0.45078125 0.6935185185185185 0.45234375 0.6898148148148148 0.4546875 0.6893518518518519 0.4552083333333333 0.6893518518518519 0.45859375 0.6888888888888889 0.4588541666666667 0.6925925925925925 0.4627604166666667 0.6921296296296297 0.4630208333333333 0.6921296296296297 0.46432291666666664 0.6916666666666667 0.46458333333333335 0.6912037037037037 0.4669270833333333 0.6884259259259259 0.46901041666666665 0.6865740740740741 0.4713541666666667 0.6810185185185185 0.4744791666666667 0.6805555555555556 0.4752604166666667 0.6773148148148148 0.47734375 0.674537037037037 0.4796875 0.6689814814814815 0.4825520833333333 0.6671296296296296 0.484375 0.6652777777777777 0.48541666666666666 0.6643518518518519 0.4864583333333333 0.6592592592592592 0.4901041666666667 0.6587962962962963 0.49375 0.6583333333333333 0.4940104166666667 0.6601851851851852 0.49557291666666664 0.6731481481481482 0.50234375 0.674537037037037 0.50234375 0.675 0.5026041666666666 0.6787037037037037 0.5026041666666666 0.6791666666666667 0.50234375 0.6805555555555556 0.50234375 0.6833333333333333 0.5015625 0.6842592592592592 0.5015625 0.687037037037037 0.5005208333333333 0.6935185185185185 0.49713541666666666 0.6935185185185185 0.496875 0.7018518518518518 0.49192708333333335 0.7041666666666667 0.48984375 0.7101851851851851 0.4864583333333333 0.7101851851851851 0.4861979166666667 0.7143518518518519 0.48411458333333335 0.7171296296296297 0.48333333333333334 0.7180555555555556 0.48333333333333334 0.7199074074074074 0.4828125 0.7217592592592592 0.4828125 0.7236111111111111 0.4822916666666667 0.7324074074074074 0.4822916666666667 0.7347222222222223 0.48151041666666666 0.737037037037037 0.48125 0.7398148148148148 0.48046875 0.7439814814814815 0.4778645833333333 0.7439814814814815 0.47734375 0.7458333333333333 0.4747395833333333 0.7458333333333333 0.4705729166666667 0.7435185185185185 0.46822916666666664 0.7416666666666667 0.4671875 0.7416666666666667 0.4669270833333333 0.7356481481481482 0.46380208333333334 0.7319444444444444 0.4625 0.7300925925925926 0.46119791666666665 0.7245370370370371 0.4588541666666667 0.7208333333333333 0.45677083333333335 0.7138888888888889 0.45416666666666666 0.712037037037037 0.453125 0.7083333333333334 0.45208333333333334
4 0.7949074074074074 0.13854166666666667 0.7907407407407407 0.1421875 0.7912037037037037 0.14635416666666667 0.7921296296296296 0.146875 0.7949074074074074 0.15 0.7972222222222223 0.15130208333333334 0.7972222222222223 0.1515625 0.8004629629629629 0.15338541666666666 0.8004629629629629 0.15364583333333334 0.8055555555555556 0.15625 0.8078703703703703 0.15807291666666667 0.8138888888888889 0.16145833333333334 0.8212962962962963 0.1671875 0.825462962962963 0.16953125 0.825462962962963 0.16979166666666667 0.8282407407407407 0.17109375 0.8314814814814815 0.1734375 0.8356481481481481 0.17578125 0.8375 0.17734375 0.8375 0.18098958333333334 0.8379629629629629 0.18151041666666667 0.8356481481481481 0.18541666666666667 0.837037037037037 0.18671875 0.8379629629629629 0.18880208333333334 0.8393518518518519 0.19010416666666666 0.8416666666666667 0.19140625 0.8439814814814814 0.19166666666666668 0.8453703703703703 0.1921875 0.8495370370370371 0.1921875 0.85 0.19192708333333333 0.8537037037037037 0.19166666666666668 0.8564814814814815 0.19088541666666667 0.8587962962962963 0.18984375 0.8611111111111112 0.18932291666666667 0.862037037037037 0.18854166666666666 0.8689814814814815 0.18567708333333333 0.8759259259259259 0.18151041666666667 0.8768518518518519 0.18046875 0.8773148148148148 0.17916666666666667 0.8787037037037037 0.17786458333333333 0.8787037037037037 0.17682291666666666 0.8782407407407408 0.1765625 0.8777777777777778 0.17369791666666667 0.8759259259259259 0.171875 0.8722222222222222 0.16979166666666667 0.8712962962962963 0.16979166666666667 0.8699074074074075 0.16927083333333334 0.8675925925925926 0.16927083333333334 0.8634259259259259 0.17005208333333333 0.862037037037037 0.17057291666666666 0.8574074074074074 0.17057291666666666 0.8564814814814815 0.1703125 0.8560185185185185 0.16979166666666667 0.8555555555555555 0.16979166666666667 0.8518518518518519 0.16770833333333332 0.8495370370370371 0.16536458333333334 0.8462962962962963 0.16354166666666667 0.8449074074074074 0.16197916666666667 0.8444444444444444 0.16197916666666667 0.8421296296296297 0.16067708333333333 0.8388888888888889 0.15833333333333333 0.8342592592592593 0.15572916666666667 0.8324074074074074 0.15416666666666667 0.8282407407407407 0.15182291666666667 0.8263888888888888 0.15 0.8240740740740741 0.14869791666666668 0.8217592592592593 0.14661458333333333 0.8083333333333333 0.13854166666666667 0.8027777777777778 0.1375 0.7986111111111112 0.1375
1 0.7263888888888889 0.48984375 0.725462962962963 0.4903645833333333 0.725462962962963 0.4908854166666667 0.7245370370370371 0.49166666666666664 0.7245370370370371 0.49270833333333336 0.7240740740740741 0.49296875 0.7240740740740741 0.4942708333333333 0.7245370370370371 0.4947916666666667 0.725925925925926 0.49557291666666664 0.725925925925926 0.49583333333333335 0.7268518518518519 0.49635416666666665 0.7277777777777777 0.4973958333333333 0.7333333333333333 0.50078125 0.7342592592592593 0.5018229166666667 0.7375 0.50390625 0.7375 0.5041666666666667 0.7384259259259259 0.5046875 0.7393518518518518 0.5057291666666667 0.7407407407407407 0.5065104166666666 0.7407407407407407 0.5067708333333333 0.7449074074074075 0.5096354166666667 0.7462962962962963 0.5111979166666667 0.7462962962962963 0.51171875 0.7467592592592592 0.5119791666666667 0.7467592592592592 0.5125 0.7476851851851852 0.5135416666666667 0.7476851851851852 0.51796875 0.749537037037037 0.5200520833333333 0.750462962962963 0.5205729166666667 0.750462962962963 0.5208333333333334 0.7564814814814815 0.52421875 0.7569444444444444 0.52421875 0.7587962962962963 0.5252604166666667 0.763425925925926 0.5265625 0.7680555555555556 0.5265625 0.7685185185185185 0.5263020833333333 0.7694444444444445 0.5263020833333333 0.7699074074074074 0.5260416666666666 0.7708333333333334 0.5260416666666666 0.7712962962962963 0.52578125 0.7722222222222223 0.52578125 0.7726851851851851 0.5255208333333333 0.775 0.5252604166666667 0.7796296296296297 0.5239583333333333 0.7847222222222222 0.5216145833333333 0.7847222222222222 0.5213541666666667 0.7870370370370371 0.5197916666666667 0.7888888888888889 0.5177083333333333 0.7888888888888889 0.5169270833333334 0.788425925925926 0.5166666666666667 0.788425925925926 0.5161458333333333 0.787962962962963 0.5158854166666667 0.787962962962963 0.5153645833333333 0.7875 0.5151041666666667 0.7875 0.5145833333333333 0.7865740740740741 0.5135416666666667 0.7819444444444444 0.5109375 0.7810185185185186 0.5098958333333333 0.7810185185185186 0.509375 0.7800925925925926 0.50859375 0.7800925925925926 0.5080729166666667 0.7796296296296297 0.5078125 0.7791666666666667 0.5065104166666666 0.7782407407407408 0.5059895833333333 0.7782407407407408 0.5057291666666667 0.774537037037037 0.5046875 0.7699074074074074 0.5046875 0.7694444444444445 0.5044270833333333 0.7671296296296296 0.5044270833333333 0.7643518518518518 0.5036458333333333 0.7574074074074074 0.49973958333333335 0.7574074074074074 0.49947916666666664 0.7550925925925925 0.4981770833333333 0.7550925925925925 0.4979166666666667 0.7476851851851852 0.49375 0.7476851851851852 0.4934895833333333 0.7462962962962963 0.49270833333333336 0.7462962962962963 0.49244791666666665 0.7435185185185185 0.4908854166666667 0.7430555555555556 0.4908854166666667 0.7412037037037037 0.48984375 0.7384259259259259 0.4890625 0.7361111111111112 0.48802083333333335 0.7351851851851852 0.48828125 0.7314814814814815 0.48828125 0.7277777777777777 0.48932291666666666 0.7268518518518519 0.48984375
4 0.7597222222222222 0.6677083333333333 0.7550925925925925 0.6669270833333333 0.7546296296296297 0.6671875 0.7527777777777778 0.6671875 0.75 0.6682291666666667 0.7467592592592592 0.6697916666666667 0.7462962962962963 0.67421875 0.7430555555555556 0.6786458333333333 0.7356481481481482 0.6833333333333333 0.7296296296296296 0.68515625 0.7263888888888889 0.6869791666666667 0.7203703703703703 0.6890625 0.7162037037037037 0.6911458333333333 0.7087962962962963 0.6934895833333333 0.7074074074074074 0.69453125 0.7018518518518518 0.696875 0.6981481481481482 0.6979166666666666 0.6944444444444444 0.6994791666666667 0.6888888888888889 0.7010416666666667 0.6828703703703703 0.7041666666666667 0.6814814814814815 0.7044270833333334 0.6736111111111112 0.7088541666666667 0.6722222222222223 0.7127604166666667 0.674537037037037 0.71484375 0.6768518518518518 0.7161458333333334 0.6810185185185185 0.7171875 0.6865740740740741 0.7169270833333333 0.687037037037037 0.7166666666666667 0.6893518518518519 0.7166666666666667 0.6949074074074074 0.7145833333333333 0.700925925925926 0.7130208333333333 0.7046296296296296 0.7111979166666667 0.7129629629629629 0.7083333333333334 0.7175925925925926 0.70625 0.7212962962962963 0.7052083333333333 0.7328703703703704 0.7002604166666667 0.7388888888888889 0.6981770833333333 0.7444444444444445 0.6955729166666667 0.7486111111111111 0.6942708333333333 0.7518518518518519 0.6940104166666666 0.7587962962962963 0.69140625 0.763425925925926 0.6901041666666666 0.7657407407407407 0.6908854166666667 0.7712962962962963 0.6919270833333333 0.7717592592592593 0.6916666666666667 0.7754629629629629 0.6916666666666667 0.7796296296296297 0.6901041666666666 0.7810185185185186 0.6890625 0.7814814814814814 0.6872395833333333 0.7819444444444444 0.6869791666666667 0.7819444444444444 0.6856770833333333 0.7824074074074074 0.6854166666666667 0.7805555555555556 0.6841145833333333 0.7791666666666667 0.6825520833333333 0.7791666666666667 0.68203125 0.775 0.6778645833333333 0.7689814814814815 0.67421875 0.7675925925925926 0.6729166666666667 0.7648148148148148 0.6716145833333333 0.7625 0.6692708333333334
5 0.9486111111111111 0.6223958333333334 0.9481481481481482 0.6221354166666667 0.9481481481481482 0.6213541666666667 0.9472222222222222 0.6197916666666666 0.9458333333333333 0.6190104166666667 0.9435185185185185 0.6184895833333334 0.9361111111111111 0.6184895833333334 0.9356481481481481 0.6182291666666667 0.9296296296296296 0.6182291666666667 0.9291666666666667 0.6184895833333334 0.9273148148148148 0.6184895833333334 0.9259259259259259 0.6197916666666666 0.9199074074074074 0.6229166666666667 0.9106481481481481 0.6229166666666667 0.9083333333333333 0.6223958333333334 0.9050925925925926 0.6223958333333334 0.9046296296296297 0.6221354166666667 0.8967592592592593 0.6216145833333333 0.8925925925925926 0.6208333333333333 0.8898148148148148 0.6208333333333333 0.8893518518518518 0.6205729166666667 0.8870370370370371 0.6205729166666667 0.8865740740740741 0.6203125 0.8824074074074074 0.6200520833333333 0.8768518518518519 0.6190104166666667 0.8717592592592592 0.6190104166666667 0.8694444444444445 0.6184895833333334 0.8675925925925926 0.6184895833333334 0.8671296296296296 0.61875 0.8574074074074074 0.6184895833333334 0.8523148148148149 0.6213541666666667 0.850925925925926 0.6229166666666667 0.850462962962963 0.6265625 0.85 0.6268229166666667 0.850462962962963 0.6270833333333333 0.850462962962963 0.6299479166666667 0.850925925925926 0.6302083333333334 0.850925925925926 0.6309895833333333 0.8527777777777777 0.6328125 0.8578703703703704 0.634375 0.8606481481481482 0.6348958333333333 0.862037037037037 0.6348958333333333 0.8625 0.63515625 0.8638888888888889 0.63515625 0.8643518518518518 0.6354166666666666 0.8657407407407407 0.6354166666666666 0.8662037037037037 0.6356770833333333 0.8675925925925926 0.6356770833333333 0.8680555555555556 0.6359375 0.8726851851851852 0.6361979166666667 0.8768518518518519 0.6372395833333333 0.8805555555555555 0.6375 0.8810185185185185 0.6377604166666667 0.8824074074074074 0.6377604166666667 0.887962962962963 0.6388020833333333 0.8902777777777777 0.6388020833333333 0.8907407407407407 0.6390625 0.8930555555555556 0.6390625 0.8935185185185185 0.6393229166666666 0.8972222222222223 0.6395833333333333 0.9055555555555556 0.6411458333333333 0.9069444444444444 0.6416666666666667 0.9115740740740741 0.64453125 0.9138888888888889 0.6473958333333333 0.9138888888888889 0.6479166666666667 0.9157407407407407 0.65 0.9171296296296296 0.65078125 0.9199074074074074 0.6518229166666667 0.9222222222222223 0.65234375 0.9231481481481482 0.6528645833333333 0.9305555555555556 0.653125 0.9356481481481481 0.6518229166666667 0.9388888888888889 0.6502604166666667 0.9398148148148148 0.6484375 0.9430555555555555 0.6450520833333333 0.9444444444444444 0.6427083333333333 0.9449074074074074 0.640625 0.9458333333333333 0.6395833333333333 0.9458333333333333 0.6388020833333333 0.9467592592592593 0.6375 0.9467592592592593 0.6364583333333333 0.9472222222222222 0.6361979166666667 0.9472222222222222 0.6346354166666667 0.9476851851851852 0.634375
2 0.9120370370370371 0.2721354166666667 0.9078703703703703 0.27421875 0.9064814814814814 0.2755208333333333 0.9050925925925926 0.27890625 0.9060185185185186 0.30234375 0.9083333333333333 0.32395833333333335 0.9106481481481481 0.33645833333333336 0.9120370370370371 0.35390625 0.9120370370370371 0.36380208333333336 0.913425925925926 0.3690104166666667 0.9097222222222222 0.37213541666666666 0.9037037037037037 0.37395833333333334 0.9023148148148148 0.37604166666666666 0.9023148148148148 0.37864583333333335 0.9037037037037037 0.38255208333333335 0.9074074074074074 0.3854166666666667 0.9115740740740741 0.38645833333333335 0.9217592592592593 0.38645833333333335 0.9282407407407407 0.3859375 0.9361111111111111 0.38359375 0.9430555555555555 0.38359375 0.9467592592592593 0.38255208333333335 0.95 0.3807291666666667 0.950925925925926 0.3768229166666667 0.9495370370370371 0.37526041666666665 0.9476851851851852 0.37083333333333335 0.9458333333333333 0.3697916666666667 0.9407407407407408 0.3690104166666667 0.9393518518518519 0.36822916666666666 0.937962962962963 0.36614583333333334 0.9375 0.3567708333333333 0.9356481481481481 0.34661458333333334 0.9347222222222222 0.3296875 0.9333333333333333 0.32526041666666666 0.9305555555555556 0.2869791666666667 0.9291666666666667 0.2786458333333333 0.9273148148148148 0.2747395833333333 0.924074074074074 0.27239583333333334 0.9208333333333333 0.271875
4 0.999537037037037 0.37109375 0.9976851851851852 0.37109375 0.9962962962962963 0.37161458333333336 0.9939814814814815 0.371875 0.9925925925925926 0.3723958333333333 0.9888888888888889 0.3729166666666667 0.9879629629629629 0.3734375 0.9861111111111112 0.37395833333333334 0.9861111111111112 0.37421875 0.9842592592592593 0.37526041666666665 0.9805555555555555 0.3763020833333333 0.9796296296296296 0.3768229166666667 0.9791666666666666 0.3768229166666667 0.9787037037037037 0.37734375 0.9745370370370371 0.37838541666666664 0.9708333333333333 0.37994791666666666 0.9643518518518519 0.3815104166666667 0.961574074074074 0.3828125 0.9587962962962963 0.38359375 0.9578703703703704 0.38359375 0.9546296296296296 0.384375 0.9532407407407407 0.384375 0.9513888888888888 0.3848958333333333 0.95 0.3848958333333333 0.9481481481481482 0.384375 0.9347222222222222 0.384375 0.9319444444444445 0.38515625 0.9277777777777778 0.38697916666666665 0.9263888888888889 0.38697916666666665 0.9259259259259259 0.38723958333333336 0.9236111111111112 0.3875 0.9222222222222223 0.38828125 0.9212962962962963 0.38958333333333334 0.9203703703703704 0.39010416666666664 0.9194444444444444 0.3919270833333333 0.9189814814814815 0.3921875 0.9189814814814815 0.39557291666666666 0.9194444444444444 0.3958333333333333 0.9194444444444444 0.39739583333333334 0.9203703703703704 0.3984375 0.9208333333333333 0.4002604166666667 0.924537037037037 0.4044270833333333 0.9319444444444445 0.4088541666666667 0.9324074074074075 0.4088541666666667 0.9356481481481481 0.41041666666666665 0.9365740740740741 0.41041666666666665 0.9384259259259259 0.4109375 0.9421296296296297 0.41119791666666666 0.9425925925925925 0.4114583333333333 0.9476851851851852 0.4114583333333333 0.9481481481481482 0.41119791666666666 0.950925925925926 0.41119791666666666 0.9518518518518518 0.41067708333333336 0.9546296296296296 0.41015625 0.9574074074074074 0.40859375 0.9578703703703704 0.40859375 0.9578703703703704 0.4083333333333333 0.9592592592592593 0.4075520833333333 0.961574074074074 0.4049479166666667 0.962037037037037 0.40338541666666666 0.9629629629629629 0.40234375 0.9629629629629629 0.4015625 0.9643518518518519 0.3997395833333333 0.9662037037037037 0.39869791666666665 0.9666666666666667 0.39869791666666665 0.9685185185185186 0.39739583333333334 0.9689814814814814 0.39739583333333334 0.9731481481481481 0.3953125 0.975462962962963 0.39479166666666665 0.9763888888888889 0.39427083333333335 0.9796296296296296 0.3932291666666667 0.9828703703703704 0.3927083333333333 0.9861111111111112 0.39088541666666665 0.9944444444444445 0.3885416666666667 0.9981481481481481 0.38671875 0.999537037037037 0.38671875