1 0.7239583333333334 0.7245370370370371 0.7223958333333333 0.7268518518518519 0.7223958333333333 0.7277777777777777 0.7216145833333333 0.7305555555555555 0.7216145833333333 0.7356481481481482 0.721875 0.7361111111111112 0.721875 0.7398148148148148 0.7221354166666667 0.7402777777777778 0.7221354166666667 0.7467592592592592 0.7223958333333333 0.7472222222222222 0.7223958333333333 0.749537037037037 0.72265625 0.75 0.72265625 0.7532407407407408 0.7229166666666667 0.7537037037037037 0.7229166666666667 0.7597222222222222 0.7231770833333333 0.7601851851851852 0.7231770833333333 0.7662037037037037 0.7234375 0.7666666666666667 0.7234375 0.7708333333333334 0.7236979166666667 0.7712962962962963 0.7236979166666667 0.774074074074074 0.7234375 0.774537037037037 0.7234375 0.7754629629629629 0.7208333333333333 0.7805555555555556 0.7205729166666667 0.7814814814814814 0.7208333333333333 0.7870370370370371 0.72109375 0.7875 0.7213541666666666 0.7902777777777777 0.7221354166666667 0.7930555555555555 0.7221354166666667 0.7958333333333333 0.72109375 0.7976851851851852 0.7200520833333334 0.8009259259259259 0.7200520833333334 0.8087962962962963 0.72109375 0.8111111111111111 0.7216145833333333 0.8111111111111111 0.721875 0.8115740740740741 0.7229166666666667 0.8115740740740741 0.7231770833333333 0.812037037037037 0.72421875 0.812037037037037 0.7244791666666667 0.8125 0.7283854166666667 0.8125 0.7286458333333333 0.812962962962963 0.7302083333333333 0.812962962962963 0.73046875 0.8134259259259259 0.7317708333333334 0.8134259259259259 0.73203125 0.8138888888888889 0.7359375 0.8138888888888889 0.7361979166666667 0.8134259259259259 0.7369791666666666 0.8134259259259259 0.7372395833333333 0.812962962962963 0.7377604166666667 0.812962962962963 0.7385416666666667 0.812037037037037 0.7390625 0.812037037037037 0.7401041666666667 0.8111111111111111 0.7408854166666666 0.8097222222222222 0.7411458333333333 0.8097222222222222 0.7411458333333333 0.8092592592592592 0.7416666666666667 0.8083333333333333 0.7421875 0.8018518518518518 0.7419270833333333 0.8013888888888889 0.7416666666666667 0.799074074074074 0.7401041666666667 0.7939814814814815 0.7401041666666667 0.7930555555555555 0.73984375 0.7925925925925926 0.73984375 0.7907407407407407 0.7395833333333334 0.7902777777777777 0.7395833333333334 0.7870370370370371 0.73984375 0.7865740740740741 0.73984375 0.7851851851851852 0.7401041666666667 0.7847222222222222 0.7401041666666667 0.7837962962962963 0.7403645833333333 0.7833333333333333 0.740625 0.7814814814814814 0.7403645833333333 0.7810185185185186 0.7403645833333333 0.7796296296296297 0.7395833333333334 0.7782407407407408 0.7395833333333334 0.7777777777777778 0.7393229166666667 0.7777777777777778 0.7385416666666667 0.7763888888888889 0.73828125 0.7763888888888889 0.7369791666666666 0.774537037037037 0.7354166666666667 0.7731481481481481 0.7346354166666667 0.7717592592592593 0.7338541666666667 0.7689814814814815 0.7338541666666667 0.7675925925925926 0.73359375 0.7671296296296296 0.73359375 0.7578703703703704 0.7333333333333333 0.7574074074074074 0.7333333333333333 0.7541666666666667 0.7330729166666666 0.7537037037037037 0.7330729166666666 0.7481481481481481 0.7328125 0.7476851851851852 0.7328125 0.7425925925925926 0.7325520833333333 0.7421296296296296 0.7325520833333333 0.7388888888888889 0.7322916666666667 0.7384259259259259 0.7322916666666667 0.7342592592592593 0.73203125 0.7337962962962963 0.73203125 0.7314814814814815 0.7317708333333334 0.7310185185185185 0.7317708333333334 0.7300925925925926 0.73125 0.7291666666666666 0.73046875 0.7263888888888889 0.7302083333333333 0.7263888888888889 0.72890625 0.7245370370370371
1 0.6200520833333333 0.4666666666666667 0.6197916666666666 0.4671296296296296 0.6182291666666667 0.4671296296296296 0.61796875 0.4675925925925926 0.6174479166666667 0.4675925925925926 0.6158854166666666 0.46944444444444444 0.6158854166666666 0.4703703703703704 0.615625 0.4708333333333333 0.615625 0.4736111111111111 0.6153645833333333 0.4740740740740741 0.6153645833333333 0.47962962962962963 0.615625 0.48009259259259257 0.615625 0.48148148148148145 0.6130208333333333 0.4875 0.6127604166666667 0.48842592592592593 0.6127604166666667 0.4898148148148148 0.6125 0.49027777777777776 0.6127604166666667 0.49074074074074076 0.6127604166666667 0.49212962962962964 0.61328125 0.49398148148148147 0.6145833333333334 0.4962962962962963 0.61484375 0.4962962962962963 0.615625 0.4976851851851852 0.6158854166666666 0.4976851851851852 0.6169270833333333 0.49953703703703706 0.6169270833333333 0.5 0.6177083333333333 0.5013888888888889 0.61796875 0.5023148148148148 0.61796875 0.5032407407407408 0.6182291666666667 0.5037037037037037 0.6182291666666667 0.5050925925925925 0.61796875 0.5055555555555555 0.61796875 0.5092592592592593 0.6177083333333333 0.5097222222222222 0.6177083333333333 0.5185185185185185 0.6174479166666667 0.5189814814814815 0.6174479166666667 0.5231481481481481 0.6171875 0.5236111111111111 0.6171875 0.5273148148148148 0.6169270833333333 0.5277777777777778 0.6169270833333333 0.5305555555555556 0.6166666666666667 0.5310185185185186 0.6166666666666667 0.5388888888888889 0.61640625 0.5393518518518519 0.61640625 0.5416666666666666 0.6161458333333333 0.5421296296296296 0.6161458333333333 0.5449074074074074 0.6169270833333333 0.5467592592592593 0.6184895833333334 0.5481481481481482 0.6203125 0.5481481481481482 0.6205729166666667 0.5486111111111112 0.6229166666666667 0.5486111111111112 0.6255208333333333 0.5462962962962963 0.6263020833333334 0.5439814814814815 0.6265625 0.5398148148148149 0.6268229166666667 0.5393518518518519 0.6268229166666667 0.537962962962963 0.6270833333333333 0.5375 0.6270833333333333 0.5356481481481481 0.62734375 0.5351851851851852 0.62734375 0.5314814814814814 0.6276041666666666 0.5310185185185186 0.6276041666666666 0.5259259259259259 0.6278645833333333 0.5254629629629629 0.6278645833333333 0.5212962962962963 0.628125 0.5208333333333334 0.628125 0.5111111111111111 0.6283854166666667 0.5106481481481482 0.6283854166666667 0.5087962962962963 0.62890625 0.5069444444444444 0.6294270833333333 0.5060185185185185 0.6294270833333333 0.5055555555555555 0.6299479166666667 0.5046296296296297 0.6302083333333334 0.5046296296296297 0.6338541666666667 0.4981481481481482 0.6341145833333334 0.4981481481481482 0.6346354166666667 0.49722222222222223 0.63515625 0.49537037037037035 0.63515625 0.4912037037037037 0.6348958333333333 0.49074074074074076 0.6348958333333333 0.4888888888888889 0.6346354166666667 0.48842592592592593 0.6346354166666667 0.4875 0.634375 0.48703703703703705 0.634375 0.48564814814814816 0.6341145833333334 0.48518518518518516 0.6341145833333334 0.48009259259259257 0.634375 0.47962962962962963 0.634375 0.4777777777777778 0.6346354166666667 0.4773148148148148 0.6346354166666667 0.4740740740740741 0.634375 0.4736111111111111 0.634375 0.4722222222222222 0.6341145833333334 0.47175925925925927 0.6341145833333334 0.4708333333333333 0.63359375 0.4699074074074074 0.63359375 0.46944444444444444 0.6328125 0.46944444444444444 0.6325520833333333 0.4689814814814815 0.6315104166666666 0.4689814814814815 0.63125 0.4685185185185185 0.6296875 0.4685185185185185 0.6294270833333333 0.46805555555555556 0.6278645833333333 0.46805555555555556 0.6276041666666666 0.4675925925925926 0.6236979166666666 0.4671296296296296 0.6234375 0.4666666666666667
1 0.428125 0.6087962962962963 0.428125 0.611574074074074 0.4278645833333333 0.612037037037037 0.4278645833333333 0.6162037037037037 0.428125 0.6166666666666667 0.428125 0.6180555555555556 0.4283854166666667 0.6189814814814815 0.42942708333333335 0.6208333333333333 0.42994791666666665 0.6212962962962963 0.43046875 0.6212962962962963 0.43072916666666666 0.6217592592592592 0.43125 0.6217592592592592 0.4315104166666667 0.6222222222222222 0.43333333333333335 0.6222222222222222 0.43359375 0.6226851851851852 0.4348958333333333 0.6226851851851852 0.43515625 0.6231481481481481 0.43697916666666664 0.6231481481481481 0.43723958333333335 0.6236111111111111 0.4388020833333333 0.6236111111111111 0.4390625 0.6240740740740741 0.4401041666666667 0.6240740740740741 0.44036458333333334 0.624537037037037 0.44114583333333335 0.624537037037037 0.44140625 0.625 0.44244791666666666 0.625 0.4427083333333333 0.625462962962963 0.4434895833333333 0.625462962962963 0.44505208333333335 0.6268518518518519 0.44609375 0.6287037037037037 0.44609375 0.6291666666666667 0.4471354166666667 0.6310185185185185 0.4473958333333333 0.6310185185185185 0.44973958333333336 0.6356481481481482 0.45078125 0.6365740740740741 0.4513020833333333 0.6365740740740741 0.4515625 0.6370370370370371 0.45364583333333336 0.6370370370370371 0.45390625 0.6375 0.4557291666666667 0.6375 0.45598958333333334 0.637962962962963 0.45703125 0.637962962962963 0.45729166666666665 0.638425925925926 0.45807291666666666 0.638425925925926 0.4583333333333333 0.6388888888888888 0.4588541666666667 0.6388888888888888 0.4596354166666667 0.6398148148148148 0.46015625 0.6398148148148148 0.4609375 0.6407407407407407 0.46145833333333336 0.6407407407407407 0.4625 0.6416666666666667 0.46380208333333334 0.6416666666666667 0.4640625 0.6412037037037037 0.46536458333333336 0.6412037037037037 0.465625 0.6407407407407407 0.46640625 0.6407407407407407 0.4674479166666667 0.6398148148148148 0.46822916666666664 0.638425925925926 0.46848958333333335 0.638425925925926 0.46979166666666666 0.6361111111111111 0.46979166666666666 0.6356481481481482 0.4703125 0.6347222222222222 0.47239583333333335 0.6273148148148148 0.47239583333333335 0.6259259259259259 0.47265625 0.625462962962963 0.47265625 0.624537037037037 0.47291666666666665 0.6240740740740741 0.47291666666666665 0.6226851851851852 0.47317708333333336 0.6222222222222222 0.47317708333333336 0.6194444444444445 0.47291666666666665 0.6189814814814815 0.47291666666666665 0.6175925925925926 0.47265625 0.6171296296296296 0.47265625 0.6162037037037037 0.47239583333333335 0.6152777777777778 0.4700520833333333 0.6111111111111112 0.4669270833333333 0.6083333333333333 0.465625 0.6083333333333333 0.46536458333333336 0.6078703703703704 0.4635416666666667 0.6078703703703704 0.46041666666666664 0.6050925925925926 0.45989583333333334 0.6050925925925926 0.4596354166666667 0.6046296296296296 0.45859375 0.6046296296296296 0.4583333333333333 0.6041666666666666 0.45546875 0.6041666666666666 0.4552083333333333 0.6046296296296296 0.4544270833333333 0.6046296296296296 0.45416666666666666 0.6050925925925926 0.45364583333333336 0.6050925925925926 0.4505208333333333 0.6078703703703704 0.446875 0.6078703703703704 0.4466145833333333 0.6074074074074074 0.44583333333333336 0.6074074074074074 0.44479166666666664 0.6064814814814815 0.44375 0.6064814814814815 0.4434895833333333 0.6060185185185185 0.4427083333333333 0.6060185185185185 0.44244791666666666 0.6055555555555555 0.44114583333333335 0.6055555555555555 0.44088541666666664 0.6050925925925926 0.43984375 0.6050925925925926 0.4395833333333333 0.6046296296296296 0.43776041666666665 0.6041666666666666 0.4375 0.6037037037037037 0.43697916666666664 0.6037037037037037 0.4359375 0.6027777777777777 0.4315104166666667 0.6027777777777777 0.42942708333333335 0.6046296296296296 0.42890625 0.6055555555555555 0.4283854166666667 0.6074074074074074 0.4283854166666667 0.6083333333333333
1 0.44765625 0.46574074074074073 0.4473958333333333 0.46620370370370373 0.44635416666666666 0.46620370370370373 0.4453125 0.4671296296296296 0.44453125 0.4685185185185185 0.44427083333333334 0.46944444444444444 0.44427083333333334 0.4736111111111111 0.4440104166666667 0.4740740740740741 0.4440104166666667 0.475 0.44427083333333334 0.475462962962963 0.44427083333333334 0.48009259259259257 0.44453125 0.48055555555555557 0.44453125 0.48657407407407405 0.44479166666666664 0.48703703703703705 0.44479166666666664 0.49398148148148147 0.44505208333333335 0.49444444444444446 0.44505208333333335 0.5083333333333333 0.44427083333333334 0.5111111111111111 0.44296875 0.513425925925926 0.44296875 0.5138888888888888 0.44192708333333336 0.5162037037037037 0.44192708333333336 0.5175925925925926 0.44166666666666665 0.5180555555555556 0.44192708333333336 0.5185185185185185 0.44192708333333336 0.5212962962962963 0.4421875 0.5217592592592593 0.4421875 0.5236111111111111 0.44244791666666666 0.524074074074074 0.44244791666666666 0.5254629629629629 0.4427083333333333 0.5259259259259259 0.4427083333333333 0.5282407407407408 0.44296875 0.5287037037037037 0.44296875 0.5319444444444444 0.4427083333333333 0.5324074074074074 0.4427083333333333 0.5351851851851852 0.44244791666666666 0.5356481481481481 0.44244791666666666 0.5388888888888889 0.4427083333333333 0.5393518518518519 0.4427083333333333 0.5407407407407407 0.4432291666666667 0.5416666666666666 0.44375 0.5435185185185185 0.44427083333333334 0.5439814814814815 0.44479166666666664 0.5439814814814815 0.44505208333333335 0.5444444444444444 0.44557291666666665 0.5444444444444444 0.4466145833333333 0.5453703703703704 0.44947916666666665 0.5453703703703704 0.44973958333333336 0.5449074074074074 0.4518229166666667 0.5449074074074074 0.45208333333333334 0.5444444444444444 0.45338541666666665 0.5444444444444444 0.45364583333333336 0.5439814814814815 0.4549479166666667 0.5439814814814815 0.4552083333333333 0.5435185185185185 0.45625 0.5435185185185185 0.45729166666666665 0.5425925925925926 0.45807291666666666 0.5425925925925926 0.4596354166666667 0.5412037037037037 0.46041666666666664 0.5398148148148149 0.46119791666666665 0.5370370370370371 0.46119791666666665 0.5291666666666667 0.4609375 0.5287037037037037 0.4609375 0.5273148148148148 0.46067708333333335 0.5268518518518519 0.46067708333333335 0.5254629629629629 0.46041666666666664 0.525 0.46041666666666664 0.5236111111111111 0.46015625 0.5231481481481481 0.46015625 0.5162037037037037 0.459375 0.513425925925926 0.4588541666666667 0.5125 0.4588541666666667 0.5120370370370371 0.4583333333333333 0.5111111111111111 0.45807291666666666 0.5111111111111111 0.45677083333333335 0.5087962962962963 0.45625 0.5069444444444444 0.45625 0.5060185185185185 0.45598958333333334 0.5055555555555555 0.45598958333333334 0.5032407407407408 0.4557291666666667 0.5027777777777778 0.4557291666666667 0.4986111111111111 0.45546875 0.4981481481481482 0.45546875 0.4935185185185185 0.4552083333333333 0.4930555555555556 0.4552083333333333 0.49027777777777776 0.4549479166666667 0.4898148148148148 0.4549479166666667 0.4842592592592593 0.4546875 0.4837962962962963 0.4546875 0.4777777777777778 0.4544270833333333 0.4773148148148148 0.4544270833333333 0.47314814814814815 0.45416666666666666 0.4726851851851852 0.45416666666666666 0.47129629629629627 0.45390625 0.4708333333333333 0.45390625 0.4699074074074074 0.45364583333333336 0.4689814814814815 0.45234375 0.4666666666666667 0.4518229166666667 0.46620370370370373 0.4510416666666667 0.46620370370370373 0.45078125 0.46574074074074073
1 0.38125 0.47638888888888886 0.37994791666666666 0.47638888888888886 0.37838541666666664 0.4777777777777778 0.3776041666666667 0.4791666666666667 0.37734375 0.4791666666666667 0.37526041666666665 0.48657407407407405 0.37473958333333335 0.4875 0.3734375 0.49212962962962964 0.3734375 0.4930555555555556 0.37135416666666665 0.500462962962963 0.37005208333333334 0.5032407407407408 0.37005208333333334 0.5037037037037037 0.3653645833333333 0.5120370370370371 0.3651041666666667 0.5120370370370371 0.3645833333333333 0.512962962962963 0.3640625 0.512962962962963 0.36380208333333336 0.513425925925926 0.36328125 0.513425925925926 0.36302083333333335 0.5138888888888888 0.3625 0.5138888888888888 0.36223958333333334 0.5143518518518518 0.36171875 0.5143518518518518 0.3606770833333333 0.5152777777777777 0.359375 0.5180555555555556 0.35885416666666664 0.5203703703703704 0.3572916666666667 0.5231481481481481 0.3572916666666667 0.5236111111111111 0.35625 0.5254629629629629 0.35572916666666665 0.5273148148148148 0.35390625 0.5305555555555556 0.3536458333333333 0.5314814814814814 0.3536458333333333 0.537962962962963 0.3546875 0.5416666666666666 0.35598958333333336 0.5439814814814815 0.3567708333333333 0.5444444444444444 0.3580729166666667 0.5462962962962963 0.35885416666666664 0.5467592592592593 0.359375 0.5476851851851852 0.3606770833333333 0.5486111111111112 0.3611979166666667 0.549537037037037 0.3619791666666667 0.55 0.3625 0.5509259259259259 0.36328125 0.5513888888888889 0.36380208333333336 0.5523148148148148 0.3653645833333333 0.5537037037037037 0.3658854166666667 0.5537037037037037 0.36614583333333334 0.5541666666666667 0.3671875 0.5541666666666667 0.36744791666666665 0.5546296296296296 0.37005208333333334 0.5546296296296296 0.37161458333333336 0.5532407407407407 0.37213541666666666 0.5523148148148148 0.37265625 0.5504629629629629 0.37265625 0.549537037037037 0.3729166666666667 0.549074074074074 0.3729166666666667 0.5481481481481482 0.3734375 0.5462962962962963 0.3734375 0.5449074074074074 0.3736979166666667 0.5444444444444444 0.3736979166666667 0.5421296296296296 0.37395833333333334 0.5416666666666666 0.37421875 0.5393518518518519 0.37578125 0.5356481481481481 0.37578125 0.5347222222222222 0.3763020833333333 0.5328703703703703 0.3763020833333333 0.5273148148148148 0.37604166666666666 0.5268518518518519 0.37604166666666666 0.5254629629629629 0.37578125 0.525 0.37578125 0.524074074074074 0.3763020833333333 0.5222222222222223 0.3763020833333333 0.5208333333333334 0.3765625 0.5203703703703704 0.3768229166666667 0.5180555555555556 0.3807291666666667 0.5041666666666667 0.3807291666666667 0.5032407407407408 0.38125 0.5018518518518519 0.38125 0.5009259259259259 0.38385416666666666 0.49166666666666664 0.384375 0.49074074074074076 0.384375 0.4898148148148148 0.3846354166666667 0.48935185185185187 0.3846354166666667 0.4875 0.3848958333333333 0.48703703703703705 0.3848958333333333 0.4824074074074074 0.384375 0.48055555555555557 0.3828125 0.4777777777777778
1 0.41901041666666666 0.3662037037037037 0.41901041666666666 0.36666666666666664 0.41744791666666664 0.37037037037037035 0.41692708333333334 0.37222222222222223 0.41692708333333334 0.3731481481481482 0.4153645833333333 0.37824074074074077 0.4153645833333333 0.37916666666666665 0.41302083333333334 0.3861111111111111 0.41302083333333334 0.38796296296296295 0.4127604166666667 0.38842592592592595 0.4127604166666667 0.38981481481481484 0.4125 0.3902777777777778 0.4125 0.3925925925925926 0.41354166666666664 0.39490740740740743 0.41380208333333335 0.39490740740740743 0.41510416666666666 0.39675925925925926 0.415625 0.39675925925925926 0.4158854166666667 0.3972222222222222 0.41848958333333336 0.3972222222222222 0.41875 0.3976851851851852 0.4197916666666667 0.39814814814814814 0.4234375 0.4050925925925926 0.42421875 0.4050925925925926 0.42473958333333334 0.4046296296296296 0.4265625 0.4013888888888889 0.4265625 0.4009259259259259 0.4270833333333333 0.4 0.4276041666666667 0.399537037037037 0.4283854166666667 0.399537037037037 0.42994791666666665 0.4009259259259259 0.43072916666666666 0.4009259259259259 0.4348958333333333 0.4046296296296296 0.4354166666666667 0.4046296296296296 0.4356770833333333 0.4050925925925926 0.43776041666666665 0.4060185185185185 0.440625 0.4097222222222222 0.44166666666666665 0.41064814814814815 0.4421875 0.41064814814814815 0.44296875 0.4115740740740741 0.4434895833333333 0.4115740740740741 0.44427083333333334 0.4125 0.44479166666666664 0.4125 0.4466145833333333 0.41435185185185186 0.4471354166666667 0.41435185185185186 0.4510416666666667 0.41805555555555557 0.4546875 0.41805555555555557 0.4552083333333333 0.41759259259259257 0.45651041666666664 0.4152777777777778 0.45651041666666664 0.4148148148148148 0.45703125 0.41388888888888886 0.45703125 0.412962962962963 0.45755208333333336 0.4111111111111111 0.45755208333333336 0.40925925925925927 0.4578125 0.40879629629629627 0.4578125 0.4074074074074074 0.45807291666666666 0.40694444444444444 0.45807291666666666 0.4060185185185185 0.4578125 0.40555555555555556 0.45755208333333336 0.40324074074074073 0.45703125 0.4023148148148148 0.45651041666666664 0.40046296296296297 0.4557291666666667 0.3990740740740741 0.4552083333333333 0.39861111111111114 0.45416666666666666 0.39861111111111114 0.45390625 0.39814814814814814 0.4510416666666667 0.39814814814814814 0.44947916666666665 0.39675925925925926 0.44817708333333334 0.3962962962962963 0.4473958333333333 0.39537037037037037 0.446875 0.39537037037037037 0.4440104166666667 0.3925925925925926 0.4434895833333333 0.3925925925925926 0.44088541666666664 0.3902777777777778 0.4390625 0.38796296296296295 0.43645833333333334 0.38564814814814813 0.4359375 0.38472222222222224 0.4348958333333333 0.3837962962962963 0.43359375 0.3814814814814815 0.43307291666666664 0.37962962962962965 0.43307291666666664 0.37824074074074077 0.4328125 0.37777777777777777 0.4328125 0.3768518518518518 0.4322916666666667 0.375 0.4315104166666667 0.3736111111111111 0.43125 0.3736111111111111 0.43072916666666666 0.3726851851851852 0.43020833333333336 0.3726851851851852 0.42942708333333335 0.37175925925925923 0.42890625 0.37175925925925923 0.4278645833333333 0.37083333333333335 0.42734375 0.3699074074074074 0.4270833333333333 0.3699074074074074 0.42473958333333334 0.36574074074074076 0.4236979166666667 0.3648148148148148 0.4200520833333333 0.3648148148148148
1 0.4583333333333333 0.2986111111111111 0.45807291666666666 0.29814814814814816 0.45807291666666666 0.29398148148148145 0.4578125 0.2935185185185185 0.4578125 0.29259259259259257 0.45755208333333336 0.29212962962962963 0.45729166666666665 0.2898148148148148 0.45651041666666664 0.287962962962963 0.45651041666666664 0.2875 0.4546875 0.28425925925925927 0.45364583333333336 0.2833333333333333 0.453125 0.2833333333333333 0.45286458333333335 0.2828703703703704 0.45208333333333334 0.2828703703703704 0.4518229166666667 0.2824074074074074 0.4471354166666667 0.2824074074074074 0.446875 0.28194444444444444 0.4453125 0.28194444444444444 0.44505208333333335 0.2814814814814815 0.44427083333333334 0.2814814814814815 0.4440104166666667 0.2810185185185185 0.44140625 0.2810185185185185 0.44114583333333335 0.2814814814814815 0.4395833333333333 0.2814814814814815 0.4393229166666667 0.28194444444444444 0.4388020833333333 0.28194444444444444 0.43463541666666666 0.2898148148148148 0.43411458333333336 0.2898148148148148 0.43385416666666665 0.2902777777777778 0.43020833333333336 0.2902777777777778 0.42994791666666665 0.29074074074074074 0.41770833333333335 0.29074074074074074 0.41744791666666664 0.2912037037037037 0.4158854166666667 0.2912037037037037 0.41484375 0.29212962962962963 0.41432291666666665 0.29305555555555557 0.4140625 0.29305555555555557 0.41328125 0.29444444444444445 0.41302083333333334 0.2953703703703704 0.41302083333333334 0.2962962962962963 0.4127604166666667 0.2967592592592593 0.4127604166666667 0.29953703703703705 0.4125 0.3 0.4125 0.3023148148148148 0.4140625 0.30787037037037035 0.415625 0.30925925925925923 0.4161458333333333 0.30925925925925923 0.41640625 0.30972222222222223 0.41901041666666666 0.30972222222222223 0.4192708333333333 0.3101851851851852 0.421875 0.3101851851851852 0.42213541666666665 0.30972222222222223 0.4356770833333333 0.30972222222222223 0.4361979166666667 0.3101851851851852 0.43802083333333336 0.31342592592592594 0.4388020833333333 0.3162037037037037 0.43984375 0.31805555555555554 0.44088541666666664 0.3189814814814815 0.4421875 0.3194444444444444 0.44244791666666666 0.3199074074074074 0.44375 0.3199074074074074 0.44635416666666666 0.3175925925925926 0.446875 0.3175925925925926 0.4479166666666667 0.31666666666666665 0.4518229166666667 0.31666666666666665 0.45208333333333334 0.3162037037037037 0.4544270833333333 0.3162037037037037 0.45546875 0.31527777777777777 0.45625 0.31342592592592594 0.45625 0.31296296296296294 0.45677083333333335 0.31203703703703706 0.45755208333333336 0.30925925925925923 0.45755208333333336 0.30787037037037035 0.4578125 0.3074074074074074 0.4578125 0.3050925925925926 0.45807291666666666 0.30462962962962964 0.45807291666666666 0.3023148148148148 0.4583333333333333 0.30185185185185187
1 0.42421875 0.12175925925925926 0.4239583333333333 0.12222222222222222 0.4234375 0.12222222222222222 0.42239583333333336 0.12407407407407407 0.42161458333333335 0.12685185185185185 0.42161458333333335 0.1287037037037037 0.42135416666666664 0.12916666666666668 0.42161458333333335 0.12962962962962962 0.42161458333333335 0.13148148148148148 0.421875 0.13194444444444445 0.421875 0.13287037037037036 0.42239583333333336 0.13425925925925927 0.42239583333333336 0.13657407407407407 0.421875 0.13842592592592592 0.41875 0.1439814814814815 0.41875 0.1449074074074074 0.41848958333333336 0.14537037037037037 0.41848958333333336 0.14722222222222223 0.41822916666666665 0.1476851851851852 0.41875 0.15 0.4203125 0.15231481481481482 0.42161458333333335 0.15324074074074073 0.42291666666666666 0.15555555555555556 0.42291666666666666 0.15648148148148147 0.4231770833333333 0.15694444444444444 0.42291666666666666 0.1574074074074074 0.42291666666666666 0.1587962962962963 0.42265625 0.15925925925925927 0.42265625 0.16111111111111112 0.42239583333333336 0.16157407407407406 0.42239583333333336 0.16296296296296298 0.42213541666666665 0.16342592592592592 0.42213541666666665 0.16527777777777777 0.4203125 0.17175925925925925 0.4203125 0.1736111111111111 0.4200520833333333 0.17407407407407408 0.4200520833333333 0.17546296296296296 0.4197916666666667 0.17592592592592593 0.4197916666666667 0.17685185185185184 0.4192708333333333 0.1787037037037037 0.4192708333333333 0.18055555555555555 0.41901041666666666 0.18101851851851852 0.41901041666666666 0.1824074074074074 0.41875 0.18287037037037038 0.41875 0.18472222222222223 0.41848958333333336 0.18518518518518517 0.41796875 0.18888888888888888 0.4171875 0.1912037037037037 0.4171875 0.1925925925925926 0.41692708333333334 0.19305555555555556 0.41692708333333334 0.19444444444444445 0.4166666666666667 0.19490740740740742 0.4166666666666667 0.1962962962962963 0.41640625 0.19675925925925927 0.4166666666666667 0.19722222222222222 0.4166666666666667 0.19907407407407407 0.41744791666666664 0.20092592592592592 0.41848958333333336 0.20185185185185187 0.41901041666666666 0.20185185185185187 0.4192708333333333 0.2023148148148148 0.4200520833333333 0.2023148148148148 0.4203125 0.20277777777777778 0.42161458333333335 0.20324074074074075 0.4231770833333333 0.20462962962962963 0.42421875 0.20462962962962963 0.42526041666666664 0.20277777777777778 0.42630208333333336 0.19953703703703704 0.4265625 0.19675925925925927 0.42682291666666666 0.1962962962962963 0.42682291666666666 0.19490740740740742 0.4270833333333333 0.19444444444444445 0.4270833333333333 0.19305555555555556 0.42734375 0.1925925925925926 0.42734375 0.19166666666666668 0.4276041666666667 0.1912037037037037 0.4276041666666667 0.19027777777777777 0.428125 0.1884259259259259 0.428125 0.1865740740740741 0.4283854166666667 0.18611111111111112 0.4283854166666667 0.18472222222222223 0.42864583333333334 0.18425925925925926 0.42864583333333334 0.1824074074074074 0.42890625 0.18194444444444444 0.42890625 0.17962962962962964 0.42916666666666664 0.17916666666666667 0.42942708333333335 0.17546296296296296 0.4296875 0.175 0.4296875 0.17407407407407408 0.43046875 0.1712962962962963 0.43125 0.16944444444444445 0.43125 0.1675925925925926 0.4315104166666667 0.16712962962962963 0.4315104166666667 0.1638888888888889 0.43203125 0.16203703703703703 0.43359375 0.1597222222222222 0.43411458333333336 0.1597222222222222 0.434375 0.15925925925925927 0.4354166666666667 0.15925925925925927 0.4356770833333333 0.1587962962962963 0.43697916666666664 0.1587962962962963 0.43723958333333335 0.15833333333333333 0.43802083333333336 0.15833333333333333 0.4393229166666667 0.15648148148148147 0.4393229166666667 0.1537037037037037 0.4390625 0.15324074074074073 0.4390625 0.14629629629629629 0.4393229166666667 0.14583333333333334 0.4395833333333333 0.14351851851851852 0.44088541666666664 0.1398148148148148 0.44114583333333335 0.13703703703703704 0.44140625 0.13657407407407407 0.44114583333333335 0.1337962962962963 0.4401041666666667 0.13148148148148148 0.43802083333333336 0.12962962962962962 0.4375 0.12962962962962962 0.43645833333333334 0.12824074074074074 0.4348958333333333 0.12685185185185185 0.434375 0.12685185185185185 0.43411458333333336 0.12638888888888888 0.43359375 0.12638888888888888 0.43255208333333334 0.12546296296296297 0.4317708333333333 0.12546296296296297 0.4315104166666667 0.125 0.43072916666666666 0.125 0.43046875 0.12453703703703704 0.42864583333333334 0.12407407407407407 0.4283854166666667 0.12361111111111112 0.4278645833333333 0.12361111111111112 0.42682291666666666 0.12268518518518519 0.42604166666666665 0.12268518518518519 0.42578125 0.12222222222222222 0.4244791666666667 0.12222222222222222
1 0.3268229166666667 0.005092592592592593 0.32526041666666666 0.005092592592592593 0.32109375 0.008796296296296297 0.31927083333333334 0.011574074074074073 0.3171875 0.013425925925925926 0.31640625 0.013425925925925926 0.31614583333333335 0.013888888888888888 0.3143229166666667 0.014351851851851852 0.31276041666666665 0.01574074074074074 0.3109375 0.01898148148148148 0.3109375 0.01990740740740741 0.3106770833333333 0.020370370370370372 0.3106770833333333 0.02175925925925926 0.3104166666666667 0.022222222222222223 0.3104166666666667 0.024537037037037038 0.31015625 0.025 0.31015625 0.031018518518518518 0.30859375 0.033796296296296297 0.30572916666666666 0.03611111111111111 0.3033854166666667 0.03935185185185185 0.3026041666666667 0.03981481481481482 0.29973958333333334 0.04351851851851852 0.2989583333333333 0.04398148148148148 0.2984375 0.04490740740740741 0.296875 0.046296296296296294 0.2942708333333333 0.050462962962962966 0.29375 0.052314814814814814 0.29375 0.05416666666666667 0.29401041666666666 0.05462962962962963 0.29401041666666666 0.05694444444444444 0.2942708333333333 0.05740740740740741 0.2942708333333333 0.058333333333333334 0.2947916666666667 0.05925925925925926 0.2947916666666667 0.059722222222222225 0.296875 0.06342592592592593 0.29713541666666665 0.06342592592592593 0.2981770833333333 0.06527777777777778 0.3 0.06527777777777778 0.30026041666666664 0.06481481481481481 0.3020833333333333 0.06435185185185185 0.303125 0.06342592592592593 0.3046875 0.06111111111111111 0.3072916666666667 0.0587962962962963 0.3078125 0.05787037037037037 0.3098958333333333 0.056018518518518516 0.3111979166666667 0.05416666666666667 0.31354166666666666 0.052314814814814814 0.3140625 0.05138888888888889 0.31484375 0.05092592592592592 0.315625 0.04953703703703704 0.3171875 0.04814814814814815 0.3190104166666667 0.04814814814814815 0.32005208333333335 0.049074074074074076 0.32083333333333336 0.049074074074074076 0.32109375 0.04953703703703704 0.3216145833333333 0.04953703703703704 0.321875 0.05 0.3229166666666667 0.05 0.32317708333333334 0.050462962962962966 0.325 0.050462962962962966 0.32526041666666666 0.05092592592592592 0.32578125 0.050462962962962966 0.3263020833333333 0.050462962962962966 0.32760416666666664 0.04861111111111111 0.32760416666666664 0.04814814814814815 0.32890625 0.04583333333333333 0.32890625 0.04537037037037037 0.33046875 0.04259259259259259 0.3307291666666667 0.04259259259259259 0.33151041666666664 0.0412037037037037 0.33177083333333335 0.0412037037037037 0.3333333333333333 0.03888888888888889 0.33359375 0.03888888888888889 0.33359375 0.038425925925925926 0.3346354166666667 0.03657407407407407 0.3346354166666667 0.03564814814814815 0.33515625 0.03425925925925926 0.33515625 0.03333333333333333 0.33541666666666664 0.03287037037037037 0.33541666666666664 0.02962962962962963 0.33203125 0.017592592592592594 0.3299479166666667 0.012962962962962963 0.3299479166666667 0.0125 0.32890625 0.010648148148148148 0.32786458333333335 0.006944444444444444
2 0.69921875 0.23194444444444445 0.6979166666666666 0.23425925925925925 0.69765625 0.23981481481481481 0.6994791666666667 0.24675925925925926 0.7013020833333333 0.24953703703703703 0.70859375 0.2490740740740741 0.7098958333333333 0.25 0.71328125 0.2569444444444444 0.71640625 0.2671296296296296 0.71875 0.2712962962962963 0.7200520833333334 0.27870370370370373 0.72265625 0.2851851851851852 0.725 0.2953703703703704 0.7268229166666667 0.29907407407407405 0.7322916666666667 0.3189814814814815 0.7341145833333333 0.32314814814814813 0.7359375 0.33101851851851855 0.74140625 0.34675925925925927 0.7484375 0.3712962962962963 0.7502604166666667 0.37453703703703706 0.7520833333333333 0.38425925925925924 0.75703125 0.39861111111111114 0.76015625 0.41203703703703703 0.7640625 0.4203703703703704 0.7661458333333333 0.42777777777777776 0.76796875 0.42962962962962964 0.7708333333333334 0.4300925925925926 0.7760416666666666 0.42592592592592593 0.778125 0.42083333333333334 0.7776041666666667 0.41435185185185186 0.771875 0.39490740740740743 0.76953125 0.38935185185185184 0.7677083333333333 0.3819444444444444 0.765625 0.3773148148148148 0.7645833333333333 0.37083333333333335 0.7611979166666667 0.3611111111111111 0.7604166666666666 0.35694444444444445 0.7580729166666667 0.35185185185185186 0.7559895833333333 0.3425925925925926 0.75390625 0.3384259259259259 0.7513020833333334 0.3296296296296296 0.7494791666666667 0.3263888888888889 0.74765625 0.31527777777777777 0.74609375 0.31203703703703706 0.7434895833333334 0.30092592592592593 0.7421875 0.2986111111111111 0.7395833333333334 0.2875 0.7380208333333333 0.2847222222222222 0.73671875 0.2796296296296296 0.734375 0.2740740740740741 0.7317708333333334 0.26342592592592595 0.7268229166666667 0.25 0.7247395833333333 0.23935185185185184 0.7247395833333333 0.23148148148148148 0.7255208333333333 0.22824074074074074 0.7286458333333333 0.2222222222222222 0.72890625 0.21805555555555556 0.7278645833333334 0.21481481481481482 0.7252604166666666 0.21157407407407408 0.7213541666666666 0.2125 0.71875 0.21574074074074073 0.715625 0.21712962962962962 0.709375 0.22268518518518518 0.7072916666666667 0.22361111111111112 0.7044270833333334 0.22777777777777777
2 0.6606770833333333 0.0060185185185185185 0.6528645833333333 0.012037037037037037 0.6458333333333334 0.020370370370370372 0.6434895833333333 0.025 0.6427083333333333 0.03009259259259259 0.6442708333333333 0.0375 0.6455729166666667 0.04027777777777778 0.646875 0.0412037037037037 0.6536458333333334 0.04212962962962963 0.65546875 0.04537037037037037 0.6578125 0.059722222222222225 0.6622395833333333 0.07962962962962963 0.6677083333333333 0.1087962962962963 0.6763020833333333 0.14629629629629629 0.6885416666666667 0.21064814814814814 0.69375 0.22962962962962963 0.6963541666666667 0.2324074074074074 0.6979166666666666 0.2324074074074074 0.7041666666666667 0.2263888888888889 0.7046875 0.225 0.7046875 0.21805555555555556 0.69375 0.16064814814814815 0.6893229166666667 0.14166666666666666 0.6861979166666666 0.12222222222222222 0.6770833333333334 0.07407407407407407 0.6736979166666667 0.059722222222222225 0.6723958333333333 0.05092592592592592 0.6682291666666667 0.03194444444444444 0.6684895833333333 0.02824074074074074 0.6697916666666667 0.024537037037037038 0.67421875 0.01712962962962963 0.6736979166666667 0.009722222222222222 0.6723958333333333 0.006481481481481481 0.6705729166666666 0.005092592592592593 0.6640625 0.005092592592592593
3 0.5222421875000001 0.5892546296296296 0.5144296875000001 0.5832361111111111 0.5128671875 0.5827731481481482 0.5092213541666667 0.5804583333333333 0.5081796875 0.5804583333333333 0.5079192708333333 0.5799953703703703 0.5040130208333333 0.5799953703703703 0.5003671875 0.5832361111111111 0.49854427083333336 0.5841620370370371 0.49698177083333334 0.5869398148148148 0.49646093750000003 0.5901805555555555 0.49541927083333337 0.5934212962962963 0.4948984375 0.6008287037037037 0.4959401041666667 0.6068472222222222 0.49724218750000004 0.6114768518518519 0.4975026041666667 0.6142546296296296 0.4967213541666667 0.6170324074074074 0.4959401041666667 0.6221249999999999 0.49515885416666666 0.6239768518518518 0.4948984375 0.6258287037037037 0.48916927083333334 0.6406435185185185 0.4878671875 0.6452731481481482 0.48344010416666666 0.6554583333333334 0.4831796875 0.6568472222222222 0.4831796875 0.6600879629629629 0.48291927083333336 0.6605509259259259 0.48291927083333336 0.6633287037037037 0.4831796875 0.6637916666666667 0.48370052083333337 0.6684212962962963 0.48526302083333334 0.671662037037037 0.48760677083333337 0.6735138888888889 0.4881276041666667 0.6735138888888889 0.48864843750000003 0.6744398148148149 0.4917734375 0.6772175925925926 0.4941171875 0.6786064814814815 0.4956796875 0.6786064814814815 0.4959401041666667 0.6781435185185185 0.49698177083333334 0.6781435185185185 0.49724218750000004 0.6776805555555555 0.4988046875 0.6772175925925926 0.5019296875 0.672587962962963 0.5040130208333333 0.6674953703703703 0.5042734375 0.6661064814814814 0.5058359375 0.6628657407407407 0.5068776041666667 0.6600879629629629 0.5076588541666667 0.6568472222222222 0.5081796875 0.6559212962962963 0.5089609375 0.6526805555555555 0.5128671875 0.6424953703703703 0.5136484375 0.6397175925925925 0.5139088541666667 0.6374027777777778 0.5159921875 0.6323101851851851 0.5170338541666667 0.6313842592592592 0.5198984375 0.6313842592592592 0.5201588541666667 0.6318472222222222 0.5238046875 0.6318472222222222 0.5240651041666667 0.6313842592592592 0.5251067708333333 0.6313842592592592 0.5261484375000001 0.6304583333333333 0.5279713541666667 0.6272175925925926 0.5297942708333333 0.6221249999999999 0.5313567708333333 0.6142546296296296 0.5313567708333333 0.6082361111111111 0.5308359375 0.6059212962962963 0.5279713541666667 0.5989768518518518
3 0.62421875 0.7412037037037037 0.6221354166666667 0.7425925925925926 0.6182291666666667 0.7467592592592592 0.6161458333333333 0.7513888888888889 0.615625 0.7532407407407408 0.615625 0.7555555555555555 0.6153645833333333 0.7560185185185185 0.6153645833333333 0.7685185185185185 0.61640625 0.774537037037037 0.6182291666666667 0.7777777777777778 0.6221354166666667 0.7800925925925926 0.62421875 0.7847222222222222 0.6252604166666667 0.7898148148148149 0.6252604166666667 0.7916666666666666 0.6255208333333333 0.7921296296296296 0.6255208333333333 0.8032407407407407 0.62578125 0.8037037037037037 0.62578125 0.8069444444444445 0.6260416666666667 0.8074074074074075 0.6263020833333334 0.8208333333333333 0.6265625 0.8212962962962963 0.6265625 0.8351851851851851 0.6263020833333334 0.8356481481481481 0.6265625 0.8361111111111111 0.6265625 0.8375 0.6278645833333333 0.8421296296296297 0.6291666666666667 0.8439814814814814 0.6309895833333333 0.8453703703703703 0.6330729166666667 0.8458333333333333 0.6333333333333333 0.8462962962962963 0.63515625 0.8462962962962963 0.6354166666666666 0.8467592592592592 0.6375 0.8467592592592592 0.6377604166666667 0.8472222222222222 0.6419270833333334 0.8472222222222222 0.6421875 0.8467592592592592 0.64296875 0.8467592592592592 0.64453125 0.8453703703703703 0.6455729166666667 0.8435185185185186 0.646875 0.836574074074074 0.646875 0.8078703703703703 0.6471354166666666 0.8074074074074075 0.6471354166666666 0.7986111111111112 0.6473958333333333 0.7981481481481482 0.6473958333333333 0.7870370370370371 0.6481770833333333 0.7842592592592592 0.65 0.7810185185185186 0.6513020833333333 0.7800925925925926 0.653125 0.7796296296296297 0.6541666666666667 0.7787037037037037 0.6557291666666667 0.7754629629629629 0.65625 0.7731481481481481 0.65625 0.7708333333333334 0.6567708333333333 0.7680555555555556 0.6565104166666667 0.7601851851851852 0.653125 0.7472222222222222 0.6518229166666667 0.7453703703703703 0.6497395833333334 0.7435185185185185 0.6489583333333333 0.7435185185185185 0.6466145833333333 0.7416666666666667 0.64453125 0.7412037037037037 0.6434895833333333 0.7402777777777778 0.6421875 0.7402777777777778 0.6419270833333334 0.7398148148148148 0.6369791666666667 0.7398148148148148 0.63671875 0.7393518518518518 0.62890625 0.7398148148148148 0.6286458333333333 0.7402777777777778 0.6263020833333334 0.7402777777777778 0.6260416666666667 0.7407407407407407
3 0.6002604166666666 0.6620370370370371 0.59609375 0.6587962962962963 0.5932291666666667 0.6583333333333333 0.59296875 0.6578703703703703 0.5903645833333333 0.6578703703703703 0.5893229166666667 0.6587962962962963 0.5885416666666666 0.6587962962962963 0.5864583333333333 0.6606481481481481 0.5841145833333333 0.6648148148148149 0.5822916666666667 0.6703703703703704 0.5822916666666667 0.6726851851851852 0.58203125 0.6731481481481482 0.58203125 0.6800925925925926 0.5822916666666667 0.6805555555555556 0.5825520833333333 0.6856481481481481 0.5830729166666667 0.6884259259259259 0.5828125 0.6912037037037037 0.5807291666666666 0.6944444444444444 0.5802083333333333 0.6962962962962963 0.5786458333333333 0.6990740740740741 0.5760416666666667 0.7023148148148148 0.5729166666666666 0.7078703703703704 0.5705729166666667 0.7101851851851851 0.56640625 0.7157407407407408 0.5645833333333333 0.7175925925925926 0.5611979166666666 0.7236111111111111 0.5606770833333333 0.725462962962963 0.5606770833333333 0.7328703703703704 0.5627604166666667 0.7393518518518518 0.5643229166666667 0.7430555555555556 0.56875 0.750462962962963 0.5716145833333334 0.7523148148148148 0.5723958333333333 0.7523148148148148 0.575 0.75 0.5755208333333334 0.75 0.5760416666666667 0.7490740740740741 0.5786458333333333 0.7467592592592592 0.5841145833333333 0.7388888888888889 0.58515625 0.736574074074074 0.5875 0.7337962962962963 0.590625 0.7282407407407407 0.5921875 0.7263888888888889 0.5950520833333334 0.7203703703703703 0.59609375 0.7194444444444444 0.5997395833333333 0.7199074074074074 0.6018229166666667 0.7217592592592592 0.6036458333333333 0.7222222222222222 0.60390625 0.7226851851851852 0.6080729166666666 0.7226851851851852 0.6104166666666667 0.7212962962962963 0.61171875 0.7199074074074074 0.6153645833333333 0.7138888888888889 0.6161458333333333 0.7111111111111111 0.6161458333333333 0.7097222222222223 0.6166666666666667 0.7074074074074074 0.6166666666666667 0.7018518518518518 0.61640625 0.7013888888888888 0.61640625 0.6995370370370371 0.615625 0.6953703703703704 0.6140625 0.6898148148148148 0.6130208333333333 0.6875 0.6122395833333333 0.6847222222222222 0.6098958333333333 0.6800925925925926 0.60859375 0.6763888888888889 0.6046875 0.6694444444444444 0.6046875 0.6689814814814815
4 0.7296875 0.44722222222222224 0.7286458333333333 0.44907407407407407 0.728125 0.4546296296296296 0.72890625 0.45740740740740743 0.7315104166666667 0.4625 0.7333333333333333 0.46296296296296297 0.73671875 0.46111111111111114 0.7403645833333333 0.46111111111111114 0.74140625 0.4625 0.7419270833333333 0.4638888888888889 0.7424479166666667 0.4685185185185185 0.74375 0.475 0.7458333333333333 0.4787037037037037 0.7471354166666667 0.48333333333333334 0.75078125 0.49074074074074076 0.7520833333333333 0.49537037037037035 0.7544270833333333 0.500462962962963 0.7552083333333334 0.5037037037037037 0.75703125 0.5078703703703704 0.7598958333333333 0.5166666666666667 0.76171875 0.5203703703703704 0.7630208333333334 0.525 0.7638020833333333 0.5263888888888889 0.7674479166666667 0.5370370370370371 0.7705729166666667 0.5421296296296296 0.7721354166666666 0.5439814814814815 0.7744791666666667 0.5453703703703704 0.7783854166666667 0.5453703703703704 0.7809895833333333 0.5435185185185185 0.7825520833333334 0.5407407407407407 0.7830729166666667 0.5370370370370371 0.7828125 0.5365740740740741 0.7825520833333334 0.5305555555555556 0.7817708333333333 0.5268518518518519 0.7796875 0.5199074074074074 0.7765625 0.5125 0.77578125 0.5092592592592593 0.7736979166666667 0.5050925925925925 0.771875 0.49953703703703706 0.7690104166666667 0.4930555555555556 0.7677083333333333 0.48842592592592593 0.7666666666666667 0.4861111111111111 0.7640625 0.47685185185185186 0.7640625 0.4759259259259259 0.7622395833333333 0.47129629629629627 0.76171875 0.4685185185185185 0.759375 0.462037037037037 0.7565104166666666 0.45555555555555555 0.75546875 0.4513888888888889 0.7549479166666667 0.44675925925925924 0.7565104166666666 0.44212962962962965 0.7591145833333334 0.4375 0.7596354166666667 0.4351851851851852 0.7596354166666667 0.43194444444444446 0.7583333333333333 0.42592592592592593 0.75625 0.4236111111111111 0.7549479166666667 0.4236111111111111 0.7518229166666667 0.42592592592592593 0.7481770833333333 0.42777777777777776 0.74140625 0.43472222222222223 0.7390625 0.43796296296296294 0.73671875 0.4393518518518518 0.7348958333333333 0.44166666666666665 0.7328125 0.44305555555555554 0.7307291666666667 0.4462962962962963
4 0.7088541666666667 0.45925925925925926 0.7067708333333333 0.46064814814814814 0.7044270833333334 0.4638888888888889 0.7028645833333333 0.4648148148148148 0.7018229166666666 0.4648148148148148 0.69921875 0.4671296296296296 0.6973958333333333 0.46805555555555556 0.6942708333333333 0.4722222222222222 0.6893229166666667 0.47638888888888886 0.6877604166666667 0.4791666666666667 0.68515625 0.4810185185185185 0.6841145833333333 0.48333333333333334 0.6838541666666667 0.4898148148148148 0.68515625 0.49398148148148147 0.6864583333333333 0.49583333333333335 0.6885416666666667 0.49722222222222223 0.6908854166666667 0.49722222222222223 0.69375 0.49583333333333335 0.6958333333333333 0.49722222222222223 0.696875 0.49907407407407406 0.69765625 0.5037037037037037 0.6997395833333333 0.5083333333333333 0.7010416666666667 0.513425925925926 0.7036458333333333 0.5203703703703704 0.7044270833333334 0.524074074074074 0.7078125 0.5328703703703703 0.7114583333333333 0.5458333333333333 0.7143229166666667 0.5537037037037037 0.7151041666666667 0.5574074074074075 0.7200520833333334 0.5712962962962963 0.7244791666666667 0.5805555555555556 0.7260416666666667 0.5814814814814815 0.72890625 0.5814814814814815 0.7333333333333333 0.5777777777777777 0.7354166666666667 0.5736111111111111 0.7356770833333334 0.5722222222222222 0.7354166666666667 0.5652777777777778 0.7330729166666666 0.5555555555555556 0.7299479166666667 0.5476851851851852 0.72890625 0.5439814814814815 0.7231770833333333 0.5282407407407408 0.71953125 0.5148148148148148 0.7184895833333333 0.5120370370370371 0.7177083333333333 0.5083333333333333 0.7145833333333333 0.5 0.71171875 0.49027777777777776 0.7111979166666667 0.48657407407407405 0.71015625 0.4837962962962963 0.7098958333333333 0.4810185185185185 0.7111979166666667 0.47685185185185186 0.7140625 0.47175925925925927 0.7145833333333333 0.46944444444444444 0.7145833333333333 0.4675925925925926 0.71328125 0.462037037037037 0.7122395833333334 0.4601851851851852 0.7104166666666667 0.45925925925925926
4 0.6932291666666667 0.8240740740740741 0.6885416666666667 0.8236111111111111 0.6848958333333334 0.8263888888888888 0.6825520833333333 0.8305555555555556 0.6815104166666667 0.8347222222222223 0.6815104166666667 0.8388888888888889 0.68203125 0.8407407407407408 0.68203125 0.8421296296296297 0.6854166666666667 0.8476851851851852 0.6869791666666667 0.8495370370370371 0.6875 0.8513888888888889 0.6880208333333333 0.8564814814814815 0.6859375 0.8625 0.6848958333333334 0.8694444444444445 0.6828125 0.8796296296296297 0.6828125 0.8810185185185185 0.68203125 0.8837962962962963 0.68125 0.8907407407407407 0.6796875 0.8986111111111111 0.6796875 0.9 0.6783854166666666 0.9055555555555556 0.6776041666666667 0.9106481481481481 0.6770833333333334 0.9120370370370371 0.6765625 0.9157407407407407 0.6755208333333333 0.9194444444444444 0.6739583333333333 0.9305555555555556 0.6721354166666667 0.9393518518518519 0.6723958333333333 0.9430555555555555 0.6739583333333333 0.9467592592592593 0.6783854166666666 0.9513888888888888 0.68046875 0.9523148148148148 0.6817708333333333 0.9523148148148148 0.6838541666666667 0.95 0.6846354166666667 0.9481481481481482 0.6861979166666666 0.9421296296296297 0.6872395833333333 0.9361111111111111 0.68984375 0.9254629629629629 0.68984375 0.924074074074074 0.690625 0.9212962962962963 0.69140625 0.9157407407407407 0.69296875 0.9087962962962963 0.6932291666666667 0.9060185185185186 0.69375 0.9046296296296297 0.69375 0.9032407407407408 0.6950520833333333 0.8972222222222223 0.6953125 0.8944444444444445 0.6971354166666667 0.8865740740740741 0.6984375 0.8782407407407408 0.7 0.8722222222222222 0.70078125 0.8662037037037037 0.70234375 0.8638888888888889 0.7072916666666667 0.861574074074074 0.7083333333333334 0.861574074074074 0.7125 0.8587962962962963 0.7135416666666666 0.8560185185185185 0.7135416666666666 0.8546296296296296 0.7140625 0.8527777777777777 0.7143229166666667 0.8495370370370371 0.7135416666666666 0.8449074074074074 0.70546875 0.8314814814814815 0.70234375 0.8287037037037037 0.6950520833333333 0.825462962962963
4 0.6567708333333333 0.8342592592592593 0.6565104166666667 0.8347222222222223 0.6546875 0.8347222222222223 0.6533854166666667 0.8356481481481481 0.6526041666666667 0.8375 0.6513020833333333 0.8439814814814814 0.6513020833333333 0.8486111111111111 0.6505208333333333 0.8532407407407407 0.6502604166666667 0.8587962962962963 0.65 0.8592592592592593 0.65 0.8652777777777778 0.6497395833333334 0.8657407407407407 0.6494791666666667 0.8740740740740741 0.64921875 0.874537037037037 0.6479166666666667 0.8962962962962963 0.646875 0.9023148148148148 0.6466145833333333 0.9083333333333333 0.6458333333333334 0.9120370370370371 0.6453125 0.9175925925925926 0.6447916666666667 0.9194444444444444 0.6440104166666667 0.9259259259259259 0.6424479166666667 0.9314814814814815 0.6408854166666667 0.9342592592592592 0.6390625 0.9356481481481481 0.6348958333333333 0.9361111111111111 0.63359375 0.9375 0.6325520833333333 0.9416666666666667 0.6322916666666667 0.9472222222222222 0.634375 0.9537037037037037 0.6385416666666667 0.9578703703703704 0.64453125 0.9611111111111111 0.6453125 0.9611111111111111 0.6471354166666666 0.9625 0.653125 0.9643518518518519 0.6533854166666667 0.9648148148148148 0.66171875 0.9652777777777778 0.6630208333333333 0.9643518518518519 0.66484375 0.9606481481481481 0.665625 0.9560185185185185 0.6653645833333334 0.9490740740740741 0.6640625 0.9458333333333333 0.6622395833333333 0.9439814814814815 0.66015625 0.9430555555555555 0.6588541666666666 0.9412037037037037 0.6578125 0.937037037037037 0.6575520833333334 0.9324074074074075 0.65859375 0.9268518518518518 0.659375 0.9069444444444444 0.6604166666666667 0.8981481481481481 0.6606770833333333 0.8916666666666667 0.6614583333333334 0.887962962962963 0.66171875 0.8828703703703704 0.6625 0.8768518518518519 0.6625 0.8736111111111111 0.6627604166666666 0.8731481481481481 0.6630208333333333 0.8638888888888889 0.66328125 0.8634259259259259 0.66328125 0.8592592592592593 0.6635416666666667 0.8587962962962963 0.6638020833333333 0.8421296296296297 0.6627604166666666 0.8379629629629629 0.6614583333333334 0.8361111111111111 0.6580729166666667 0.8342592592592593
4 0.63046875 0.8888888888888888 0.628125 0.8870370370370371 0.6276041666666666 0.8861111111111111 0.6244791666666667 0.8851851851851852 0.6231770833333333 0.8842592592592593 0.6205729166666667 0.8842592592592593 0.6203125 0.8847222222222222 0.61875 0.8847222222222222 0.6166666666666667 0.8861111111111111 0.6140625 0.8907407407407407 0.6140625 0.8925925925925926 0.6138020833333333 0.8930555555555556 0.6145833333333334 0.8962962962962963 0.6145833333333334 0.8976851851851851 0.615625 0.9018518518518519 0.6171875 0.9060185185185186 0.6171875 0.9125 0.61640625 0.9138888888888889 0.615625 0.9143518518518519 0.61171875 0.9222222222222223 0.6067708333333334 0.9365740740740741 0.6020833333333333 0.9476851851851852 0.6010416666666667 0.950925925925926 0.59609375 0.961574074074074 0.59453125 0.9657407407407408 0.5916666666666667 0.9708333333333333 0.58984375 0.975 0.58828125 0.9814814814814815 0.5885416666666666 0.9879629629629629 0.58984375 0.9916666666666667 0.5921875 0.9962962962962963 0.59375 0.9976851851851852 0.59609375 0.9981481481481481 0.5979166666666667 0.9962962962962963 0.60078125 0.9916666666666667 0.6059895833333333 0.9796296296296296 0.60859375 0.9745370370370371 0.609375 0.9717592592592592 0.6119791666666666 0.9662037037037037 0.6184895833333334 0.9495370370370371 0.6200520833333333 0.9467592592592593 0.6239583333333333 0.9375 0.6260416666666667 0.9337962962962963 0.6276041666666666 0.9300925925925926 0.6299479166666667 0.9282407407407407 0.6356770833333333 0.9282407407407407 0.6377604166666667 0.9273148148148148 0.6401041666666667 0.9254629629629629 0.6416666666666667 0.9222222222222223 0.6421875 0.9203703703703704 0.6421875 0.9171296296296296 0.6416666666666667 0.913425925925926 0.6393229166666666 0.9087962962962963 0.6385416666666667 0.9055555555555556 0.6375 0.9032407407407408 0.6356770833333333 0.8972222222222223 0.6322916666666667 0.8912037037037037
4 0.5997395833333333 0.8148148148148148 0.5963541666666666 0.8111111111111111 0.5940104166666667 0.8097222222222222 0.5921875 0.8078703703703703 0.5872395833333334 0.8078703703703703 0.58515625 0.8097222222222222 0.5846354166666666 0.8097222222222222 0.5833333333333334 0.8115740740740741 0.5822916666666667 0.8148148148148148 0.5817708333333333 0.8180555555555555 0.5817708333333333 0.8208333333333333 0.5815104166666667 0.8212962962962963 0.58203125 0.825925925925926 0.5833333333333334 0.8300925925925926 0.5833333333333334 0.8361111111111111 0.5799479166666667 0.8421296296296297 0.5791666666666667 0.8449074074074074 0.5752604166666667 0.8546296296296296 0.5734375 0.8578703703703704 0.5721354166666667 0.8611111111111112 0.56953125 0.8652777777777778 0.56875 0.8675925925925926 0.5658854166666667 0.8731481481481481 0.5611979166666666 0.8837962962962963 0.5549479166666667 0.8949074074074074 0.5536458333333333 0.8986111111111111 0.5533854166666666 0.9018518518518519 0.553125 0.9023148148148148 0.553125 0.9046296296296297 0.5528645833333333 0.9050925925925926 0.553125 0.9078703703703703 0.5546875 0.9125 0.5565104166666667 0.9157407407407407 0.5588541666666667 0.9171296296296296 0.5609375 0.9171296296296296 0.5630208333333333 0.9148148148148149 0.5661458333333333 0.9092592592592592 0.5729166666666666 0.8944444444444445 0.5747395833333333 0.8912037037037037 0.5755208333333334 0.8888888888888888 0.578125 0.8842592592592593 0.58203125 0.875462962962963 0.5911458333333334 0.8574074074074074 0.5919270833333333 0.8546296296296296 0.59296875 0.8527777777777777 0.5953125 0.850925925925926 0.5989583333333334 0.8513888888888889 0.6018229166666667 0.8527777777777777 0.6041666666666666 0.8527777777777777 0.6059895833333333 0.8513888888888889 0.6080729166666666 0.8481481481481481 0.609375 0.8444444444444444 0.609375 0.8407407407407408 0.60859375 0.8356481481481481 0.6067708333333334 0.8291666666666667 0.6044270833333333 0.8231481481481482
4 0.6109375 0.6486111111111111 0.6106770833333334 0.6537037037037037 0.6104166666666667 0.6541666666666667 0.6106770833333334 0.6587962962962963 0.61171875 0.6625 0.61328125 0.6643518518518519 0.6153645833333333 0.6657407407407407 0.6197916666666666 0.6666666666666666 0.6276041666666666 0.6708333333333333 0.6346354166666667 0.6731481481481482 0.6393229166666666 0.6759259259259259 0.6416666666666667 0.6763888888888889 0.65234375 0.6814814814814815 0.6567708333333333 0.6828703703703703 0.6614583333333334 0.6856481481481481 0.6651041666666667 0.6865740740740741 0.6666666666666666 0.6898148148148148 0.6669270833333333 0.6967592592592593 0.6677083333333333 0.700462962962963 0.66875 0.7023148148148148 0.6705729166666666 0.7037037037037037 0.67265625 0.7046296296296296 0.67421875 0.7046296296296296 0.6770833333333334 0.700462962962963 0.6783854166666666 0.6967592592592593 0.6794270833333333 0.6912037037037037 0.6796875 0.6842592592592592 0.6809895833333334 0.675 0.6809895833333334 0.6712962962962963 0.68125 0.6708333333333333 0.6815104166666667 0.6662037037037037 0.68203125 0.6638888888888889 0.68203125 0.6546296296296297 0.68125 0.6518518518518519 0.6799479166666667 0.649537037037037 0.6783854166666666 0.6481481481481481 0.67421875 0.6481481481481481 0.6729166666666667 0.65 0.6716145833333333 0.6555555555555556 0.67109375 0.6606481481481481 0.6697916666666667 0.6625 0.6653645833333334 0.6620370370370371 0.6638020833333333 0.6611111111111111 0.6596354166666667 0.6601851851851852 0.6572916666666667 0.6587962962962963 0.653125 0.6574074074074074 0.6481770833333333 0.6546296296296297 0.6471354166666666 0.6546296296296297 0.6458333333333334 0.6537037037037037 0.6447916666666667 0.6537037037037037 0.640625 0.6518518518518519 0.6380208333333334 0.6513888888888889 0.6315104166666666 0.6481481481481481 0.6291666666666667 0.6476851851851851 0.62578125 0.6458333333333334 0.6247395833333333 0.6458333333333334 0.621875 0.6444444444444445 0.6203125 0.6444444444444445 0.6200520833333333 0.6439814814814815 0.6145833333333334 0.6435185185185185 0.6125 0.6453703703703704
4 0.6028645833333334 0.5935185185185186 0.5986979166666667 0.5902777777777778 0.5955729166666667 0.5893518518518519 0.5953125 0.5888888888888889 0.5921875 0.5888888888888889 0.5919270833333333 0.5884259259259259 0.5869791666666667 0.5884259259259259 0.5859375 0.5888888888888889 0.584375 0.5902777777777778 0.5833333333333334 0.5925925925925926 0.5833333333333334 0.600462962962963 0.5856770833333333 0.6074074074074074 0.5864583333333333 0.612037037037037 0.5864583333333333 0.6152777777777778 0.5838541666666667 0.624537037037037 0.5822916666666667 0.6287037037037037 0.5815104166666667 0.6319444444444444 0.58046875 0.6342592592592593 0.5799479166666667 0.6365740740740741 0.5755208333333334 0.6476851851851851 0.57265625 0.6569444444444444 0.5697916666666667 0.6638888888888889 0.5692708333333333 0.6666666666666666 0.5661458333333333 0.6754629629629629 0.5625 0.687962962962963 0.5619791666666667 0.6912037037037037 0.5622395833333333 0.6939814814814815 0.56328125 0.6981481481481482 0.56484375 0.700462962962963 0.56875 0.7032407407407407 0.5705729166666667 0.7023148148148148 0.5721354166666667 0.700925925925926 0.5763020833333333 0.6935185185185185 0.5770833333333333 0.6912037037037037 0.578125 0.6847222222222222 0.58046875 0.6773148148148148 0.5817708333333333 0.6694444444444444 0.5830729166666667 0.6648148148148149 0.5841145833333333 0.6620370370370371 0.5895833333333333 0.6523148148148148 0.5911458333333334 0.6486111111111111 0.5934895833333333 0.6407407407407407 0.5958333333333333 0.6347222222222222 0.596875 0.6305555555555555 0.5994791666666667 0.625 0.6044270833333333 0.625 0.6046875 0.625462962962963 0.6072916666666667 0.6259259259259259 0.6098958333333333 0.6240740740740741 0.6109375 0.6222222222222222 0.6125 0.6157407407407407 0.6125 0.6125 0.6119791666666666 0.6097222222222223 0.6111979166666667 0.6074074074074074 0.6088541666666667 0.6032407407407407 0.6080729166666666 0.600925925925926 0.6065104166666667 0.5981481481481481
5 0.5044270833333333 0.33055555555555555 0.5020833333333333 0.3287037037037037 0.4984375 0.3296296296296296 0.496875 0.33055555555555555 0.49635416666666665 0.3314814814814815 0.49296875 0.33425925925925926 0.48984375 0.33611111111111114 0.48854166666666665 0.3375 0.48203125 0.34120370370370373 0.478125 0.34444444444444444 0.4747395833333333 0.34629629629629627 0.47109375 0.34953703703703703 0.46927083333333336 0.34953703703703703 0.4674479166666667 0.34814814814814815 0.46640625 0.3458333333333333 0.465625 0.34120370370370373 0.46380208333333334 0.3384259259259259 0.46171875 0.3384259259259259 0.45859375 0.3402777777777778 0.45598958333333334 0.34305555555555556 0.45546875 0.34444444444444444 0.45546875 0.35 0.45651041666666664 0.35509259259259257 0.45651041666666664 0.35648148148148145 0.45677083333333335 0.35694444444444445 0.4578125 0.36527777777777776 0.46041666666666664 0.375 0.46119791666666665 0.3800925925925926 0.46171875 0.3814814814814815 0.4622395833333333 0.38472222222222224 0.46380208333333334 0.38981481481481484 0.46432291666666664 0.39305555555555555 0.46536458333333336 0.39537037037037037 0.4661458333333333 0.39814814814814814 0.4669270833333333 0.399537037037037 0.46953125 0.4013888888888889 0.4713541666666667 0.4013888888888889 0.47369791666666666 0.4 0.47630208333333335 0.3976851851851852 0.47682291666666665 0.3958333333333333 0.47708333333333336 0.3921296296296296 0.47630208333333335 0.38796296296296295 0.47578125 0.38657407407407407 0.47578125 0.38472222222222224 0.47552083333333334 0.3837962962962963 0.47578125 0.38333333333333336 0.47578125 0.38101851851851853 0.47682291666666665 0.3787037037037037 0.47890625 0.37777777777777777 0.47942708333333334 0.3768518518518518 0.4830729166666667 0.3736111111111111 0.4856770833333333 0.3726851851851852 0.49661458333333336 0.3662037037037037 0.4986979166666667 0.3638888888888889 0.5018229166666667 0.3611111111111111 0.50234375 0.3611111111111111 0.5044270833333333 0.3587962962962963 0.5067708333333333 0.35694444444444445 0.5080729166666667 0.35462962962962963 0.50859375 0.3523148148148148 0.5083333333333333 0.34444444444444444 0.5065104166666666 0.33796296296296297 0.5059895833333333 0.3347222222222222 0.5052083333333334 0.33194444444444443
5 0.4359375 0.6277777777777778 0.4348958333333333 0.6287037037037037 0.43385416666666665 0.6305555555555555 0.4315104166666667 0.6333333333333333 0.4296875 0.6370370370370371 0.42864583333333334 0.6412037037037037 0.42864583333333334 0.6439814814814815 0.42890625 0.6444444444444445 0.42916666666666664 0.6476851851851851 0.4309895833333333 0.6523148148148148 0.4348958333333333 0.6592592592592592 0.4348958333333333 0.6597222222222222 0.43515625 0.6597222222222222 0.43671875 0.6625 0.4388020833333333 0.6652777777777777 0.44140625 0.6703703703703704 0.44140625 0.6708333333333333 0.44192708333333336 0.6712962962962963 0.4421875 0.6722222222222223 0.4432291666666667 0.6736111111111112 0.44375 0.675 0.44921875 0.6842592592592592 0.44921875 0.6856481481481481 0.44947916666666665 0.6861111111111111 0.44947916666666665 0.6986111111111111 0.45 0.700462962962963 0.45026041666666666 0.7032407407407407 0.4513020833333333 0.7064814814814815 0.4544270833333333 0.712037037037037 0.4549479166666667 0.7125 0.45625 0.7125 0.45651041666666664 0.7129629629629629 0.4583333333333333 0.7129629629629629 0.46015625 0.711574074074074 0.46067708333333335 0.7106481481481481 0.4635416666666667 0.7083333333333334 0.4640625 0.7074074074074074 0.4661458333333333 0.7055555555555556 0.46901041666666665 0.700925925925926 0.4708333333333333 0.6986111111111111 0.4708333333333333 0.6981481481481482 0.475 0.6907407407407408 0.4765625 0.6861111111111111 0.47734375 0.6847222222222222 0.4786458333333333 0.6800925925925926 0.4786458333333333 0.6791666666666667 0.4791666666666667 0.6773148148148148 0.4791666666666667 0.6694444444444444 0.47760416666666666 0.6643518518518519 0.47630208333333335 0.6620370370370371 0.4747395833333333 0.6601851851851852 0.47421875 0.6601851851851852 0.4739583333333333 0.6597222222222222 0.47239583333333335 0.6597222222222222 0.47213541666666664 0.6592592592592592 0.4700520833333333 0.6592592592592592 0.46875 0.6601851851851852 0.46770833333333334 0.6601851851851852 0.4674479166666667 0.6606481481481481 0.4666666666666667 0.6606481481481481 0.46640625 0.6611111111111111 0.465625 0.6611111111111111 0.46536458333333336 0.6615740740740741 0.4640625 0.6620370370370371 0.46328125 0.662962962962963 0.46197916666666666 0.662962962962963 0.46119791666666665 0.6620370370370371 0.46067708333333335 0.6620370370370371 0.4588541666666667 0.6601851851851852 0.45677083333333335 0.6569444444444444 0.4544270833333333 0.6541666666666667 0.4484375 0.6439814814814815 0.44817708333333334 0.6439814814814815 0.44635416666666666 0.6407407407407407 0.4453125 0.637962962962963 0.4427083333333333 0.6333333333333333 0.44114583333333335 0.6291666666666667 0.43984375 0.6268518518518519 0.43854166666666666 0.6263888888888889 0.43671875 0.6277777777777778
6 0.5796875 0.2361111111111111 0.57734375 0.24027777777777778 0.57734375 0.24074074074074073 0.5770833333333333 0.2412037037037037 0.5770833333333333 0.24166666666666667 0.5768229166666666 0.24212962962962964 0.5768229166666666 0.24259259259259258 0.5765625 0.24305555555555555 0.5763020833333333 0.24444444444444444 0.57578125 0.24537037037037038 0.57578125 0.24583333333333332 0.5755208333333334 0.2462962962962963 0.5755208333333334 0.24768518518518517 0.5752604166666667 0.24814814814814815 0.5752604166666667 0.2518518518518518 0.575 0.2523148148148148 0.575 0.25416666666666665 0.5747395833333333 0.25462962962962965 0.5747395833333333 0.25555555555555554 0.5744791666666667 0.25601851851851853 0.5744791666666667 0.2564814814814815 0.57421875 0.2569444444444444 0.57421875 0.25787037037037036 0.5739583333333333 0.25833333333333336 0.5739583333333333 0.26064814814814813 0.5736979166666667 0.2611111111111111 0.5739583333333333 0.26157407407407407 0.5739583333333333 0.26296296296296295 0.57421875 0.26342592592592595 0.57421875 0.26481481481481484 0.5744791666666667 0.2652777777777778 0.5744791666666667 0.2662037037037037 0.575 0.2671296296296296 0.575 0.2675925925925926 0.5755208333333334 0.26851851851851855 0.5755208333333334 0.2689814814814815 0.5770833333333333 0.27175925925925926 0.5770833333333333 0.2722222222222222 0.578125 0.2740740740740741 0.578125 0.274537037037037 0.58125 0.2800925925925926 0.5815104166666667 0.2800925925925926 0.5825520833333333 0.28194444444444444 0.5828125 0.28194444444444444 0.58359375 0.2828703703703704 0.5841145833333333 0.2828703703703704 0.584375 0.2833333333333333 0.5848958333333333 0.2833333333333333 0.58515625 0.2828703703703704 0.58828125 0.2828703703703704 0.5885416666666666 0.2824074074074074 0.5893229166666667 0.2824074074074074 0.5895833333333333 0.28194444444444444 0.590625 0.28194444444444444 0.5908854166666667 0.2814814814814815 0.5916666666666667 0.2814814814814815 0.5919270833333333 0.2810185185185185 0.5932291666666667 0.2810185185185185 0.5934895833333333 0.28055555555555556 0.59453125 0.28055555555555556 0.5947916666666667 0.2800925925925926 0.5955729166666667 0.2800925925925926 0.5958333333333333 0.2796296296296296 0.5963541666666666 0.2796296296296296 0.5966145833333333 0.2791666666666667 0.596875 0.2791666666666667 0.5971354166666667 0.27870370370370373 0.5979166666666667 0.27824074074074073 0.5989583333333334 0.2763888888888889 0.5989583333333334 0.2759259259259259 0.5994791666666667 0.275 0.5994791666666667 0.274537037037037 0.5997395833333333 0.2740740740740741 0.5997395833333333 0.27314814814814814 0.6 0.2726851851851852 0.6 0.27175925925925926 0.6002604166666666 0.2712962962962963 0.6002604166666666 0.27037037037037037 0.6005208333333333 0.26990740740740743 0.6005208333333333 0.26851851851851855 0.60078125 0.26805555555555555 0.60078125 0.2671296296296296 0.6010416666666667 0.26666666666666666 0.6010416666666667 0.2652777777777778 0.6013020833333333 0.26481481481481484 0.6013020833333333 0.26296296296296295 0.6015625 0.2625 0.6015625 0.25972222222222224 0.6018229166666667 0.25925925925925924 0.6018229166666667 0.2537037037037037 0.6015625 0.25324074074074077 0.6015625 0.25092592592592594 0.6013020833333333 0.25046296296296294 0.6013020833333333 0.2490740740740741 0.6010416666666667 0.24861111111111112 0.6010416666666667 0.24768518518518517 0.60078125 0.24722222222222223 0.6005208333333333 0.24583333333333332 0.6 0.2449074074074074 0.6 0.24444444444444444 0.59921875 0.24305555555555555 0.59921875 0.24259259259259258 0.5955729166666667 0.2361111111111111 0.5953125 0.2361111111111111 0.5947916666666667 0.2351851851851852 0.59453125 0.2351851851851852 0.5942708333333333 0.23472222222222222 0.5940104166666667 0.23472222222222222 0.5927083333333333 0.23333333333333334 0.5921875 0.23333333333333334 0.5919270833333333 0.23287037037037037 0.5901041666666667 0.23287037037037037 0.58984375 0.2324074074074074 0.584375 0.2324074074074074 0.5841145833333333 0.23287037037037037 0.58359375 0.23287037037037037 0.5822916666666667 0.23425925925925925 0.5817708333333333 0.23425925925925925 0.5815104166666667 0.23472222222222222 0.58125 0.23472222222222222 0.5809895833333333 0.2351851851851852 0.5807291666666666 0.2351851851851852 0.58046875 0.23564814814814813
6 0.3958333333333333 0.4185185185185185 0.3921875 0.425462962962963 0.3921875 0.42592592592592593 0.3919270833333333 0.4263888888888889 0.39088541666666665 0.4305555555555556 0.39036458333333335 0.43148148148148147 0.39036458333333335 0.43194444444444446 0.38984375 0.43287037037037035 0.38958333333333334 0.43425925925925923 0.3890625 0.4351851851851852 0.3890625 0.4361111111111111 0.3888020833333333 0.43657407407407406 0.3888020833333333 0.4375 0.3885416666666667 0.43796296296296294 0.3885416666666667 0.4388888888888889 0.38828125 0.4393518518518518 0.38828125 0.44027777777777777 0.3880208333333333 0.44074074074074077 0.3880208333333333 0.4444444444444444 0.38828125 0.4449074074074074 0.38828125 0.4476851851851852 0.3890625 0.45 0.3890625 0.45092592592592595 0.38958333333333334 0.45185185185185184 0.39010416666666664 0.45416666666666666 0.390625 0.4550925925925926 0.390625 0.45555555555555555 0.3919270833333333 0.4597222222222222 0.3919270833333333 0.46064814814814814 0.3921875 0.46111111111111114 0.3924479166666667 0.4625 0.39296875 0.4634259259259259 0.39296875 0.4638888888888889 0.39427083333333335 0.46620370370370373 0.39427083333333335 0.4666666666666667 0.39479166666666665 0.4675925925925926 0.39479166666666665 0.46805555555555556 0.39557291666666666 0.46944444444444444 0.3958333333333333 0.46944444444444444 0.3966145833333333 0.4703703703703704 0.39765625 0.4703703703703704 0.39791666666666664 0.4708333333333333 0.39947916666666666 0.4708333333333333 0.3997395833333333 0.47129629629629627 0.4049479166666667 0.47129629629629627 0.40520833333333334 0.47175925925925927 0.4125 0.47175925925925927 0.4127604166666667 0.47129629629629627 0.41354166666666664 0.4708333333333333 0.41484375 0.4685185185185185 0.415625 0.4652777777777778 0.4161458333333333 0.46435185185185185 0.4161458333333333 0.4638888888888889 0.4171875 0.46064814814814814 0.4171875 0.4597222222222222 0.41848958333333336 0.45555555555555555 0.41848958333333336 0.4546296296296296 0.41875 0.45416666666666666 0.41875 0.4537037037037037 0.41953125 0.4513888888888889 0.41953125 0.45046296296296295 0.4203125 0.44814814814814813 0.4203125 0.4449074074074074 0.4205729166666667 0.4444444444444444 0.4205729166666667 0.4398148148148148 0.4203125 0.4393518518518518 0.4200520833333333 0.43703703703703706 0.41953125 0.4356481481481482 0.41953125 0.43472222222222223 0.4192708333333333 0.43425925925925923 0.41901041666666666 0.43287037037037035 0.41848958333333336 0.43194444444444446 0.41822916666666665 0.4305555555555556 0.41770833333333335 0.42962962962962964 0.41770833333333335 0.4287037037037037 0.41692708333333334 0.42685185185185187 0.4166666666666667 0.425462962962963 0.4153645833333333 0.42314814814814816 0.4153645833333333 0.42268518518518516 0.41510416666666666 0.42268518518518516 0.41432291666666665 0.4212962962962963 0.41432291666666665 0.42083333333333334 0.4127604166666667 0.4185185185185185 0.4125 0.4185185185185185 0.4122395833333333 0.41805555555555557 0.41171875 0.41805555555555557 0.4114583333333333 0.41759259259259257 0.41041666666666665 0.41759259259259257 0.41015625 0.41712962962962963 0.4088541666666667 0.41712962962962963 0.40859375 0.4166666666666667 0.40572916666666664 0.4166666666666667 0.40546875 0.4162037037037037 0.40208333333333335 0.4162037037037037 0.40182291666666664 0.4166666666666667 0.39921875 0.4166666666666667 0.39895833333333336 0.41712962962962963 0.39791666666666664 0.41712962962962963 0.39765625 0.41759259259259257 0.396875 0.41759259259259257 0.3966145833333333 0.41805555555555557
6 0.446875 0.014351851851851852 0.44505208333333335 0.014351851851851852 0.44479166666666664 0.013888888888888888 0.44192708333333336 0.013888888888888888 0.44166666666666665 0.014351851851851852 0.4401041666666667 0.014351851851851852 0.43984375 0.014814814814814815 0.4388020833333333 0.014814814814814815 0.43776041666666665 0.01574074074074074 0.43697916666666664 0.01574074074074074 0.43671875 0.016203703703703703 0.4361979166666667 0.016203703703703703 0.43463541666666666 0.017592592592592594 0.4328125 0.020370370370370372 0.4317708333333333 0.021296296296296296 0.42994791666666665 0.024074074074074074 0.42994791666666665 0.024537037037037038 0.42890625 0.02638888888888889 0.42890625 0.026851851851851852 0.428125 0.02824074074074074 0.4278645833333333 0.02962962962962963 0.42734375 0.030555555555555555 0.42604166666666665 0.03518518518518519 0.42604166666666665 0.03611111111111111 0.42552083333333335 0.0375 0.42552083333333335 0.038425925925925926 0.42526041666666664 0.03888888888888889 0.42526041666666664 0.040740740740740744 0.425 0.0412037037037037 0.425 0.04259259259259259 0.42473958333333334 0.043055555555555555 0.42473958333333334 0.04861111111111111 0.4244791666666667 0.049074074074074076 0.4244791666666667 0.05138888888888889 0.42473958333333334 0.05185185185185185 0.42473958333333334 0.05462962962962963 0.425 0.055092592592592596 0.425 0.05740740740740741 0.42526041666666664 0.05787037037037037 0.42526041666666664 0.059722222222222225 0.42578125 0.06111111111111111 0.42604166666666665 0.06342592592592593 0.4265625 0.06481481481481481 0.4265625 0.06574074074074074 0.4270833333333333 0.06759259259259259 0.4283854166666667 0.07037037037037037 0.4283854166666667 0.07083333333333333 0.42942708333333335 0.07268518518518519 0.42942708333333335 0.07314814814814814 0.4315104166666667 0.0763888888888889 0.4317708333333333 0.0763888888888889 0.4322916666666667 0.07731481481481481 0.43307291666666664 0.07777777777777778 0.434375 0.07962962962962963 0.4359375 0.08101851851851852 0.43671875 0.08101851851851852 0.43697916666666664 0.08148148148148149 0.43776041666666665 0.08148148148148149 0.43802083333333336 0.08194444444444444 0.4388020833333333 0.08194444444444444 0.4390625 0.0824074074074074 0.44375 0.0824074074074074 0.4440104166666667 0.08194444444444444 0.44479166666666664 0.08194444444444444 0.44505208333333335 0.08148148148148149 0.44557291666666665 0.08148148148148149 0.44583333333333336 0.08101851851851852 0.4471354166666667 0.08055555555555556 0.44817708333333334 0.07962962962962963 0.44869791666666664 0.0787037037037037 0.4518229166666667 0.07592592592592592 0.45260416666666664 0.07453703703703704 0.45286458333333335 0.07453703703703704 0.45546875 0.0699074074074074 0.45546875 0.06944444444444445 0.45729166666666665 0.06574074074074074 0.45729166666666665 0.06527777777777778 0.4583333333333333 0.06296296296296296 0.45859375 0.06157407407407407 0.4591145833333333 0.060648148148148145 0.4596354166666667 0.0587962962962963 0.4596354166666667 0.05787037037037037 0.46015625 0.05648148148148148 0.46041666666666664 0.05416666666666667 0.46067708333333335 0.053703703703703705 0.46067708333333335 0.05185185185185185 0.4609375 0.05138888888888889 0.4609375 0.04212962962962963 0.46067708333333335 0.041666666666666664 0.46067708333333335 0.03888888888888889 0.46041666666666664 0.038425925925925926 0.46041666666666664 0.037037037037037035 0.4596354166666667 0.034722222222222224 0.4596354166666667 0.033796296296296297 0.4588541666666667 0.03194444444444444 0.4583333333333333 0.02962962962962963 0.4578125 0.028703703703703703 0.4578125 0.02824074074074074 0.45729166666666665 0.027314814814814816 0.45677083333333335 0.02546296296296296 0.45598958333333334 0.024074074074074074 0.45598958333333334 0.02361111111111111 0.4544270833333333 0.020833333333333332 0.45416666666666666 0.020833333333333332 0.45364583333333336 0.01990740740740741 0.45338541666666665 0.01990740740740741 0.45286458333333335 0.01898148148148148 0.45260416666666664 0.01898148148148148 0.45208333333333334 0.018055555555555554 0.4518229166666667 0.018055555555555554 0.4513020833333333 0.01712962962962963 0.45026041666666666 0.016203703703703703 0.44973958333333336 0.016203703703703703 0.44947916666666665 0.01574074074074074 0.44895833333333335 0.01574074074074074 0.4479166666666667 0.014814814814814815 0.4471354166666667 0.014814814814814815
