1 0.14973958333333334 4.62962962962963e-05 0.14427083333333332 4.62962962962963e-05 0.14427083333333332 0.0023148148148148147 0.14375 0.004166666666666667 0.14296875 0.005092592592592593 0.14296875 0.005555555555555556 0.1421875 0.006944444444444444 0.14166666666666666 0.008796296296296297 0.140625 0.010648148148148148 0.13958333333333334 0.011574074074074073 0.1390625 0.011574074074074073 0.13880208333333333 0.012037037037037037 0.1375 0.0125 0.13541666666666666 0.014351851851851852 0.13411458333333334 0.016666666666666666 0.13411458333333334 0.017592592592592594 0.13385416666666666 0.018055555555555554 0.13385416666666666 0.021296296296296296 0.13411458333333334 0.02175925925925926 0.13411458333333334 0.02638888888888889 0.134375 0.026851851851851852 0.134375 0.02824074074074074 0.13489583333333333 0.03009259259259259 0.13463541666666667 0.030555555555555555 0.13463541666666667 0.03194444444444444 0.13307291666666668 0.034722222222222224 0.1328125 0.034722222222222224 0.13203125 0.03611111111111111 0.13125 0.03657407407407407 0.12942708333333333 0.03981481481481482 0.12942708333333333 0.04027777777777778 0.12734375 0.04398148148148148 0.12708333333333333 0.04398148148148148 0.12682291666666667 0.04490740740740741 0.12630208333333334 0.04537037037037037 0.12630208333333334 0.04583333333333333 0.125 0.04814814814814815 0.125 0.04861111111111111 0.12369791666666667 0.05092592592592592 0.1234375 0.05185185185185185 0.1234375 0.05555555555555555 0.12369791666666667 0.056018518518518516 0.12369791666666667 0.05787037037037037 0.12604166666666666 0.06157407407407407 0.12682291666666667 0.062037037037037036 0.12734375 0.06296296296296296 0.12838541666666667 0.06296296296296296 0.12864583333333332 0.06342592592592593 0.12916666666666668 0.06342592592592593 0.13020833333333334 0.06435185185185185 0.13046875 0.06388888888888888 0.13125 0.06388888888888888 0.13255208333333332 0.06157407407407407 0.1328125 0.06157407407407407 0.13541666666666666 0.05694444444444444 0.13541666666666666 0.05648148148148148 0.13671875 0.05416666666666667 0.13671875 0.053703703703703705 0.1390625 0.04953703703703704 0.1390625 0.049074074074074076 0.13984375 0.047685185185185185 0.14010416666666667 0.047685185185185185 0.14088541666666668 0.046296296296296294 0.14114583333333333 0.046296296296296294 0.14270833333333333 0.04398148148148148 0.14427083333333332 0.04259259259259259 0.14479166666666668 0.04259259259259259 0.14505208333333333 0.04212962962962963 0.14661458333333333 0.04212962962962963 0.146875 0.041666666666666664 0.14765625 0.041666666666666664 0.14791666666666667 0.04212962962962963 0.14973958333333334 0.04212962962962963 0.15 0.041666666666666664 0.15078125 0.041666666666666664 0.15286458333333333 0.03981481481481482 0.15390625 0.03796296296296296 0.15442708333333333 0.03611111111111111 0.15442708333333333 0.03518518518518519 0.1546875 0.034722222222222224 0.15494791666666666 0.032407407407407406 0.15546875 0.03148148148148148 0.15572916666666667 0.03009259259259259 0.15677083333333333 0.02824074074074074 0.1578125 0.027314814814814816 0.15911458333333334 0.025 0.159375 0.022685185185185187 0.15911458333333334 0.022222222222222223 0.15911458333333334 0.01990740740740741 0.15885416666666666 0.019444444444444445 0.15885416666666666 0.017592592592592594 0.15833333333333333 0.01574074074074074 0.15755208333333334 0.014351851851851852 0.15729166666666666 0.014351851851851852 0.15390625 0.00787037037037037 0.15364583333333334 0.00787037037037037 0.153125 0.006944444444444444 0.15234375 0.006481481481481481 0.15182291666666667 0.005555555555555556 0.15078125 0.004629629629629629 0.14973958333333334 0.002777777777777778
1 0.03619791666666667 0.13796296296296295 0.03515625 0.14166666666666666 0.03515625 0.14814814814814814 0.03567708333333333 0.15 0.036458333333333336 0.15138888888888888 0.03671875 0.15138888888888888 0.03723958333333333 0.15231481481481482 0.03828125 0.15324074074074073 0.040625 0.15694444444444444 0.043229166666666666 0.15925925925925927 0.044270833333333336 0.16111111111111112 0.044270833333333336 0.16157407407407406 0.04479166666666667 0.1625 0.0453125 0.16435185185185186 0.048177083333333336 0.16898148148148148 0.04973958333333333 0.16898148148148148 0.050520833333333334 0.16805555555555557 0.051041666666666666 0.16805555555555557 0.052083333333333336 0.16666666666666666 0.053125 0.16666666666666666 0.054427083333333334 0.16805555555555557 0.054947916666666666 0.16805555555555557 0.05520833333333333 0.1685185185185185 0.05572916666666667 0.1685185185185185 0.055989583333333336 0.16898148148148148 0.05651041666666667 0.16898148148148148 0.05703125 0.16944444444444445 0.0578125 0.17083333333333334 0.059375 0.17222222222222222 0.059895833333333336 0.17314814814814813 0.06041666666666667 0.17314814814814813 0.06302083333333333 0.17546296296296296 0.06354166666666666 0.1763888888888889 0.06848958333333334 0.18055555555555555 0.06901041666666667 0.1814814814814815 0.07005208333333333 0.1824074074074074 0.07109375 0.18425925925925926 0.07161458333333333 0.18472222222222223 0.07213541666666666 0.18472222222222223 0.07239583333333334 0.18518518518518517 0.07291666666666667 0.18518518518518517 0.07317708333333334 0.18472222222222223 0.07395833333333333 0.18472222222222223 0.07552083333333333 0.18333333333333332 0.07604166666666666 0.1824074074074074 0.07630208333333334 0.1824074074074074 0.07864583333333333 0.17777777777777778 0.07916666666666666 0.17592592592592593 0.07890625 0.17546296296296296 0.07890625 0.1726851851851852 0.07864583333333333 0.17222222222222222 0.07864583333333333 0.17083333333333334 0.07734375 0.1685185185185185 0.07630208333333334 0.1675925925925926 0.07578125 0.1675925925925926 0.07552083333333333 0.16712962962962963 0.07369791666666667 0.16666666666666666 0.07265625 0.16574074074074074 0.07135416666666666 0.1638888888888889 0.06927083333333334 0.16203703703703703 0.06875 0.16203703703703703 0.06510416666666667 0.1587962962962963 0.06458333333333334 0.15787037037037038 0.06380208333333333 0.1574074074074074 0.06197916666666667 0.1550925925925926 0.058854166666666666 0.15231481481481482 0.057291666666666664 0.14953703703703702 0.057291666666666664 0.1486111111111111 0.05703125 0.14814814814814814 0.05703125 0.14722222222222223 0.057291666666666664 0.14675925925925926 0.057291666666666664 0.1425925925925926 0.05703125 0.14166666666666666 0.055989583333333336 0.14074074074074075 0.0546875 0.1388888888888889 0.054427083333333334 0.1388888888888889 0.05286458333333333 0.13564814814814816 0.05026041666666667 0.13333333333333333 0.04739583333333333 0.12916666666666668 0.04635416666666667 0.12824074074074074 0.04505208333333333 0.12777777777777777 0.04479166666666667 0.12731481481481483 0.04375 0.12731481481481483 0.04348958333333333 0.12777777777777777 0.04140625 0.12777777777777777 0.04010416666666667 0.12962962962962962 0.04010416666666667 0.1300925925925926 0.0390625 0.13194444444444445 0.0390625 0.13240740740740742 0.03802083333333333 0.13425925925925927 0.037760416666666664 0.13425925925925927 0.037760416666666664 0.13472222222222222
1 0.34661458333333334 0.16527777777777777 0.34453125 0.16157407407407406 0.34375 0.16111111111111112 0.34322916666666664 0.16018518518518518 0.3416666666666667 0.1587962962962963 0.34036458333333336 0.1587962962962963 0.34010416666666665 0.15925925925925927 0.33880208333333334 0.15925925925925927 0.3385416666666667 0.1597222222222222 0.3372395833333333 0.16018518518518518 0.33671875 0.16111111111111112 0.33567708333333335 0.16203703703703703 0.3338541666666667 0.16527777777777777 0.33229166666666665 0.16666666666666666 0.33177083333333335 0.16666666666666666 0.33151041666666664 0.16712962962962963 0.33098958333333334 0.16712962962962963 0.3307291666666667 0.1675925925925926 0.3302083333333333 0.1675925925925926 0.32916666666666666 0.1685185185185185 0.32734375 0.17175925925925925 0.3263020833333333 0.17546296296296296 0.3263020833333333 0.18055555555555555 0.3265625 0.18101851851851852 0.3265625 0.18425925925925926 0.3263020833333333 0.18518518518518517 0.32421875 0.18888888888888888 0.3221354166666667 0.19074074074074074 0.31979166666666664 0.19537037037037036 0.31614583333333335 0.1986111111111111 0.3140625 0.20185185185185187 0.3138020833333333 0.20185185185185187 0.3138020833333333 0.2023148148148148 0.31302083333333336 0.2037037037037037 0.31276041666666665 0.2037037037037037 0.31276041666666665 0.20416666666666666 0.31197916666666664 0.20555555555555555 0.31197916666666664 0.20787037037037037 0.31171875 0.20833333333333334 0.31171875 0.2101851851851852 0.31145833333333334 0.21064814814814814 0.31197916666666664 0.2125 0.31484375 0.21805555555555556 0.31536458333333334 0.21805555555555556 0.315625 0.21851851851851853 0.31614583333333335 0.21851851851851853 0.3171875 0.21944444444444444 0.31875 0.21944444444444444 0.31927083333333334 0.21851851851851853 0.3203125 0.2175925925925926 0.32109375 0.2162037037037037 0.32265625 0.21481481481481482 0.32526041666666666 0.21064814814814814 0.3255208333333333 0.21064814814814814 0.3255208333333333 0.2101851851851852 0.32708333333333334 0.20787037037037037 0.32734375 0.20787037037037037 0.32838541666666665 0.2064814814814815 0.32890625 0.2064814814814815 0.32916666666666666 0.20601851851851852 0.3296875 0.20601851851851852 0.3302083333333333 0.20555555555555555 0.33151041666666664 0.20324074074074075 0.33151041666666664 0.20277777777777778 0.33307291666666666 0.2 0.33359375 0.19953703703703704 0.3346354166666667 0.19953703703703704 0.33567708333333335 0.20046296296296295 0.33671875 0.20046296296296295 0.33697916666666666 0.20092592592592592 0.3380208333333333 0.20092592592592592 0.33828125 0.2013888888888889 0.33932291666666664 0.2013888888888889 0.33958333333333335 0.20185185185185187 0.3424479166666667 0.20185185185185187 0.34348958333333335 0.20092592592592592 0.34401041666666665 0.2 0.34427083333333336 0.2 0.3450520833333333 0.19814814814814816 0.3458333333333333 0.19537037037037036 0.34765625 0.19212962962962962 0.3489583333333333 0.1912037037037037 0.35052083333333334 0.18888888888888888 0.35130208333333335 0.18611111111111112 0.35130208333333335 0.18518518518518517 0.3515625 0.18472222222222223 0.3515625 0.1814814814814815 0.35130208333333335 0.18101851851851852 0.35130208333333335 0.1787037037037037 0.35104166666666664 0.17824074074074073 0.35104166666666664 0.17685185185185184 0.35052083333333334 0.175 0.35 0.17407407407407408 0.3497395833333333 0.1726851851851852 0.34869791666666666 0.17037037037037037 0.34869791666666666 0.1699074074074074 0.34765625 0.16805555555555557 0.34765625 0.1675925925925926 0.34661458333333334 0.16574074074074074
1 0.446875 0.2569444444444444 0.4453125 0.25833333333333336 0.44479166666666664 0.25925925925925924 0.44453125 0.2601851851851852 0.44453125 0.262037037037037 0.44427083333333334 0.2625 0.44427083333333334 0.2675925925925926 0.44453125 0.26805555555555555 0.44479166666666664 0.27037037037037037 0.44557291666666665 0.2726851851851852 0.44557291666666665 0.2740740740740741 0.44505208333333335 0.27546296296296297 0.44296875 0.2773148148148148 0.44166666666666665 0.2800925925925926 0.44166666666666665 0.2810185185185185 0.44140625 0.2814814814814815 0.44192708333333336 0.28425925925925927 0.44296875 0.2861111111111111 0.44479166666666664 0.2875 0.44557291666666665 0.28888888888888886 0.44583333333333336 0.2898148148148148 0.44583333333333336 0.2912037037037037 0.44609375 0.2916666666666667 0.44609375 0.2962962962962963 0.44583333333333336 0.2967592592592593 0.44583333333333336 0.2986111111111111 0.44557291666666665 0.29907407407407405 0.44557291666666665 0.30092592592592593 0.4453125 0.3013888888888889 0.4453125 0.3037037037037037 0.44505208333333335 0.30416666666666664 0.44505208333333335 0.3060185185185185 0.44479166666666664 0.30648148148148147 0.44479166666666664 0.30833333333333335 0.44453125 0.3087962962962963 0.44453125 0.3111111111111111 0.44427083333333334 0.31157407407407406 0.44427083333333334 0.31342592592592594 0.4440104166666667 0.3138888888888889 0.4440104166666667 0.31527777777777777 0.44375 0.31574074074074077 0.44375 0.3175925925925926 0.4434895833333333 0.31805555555555554 0.4434895833333333 0.3199074074074074 0.4432291666666667 0.32037037037037036 0.4432291666666667 0.32222222222222224 0.44296875 0.3226851851851852 0.44296875 0.325 0.4427083333333333 0.32546296296296295 0.4427083333333333 0.33194444444444443 0.4432291666666667 0.3337962962962963 0.44427083333333334 0.3351851851851852 0.44583333333333336 0.33564814814814814 0.44609375 0.33611111111111114 0.446875 0.33611111111111114 0.4471354166666667 0.3365740740740741 0.44817708333333334 0.3365740740740741 0.4484375 0.337037037037037 0.45078125 0.3375 0.4515625 0.3365740740740741 0.45208333333333334 0.3347222222222222 0.45208333333333334 0.3333333333333333 0.45234375 0.33287037037037037 0.45260416666666664 0.3300925925925926 0.45286458333333335 0.3296296296296296 0.45286458333333335 0.3277777777777778 0.453125 0.32731481481481484 0.453125 0.325 0.45338541666666665 0.324537037037037 0.45338541666666665 0.3226851851851852 0.45364583333333336 0.32222222222222224 0.45390625 0.31805555555555554 0.45416666666666666 0.3175925925925926 0.45416666666666666 0.3162037037037037 0.4544270833333333 0.31574074074074077 0.4544270833333333 0.3125 0.4546875 0.31203703703703706 0.4546875 0.30972222222222223 0.4549479166666667 0.30925925925925923 0.4552083333333333 0.3060185185185185 0.45546875 0.3055555555555556 0.4557291666666667 0.30277777777777776 0.45598958333333334 0.3023148148148148 0.45598958333333334 0.29814814814814816 0.45625 0.29768518518518516 0.45625 0.2949074074074074 0.45729166666666665 0.29305555555555557 0.4583333333333333 0.29212962962962963 0.4596354166666667 0.29212962962962963 0.45989583333333334 0.2916666666666667 0.4609375 0.2916666666666667 0.46119791666666665 0.2912037037037037 0.46171875 0.2912037037037037 0.4622395833333333 0.29074074074074074 0.4630208333333333 0.28888888888888886 0.4630208333333333 0.2865740740740741 0.4627604166666667 0.2861111111111111 0.4627604166666667 0.2851851851851852 0.4625 0.2847222222222222 0.4625 0.28379629629629627 0.46197916666666666 0.28194444444444444 0.46197916666666666 0.2796296296296296 0.4622395833333333 0.2791666666666667 0.4622395833333333 0.2777777777777778 0.4625 0.2773148148148148 0.4627604166666667 0.274537037037037 0.4635416666666667 0.27175925925925926 0.4635416666666667 0.27037037037037037 0.46380208333333334 0.26990740740740743 0.46380208333333334 0.26851851851851855 0.4640625 0.2675925925925926 0.46380208333333334 0.2671296296296296 0.46380208333333334 0.2657407407407407 0.4635416666666667 0.26481481481481484 0.4625 0.26296296296296295 0.46119791666666665 0.2625 0.45859375 0.2601851851851852 0.45807291666666666 0.2601851851851852 0.45703125 0.25925925925925924 0.45625 0.25925925925925924 0.45598958333333334 0.2587962962962963 0.4552083333333333 0.2587962962962963 0.4549479166666667 0.25833333333333336 0.45260416666666664 0.25787037037037036 0.45234375 0.2574074074074074 0.45078125 0.2574074074074074 0.4505208333333333 0.2569444444444444
1 0.48932291666666666 0.41944444444444445 0.48880208333333336 0.41805555555555557 0.48880208333333336 0.41712962962962963 0.48828125 0.4162037037037037 0.48776041666666664 0.41435185185185186 0.4864583333333333 0.4125 0.4859375 0.4125 0.4856770833333333 0.41203703703703703 0.48411458333333335 0.41203703703703703 0.48385416666666664 0.4115740740740741 0.48098958333333336 0.4115740740740741 0.48072916666666665 0.41203703703703703 0.4796875 0.41203703703703703 0.47942708333333334 0.4125 0.4778645833333333 0.4125 0.47708333333333336 0.4115740740740741 0.4765625 0.4115740740740741 0.47630208333333335 0.4111111111111111 0.47578125 0.4111111111111111 0.4747395833333333 0.4101851851851852 0.47369791666666666 0.4101851851851852 0.4734375 0.41064814814814815 0.47239583333333335 0.41064814814814815 0.47213541666666664 0.4111111111111111 0.47161458333333334 0.4111111111111111 0.47109375 0.4115740740740741 0.46953125 0.41435185185185186 0.46953125 0.4148148148148148 0.46770833333333334 0.4185185185185185 0.46770833333333334 0.41898148148148145 0.4671875 0.4199074074074074 0.4661458333333333 0.42083333333333334 0.46145833333333336 0.42083333333333334 0.46119791666666665 0.4212962962962963 0.4591145833333333 0.4212962962962963 0.4588541666666667 0.4217592592592593 0.4546875 0.4217592592592593 0.4544270833333333 0.4222222222222222 0.4518229166666667 0.4222222222222222 0.4515625 0.42268518518518516 0.45 0.42268518518518516 0.44973958333333336 0.42314814814814816 0.4484375 0.42314814814814816 0.44817708333333334 0.4236111111111111 0.44765625 0.4236111111111111 0.4466145833333333 0.42453703703703705 0.4453125 0.4273148148148148 0.4453125 0.42824074074074076 0.44505208333333335 0.4287037037037037 0.44505208333333335 0.4310185185185185 0.44479166666666664 0.43148148148148147 0.44479166666666664 0.43472222222222223 0.4453125 0.4361111111111111 0.4453125 0.43703703703703706 0.44609375 0.4398148148148148 0.4466145833333333 0.44074074074074077 0.44765625 0.44166666666666665 0.4515625 0.44166666666666665 0.4518229166666667 0.4412037037037037 0.45338541666666665 0.4412037037037037 0.45364583333333336 0.44074074074074077 0.45546875 0.44074074074074077 0.4557291666666667 0.44027777777777777 0.459375 0.44027777777777777 0.4596354166666667 0.4398148148148148 0.4635416666666667 0.4398148148148148 0.46380208333333334 0.4393518518518518 0.46458333333333335 0.4393518518518518 0.46484375 0.4388888888888889 0.465625 0.4388888888888889 0.46588541666666666 0.43842592592592594 0.4671875 0.43842592592592594 0.4674479166666667 0.4388888888888889 0.46875 0.4393518518518518 0.46979166666666666 0.44074074074074077 0.4700520833333333 0.44074074074074077 0.47161458333333334 0.4439814814814815 0.47161458333333334 0.4444444444444444 0.47291666666666665 0.44675925925925924 0.4734375 0.44722222222222224 0.4739583333333333 0.44722222222222224 0.47421875 0.4476851851851852 0.47760416666666666 0.44722222222222224 0.4778645833333333 0.44675925925925924 0.4783854166666667 0.44675925925925924 0.4783854166666667 0.4462962962962963 0.4796875 0.4439814814814815 0.48020833333333335 0.4439814814814815 0.48046875 0.44351851851851853 0.4864583333333333 0.44351851851851853 0.48671875 0.44305555555555554 0.48723958333333334 0.44305555555555554 0.48880208333333336 0.44074074074074077 0.48932291666666666 0.4388888888888889 0.48932291666666666 0.43796296296296294 0.4895833333333333 0.4375 0.4895833333333333 0.4356481481481482 0.48984375 0.4351851851851852 0.48984375 0.42453703703703705 0.4895833333333333 0.42407407407407405 0.4895833333333333 0.4217592592592593 0.48932291666666666 0.4212962962962963
1 0.4557291666666667 0.49907407407407406 0.45546875 0.5 0.45546875 0.5009259259259259 0.4549479166666667 0.5023148148148148 0.4549479166666667 0.5032407407407408 0.4544270833333333 0.5046296296296297 0.45416666666666666 0.5069444444444444 0.45364583333333336 0.5083333333333333 0.45364583333333336 0.5092592592592593 0.45338541666666665 0.5097222222222222 0.45338541666666665 0.5111111111111111 0.453125 0.5115740740740741 0.453125 0.5125 0.45286458333333335 0.512962962962963 0.45260416666666664 0.5152777777777777 0.4515625 0.5185185185185185 0.4515625 0.5194444444444445 0.4513020833333333 0.5199074074074074 0.4513020833333333 0.5212962962962963 0.4510416666666667 0.5217592592592593 0.4510416666666667 0.5254629629629629 0.4518229166666667 0.5273148148148148 0.45338541666666665 0.5287037037037037 0.45416666666666666 0.5287037037037037 0.4544270833333333 0.5291666666666667 0.4588541666666667 0.5291666666666667 0.46015625 0.5314814814814814 0.46015625 0.5319444444444444 0.46197916666666666 0.5347222222222222 0.46328125 0.5347222222222222 0.46380208333333334 0.5337962962962963 0.4640625 0.5337962962962963 0.4640625 0.5333333333333333 0.46510416666666665 0.5314814814814814 0.46588541666666666 0.5287037037037037 0.4671875 0.5273148148148148 0.4674479166666667 0.5277777777777778 0.46875 0.5277777777777778 0.46901041666666665 0.5282407407407408 0.46979166666666666 0.5282407407407408 0.4708333333333333 0.5291666666666667 0.4713541666666667 0.5300925925925926 0.4734375 0.5319444444444444 0.4739583333333333 0.5319444444444444 0.47421875 0.5324074074074074 0.4747395833333333 0.5324074074074074 0.475 0.5328703703703703 0.47552083333333334 0.5328703703703703 0.47578125 0.5333333333333333 0.47708333333333336 0.5337962962962963 0.4786458333333333 0.5351851851851852 0.47942708333333334 0.5351851851851852 0.4796875 0.5356481481481481 0.48098958333333336 0.5361111111111111 0.48359375 0.538425925925926 0.48411458333333335 0.538425925925926 0.484375 0.5388888888888889 0.48515625 0.5388888888888889 0.48541666666666666 0.5393518518518519 0.4861979166666667 0.5393518518518519 0.4864583333333333 0.5398148148148149 0.48723958333333334 0.5398148148148149 0.4875 0.5402777777777777 0.48828125 0.5402777777777777 0.48854166666666665 0.5407407407407407 0.4890625 0.5407407407407407 0.48932291666666666 0.5412037037037037 0.4901041666666667 0.5412037037037037 0.4903645833333333 0.5416666666666666 0.49140625 0.5416666666666666 0.49166666666666664 0.5412037037037037 0.4934895833333333 0.5412037037037037 0.49453125 0.5393518518518519 0.4947916666666667 0.538425925925926 0.4947916666666667 0.5375 0.49505208333333334 0.5370370370370371 0.49505208333333334 0.5361111111111111 0.4953125 0.5356481481481481 0.4953125 0.5342592592592592 0.49557291666666664 0.5337962962962963 0.49583333333333335 0.5305555555555556 0.49557291666666664 0.5300925925925926 0.49557291666666664 0.5291666666666667 0.4942708333333333 0.5263888888888889 0.49270833333333336 0.525 0.4921875 0.525 0.4908854166666667 0.5236111111111111 0.48541666666666666 0.5222222222222223 0.48515625 0.5217592592592593 0.48385416666666664 0.5212962962962963 0.48151041666666666 0.5189814814814815 0.48098958333333336 0.5189814814814815 0.48020833333333335 0.5180555555555556 0.4796875 0.5180555555555556 0.47942708333333334 0.5175925925925926 0.47890625 0.5175925925925926 0.4778645833333333 0.5166666666666667 0.47708333333333336 0.5166666666666667 0.47682291666666665 0.5162037037037037 0.47552083333333334 0.5162037037037037 0.4752604166666667 0.5157407407407407 0.47421875 0.5157407407407407 0.4739583333333333 0.5152777777777777 0.4734375 0.5152777777777777 0.47239583333333335 0.5143518518518518 0.47109375 0.5120370370370371 0.4708333333333333 0.5111111111111111 0.4708333333333333 0.5101851851851852 0.4705729166666667 0.5097222222222222 0.4705729166666667 0.5078703703703704 0.4703125 0.5074074074074074 0.4703125 0.5050925925925925 0.46979166666666666 0.5032407407407408 0.46927083333333336 0.5027777777777778 0.46822916666666664 0.5027777777777778 0.46796875 0.5023148148148148 0.46640625 0.5023148148148148 0.4661458333333333 0.5018518518518519 0.46536458333333336 0.5018518518518519 0.46510416666666665 0.5013888888888889 0.46380208333333334 0.5009259259259259 0.4627604166666667 0.5 0.46119791666666665 0.49722222222222223 0.4596354166666667 0.49583333333333335 0.4578125 0.49583333333333335 0.45677083333333335 0.49675925925925923
1 0.4244791666666667 0.6101851851851852 0.4231770833333333 0.6101851851851852 0.42265625 0.6106481481481482 0.4205729166666667 0.6138888888888889 0.4192708333333333 0.6185185185185185 0.4192708333333333 0.6194444444444445 0.41848958333333336 0.6222222222222222 0.41848958333333336 0.6231481481481481 0.41822916666666665 0.6236111111111111 0.41796875 0.6259259259259259 0.41744791666666664 0.6273148148148148 0.41744791666666664 0.6282407407407408 0.4171875 0.6287037037037037 0.41692708333333334 0.6310185185185185 0.41640625 0.6324074074074074 0.41640625 0.6333333333333333 0.4153645833333333 0.6365740740740741 0.4153645833333333 0.6375 0.41484375 0.6393518518518518 0.4125 0.6435185185185185 0.4125 0.6439814814814815 0.41119791666666666 0.6462962962962963 0.41119791666666666 0.6467592592592593 0.41067708333333336 0.6472222222222223 0.40598958333333335 0.6555555555555556 0.40598958333333335 0.6560185185185186 0.40546875 0.6569444444444444 0.40546875 0.6578703703703703 0.4046875 0.6606481481481481 0.4046875 0.6615740740740741 0.403125 0.6666666666666666 0.403125 0.6675925925925926 0.40260416666666665 0.6694444444444444 0.40208333333333335 0.6703703703703704 0.40130208333333334 0.6731481481481482 0.40130208333333334 0.674537037037037 0.4010416666666667 0.675 0.4010416666666667 0.6777777777777778 0.40130208333333334 0.6782407407407407 0.40130208333333334 0.6791666666666667 0.4015625 0.6800925925925926 0.40208333333333335 0.6810185185185185 0.40208333333333335 0.6814814814814815 0.4044270833333333 0.6851851851851852 0.4046875 0.6851851851851852 0.40520833333333334 0.6861111111111111 0.40677083333333336 0.6875 0.4080729166666667 0.687962962962963 0.41067708333333336 0.6902777777777778 0.41119791666666666 0.6902777777777778 0.4125 0.6916666666666667 0.41328125 0.6916666666666667 0.41354166666666664 0.6921296296296297 0.4140625 0.6921296296296297 0.41510416666666666 0.6930555555555555 0.4171875 0.6930555555555555 0.41744791666666664 0.6925925925925925 0.41796875 0.6925925925925925 0.41848958333333336 0.6921296296296297 0.4192708333333333 0.6907407407407408 0.4192708333333333 0.6898148148148148 0.4197916666666667 0.687962962962963 0.4197916666666667 0.6865740740740741 0.4203125 0.6847222222222222 0.4203125 0.6773148148148148 0.4205729166666667 0.6768518518518518 0.4205729166666667 0.6759259259259259 0.42109375 0.675 0.42135416666666664 0.6736111111111112 0.421875 0.6726851851851852 0.42239583333333336 0.6708333333333333 0.42239583333333336 0.6666666666666666 0.42213541666666665 0.6662037037037037 0.42213541666666665 0.6643518518518519 0.421875 0.6638888888888889 0.421875 0.6615740740740741 0.42213541666666665 0.6611111111111111 0.42213541666666665 0.6583333333333333 0.42239583333333336 0.6578703703703703 0.42239583333333336 0.6550925925925926 0.42265625 0.6546296296296297 0.42291666666666666 0.6513888888888889 0.4231770833333333 0.6509259259259259 0.4231770833333333 0.65 0.4234375 0.649537037037037 0.4234375 0.6486111111111111 0.4236979166666667 0.6481481481481481 0.4236979166666667 0.6472222222222223 0.4239583333333333 0.6467592592592593 0.4239583333333333 0.6458333333333334 0.42421875 0.6453703703703704 0.42421875 0.6444444444444445 0.4244791666666667 0.6439814814814815 0.42473958333333334 0.6416666666666667 0.42526041666666664 0.6402777777777777 0.42526041666666664 0.6393518518518518 0.42578125 0.637962962962963 0.42578125 0.6370370370370371 0.42630208333333336 0.6356481481481482 0.42630208333333336 0.6347222222222222 0.42682291666666666 0.6333333333333333 0.42682291666666666 0.6324074074074074 0.4278645833333333 0.6287037037037037 0.4278645833333333 0.6277777777777778 0.428125 0.6273148148148148 0.428125 0.6263888888888889 0.4283854166666667 0.6259259259259259 0.4283854166666667 0.625 0.42890625 0.6231481481481481 0.42890625 0.6217592592592592 0.42916666666666664 0.6212962962962963 0.42916666666666664 0.6189814814814815 0.42890625 0.6185185185185185 0.42890625 0.6166666666666667 0.42864583333333334 0.6157407407407407 0.42682291666666666 0.6125 0.4265625 0.6125 0.42604166666666665 0.611574074074074
1 0.4895833333333333 0.5879629629629629 0.4890625 0.5888888888888889 0.48880208333333336 0.5888888888888889 0.4869791666666667 0.5921296296296297 0.48671875 0.5930555555555556 0.48671875 0.6032407407407407 0.4869791666666667 0.6037037037037037 0.4869791666666667 0.6060185185185185 0.48723958333333334 0.6064814814814815 0.48723958333333334 0.6078703703703704 0.4875 0.6083333333333333 0.4875 0.6101851851851852 0.48776041666666664 0.6106481481481482 0.48776041666666664 0.612037037037037 0.48802083333333335 0.6125 0.48802083333333335 0.6143518518518518 0.48828125 0.6148148148148148 0.48828125 0.6162037037037037 0.48854166666666665 0.6166666666666667 0.48854166666666665 0.6189814814814815 0.48880208333333336 0.6194444444444445 0.48880208333333336 0.6212962962962963 0.4890625 0.6217592592592592 0.4890625 0.6240740740740741 0.48932291666666666 0.624537037037037 0.48932291666666666 0.6263888888888889 0.4895833333333333 0.6268518518518519 0.4895833333333333 0.6314814814814815 0.48984375 0.6319444444444444 0.48984375 0.6351851851851852 0.4895833333333333 0.6356481481481482 0.4895833333333333 0.6365740740740741 0.4890625 0.6375 0.48854166666666665 0.6393518518518518 0.48723958333333334 0.6416666666666667 0.4869791666666667 0.6425925925925926 0.4869791666666667 0.6481481481481481 0.4875 0.649537037037037 0.4875 0.6504629629629629 0.48828125 0.6527777777777778 0.48828125 0.6537037037037037 0.48880208333333336 0.6555555555555556 0.48880208333333336 0.662962962962963 0.4890625 0.663425925925926 0.4890625 0.6643518518518519 0.48932291666666666 0.6648148148148149 0.48932291666666666 0.6657407407407407 0.4895833333333333 0.6666666666666666 0.4903645833333333 0.6680555555555555 0.4903645833333333 0.6685185185185185 0.49114583333333334 0.6694444444444444 0.49166666666666664 0.6694444444444444 0.49322916666666666 0.6708333333333333 0.4953125 0.6708333333333333 0.49557291666666664 0.6703703703703704 0.49635416666666665 0.6703703703703704 0.49661458333333336 0.6699074074074074 0.49765625 0.6699074074074074 0.4979166666666667 0.6694444444444444 0.49895833333333334 0.6694444444444444 0.49921875 0.6689814814814815 0.5 0.6689814814814815 0.5002604166666667 0.6685185185185185 0.5020833333333333 0.6680555555555555 0.5028645833333333 0.6671296296296296 0.5033854166666667 0.6671296296296296 0.5041666666666667 0.6662037037037037 0.5046875 0.6662037037037037 0.5052083333333334 0.6657407407407407 0.5057291666666667 0.6648148148148149 0.5067708333333333 0.6638888888888889 0.5075520833333333 0.6620370370370371 0.5075520833333333 0.6583333333333333 0.5078125 0.6578703703703703 0.5078125 0.6569444444444444 0.5075520833333333 0.6564814814814814 0.5075520833333333 0.6546296296296297 0.50703125 0.6532407407407408 0.50703125 0.6523148148148148 0.5067708333333333 0.6518518518518519 0.5067708333333333 0.6509259259259259 0.50625 0.649074074074074 0.50625 0.6416666666666667 0.5059895833333333 0.6412037037037037 0.5059895833333333 0.6402777777777777 0.50546875 0.638425925925926 0.5044270833333333 0.6365740740740741 0.50234375 0.6347222222222222 0.5018229166666667 0.6347222222222222 0.5005208333333333 0.6324074074074074 0.5002604166666667 0.6314814814814815 0.5 0.6282407407407408 0.49973958333333335 0.6277777777777778 0.49973958333333335 0.6268518518518519 0.49921875 0.625 0.49921875 0.6236111111111111 0.49895833333333334 0.6231481481481481 0.49895833333333334 0.6217592592592592 0.4986979166666667 0.6212962962962963 0.4986979166666667 0.6194444444444445 0.4984375 0.6189814814814815 0.4984375 0.6166666666666667 0.4981770833333333 0.6162037037037037 0.4981770833333333 0.6143518518518518 0.4979166666666667 0.6138888888888889 0.4979166666666667 0.611574074074074 0.49765625 0.6111111111111112 0.4973958333333333 0.6050925925925926 0.49713541666666666 0.6046296296296296 0.496875 0.600462962962963 0.49661458333333336 0.6 0.49661458333333336 0.5986111111111111 0.49635416666666665 0.5981481481481481 0.49635416666666665 0.5967592592592592 0.49609375 0.5962962962962963 0.49583333333333335 0.5939814814814814 0.4953125 0.5921296296296297 0.4947916666666667 0.5912037037037037 0.4947916666666667 0.5907407407407408 0.49375 0.5888888888888889 0.49322916666666666 0.5884259259259259 0.4921875 0.5884259259259259 0.49192708333333335 0.5879629629629629
1 0.5239583333333333 0.737037037037037 0.5236979166666667 0.736574074074074 0.5236979166666667 0.7356481481481482 0.5231770833333333 0.7337962962962963 0.5216145833333333 0.7310185185185185 0.52109375 0.7310185185185185 0.5208333333333334 0.7305555555555555 0.5200520833333333 0.7305555555555555 0.5197916666666667 0.7300925925925926 0.51875 0.7300925925925926 0.5184895833333333 0.7296296296296296 0.5177083333333333 0.7296296296296296 0.5174479166666667 0.7291666666666666 0.5138020833333333 0.7291666666666666 0.5127604166666667 0.7282407407407407 0.51171875 0.7263888888888889 0.5111979166666667 0.725925925925926 0.5106770833333333 0.725925925925926 0.5104166666666666 0.725462962962963 0.50859375 0.725462962962963 0.5083333333333333 0.725925925925926 0.5075520833333333 0.725925925925926 0.5072916666666667 0.7263888888888889 0.50625 0.7263888888888889 0.5059895833333333 0.7268518518518519 0.50546875 0.7268518518518519 0.5033854166666667 0.7287037037037037 0.50234375 0.7300925925925926 0.5015625 0.7300925925925926 0.5013020833333334 0.7305555555555555 0.50078125 0.7305555555555555 0.5005208333333333 0.7300925925925926 0.49661458333333336 0.7300925925925926 0.49635416666666665 0.7296296296296296 0.4947916666666667 0.7296296296296296 0.49453125 0.7291666666666666 0.49114583333333334 0.7291666666666666 0.4908854166666667 0.7287037037037037 0.4890625 0.7287037037037037 0.48880208333333336 0.7282407407407407 0.4875 0.7282407407407407 0.48723958333333334 0.7277777777777777 0.4822916666666667 0.7277777777777777 0.48020833333333335 0.7296296296296296 0.47942708333333334 0.7319444444444444 0.47942708333333334 0.7328703703703704 0.4791666666666667 0.7333333333333333 0.4791666666666667 0.736574074074074 0.47890625 0.737037037037037 0.47890625 0.7416666666666667 0.4791666666666667 0.7421296296296296 0.4791666666666667 0.7430555555555556 0.4796875 0.7449074074074075 0.48072916666666665 0.7458333333333333 0.48151041666666666 0.7458333333333333 0.4817708333333333 0.7462962962962963 0.48333333333333334 0.7462962962962963 0.48359375 0.7467592592592592 0.48463541666666665 0.7467592592592592 0.48489583333333336 0.7472222222222222 0.4856770833333333 0.7472222222222222 0.4859375 0.7476851851851852 0.48776041666666664 0.7476851851851852 0.48802083333333335 0.7481481481481481 0.490625 0.7481481481481481 0.4908854166666667 0.7486111111111111 0.49244791666666665 0.7486111111111111 0.49270833333333336 0.7490740740740741 0.4940104166666667 0.7490740740740741 0.4942708333333333 0.749537037037037 0.49505208333333334 0.749537037037037 0.4953125 0.75 0.49609375 0.75 0.49635416666666665 0.750462962962963 0.49713541666666666 0.750462962962963 0.4973958333333333 0.7509259259259259 0.4979166666666667 0.7509259259259259 0.4984375 0.7513888888888889 0.49973958333333335 0.7537037037037037 0.5002604166666667 0.7555555555555555 0.5015625 0.7578703703703704 0.5020833333333333 0.7583333333333333 0.5028645833333333 0.7583333333333333 0.503125 0.7587962962962963 0.51015625 0.7587962962962963 0.5104166666666666 0.7592592592592593 0.5111979166666667 0.7592592592592593 0.5114583333333333 0.7597222222222222 0.51328125 0.7601851851851852 0.5135416666666667 0.7606481481481482 0.5140625 0.7606481481481482 0.5143229166666666 0.7611111111111111 0.5151041666666667 0.7611111111111111 0.5153645833333333 0.7615740740740741 0.5161458333333333 0.7615740740740741 0.51640625 0.7620370370370371 0.51796875 0.7620370370370371 0.5182291666666666 0.7615740740740741 0.51875 0.7615740740740741 0.5203125 0.7592592592592593 0.5203125 0.7587962962962963 0.5216145833333333 0.7560185185185185 0.52265625 0.7523148148148148 0.52265625 0.7513888888888889 0.5229166666666667 0.7509259259259259 0.5229166666666667 0.749537037037037 0.5231770833333333 0.7490740740740741 0.5231770833333333 0.7476851851851852 0.5234375 0.7472222222222222 0.5234375 0.7458333333333333 0.5236979166666667 0.7453703703703703 0.5236979166666667 0.7430555555555556 0.5239583333333333 0.7425925925925926
1 0.6619791666666667 0.5638888888888889 0.66171875 0.5643518518518519 0.6609375 0.5643518518518519 0.6583333333333333 0.5666666666666667 0.6583333333333333 0.5671296296296297 0.6578125 0.5680555555555555 0.6572916666666667 0.5699074074074074 0.6572916666666667 0.5712962962962963 0.65703125 0.5717592592592593 0.65703125 0.5745370370370371 0.6572916666666667 0.575 0.6572916666666667 0.5777777777777777 0.6575520833333334 0.5782407407407407 0.6575520833333334 0.5800925925925926 0.6572916666666667 0.5805555555555556 0.6572916666666667 0.5819444444444445 0.65703125 0.5824074074074074 0.65703125 0.5833333333333334 0.6565104166666667 0.5851851851851851 0.6565104166666667 0.5902777777777778 0.6567708333333333 0.5907407407407408 0.6567708333333333 0.5925925925925926 0.65703125 0.5930555555555556 0.65703125 0.5939814814814814 0.6575520833333334 0.5949074074074074 0.6575520833333334 0.5953703703703703 0.6588541666666666 0.5976851851851852 0.6604166666666667 0.5990740740740741 0.6614583333333334 0.600925925925926 0.6614583333333334 0.6027777777777777 0.66171875 0.6032407407407407 0.66171875 0.611574074074074 0.6619791666666667 0.612037037037037 0.6619791666666667 0.6375 0.6622395833333333 0.637962962962963 0.6622395833333333 0.6416666666666667 0.6625 0.6421296296296296 0.6625 0.6435185185185185 0.66328125 0.6449074074074074 0.6643229166666667 0.6458333333333334 0.6651041666666667 0.6458333333333334 0.6653645833333334 0.6462962962962963 0.6669270833333333 0.6462962962962963 0.6671875 0.6467592592592593 0.6690104166666667 0.6467592592592593 0.6692708333333334 0.6472222222222223 0.6700520833333333 0.6472222222222223 0.6703125 0.6467592592592593 0.67109375 0.6467592592592593 0.6721354166666667 0.6458333333333334 0.6729166666666667 0.6439814814814815 0.6729166666666667 0.6430555555555556 0.6731770833333334 0.6425925925925926 0.6731770833333334 0.6398148148148148 0.6734375 0.6393518518518518 0.6734375 0.6337962962962963 0.6736979166666667 0.6333333333333333 0.6736979166666667 0.611574074074074 0.6739583333333333 0.6111111111111112 0.6739583333333333 0.6064814814814815 0.67421875 0.6060185185185185 0.67421875 0.6041666666666666 0.6744791666666666 0.6037037037037037 0.6747395833333333 0.6018518518518519 0.6760416666666667 0.5995370370370371 0.6770833333333334 0.5986111111111111 0.6794270833333333 0.5944444444444444 0.6794270833333333 0.5939814814814814 0.6799479166666667 0.5930555555555556 0.6799479166666667 0.5875 0.6783854166666666 0.5819444444444445 0.6783854166666666 0.5796296296296296 0.678125 0.5791666666666667 0.678125 0.5708333333333333 0.6776041666666667 0.5694444444444444 0.6776041666666667 0.5685185185185185 0.6770833333333334 0.5666666666666667 0.6760416666666667 0.5662037037037037 0.6744791666666666 0.5648148148148148 0.6736979166666667 0.5648148148148148 0.6734375 0.5643518518518519 0.6697916666666667 0.5643518518518519 0.66953125 0.5638888888888889
1 0.7809895833333333 0.8009259259259259 0.7796875 0.8032407407407407 0.7794270833333333 0.8041666666666667 0.7791666666666667 0.8069444444444445 0.77890625 0.8074074074074075 0.77890625 0.8106481481481481 0.7791666666666667 0.8111111111111111 0.7791666666666667 0.8143518518518519 0.7794270833333333 0.8148148148148148 0.7796875 0.8194444444444444 0.7799479166666666 0.8199074074074074 0.7799479166666666 0.8212962962962963 0.7802083333333333 0.8217592592592593 0.7802083333333333 0.8236111111111111 0.7807291666666667 0.825462962962963 0.7807291666666667 0.8273148148148148 0.7809895833333333 0.8277777777777777 0.78125 0.8314814814814815 0.7815104166666667 0.8319444444444445 0.7815104166666667 0.8337962962962963 0.7817708333333333 0.8342592592592593 0.7817708333333333 0.8361111111111111 0.78203125 0.836574074074074 0.78203125 0.8388888888888889 0.7822916666666667 0.8393518518518519 0.7822916666666667 0.8416666666666667 0.7825520833333334 0.8421296296296297 0.7825520833333334 0.8449074074074074 0.7828125 0.8453703703703703 0.7828125 0.8481481481481481 0.7830729166666667 0.8486111111111111 0.7830729166666667 0.8532407407407407 0.7833333333333333 0.8537037037037037 0.7833333333333333 0.8583333333333333 0.7825520833333334 0.8606481481481482 0.7825520833333334 0.861574074074074 0.7817708333333333 0.8643518518518518 0.7817708333333333 0.8699074074074075 0.7815104166666667 0.8703703703703703 0.7817708333333333 0.8712962962962963 0.7817708333333333 0.8842592592592593 0.78203125 0.8847222222222222 0.78203125 0.8865740740740741 0.7822916666666667 0.8870370370370371 0.7822916666666667 0.887962962962963 0.7825520833333334 0.8888888888888888 0.7838541666666666 0.8912037037037037 0.7848958333333333 0.8912037037037037 0.78515625 0.8916666666666667 0.7861979166666667 0.8916666666666667 0.7864583333333334 0.8921296296296296 0.7953125 0.8925925925925926 0.7955729166666666 0.8921296296296296 0.79765625 0.8921296296296296 0.7979166666666667 0.8916666666666667 0.79921875 0.8916666666666667 0.7994791666666666 0.8912037037037037 0.8 0.8912037037037037 0.8010416666666667 0.8898148148148148 0.8018229166666667 0.8893518518518518 0.8026041666666667 0.887962962962963 0.80390625 0.8842592592592593 0.80390625 0.8819444444444444 0.8041666666666667 0.8814814814814815 0.8041666666666667 0.8773148148148148 0.8028645833333333 0.8726851851851852 0.80234375 0.8717592592592592 0.8020833333333334 0.8699074074074075 0.8018229166666667 0.8694444444444445 0.8018229166666667 0.8685185185185185 0.8015625 0.8680555555555556 0.8015625 0.8666666666666667 0.8013020833333333 0.8662037037037037 0.8013020833333333 0.8638888888888889 0.8010416666666667 0.8634259259259259 0.8010416666666667 0.8606481481481482 0.80078125 0.8601851851851852 0.80078125 0.8578703703703704 0.7997395833333333 0.8555555555555555 0.796875 0.8532407407407407 0.7955729166666666 0.850925925925926 0.7950520833333333 0.8490740740740741 0.7950520833333333 0.8472222222222222 0.7947916666666667 0.8467592592592592 0.7947916666666667 0.8453703703703703 0.79453125 0.8449074074074074 0.79453125 0.8435185185185186 0.7942708333333334 0.8430555555555556 0.7942708333333334 0.8407407407407408 0.7940104166666667 0.8402777777777778 0.7940104166666667 0.837037037037037 0.79375 0.836574074074074 0.79375 0.8351851851851851 0.7934895833333333 0.8347222222222223 0.7934895833333333 0.8333333333333334 0.7932291666666667 0.8328703703703704 0.79296875 0.8296296296296296 0.7927083333333333 0.8291666666666667 0.7927083333333333 0.8282407407407407 0.7919270833333333 0.825 0.7919270833333333 0.8236111111111111 0.7916666666666666 0.8231481481481482 0.7916666666666666 0.8217592592592593 0.7911458333333333 0.8199074074074074 0.7911458333333333 0.8185185185185185 0.790625 0.8166666666666667 0.790625 0.8152777777777778 0.7903645833333334 0.8148148148148148 0.7903645833333334 0.8134259259259259 0.7901041666666667 0.812962962962963 0.78984375 0.8097222222222222 0.7890625 0.8064814814814815 0.7869791666666667 0.8023148148148148 0.7859375 0.8013888888888889 0.7854166666666667 0.8013888888888889 0.78359375 0.8 0.7825520833333334 0.8 0.7822916666666667 0.8004629629629629
2 0.7294270833333333 0.32175925925925924 0.7278645833333334 0.324537037037037 0.72734375 0.3277777777777778 0.7276041666666667 0.33101851851851855 0.72890625 0.3351851851851852 0.7325520833333333 0.3384259259259259 0.7395833333333334 0.3365740740740741 0.74140625 0.33935185185185185 0.74296875 0.34444444444444444 0.7466145833333333 0.35185185185185186 0.75 0.36203703703703705 0.753125 0.36898148148148147 0.7619791666666667 0.39305555555555555 0.7658854166666667 0.40185185185185185 0.76953125 0.412962962962963 0.7778645833333333 0.43472222222222223 0.7880208333333333 0.45740740740740743 0.8015625 0.49583333333333335 0.8046875 0.5013888888888889 0.8057291666666667 0.5046296296296297 0.80703125 0.5060185185185185 0.8109375 0.5074074074074074 0.8161458333333333 0.5023148148148148 0.81796875 0.49722222222222223 0.8177083333333334 0.49212962962962964 0.8169270833333333 0.48842592592592593 0.8072916666666666 0.46620370370370373 0.803125 0.4537037037037037 0.7856770833333333 0.41064814814814815 0.7796875 0.39305555555555555 0.7591145833333334 0.3398148148148148 0.7549479166666667 0.32592592592592595 0.75390625 0.32407407407407407 0.75390625 0.3194444444444444 0.7572916666666667 0.3106481481481482 0.7572916666666667 0.3074074074074074 0.7552083333333334 0.3023148148148148 0.753125 0.30092592592592593 0.7510416666666667 0.30092592592592593 0.7479166666666667 0.30277777777777776 0.73984375 0.3106481481481482 0.73359375 0.3189814814814815
2 0.6778645833333333 0.10694444444444444 0.6690104166666667 0.11527777777777778 0.6614583333333334 0.12407407407407407 0.6596354166666667 0.12916666666666668 0.66015625 0.13472222222222222 0.6625 0.14074074074074075 0.66640625 0.14074074074074075 0.6703125 0.13842592592592592 0.6734375 0.14444444444444443 0.6903645833333333 0.2101851851851852 0.69453125 0.2222222222222222 0.7002604166666667 0.2449074074074074 0.7033854166666667 0.2537037037037037 0.7130208333333333 0.287962962962963 0.7145833333333333 0.29583333333333334 0.7203125 0.31712962962962965 0.7213541666666666 0.3194444444444444 0.7244791666666667 0.32314814814814813 0.7260416666666667 0.32314814814814813 0.7307291666666667 0.3199074074074074 0.7330729166666666 0.3148148148148148 0.7325520833333333 0.30972222222222223 0.7171875 0.24953703703703703 0.7151041666666667 0.24351851851851852 0.709375 0.22083333333333333 0.703125 0.2 0.7018229166666666 0.1912037037037037 0.6966145833333334 0.1736111111111111 0.69375 0.16018518518518518 0.684375 0.12916666666666668 0.684375 0.12546296296296297 0.68515625 0.12129629629629629 0.6903645833333333 0.11527777777777778 0.690625 0.11296296296296296 0.6888020833333334 0.1050925925925926 0.68671875 0.10277777777777777 0.6841145833333333 0.10277777777777777 0.68046875 0.10601851851851851
3 0.125 0.11527777777777778 0.12317708333333334 0.11898148148148148 0.12265625 0.12083333333333333 0.12265625 0.12777777777777777 0.12291666666666666 0.12824074074074074 0.12291666666666666 0.12962962962962962 0.12317708333333334 0.1300925925925926 0.12369791666666667 0.1337962962962963 0.12421875 0.13518518518518519 0.12421875 0.1361111111111111 0.12473958333333333 0.13796296296296295 0.12473958333333333 0.13935185185185187 0.125 0.1398148148148148 0.12526041666666668 0.14305555555555555 0.12630208333333334 0.1476851851851852 0.12630208333333334 0.14907407407407408 0.12708333333333333 0.15138888888888888 0.12786458333333334 0.15694444444444444 0.12916666666666668 0.16157407407407406 0.12916666666666668 0.1638888888888889 0.12890625 0.1648148148148148 0.12526041666666668 0.1712962962962963 0.12526041666666668 0.17222222222222222 0.125 0.1726851851851852 0.125 0.17777777777777778 0.12630208333333334 0.18287037037037038 0.12630208333333334 0.18425925925925926 0.12682291666666667 0.18564814814814815 0.12682291666666667 0.1865740740740741 0.12760416666666666 0.18981481481481483 0.12838541666666667 0.1912037037037037 0.12994791666666666 0.19537037037037036 0.13020833333333334 0.19675925925925927 0.13072916666666667 0.19768518518518519 0.13463541666666667 0.2013888888888889 0.13567708333333334 0.2013888888888889 0.1359375 0.20185185185185187 0.1390625 0.20185185185185187 0.13932291666666666 0.2013888888888889 0.140625 0.2013888888888889 0.14088541666666668 0.20092592592592592 0.14375 0.20046296296296295 0.14505208333333333 0.19953703703703704 0.14609375 0.19953703703703704 0.14635416666666667 0.19907407407407407 0.14817708333333332 0.1986111111111111 0.1484375 0.19814814814814816 0.14973958333333334 0.19768518518518519 0.15052083333333333 0.19675925925925927 0.15104166666666666 0.19675925925925927 0.15494791666666666 0.19212962962962962 0.15755208333333334 0.1875 0.15859375 0.18425925925925926 0.15859375 0.1763888888888889 0.1578125 0.1736111111111111 0.1578125 0.1726851851851852 0.15677083333333333 0.16805555555555557 0.15677083333333333 0.16666666666666666 0.15651041666666668 0.16620370370370371 0.15625 0.16342592592592592 0.15546875 0.16157407407407406 0.153125 0.1587962962962963 0.14739583333333334 0.15694444444444444 0.14583333333333334 0.1550925925925926 0.14557291666666666 0.15416666666666667 0.14557291666666666 0.1527777777777778 0.1453125 0.15231481481481482 0.1453125 0.14953703703703702 0.14348958333333334 0.14305555555555555 0.14348958333333334 0.14212962962962963 0.14296875 0.14027777777777778 0.14296875 0.1388888888888889 0.14192708333333334 0.13425925925925927 0.14192708333333334 0.13287037037037036 0.14114583333333333 0.13055555555555556 0.14088541666666668 0.12824074074074074 0.14036458333333332 0.12685185185185185 0.14036458333333332 0.1259259259259259 0.13984375 0.12453703703703704 0.13932291666666666 0.12129629629629629 0.13828125 0.11805555555555555 0.13723958333333333 0.1162037037037037 0.13489583333333333 0.11388888888888889 0.13255208333333332 0.11342592592592593 0.13229166666666667 0.11296296296296296 0.12890625 0.11296296296296296 0.12864583333333332 0.11342592592592593 0.12708333333333333 0.11342592592592593
3 0.2953125 0.09398148148148149 0.2942708333333333 0.09907407407407408 0.2942708333333333 0.10138888888888889 0.2950520833333333 0.1050925925925926 0.2950520833333333 0.10648148148148148 0.296875 0.11018518518518519 0.29713541666666665 0.11157407407407408 0.29765625 0.1125 0.29765625 0.11342592592592593 0.2989583333333333 0.11574074074074074 0.30052083333333335 0.11666666666666667 0.3033854166666667 0.12037037037037036 0.3059895833333333 0.12268518518518519 0.30885416666666665 0.12407407407407407 0.3098958333333333 0.1259259259259259 0.31015625 0.12731481481481483 0.31197916666666664 0.12916666666666668 0.31354166666666666 0.1300925925925926 0.3151041666666667 0.13287037037037036 0.31588541666666664 0.13564814814814816 0.31614583333333335 0.1388888888888889 0.31640625 0.13935185185185187 0.31640625 0.14212962962962963 0.3177083333333333 0.14907407407407408 0.31979166666666664 0.1550925925925926 0.3223958333333333 0.15925925925925927 0.32526041666666666 0.16157407407407406 0.32734375 0.1638888888888889 0.32786458333333335 0.1638888888888889 0.3294270833333333 0.16527777777777777 0.33098958333333334 0.16527777777777777 0.33125 0.1648148148148148 0.33307291666666666 0.16435185185185186 0.3346354166666667 0.16296296296296298 0.3385416666666667 0.15833333333333333 0.34140625 0.15324074074074073 0.34479166666666666 0.14907407407407408 0.346875 0.14537037037037037 0.3489583333333333 0.1398148148148148 0.34921875 0.1375 0.35 0.13472222222222222 0.35 0.13333333333333333 0.35052083333333334 0.1310185185185185 0.35052083333333334 0.12916666666666668 0.35078125 0.1287037037037037 0.35052083333333334 0.12268518518518519 0.3502604166666667 0.12222222222222222 0.35 0.11944444444444445 0.3494791666666667 0.11805555555555555 0.34869791666666666 0.11388888888888889 0.34739583333333335 0.1111111111111111 0.3463541666666667 0.10787037037037037 0.34427083333333336 0.1050925925925926 0.3419270833333333 0.1 0.33984375 0.09814814814814815 0.3375 0.09675925925925925 0.33671875 0.09722222222222222 0.334375 0.09722222222222222 0.32890625 0.10092592592592593 0.32473958333333336 0.10138888888888889 0.3223958333333333 0.09953703703703703 0.32109375 0.09907407407407408 0.3190104166666667 0.09722222222222222 0.31484375 0.09074074074074075 0.31302083333333336 0.08935185185185185 0.3109375 0.08611111111111111 0.3059895833333333 0.08333333333333333 0.30182291666666666 0.08333333333333333 0.2986979166666667 0.08518518518518518 0.29765625 0.08703703703703704 0.296875 0.09074074074074075
3 0.3411458333333333 4.62962962962963e-05 0.3411458333333333 0.005555555555555556 0.34088541666666666 0.0060185185185185185 0.34088541666666666 0.010648148148148148 0.340625 0.011111111111111112 0.340625 0.01574074074074074 0.34036458333333336 0.016203703703703703 0.340625 0.02638888888888889 0.34088541666666666 0.026851851851851852 0.34088541666666666 0.030555555555555555 0.3411458333333333 0.031018518518518518 0.3411458333333333 0.037037037037037035 0.3421875 0.043055555555555555 0.3421875 0.04490740740740741 0.34296875 0.049074074074074076 0.34322916666666664 0.05277777777777778 0.34427083333333336 0.058333333333333334 0.3458333333333333 0.062037037037037036 0.34765625 0.06388888888888888 0.34817708333333336 0.06388888888888888 0.3489583333333333 0.06481481481481481 0.353125 0.06481481481481481 0.35572916666666665 0.06296296296296296 0.3567708333333333 0.06111111111111111 0.3572916666666667 0.0587962962962963 0.3572916666666667 0.05416666666666667 0.35703125 0.053703703703703705 0.3572916666666667 0.05092592592592592 0.35833333333333334 0.049074074074074076 0.35911458333333335 0.04861111111111111 0.36041666666666666 0.04861111111111111 0.3606770833333333 0.04814814814814815 0.36302083333333335 0.04814814814814815 0.36328125 0.04861111111111111 0.37395833333333334 0.04861111111111111 0.37421875 0.04814814814814815 0.3796875 0.047685185185185185 0.37994791666666666 0.04722222222222222 0.38515625 0.04722222222222222 0.3854166666666667 0.04675925925925926 0.38697916666666665 0.04675925925925926 0.38723958333333336 0.046296296296296294 0.38958333333333334 0.046296296296296294 0.38984375 0.04675925925925926 0.39088541666666665 0.04675925925925926 0.3921875 0.047685185185185185 0.39375 0.046296296296296294 0.39479166666666665 0.04398148148148148 0.39479166666666665 0.0412037037037037 0.39505208333333336 0.040740740740740744 0.39479166666666665 0.03194444444444444 0.39453125 0.03148148148148148 0.39401041666666664 0.024537037037037038 0.39348958333333334 0.02175925925925926 0.39296875 0.013888888888888888 0.3924479166666667 0.011574074074074073 0.39166666666666666 0.010185185185185186 0.38723958333333336 0.009722222222222222 0.38697916666666665 0.010185185185185186 0.384375 0.010185185185185186 0.3841145833333333 0.010648148148148148 0.37994791666666666 0.010648148148148148 0.3796875 0.010185185185185186 0.378125 0.010185185185185186 0.37786458333333334 0.009722222222222222 0.37473958333333335 0.009722222222222222 0.37447916666666664 0.010185185185185186 0.36770833333333336 0.009722222222222222 0.36744791666666665 0.010185185185185186 0.36614583333333334 0.010185185185185186 0.3658854166666667 0.010648148148148148 0.35703125 0.011111111111111112 0.35572916666666665 0.009259259259259259 0.3546875 0.0060185185185185185 0.3546875 0.005092592592592593 0.3541666666666667 0.003703703703703704 0.3541666666666667 4.62962962962963e-05
3 0.5578125 0.6944444444444444 0.55625 0.6944444444444444 0.5559895833333334 0.6939814814814815 0.5557291666666667 0.6944444444444444 0.553125 0.6944444444444444 0.5505208333333333 0.6967592592592593 0.5497395833333333 0.6981481481481482 0.54765625 0.7 0.5458333333333333 0.7037037037037037 0.54453125 0.7111111111111111 0.54453125 0.7189814814814814 0.5453125 0.7217592592592592 0.5453125 0.7226851851851852 0.5466145833333333 0.7245370370370371 0.5471354166666667 0.7263888888888889 0.54765625 0.7319444444444444 0.5458333333333333 0.7416666666666667 0.5453125 0.7430555555555556 0.5450520833333333 0.7453703703703703 0.54296875 0.7523148148148148 0.54296875 0.7532407407407408 0.5421875 0.7560185185185185 0.540625 0.7597222222222222 0.5393229166666667 0.7648148148148148 0.5375 0.7694444444444445 0.5375 0.7703703703703704 0.5364583333333334 0.7736111111111111 0.5361979166666667 0.7819444444444444 0.5372395833333333 0.7851851851851852 0.5388020833333333 0.788425925925926 0.5416666666666666 0.7916666666666666 0.5450520833333333 0.7944444444444444 0.54921875 0.7953703703703704 0.5526041666666667 0.7935185185185185 0.5557291666666667 0.787962962962963 0.5565104166666667 0.7851851851851852 0.5575520833333333 0.7828703703703703 0.55859375 0.7791666666666667 0.55859375 0.7777777777777778 0.5591145833333333 0.7763888888888889 0.5591145833333333 0.7754629629629629 0.5598958333333334 0.7736111111111111 0.5598958333333334 0.7726851851851851 0.5609375 0.7699074074074074 0.5609375 0.7689814814814815 0.5625 0.763425925925926 0.5638020833333334 0.7606481481481482 0.5643229166666667 0.7583333333333333 0.56484375 0.7574074074074074 0.5651041666666666 0.7555555555555555 0.5661458333333333 0.7527777777777778 0.56640625 0.75 0.5674479166666667 0.7481481481481481 0.56875 0.7472222222222222 0.5736979166666667 0.7467592592592592 0.5739583333333333 0.7462962962962963 0.5755208333333334 0.7462962962962963 0.5768229166666666 0.7453703703703703 0.5794270833333334 0.7416666666666667 0.5807291666666666 0.7379629629629629 0.5817708333333333 0.7324074074074074 0.58203125 0.7277777777777777 0.5822916666666667 0.7273148148148149 0.58203125 0.7208333333333333 0.58125 0.7175925925925926 0.57890625 0.7125 0.57578125 0.7078703703703704 0.575 0.7074074074074074 0.57265625 0.7037037037037037 0.56875 0.7 0.565625 0.6981481481481482 0.56484375 0.6981481481481482 0.5625 0.6962962962962963 0.559375 0.6953703703703704 0.5591145833333333 0.6949074074074074 0.5580729166666667 0.6949074074074074
3 0.6549479166666666 0.762962962962963 0.65078125 0.7597222222222222 0.6463541666666667 0.7597222222222222 0.6419270833333334 0.763425925925926 0.64140625 0.763425925925926 0.63984375 0.7657407407407407 0.6380208333333334 0.7722222222222223 0.6375 0.7731481481481481 0.6375 0.774537037037037 0.6372395833333333 0.775 0.6372395833333333 0.7824074074074074 0.6385416666666667 0.788425925925926 0.6385416666666667 0.7907407407407407 0.6390625 0.7939814814814815 0.6388020833333333 0.7953703703703704 0.63359375 0.8046296296296296 0.6302083333333334 0.8097222222222222 0.6291666666666667 0.8106481481481481 0.62734375 0.8138888888888889 0.6265625 0.8162037037037037 0.6244791666666667 0.8199074074074074 0.6223958333333334 0.8222222222222222 0.6213541666666667 0.825 0.61953125 0.8282407407407407 0.61875 0.8324074074074074 0.61875 0.837037037037037 0.6200520833333333 0.8421296296296297 0.6231770833333333 0.8495370370370371 0.6270833333333333 0.8550925925925926 0.6307291666666667 0.8564814814814815 0.6325520833333333 0.8555555555555555 0.6348958333333333 0.8532407407407407 0.6401041666666667 0.8453703703703703 0.6419270833333334 0.8435185185185186 0.6434895833333333 0.8402777777777778 0.6447916666666667 0.8384259259259259 0.6494791666666667 0.8296296296296296 0.6497395833333334 0.8296296296296296 0.65078125 0.8268518518518518 0.653125 0.8222222222222222 0.6544270833333333 0.8203703703703704 0.6575520833333334 0.8208333333333333 0.6578125 0.8212962962962963 0.6588541666666666 0.8212962962962963 0.6625 0.8231481481481482 0.6627604166666666 0.8226851851851852 0.66640625 0.8217592592592593 0.6671875 0.8208333333333333 0.6692708333333334 0.8199074074074074 0.67109375 0.8175925925925925 0.67265625 0.8148148148148148 0.6739583333333333 0.8083333333333333 0.6739583333333333 0.8009259259259259 0.6734375 0.799074074074074 0.6731770833333334 0.7958333333333333 0.6713541666666667 0.7907407407407407 0.6708333333333333 0.788425925925926 0.66875 0.7842592592592592 0.6638020833333333 0.7763888888888889 0.6625 0.7726851851851851 0.6598958333333333 0.7699074074074074 0.6588541666666666 0.7675925925925926
3 0.6848958333333334 0.8342592592592593 0.6809895833333334 0.8379629629629629 0.6783854166666666 0.8430555555555556 0.678125 0.8444444444444444 0.6770833333333334 0.8467592592592592 0.6770833333333334 0.8476851851851852 0.6763020833333333 0.850462962962963 0.6760416666666667 0.8555555555555555 0.67578125 0.8560185185185185 0.67578125 0.8592592592592593 0.6760416666666667 0.8597222222222223 0.6760416666666667 0.862037037037037 0.67734375 0.8685185185185185 0.6778645833333333 0.8694444444444445 0.6778645833333333 0.8703703703703703 0.6796875 0.874537037037037 0.68125 0.8773148148148148 0.6838541666666667 0.8796296296296297 0.68671875 0.8847222222222222 0.6872395833333333 0.8865740740740741 0.6872395833333333 0.8921296296296296 0.6875 0.8925925925925926 0.6875 0.8949074074074074 0.6877604166666667 0.8953703703703704 0.6880208333333333 0.9 0.68828125 0.9004629629629629 0.68828125 0.9046296296296297 0.6885416666666667 0.9050925925925926 0.6885416666666667 0.9083333333333333 0.6888020833333334 0.9087962962962963 0.6888020833333334 0.9120370370370371 0.6890625 0.9125 0.6893229166666667 0.9208333333333333 0.6895833333333333 0.9212962962962963 0.6895833333333333 0.9231481481481482 0.6903645833333333 0.9277777777777778 0.6921875 0.9347222222222222 0.6947916666666667 0.9384259259259259 0.6973958333333333 0.9402777777777778 0.7005208333333334 0.9407407407407408 0.70078125 0.9412037037037037 0.70546875 0.9412037037037037 0.7072916666666667 0.9402777777777778 0.7083333333333334 0.9393518518518519 0.709375 0.9375 0.71015625 0.9347222222222222 0.71015625 0.9212962962962963 0.7098958333333333 0.9208333333333333 0.7098958333333333 0.9101851851851852 0.7096354166666666 0.9097222222222222 0.709375 0.8935185185185185 0.7091145833333333 0.8930555555555556 0.7088541666666667 0.8888888888888888 0.7080729166666667 0.8861111111111111 0.7083333333333334 0.8856481481481482 0.7083333333333334 0.8842592592592593 0.709375 0.8824074074074074 0.7109375 0.8777777777777778 0.71640625 0.8685185185185185 0.7174479166666666 0.8657407407407407 0.7177083333333333 0.8625 0.71796875 0.862037037037037 0.71796875 0.8587962962962963 0.7182291666666667 0.8583333333333333 0.71796875 0.8578703703703704 0.71796875 0.8555555555555555 0.7171875 0.8513888888888889 0.7151041666666667 0.8467592592592592 0.7138020833333333 0.8421296296296297 0.71171875 0.8384259259259259 0.709375 0.8356481481481481 0.70546875 0.8328703703703704 0.7033854166666667 0.8324074074074074 0.703125 0.8319444444444445 0.7015625 0.8319444444444445 0.7013020833333333 0.8314814814814815 0.6927083333333334 0.8314814814814815 0.6924479166666667 0.8319444444444445 0.68671875 0.8333333333333334
4 0.7734375 0.5226851851851851 0.7721354166666666 0.5254629629629629 0.7703125 0.5310185185185186 0.7703125 0.538425925925926 0.771875 0.5421296296296296 0.7744791666666667 0.5449074074074074 0.7770833333333333 0.5449074074074074 0.7786458333333334 0.5439814814814815 0.78125 0.5439814814814815 0.7815104166666667 0.5435185185185185 0.78359375 0.5439814814814815 0.784375 0.5453703703703704 0.7854166666666667 0.5504629629629629 0.78671875 0.5541666666666667 0.79140625 0.5634259259259259 0.7924479166666667 0.5662037037037037 0.7979166666666667 0.575925925925926 0.7989583333333333 0.5787037037037037 0.8010416666666667 0.5824074074074074 0.8020833333333334 0.5856481481481481 0.8041666666666667 0.5893518518518519 0.8052083333333333 0.5925925925925926 0.8075520833333333 0.5972222222222222 0.809375 0.6023148148148149 0.815625 0.6152777777777778 0.81875 0.6185185185185185 0.8216145833333334 0.6203703703703703 0.8255208333333334 0.6199074074074075 0.8268229166666666 0.6189814814814815 0.8283854166666667 0.6166666666666667 0.8291666666666667 0.6138888888888889 0.8291666666666667 0.6064814814814815 0.8276041666666667 0.600462962962963 0.8234375 0.5902777777777778 0.8197916666666667 0.5833333333333334 0.81875 0.5800925925925926 0.8161458333333333 0.575462962962963 0.8151041666666666 0.5722222222222222 0.8130208333333333 0.5685185185185185 0.8080729166666667 0.5560185185185185 0.8067708333333333 0.5518518518518518 0.8052083333333333 0.549074074074074 0.80078125 0.5375 0.7973958333333333 0.5305555555555556 0.7981770833333334 0.5236111111111111 0.8005208333333333 0.5171296296296296 0.8002604166666667 0.5101851851851852 0.79921875 0.5069444444444444 0.7981770833333334 0.5050925925925925 0.7963541666666667 0.5041666666666667 0.79375 0.5041666666666667 0.7924479166666667 0.5050925925925925 0.79140625 0.5050925925925925 0.7872395833333333 0.5069444444444444 0.7828125 0.5106481481481482 0.78125 0.512962962962963 0.7794270833333333 0.5143518518518518
4 0.7356770833333334 0.5555555555555556 0.7328125 0.5597222222222222 0.7278645833333334 0.5717592592592593 0.7276041666666667 0.5731481481481482 0.7278645833333334 0.5773148148148148 0.72890625 0.5814814814814815 0.73125 0.5856481481481481 0.7322916666666667 0.586574074074074 0.73359375 0.586574074074074 0.7375 0.5842592592592593 0.73984375 0.5842592592592593 0.7408854166666666 0.5856481481481481 0.7466145833333333 0.6013888888888889 0.7494791666666667 0.6069444444444444 0.7515625 0.6125 0.75390625 0.6171296296296296 0.7552083333333334 0.6217592592592592 0.7567708333333333 0.625 0.7604166666666666 0.6351851851851852 0.7625 0.6398148148148148 0.765625 0.6453703703703704 0.7666666666666667 0.6486111111111111 0.771875 0.6597222222222222 0.7744791666666667 0.6625 0.7768229166666667 0.662962962962963 0.7770833333333333 0.6625 0.7799479166666666 0.6620370370370371 0.7825520833333334 0.6592592592592592 0.7841145833333333 0.6550925925925926 0.7841145833333333 0.6527777777777778 0.784375 0.6523148148148148 0.784375 0.6486111111111111 0.78359375 0.6462962962962963 0.78359375 0.6453703703703704 0.7799479166666666 0.6351851851851852 0.7778645833333333 0.6310185185185185 0.7721354166666666 0.6166666666666667 0.7692708333333333 0.6111111111111112 0.76171875 0.5902777777777778 0.7588541666666667 0.5837962962962963 0.75546875 0.5731481481481482 0.7544270833333333 0.5666666666666667 0.75703125 0.5587962962962963 0.7572916666666667 0.5532407407407407 0.7575520833333333 0.5527777777777778 0.7552083333333334 0.5458333333333333 0.753125 0.5449074074074074 0.7505208333333333 0.5449074074074074 0.74453125 0.5472222222222223 0.7393229166666667 0.5513888888888889
4 0.7346354166666667 0.7824074074074074 0.7348958333333333 0.7759259259259259 0.73515625 0.7754629629629629 0.7359375 0.7527777777777778 0.7361979166666667 0.7523148148148148 0.7359375 0.7518518518518519 0.7359375 0.7453703703703703 0.7348958333333333 0.7407407407407407 0.7328125 0.7379629629629629 0.7299479166666667 0.7375 0.7296875 0.737037037037037 0.7283854166666667 0.737037037037037 0.72734375 0.7379629629629629 0.7263020833333333 0.7402777777777778 0.725 0.749537037037037 0.72421875 0.7513888888888889 0.7234375 0.7518518518518519 0.71640625 0.7513888888888889 0.7161458333333334 0.7509259259259259 0.7145833333333333 0.7509259259259259 0.7143229166666667 0.750462962962963 0.7111979166666667 0.75 0.709375 0.7490740740740741 0.7049479166666667 0.7486111111111111 0.7046875 0.7481481481481481 0.6984375 0.7472222222222222 0.6981770833333333 0.7467592592592592 0.69609375 0.7467592592592592 0.6958333333333333 0.7462962962962963 0.6903645833333333 0.7453703703703703 0.6901041666666666 0.7449074074074075 0.68671875 0.7444444444444445 0.6864583333333333 0.7439814814814815 0.6815104166666667 0.7430555555555556 0.68125 0.7425925925925926 0.67890625 0.7425925925925926 0.6786458333333333 0.7421296296296296 0.6768229166666667 0.7421296296296296 0.6747395833333333 0.7412037037037037 0.67265625 0.7412037037037037 0.6723958333333333 0.7407407407407407 0.66875 0.7407407407407407 0.66640625 0.7416666666666667 0.6653645833333334 0.7425925925925926 0.6640625 0.7458333333333333 0.6640625 0.7537037037037037 0.6645833333333333 0.7564814814814815 0.665625 0.7592592592592593 0.6671875 0.7606481481481482 0.6705729166666666 0.7625 0.6768229166666667 0.7638888888888888 0.6802083333333333 0.7652777777777777 0.6817708333333333 0.7652777777777777 0.68203125 0.7657407407407407 0.68359375 0.7657407407407407 0.6838541666666667 0.7662037037037037 0.68984375 0.7671296296296296 0.696875 0.7699074074074074 0.7052083333333333 0.7717592592592593 0.71015625 0.774074074074074 0.72109375 0.7768518518518519 0.72265625 0.7782407407407408 0.7234375 0.7800925925925926 0.7247395833333333 0.7893518518518519 0.72578125 0.7912037037037037 0.728125 0.7930555555555555 0.7291666666666666 0.7930555555555555 0.7317708333333334 0.7916666666666666 0.73359375 0.787962962962963
4 0.65625 0.6967592592592593 0.6494791666666667 0.6916666666666667 0.6486979166666667 0.6916666666666667 0.6455729166666667 0.6898148148148148 0.6442708333333333 0.6898148148148148 0.6440104166666667 0.6893518518518519 0.6377604166666667 0.6898148148148148 0.634375 0.6921296296296297 0.63359375 0.6939814814814815 0.6330729166666667 0.6962962962962963 0.6333333333333333 0.7037037037037037 0.6348958333333333 0.7092592592592593 0.63671875 0.712037037037037 0.6377604166666667 0.7166666666666667 0.6377604166666667 0.7185185185185186 0.6361979166666667 0.7231481481481481 0.6359375 0.725462962962963 0.6341145833333334 0.7310185185185185 0.63359375 0.7342592592592593 0.62734375 0.7555555555555555 0.6244791666666667 0.7694444444444445 0.6184895833333334 0.7893518518518519 0.6177083333333333 0.7935185185185185 0.61796875 0.8009259259259259 0.6208333333333333 0.8060185185185185 0.62265625 0.8074074074074075 0.6252604166666667 0.8074074074074075 0.6255208333333333 0.8069444444444445 0.6265625 0.8069444444444445 0.628125 0.8041666666666667 0.6333333333333333 0.7865740740740741 0.6359375 0.7800925925925926 0.63671875 0.7736111111111111 0.6385416666666667 0.7662037037037037 0.6411458333333333 0.7597222222222222 0.6434895833333333 0.7518518518518519 0.6453125 0.7472222222222222 0.6479166666666667 0.7379629629629629 0.6494791666666667 0.7337962962962963 0.6505208333333333 0.7291666666666666 0.6526041666666667 0.7263888888888889 0.6546875 0.725462962962963 0.6578125 0.725462962962963 0.6580729166666667 0.725 0.659375 0.725 0.6611979166666667 0.7240740740740741 0.6635416666666667 0.7189814814814814 0.6635416666666667 0.7148148148148148 0.6625 0.7092592592592593 0.6619791666666667 0.7083333333333334 0.6609375 0.7041666666666667 0.6583333333333333 0.6990740740740741
4 0.19322916666666667 0.0787037037037037 0.19244791666666666 0.0787037037037037 0.19010416666666666 0.08009259259259259 0.18958333333333333 0.08148148148148149 0.18880208333333334 0.08564814814814815 0.1890625 0.09259259259259259 0.18984375 0.09444444444444444 0.19114583333333332 0.09537037037037037 0.19244791666666666 0.09722222222222222 0.19348958333333333 0.09953703703703703 0.19348958333333333 0.10231481481481482 0.1921875 0.1087962962962963 0.19166666666666668 0.11574074074074074 0.19140625 0.1162037037037037 0.19036458333333334 0.125 0.18984375 0.12685185185185185 0.18932291666666667 0.13194444444444445 0.18880208333333334 0.1337962962962963 0.18880208333333334 0.13564814814814816 0.18828125 0.13796296296296295 0.18802083333333333 0.14166666666666666 0.1875 0.14351851851851852 0.1875 0.1449074074074074 0.18671875 0.14814814814814814 0.18645833333333334 0.15092592592592594 0.18567708333333333 0.1537037037037037 0.18463541666666666 0.1625 0.18333333333333332 0.1685185185185185 0.18333333333333332 0.1699074074074074 0.18229166666666666 0.17592592592592593 0.18229166666666666 0.17824074074074073 0.18203125 0.1787037037037037 0.18203125 0.18611111111111112 0.18255208333333334 0.18796296296296297 0.18359375 0.18981481481481483 0.18932291666666667 0.19305555555555556 0.19270833333333334 0.1925925925925926 0.19348958333333333 0.19166666666666668 0.19557291666666668 0.18472222222222223 0.19609375 0.18009259259259258 0.19661458333333334 0.17824074074074073 0.19661458333333334 0.17685185185185184 0.19791666666666666 0.17083333333333334 0.19817708333333334 0.16712962962962963 0.1984375 0.16666666666666666 0.19869791666666667 0.16296296296296298 0.19973958333333333 0.1574074074074074 0.2 0.15416666666666667 0.20208333333333334 0.14305555555555555 0.20338541666666668 0.13194444444444445 0.20390625 0.1300925925925926 0.20390625 0.1287037037037037 0.20442708333333334 0.12685185185185185 0.20442708333333334 0.12546296296296297 0.2046875 0.125 0.2046875 0.12361111111111112 0.20598958333333334 0.11574074074074074 0.20651041666666667 0.10972222222222222 0.20833333333333334 0.10694444444444444 0.21328125 0.10601851851851851 0.21458333333333332 0.1037037037037037 0.21536458333333333 0.10092592592592593 0.21536458333333333 0.09444444444444444 0.21484375 0.09259259259259259 0.21302083333333333 0.08981481481481482 0.20859375 0.0875 0.20546875 0.08703703703703704 0.203125 0.08564814814814815 0.20234375 0.08472222222222223 0.20104166666666667 0.08425925925925926 0.19739583333333333 0.08101851851851852
5 0.5377604166666666 0.4486111111111111 0.5372395833333333 0.44814814814814813 0.53359375 0.4486111111111111 0.5333333333333333 0.44907407407407407 0.5325520833333334 0.44907407407407407 0.5302083333333333 0.4513888888888889 0.5296875 0.4513888888888889 0.5268229166666667 0.45416666666666666 0.5263020833333333 0.4550925925925926 0.5252604166666667 0.45555555555555555 0.52421875 0.45694444444444443 0.52265625 0.45787037037037037 0.5216145833333333 0.45925925925925926 0.5197916666666667 0.46064814814814814 0.5192708333333333 0.4615740740740741 0.51171875 0.46805555555555556 0.5088541666666667 0.47175925925925927 0.5075520833333333 0.4726851851851852 0.5065104166666666 0.4740740740740741 0.50546875 0.4740740740740741 0.5052083333333334 0.47453703703703703 0.5033854166666667 0.47314814814814815 0.5020833333333333 0.47129629629629627 0.5010416666666667 0.46805555555555556 0.5 0.46620370370370373 0.4986979166666667 0.4648148148148148 0.496875 0.4648148148148148 0.49296875 0.4675925925925926 0.49140625 0.46944444444444444 0.49140625 0.47129629629629627 0.49114583333333334 0.47175925925925927 0.49114583333333334 0.47638888888888886 0.49192708333333335 0.48055555555555557 0.49322916666666666 0.48518518518518516 0.4934895833333333 0.487962962962963 0.4940104166666667 0.48935185185185187 0.49453125 0.4925925925925926 0.49713541666666666 0.5009259259259259 0.49713541666666666 0.5018518518518519 0.4981770833333333 0.5050925925925925 0.4984375 0.5069444444444444 0.50078125 0.512962962962963 0.50234375 0.5194444444444445 0.5033854166666667 0.5222222222222223 0.50546875 0.5259259259259259 0.50625 0.5268518518518519 0.5088541666666667 0.5268518518518519 0.5091145833333334 0.5273148148148148 0.5104166666666666 0.5263888888888889 0.5143229166666666 0.5208333333333334 0.5151041666666667 0.5180555555555556 0.5151041666666667 0.5162037037037037 0.5138020833333333 0.5106481481481482 0.5135416666666667 0.5064814814814815 0.5130208333333334 0.5041666666666667 0.5143229166666666 0.5013888888888889 0.5177083333333333 0.49722222222222223 0.5223958333333333 0.4935185185185185 0.5270833333333333 0.487962962962963 0.53359375 0.4824074074074074 0.5354166666666667 0.48009259259259257 0.5359375 0.48009259259259257 0.5395833333333333 0.47685185185185186 0.5427083333333333 0.47314814814814815 0.54375 0.4699074074074074 0.54375 0.4666666666666667 0.54296875 0.4625 0.5408854166666667 0.45694444444444443 0.53984375 0.4527777777777778
5 0.48776041666666664 0.7537037037037037 0.4861979166666667 0.7560185185185185 0.48411458333333335 0.7615740740740741 0.4828125 0.7638888888888888 0.48203125 0.7666666666666667 0.48203125 0.7717592592592593 0.4822916666666667 0.7722222222222223 0.4825520833333333 0.774537037037037 0.48776041666666664 0.7824074074074074 0.49270833333333336 0.7888888888888889 0.4973958333333333 0.7967592592592593 0.49895833333333334 0.7986111111111112 0.5018229166666667 0.8037037037037037 0.5057291666666667 0.8078703703703703 0.5067708333333333 0.8097222222222222 0.50703125 0.8157407407407408 0.5067708333333333 0.8162037037037037 0.5067708333333333 0.8194444444444444 0.5065104166666666 0.8199074074074074 0.5065104166666666 0.8240740740740741 0.5067708333333333 0.8245370370370371 0.5072916666666667 0.8282407407407407 0.5088541666666667 0.8314814814814815 0.5130208333333334 0.8351851851851851 0.5145833333333333 0.8351851851851851 0.51484375 0.8347222222222223 0.5169270833333334 0.8337962962962963 0.5221354166666666 0.8240740740740741 0.5231770833333333 0.8203703703703704 0.5276041666666667 0.8087962962962963 0.5307291666666667 0.8027777777777778 0.5317708333333333 0.7986111111111112 0.5317708333333333 0.7976851851851852 0.5325520833333334 0.7958333333333333 0.5325520833333334 0.7944444444444444 0.5328125 0.7939814814814815 0.5328125 0.7875 0.5302083333333333 0.7814814814814814 0.5291666666666667 0.7800925925925926 0.5260416666666666 0.7773148148148148 0.5247395833333334 0.7773148148148148 0.52421875 0.7782407407407408 0.5234375 0.7787037037037037 0.5177083333333333 0.7865740740740741 0.5161458333333333 0.7865740740740741 0.5158854166666667 0.7861111111111111 0.5145833333333333 0.7856481481481481 0.5091145833333334 0.7787037037037037 0.5057291666666667 0.7712962962962963 0.50234375 0.7675925925925926 0.5005208333333333 0.7638888888888888 0.4973958333333333 0.7611111111111111 0.49453125 0.7564814814814815 0.4921875 0.7537037037037037 0.48984375 0.7518518518518519
6 0.6145833333333334 0.3388888888888889 0.6143229166666667 0.33935185185185185 0.61328125 0.33935185185185185 0.6130208333333333 0.3398148148148148 0.6125 0.3398148148148148 0.6122395833333333 0.3402777777777778 0.61171875 0.3402777777777778 0.6114583333333333 0.34074074074074073 0.6111979166666667 0.34074074074074073 0.6109375 0.34120370370370373 0.61015625 0.3416666666666667 0.6096354166666667 0.3425925925925926 0.609375 0.3425925925925926 0.6083333333333333 0.34444444444444444 0.6080729166666666 0.34444444444444444 0.6065104166666667 0.3472222222222222 0.6065104166666667 0.3476851851851852 0.6057291666666667 0.3490740740740741 0.6057291666666667 0.34953703703703703 0.6049479166666667 0.35185185185185186 0.6049479166666667 0.3527777777777778 0.6046875 0.35324074074074074 0.6046875 0.3541666666666667 0.6044270833333333 0.35462962962962963 0.6044270833333333 0.35555555555555557 0.6041666666666666 0.3560185185185185 0.6041666666666666 0.3574074074074074 0.60390625 0.3578703703703704 0.60390625 0.3592592592592593 0.6036458333333333 0.3597222222222222 0.6036458333333333 0.36157407407407405 0.6033854166666667 0.36203703703703705 0.6033854166666667 0.36944444444444446 0.6036458333333333 0.3699074074074074 0.6036458333333333 0.37175925925925923 0.60390625 0.37222222222222223 0.60390625 0.3731481481481482 0.6044270833333333 0.37407407407407406 0.6044270833333333 0.37453703703703706 0.6049479166666667 0.37546296296296294 0.6049479166666667 0.37592592592592594 0.6075520833333333 0.38055555555555554 0.6078125 0.38055555555555554 0.609375 0.38333333333333336 0.6096354166666667 0.38333333333333336 0.6104166666666667 0.38472222222222224 0.6106770833333334 0.38472222222222224 0.61171875 0.38657407407407407 0.6119791666666666 0.38657407407407407 0.6127604166666667 0.38796296296296295 0.6130208333333333 0.38796296296296295 0.6135416666666667 0.3888888888888889 0.6138020833333333 0.3888888888888889 0.6145833333333334 0.38981481481481484 0.6151041666666667 0.38981481481481484 0.6153645833333333 0.3902777777777778 0.6171875 0.3902777777777778 0.6174479166666667 0.38981481481481484 0.6192708333333333 0.38981481481481484 0.61953125 0.38935185185185184 0.6200520833333333 0.38935185185185184 0.6203125 0.3888888888888889 0.6208333333333333 0.3888888888888889 0.6216145833333333 0.38796296296296295 0.6221354166666667 0.38796296296296295 0.6223958333333334 0.3875 0.62265625 0.3875 0.6234375 0.38657407407407407 0.6239583333333333 0.38657407407407407 0.6247395833333333 0.38564814814814813 0.6252604166666667 0.38564814814814813 0.6255208333333333 0.3851851851851852 0.6260416666666667 0.3851851851851852 0.6268229166666667 0.38425925925925924 0.62734375 0.38425925925925924 0.6276041666666666 0.3837962962962963 0.6278645833333333 0.3837962962962963 0.6283854166666667 0.38287037037037036 0.6286458333333333 0.38287037037037036 0.6294270833333333 0.3814814814814815 0.6294270833333333 0.38101851851851853 0.6299479166666667 0.3800925925925926 0.6299479166666667 0.37962962962962965 0.6302083333333334 0.37916666666666665 0.6302083333333334 0.37777777777777777 0.63046875 0.3773148148148148 0.63046875 0.3763888888888889 0.6307291666666667 0.37592592592592594 0.6307291666666667 0.37453703703703706 0.6309895833333333 0.37407407407407406 0.6309895833333333 0.3731481481481482 0.63125 0.3726851851851852 0.63125 0.36898148148148147 0.6315104166666666 0.3685185185185185 0.6315104166666666 0.35833333333333334 0.63125 0.3578703703703704 0.63125 0.35648148148148145 0.6309895833333333 0.3560185185185185 0.6309895833333333 0.35555555555555557 0.6307291666666667 0.35509259259259257 0.6307291666666667 0.35462962962962963 0.63046875 0.3541666666666667 0.6302083333333334 0.3527777777777778 0.6296875 0.35185185185185186 0.6296875 0.35138888888888886 0.62890625 0.35 0.62890625 0.34953703703703703 0.6268229166666667 0.3458333333333333 0.6265625 0.3458333333333333 0.6247395833333333 0.3425925925925926 0.6239583333333333 0.3421296296296296 0.6234375 0.34120370370370373 0.6231770833333333 0.34120370370370373 0.6229166666666667 0.34074074074074073 0.6223958333333334 0.34074074074074073 0.6221354166666667 0.3402777777777778 0.6216145833333333 0.3402777777777778 0.6213541666666667 0.3398148148148148 0.6205729166666667 0.3398148148148148 0.6203125 0.33935185185185185 0.61953125 0.33935185185185185 0.6192708333333333 0.3388888888888889
6 0.4359375 0.5527777777777778 0.434375 0.5555555555555556 0.434375 0.5560185185185185 0.43307291666666664 0.5587962962962963 0.4328125 0.5601851851851852 0.43203125 0.5615740740740741 0.43203125 0.562037037037037 0.4309895833333333 0.5652777777777778 0.4309895833333333 0.5662037037037037 0.43046875 0.5675925925925925 0.43046875 0.5685185185185185 0.42994791666666665 0.5699074074074074 0.42994791666666665 0.5708333333333333 0.42942708333333335 0.5722222222222222 0.42942708333333335 0.5740740740740741 0.42916666666666664 0.5745370370370371 0.42916666666666664 0.5777777777777777 0.42890625 0.5782407407407407 0.42890625 0.5791666666666667 0.42916666666666664 0.5796296296296296 0.42916666666666664 0.5810185185185185 0.4296875 0.5824074074074074 0.4296875 0.5833333333333334 0.42994791666666665 0.5837962962962963 0.4309895833333333 0.5879629629629629 0.43255208333333334 0.5912037037037037 0.4328125 0.5925925925925926 0.43359375 0.5939814814814814 0.43359375 0.5944444444444444 0.43645833333333334 0.6 0.43645833333333334 0.600462962962963 0.43697916666666664 0.6013888888888889 0.43697916666666664 0.6018518518518519 0.43828125 0.6041666666666666 0.43854166666666666 0.6041666666666666 0.4388020833333333 0.6046296296296296 0.4395833333333333 0.6046296296296296 0.43984375 0.6050925925925926 0.4440104166666667 0.6050925925925926 0.44427083333333334 0.6046296296296296 0.45078125 0.6046296296296296 0.4510416666666667 0.6041666666666666 0.45208333333333334 0.6041666666666666 0.45234375 0.6037037037037037 0.45338541666666665 0.6037037037037037 0.45364583333333336 0.6032407407407407 0.4544270833333333 0.6032407407407407 0.4546875 0.6027777777777777 0.4552083333333333 0.6027777777777777 0.45598958333333334 0.6013888888888889 0.45625 0.6013888888888889 0.45625 0.600925925925926 0.45703125 0.5995370370370371 0.45703125 0.5986111111111111 0.45859375 0.5939814814814814 0.45859375 0.5930555555555556 0.459375 0.5907407407407408 0.4596354166666667 0.5884259259259259 0.46015625 0.587037037037037 0.46015625 0.5861111111111111 0.46041666666666664 0.5856481481481481 0.46041666666666664 0.5842592592592593 0.46067708333333335 0.5837962962962963 0.46067708333333335 0.5828703703703704 0.4609375 0.5824074074074074 0.4609375 0.5814814814814815 0.46119791666666665 0.5810185185185185 0.46119791666666665 0.5796296296296296 0.46145833333333336 0.5791666666666667 0.46145833333333336 0.5726851851851852 0.46119791666666665 0.5722222222222222 0.46119791666666665 0.5708333333333333 0.46067708333333335 0.5694444444444444 0.46067708333333335 0.5685185185185185 0.46041666666666664 0.5680555555555555 0.46015625 0.5666666666666667 0.4596354166666667 0.5657407407407408 0.459375 0.5643518518518519 0.4588541666666667 0.5634259259259259 0.4588541666666667 0.562962962962963 0.4583333333333333 0.5615740740740741 0.4583333333333333 0.5606481481481481 0.4578125 0.5597222222222222 0.45755208333333336 0.5583333333333333 0.45703125 0.5574074074074075 0.45703125 0.5569444444444445 0.45677083333333335 0.5564814814814815 0.45598958333333334 0.5532407407407407 0.45546875 0.5523148148148148 0.45546875 0.5518518518518518 0.4544270833333333 0.5504629629629629 0.45260416666666664 0.5504629629629629 0.45234375 0.5509259259259259 0.4505208333333333 0.5509259259259259 0.45026041666666666 0.5504629629629629 0.44192708333333336 0.5504629629629629 0.44166666666666665 0.5509259259259259 0.44036458333333334 0.5509259259259259 0.4401041666666667 0.5513888888888889 0.4393229166666667 0.5513888888888889 0.4390625 0.5518518518518518 0.43802083333333336 0.5518518518518518 0.43776041666666665 0.5523148148148148 0.43697916666666664 0.5523148148148148 0.43671875 0.5527777777777778
6 0.4578125 0.14583333333333334 0.45755208333333336 0.14629629629629629 0.45625 0.14629629629629629 0.45598958333333334 0.14675925925925926 0.4549479166666667 0.14675925925925926 0.4546875 0.14722222222222223 0.45338541666666665 0.1476851851851852 0.4513020833333333 0.14953703703703702 0.45078125 0.15046296296296297 0.45 0.15092592592592594 0.44947916666666665 0.15185185185185185 0.44869791666666664 0.15231481481481482 0.4471354166666667 0.15462962962962962 0.446875 0.15462962962962962 0.4453125 0.15787037037037038 0.4453125 0.15833333333333333 0.44375 0.16203703703703703 0.4427083333333333 0.16574074074074074 0.4427083333333333 0.16666666666666666 0.4421875 0.1685185185185185 0.4421875 0.1699074074074074 0.44192708333333336 0.17037037037037037 0.44192708333333336 0.17175925925925925 0.44166666666666665 0.17222222222222222 0.44166666666666665 0.17407407407407408 0.44140625 0.17453703703703705 0.44140625 0.18611111111111112 0.44166666666666665 0.1865740740740741 0.44166666666666665 0.1884259259259259 0.44192708333333336 0.18888888888888888 0.44192708333333336 0.19027777777777777 0.4421875 0.19074074074074074 0.44244791666666666 0.19305555555555556 0.44375 0.19768518518518519 0.44583333333333336 0.2023148148148148 0.44583333333333336 0.20277777777777778 0.4479166666666667 0.2064814814814815 0.44817708333333334 0.2064814814814815 0.44895833333333335 0.20787037037037037 0.44921875 0.20787037037037037 0.4505208333333333 0.20972222222222223 0.4515625 0.21064814814814814 0.45208333333333334 0.21064814814814814 0.45234375 0.2111111111111111 0.45286458333333335 0.2111111111111111 0.453125 0.21157407407407408 0.4544270833333333 0.21203703703703702 0.4546875 0.2125 0.45625 0.2125 0.45651041666666664 0.21296296296296297 0.46119791666666665 0.21296296296296297 0.46145833333333336 0.2125 0.4627604166666667 0.2125 0.4630208333333333 0.21203703703703702 0.46380208333333334 0.21203703703703702 0.4640625 0.21157407407407408 0.46458333333333335 0.21157407407407408 0.46484375 0.2111111111111111 0.46536458333333336 0.2111111111111111 0.465625 0.21064814814814814 0.4661458333333333 0.21064814814814814 0.4671875 0.20972222222222223 0.46770833333333334 0.20879629629629629 0.46875 0.20787037037037037 0.46953125 0.2064814814814815 0.46979166666666666 0.2064814814814815 0.47213541666666664 0.2023148148148148 0.47213541666666664 0.20185185185185187 0.47369791666666666 0.1986111111111111 0.47421875 0.19675925925925927 0.475 0.19537037037037036 0.4752604166666667 0.19398148148148148 0.47578125 0.19305555555555556 0.47630208333333335 0.1912037037037037 0.47630208333333335 0.19027777777777777 0.4765625 0.18981481481481483 0.4765625 0.18888888888888888 0.47708333333333336 0.18703703703703703 0.47708333333333336 0.18564814814814815 0.47734375 0.18518518518518517 0.47734375 0.1824074074074074 0.47760416666666666 0.18194444444444444 0.47760416666666666 0.17453703703703705 0.47734375 0.17407407407407408 0.47708333333333336 0.1699074074074074 0.47682291666666665 0.16944444444444445 0.47682291666666665 0.1685185185185185 0.4765625 0.16805555555555557 0.47630208333333335 0.16574074074074074 0.475 0.16111111111111112 0.47317708333333336 0.1574074074074074 0.47317708333333336 0.15694444444444444 0.4703125 0.15185185185185185 0.4700520833333333 0.15185185185185185 0.46927083333333336 0.15046296296296297 0.46848958333333335 0.15 0.46796875 0.14907407407407408 0.4669270833333333 0.14814814814814814 0.46640625 0.14814814814814814 0.4661458333333333 0.1476851851851852 0.46484375 0.14722222222222223 0.46458333333333335 0.14675925925925926 0.46380208333333334 0.14675925925925926 0.4635416666666667 0.14629629629629629 0.4625 0.14629629629629629 0.4622395833333333 0.14583333333333334
6 0.16588541666666667 4.62962962962963e-05 0.16588541666666667 0.006481481481481481 0.165625 0.006944444444444444 0.165625 0.011574074074074073 0.16588541666666667 0.012037037037037037 0.16588541666666667 0.013425925925925926 0.16614583333333333 0.013888888888888888 0.16614583333333333 0.015277777777777777 0.16640625 0.01574074074074074 0.16640625 0.01712962962962963 0.16666666666666666 0.017592592592592594 0.16692708333333334 0.01990740740740741 0.16822916666666668 0.024537037037037038 0.17135416666666667 0.030555555555555555 0.17161458333333332 0.030555555555555555 0.17317708333333334 0.03287037037037037 0.17395833333333333 0.03333333333333333 0.17447916666666666 0.03425925925925926 0.17578125 0.03518518518518519 0.17682291666666666 0.03657407407407407 0.17734375 0.03657407407407407 0.17838541666666666 0.0375 0.17942708333333332 0.0375 0.1796875 0.03796296296296296 0.18046875 0.03796296296296296 0.18072916666666666 0.038425925925925926 0.1828125 0.038425925925925926 0.18307291666666667 0.03796296296296296 0.18515625 0.03796296296296296 0.18541666666666667 0.0375 0.18645833333333334 0.0375 0.1875 0.03657407407407407 0.18828125 0.03657407407407407 0.1890625 0.03564814814814815 0.18958333333333333 0.03564814814814815 0.19010416666666666 0.03518518518518519 0.190625 0.03425925925925926 0.19166666666666668 0.03333333333333333 0.19244791666666666 0.03194444444444444 0.19270833333333334 0.03194444444444444 0.19375 0.03009259259259259 0.19401041666666666 0.03009259259259259 0.1953125 0.027777777777777776 0.1953125 0.027314814814814816 0.19661458333333334 0.024537037037037038 0.19791666666666666 0.01990740740740741 0.19791666666666666 0.01898148148148148 0.19817708333333334 0.018518518518518517 0.19817708333333334 0.017592592592592594 0.19869791666666667 0.01574074074074074 0.19895833333333332 0.0125 0.19921875 0.012037037037037037 0.19921875 0.009722222222222222 0.19947916666666668 0.009259259259259259 0.19921875 0.008796296296296297 0.19921875 4.62962962962963e-05 0.18932291666666667 4.62962962962963e-05 0.18932291666666667 0.011111111111111112 0.18854166666666666 0.013888888888888888 0.18802083333333333 0.014814814814814815 0.18802083333333333 0.015277777777777777 0.18619791666666666 0.018518518518518517 0.18411458333333333 0.020370370370370372 0.18359375 0.020370370370370372 0.18333333333333332 0.020833333333333332 0.18255208333333334 0.020833333333333332 0.18229166666666666 0.021296296296296296 0.18072916666666666 0.021296296296296296 0.18046875 0.020833333333333332 0.17916666666666667 0.020370370370370372 0.17760416666666667 0.01898148148148148 0.17604166666666668 0.016203703703703703 0.17552083333333332 0.014351851851851852 0.17552083333333332 0.013425925925925926 0.175 0.011574074074074073 0.175 0.008333333333333333 0.17526041666666667 0.00787037037037037 0.17526041666666667 0.005555555555555556 0.17552083333333332 0.005092592592592593 0.17578125 4.62962962962963e-05
