1 0.35390625 0.052314814814814814 0.3536458333333333 0.05277777777777778 0.3533854166666667 0.05416666666666667 0.3528645833333333 0.055092592592592596 0.3528645833333333 0.056018518518518516 0.35260416666666666 0.05648148148148148 0.35260416666666666 0.058333333333333334 0.35234375 0.0587962962962963 0.35234375 0.059722222222222225 0.35260416666666666 0.06018518518518518 0.35260416666666666 0.06157407407407407 0.3528645833333333 0.062037037037037036 0.3528645833333333 0.06296296296296296 0.353125 0.06342592592592593 0.3533854166666667 0.06481481481481481 0.35390625 0.06574074074074074 0.35390625 0.06620370370370371 0.35546875 0.06898148148148148 0.35546875 0.06944444444444445 0.3578125 0.07407407407407407 0.3578125 0.07453703703703704 0.3580729166666667 0.07453703703703704 0.36041666666666666 0.0787037037037037 0.36041666666666666 0.07916666666666666 0.3606770833333333 0.07962962962962963 0.3606770833333333 0.08888888888888889 0.3609375 0.08935185185185185 0.3609375 0.09398148148148149 0.3611979166666667 0.09444444444444444 0.36171875 0.09675925925925925 0.36276041666666664 0.09861111111111111 0.36276041666666664 0.09907407407407408 0.36380208333333336 0.10092592592592593 0.3640625 0.10092592592592593 0.3645833333333333 0.10185185185185185 0.36484375 0.10185185185185185 0.3653645833333333 0.10277777777777777 0.36614583333333334 0.10324074074074074 0.36692708333333335 0.10462962962962963 0.3671875 0.10462962962962963 0.3692708333333333 0.10833333333333334 0.3692708333333333 0.1087962962962963 0.37057291666666664 0.1111111111111111 0.37083333333333335 0.1111111111111111 0.37135416666666665 0.11203703703703703 0.371875 0.11203703703703703 0.37213541666666666 0.1125 0.37265625 0.1125 0.3729166666666667 0.11296296296296296 0.37395833333333334 0.11296296296296296 0.37421875 0.1125 0.3763020833333333 0.1125 0.3765625 0.11203703703703703 0.37734375 0.11203703703703703 0.378125 0.1111111111111111 0.37864583333333335 0.1111111111111111 0.37890625 0.11064814814814815 0.3802083333333333 0.10972222222222222 0.3807291666666667 0.1087962962962963 0.3809895833333333 0.1087962962962963 0.3815104166666667 0.10787037037037037 0.38177083333333334 0.10787037037037037 0.38333333333333336 0.1050925925925926 0.38333333333333336 0.10462962962962963 0.38385416666666666 0.1037037037037037 0.38385416666666666 0.10324074074074074 0.384375 0.10185185185185185 0.384375 0.10046296296296296 0.3846354166666667 0.1 0.3846354166666667 0.09953703703703703 0.384375 0.09907407407407408 0.384375 0.0962962962962963 0.3841145833333333 0.09583333333333334 0.3841145833333333 0.09398148148148149 0.38385416666666666 0.09351851851851851 0.38385416666666666 0.09259259259259259 0.38307291666666665 0.09074074074074075 0.3828125 0.08935185185185185 0.38229166666666664 0.08842592592592592 0.38229166666666664 0.08796296296296297 0.3807291666666667 0.08425925925925926 0.3807291666666667 0.0837962962962963 0.3802083333333333 0.0824074074074074 0.3802083333333333 0.08148148148148149 0.3796875 0.08009259259259259 0.3796875 0.07916666666666666 0.37942708333333336 0.0787037037037037 0.37864583333333335 0.07546296296296297 0.378125 0.07453703703703704 0.378125 0.07407407407407407 0.3776041666666667 0.07314814814814814 0.37734375 0.07314814814814814 0.3763020833333333 0.0712962962962963 0.37604166666666666 0.0712962962962963 0.37552083333333336 0.07037037037037037 0.37526041666666665 0.07037037037037037 0.37447916666666664 0.06944444444444445 0.37395833333333334 0.06944444444444445 0.3736979166666667 0.06898148148148148 0.37265625 0.06898148148148148 0.3723958333333333 0.06851851851851852 0.3692708333333333 0.06851851851851852 0.3690104166666667 0.06805555555555555 0.3684895833333333 0.06805555555555555 0.36770833333333336 0.06666666666666667 0.36770833333333336 0.06620370370370371 0.36692708333333335 0.06481481481481481 0.36692708333333335 0.06435185185185185 0.3658854166666667 0.0625 0.3658854166666667 0.062037037037037036 0.3653645833333333 0.06111111111111111 0.3653645833333333 0.060648148148148145 0.3606770833333333 0.05277777777777778 0.35989583333333336 0.052314814814814814 0.359375 0.05138888888888889 0.35911458333333335 0.05138888888888889 0.35885416666666664 0.05092592592592592 0.35833333333333334 0.05092592592592592 0.3580729166666667 0.050462962962962966 0.35625 0.050462962962962966 0.35598958333333336 0.05092592592592592 0.35546875 0.05092592592592592 0.35520833333333335 0.05138888888888889
1 0.21901041666666668 0.11712962962962963 0.21901041666666668 0.12083333333333333 0.21875 0.12129629629629629 0.21875 0.12407407407407407 0.21901041666666668 0.12453703703703704 0.21901041666666668 0.1310185185185185 0.21927083333333333 0.13148148148148148 0.21927083333333333 0.13472222222222222 0.21953125 0.13518518518518519 0.21979166666666666 0.1375 0.22083333333333333 0.14074074074074075 0.22083333333333333 0.14166666666666666 0.22109375 0.14212962962962963 0.22109375 0.14305555555555555 0.22161458333333334 0.1449074074074074 0.22265625 0.14675925925925926 0.22369791666666666 0.1476851851851852 0.22682291666666668 0.1476851851851852 0.22708333333333333 0.14722222222222223 0.22864583333333333 0.14722222222222223 0.22890625 0.14675925925925926 0.23645833333333333 0.14675925925925926 0.2375 0.14583333333333334 0.2390625 0.14305555555555555 0.23958333333333334 0.1412037037037037 0.240625 0.13935185185185187 0.24088541666666666 0.13935185185185187 0.24166666666666667 0.13796296296296295 0.24322916666666666 0.13657407407407407 0.24375 0.13657407407407407 0.24401041666666667 0.1361111111111111 0.24479166666666666 0.1361111111111111 0.24505208333333334 0.13564814814814816 0.24583333333333332 0.13564814814814816 0.24609375 0.13518518518518519 0.246875 0.13518518518518519 0.24713541666666666 0.13472222222222222 0.24817708333333333 0.13472222222222222 0.2484375 0.13425925925925927 0.24947916666666667 0.13425925925925927 0.24973958333333332 0.1337962962962963 0.25104166666666666 0.1337962962962963 0.2513020833333333 0.13333333333333333 0.25286458333333334 0.13333333333333333 0.253125 0.13287037037037036 0.25494791666666666 0.13287037037037036 0.2552083333333333 0.13240740740740742 0.259375 0.13240740740740742 0.2596354166666667 0.13194444444444445 0.2609375 0.13194444444444445 0.26119791666666664 0.13148148148148148 0.26171875 0.13148148148148148 0.26276041666666666 0.13055555555555556 0.26328125 0.12916666666666668 0.26328125 0.12777777777777777 0.2635416666666667 0.12731481481481483 0.26328125 0.12685185185185185 0.26328125 0.12083333333333333 0.26276041666666666 0.11944444444444445 0.26276041666666666 0.11851851851851852 0.26171875 0.1162037037037037 0.26067708333333334 0.11527777777777778 0.26015625 0.11527777777777778 0.2598958333333333 0.11481481481481481 0.25833333333333336 0.11481481481481481 0.25807291666666665 0.11527777777777778 0.2557291666666667 0.11527777777777778 0.25546875 0.11574074074074074 0.25442708333333336 0.11574074074074074 0.25416666666666665 0.1162037037037037 0.25286458333333334 0.1162037037037037 0.2526041666666667 0.11666666666666667 0.2513020833333333 0.11666666666666667 0.25104166666666666 0.11712962962962963 0.24947916666666667 0.11712962962962963 0.24921875 0.1175925925925926 0.24739583333333334 0.1175925925925926 0.24713541666666666 0.11805555555555555 0.24557291666666667 0.11805555555555555 0.2453125 0.11851851851851852 0.24375 0.11851851851851852 0.24348958333333334 0.11898148148148148 0.24244791666666668 0.11898148148148148 0.2421875 0.11944444444444445 0.24088541666666666 0.11944444444444445 0.240625 0.11990740740740741 0.23802083333333332 0.11990740740740741 0.23776041666666667 0.11944444444444445 0.23697916666666666 0.11944444444444445 0.23645833333333333 0.11898148148148148 0.23541666666666666 0.11666666666666667 0.23515625 0.11527777777777778 0.23359375 0.1125 0.2328125 0.11203703703703703 0.23177083333333334 0.11296296296296296 0.23151041666666666 0.11388888888888889 0.23046875 0.11574074074074074 0.23020833333333332 0.11574074074074074 0.22916666666666666 0.11712962962962963 0.22708333333333333 0.11712962962962963 0.22682291666666668 0.11666666666666667 0.22604166666666667 0.11666666666666667 0.225 0.11574074074074074 0.22421875 0.11574074074074074 0.22395833333333334 0.11527777777777778 0.22291666666666668 0.11527777777777778 0.22265625 0.11481481481481481 0.22161458333333334 0.11481481481481481 0.22135416666666666 0.11435185185185186 0.22005208333333334 0.11435185185185186 0.21927083333333333 0.11527777777777778 0.21927083333333333 0.11666666666666667
1 0.3078125 0.19675925925925927 0.30390625 0.18935185185185185 0.30364583333333334 0.18935185185185185 0.303125 0.1884259259259259 0.30182291666666666 0.1884259259259259 0.3015625 0.18888888888888888 0.30104166666666665 0.18888888888888888 0.30078125 0.18935185185185185 0.30026041666666664 0.18935185185185185 0.29921875 0.19027777777777777 0.2984375 0.19166666666666668 0.2981770833333333 0.19166666666666668 0.2981770833333333 0.19212962962962962 0.29765625 0.19305555555555556 0.29739583333333336 0.19305555555555556 0.29609375 0.19537037037037036 0.29583333333333334 0.19537037037037036 0.2950520833333333 0.19675925925925927 0.2947916666666667 0.19675925925925927 0.29401041666666666 0.19814814814814816 0.29375 0.19814814814814816 0.29244791666666664 0.20046296296296295 0.2921875 0.20046296296296295 0.29140625 0.20185185185185187 0.2911458333333333 0.20185185185185187 0.2903645833333333 0.20324074074074075 0.29010416666666666 0.20324074074074075 0.2890625 0.2050925925925926 0.28880208333333335 0.2050925925925926 0.2875 0.2074074074074074 0.2872395833333333 0.2074074074074074 0.28619791666666666 0.20879629629629629 0.28541666666666665 0.20879629629629629 0.28515625 0.20925925925925926 0.284375 0.20925925925925926 0.28411458333333334 0.20972222222222223 0.28229166666666666 0.20972222222222223 0.28203125 0.20925925925925926 0.28151041666666665 0.20925925925925926 0.28125 0.20879629629629629 0.28046875 0.20879629629629629 0.28020833333333334 0.20833333333333334 0.278125 0.20833333333333334 0.27786458333333336 0.20879629629629629 0.27734375 0.20879629629629629 0.27708333333333335 0.20925925925925926 0.2765625 0.20925925925925926 0.2760416666666667 0.20972222222222223 0.2755208333333333 0.21064814814814814 0.2747395833333333 0.21342592592592594 0.2747395833333333 0.21435185185185185 0.27447916666666666 0.2152777777777778 0.27369791666666665 0.21666666666666667 0.27265625 0.2175925925925926 0.2721354166666667 0.2175925925925926 0.271875 0.21805555555555556 0.2713541666666667 0.21805555555555556 0.27109375 0.21851851851851853 0.27057291666666666 0.21851851851851853 0.26953125 0.21944444444444444 0.2682291666666667 0.22175925925925927 0.2677083333333333 0.22361111111111112 0.2677083333333333 0.22870370370370371 0.26796875 0.22916666666666666 0.26796875 0.23148148148148148 0.2682291666666667 0.23194444444444445 0.2682291666666667 0.23287037037037037 0.26901041666666664 0.23564814814814813 0.26953125 0.23657407407407408 0.26953125 0.23703703703703705 0.271875 0.2412037037037037 0.2721354166666667 0.2412037037037037 0.2760416666666667 0.24768518518518517 0.27682291666666664 0.24814814814814815 0.27734375 0.2490740740740741 0.27786458333333336 0.24953703703703703 0.27838541666666666 0.24953703703703703 0.2786458333333333 0.25 0.2796875 0.25 0.28125 0.24861111111111112 0.28177083333333336 0.24768518518518517 0.28203125 0.24768518518518517 0.2828125 0.2462962962962963 0.2828125 0.24583333333333332 0.28619791666666666 0.23981481481481481 0.2864583333333333 0.23981481481481481 0.2872395833333333 0.23842592592592593 0.2875 0.23842592592592593 0.2890625 0.2361111111111111 0.2890625 0.23564814814814813 0.2903645833333333 0.23287037037037037 0.2903645833333333 0.23194444444444445 0.290625 0.23148148148148148 0.290625 0.2300925925925926 0.2908854166666667 0.22962962962962963 0.2908854166666667 0.22824074074074074 0.2911458333333333 0.22777777777777777 0.2911458333333333 0.2263888888888889 0.2916666666666667 0.22453703703703703 0.2921875 0.22361111111111112 0.2921875 0.22314814814814815 0.29401041666666666 0.22037037037037038 0.2947916666666667 0.2199074074074074 0.3 0.21157407407407408 0.30026041666666664 0.21157407407407408 0.30078125 0.21064814814814814 0.30104166666666665 0.21064814814814814 0.3015625 0.20972222222222223 0.30182291666666666 0.20972222222222223 0.30234375 0.20879629629629629 0.3033854166666667 0.20787037037037037 0.30416666666666664 0.2064814814814815 0.30494791666666665 0.20601851851851852 0.3067708333333333 0.20324074074074075 0.3078125 0.19953703703703704
1 0.2296875 0.2513888888888889 0.22916666666666666 0.2523148148148148 0.22890625 0.2523148148148148 0.22890625 0.25277777777777777 0.22864583333333333 0.25324074074074077 0.22864583333333333 0.25416666666666665 0.22838541666666667 0.25462962962962965 0.22838541666666667 0.2574074074074074 0.228125 0.25787037037037036 0.228125 0.26157407407407407 0.22838541666666667 0.262037037037037 0.22838541666666667 0.2625 0.22864583333333333 0.26296296296296295 0.22864583333333333 0.26342592592592595 0.22890625 0.2638888888888889 0.22890625 0.26435185185185184 0.22916666666666666 0.26481481481481484 0.22916666666666666 0.2652777777777778 0.23177083333333334 0.2740740740740741 0.23177083333333334 0.2810185185185185 0.23151041666666666 0.2814814814814815 0.23151041666666666 0.2824074074074074 0.23125 0.2828703703703704 0.23125 0.28379629629629627 0.23098958333333333 0.28425925925925927 0.23098958333333333 0.2851851851851852 0.23072916666666668 0.28564814814814815 0.23072916666666668 0.2875 0.23046875 0.287962962962963 0.23046875 0.28888888888888886 0.23072916666666668 0.28935185185185186 0.23072916666666668 0.2912037037037037 0.23098958333333333 0.2916666666666667 0.23098958333333333 0.29259259259259257 0.23125 0.29305555555555557 0.23125 0.29398148148148145 0.23151041666666666 0.29444444444444445 0.23151041666666666 0.2949074074074074 0.23307291666666666 0.29768518518518516 0.23307291666666666 0.29814814814814816 0.23359375 0.29907407407407405 0.23359375 0.29953703703703705 0.234375 0.30185185185185187 0.234375 0.30277777777777776 0.23463541666666668 0.30324074074074076 0.23463541666666668 0.30416666666666664 0.23489583333333333 0.30462962962962964 0.23489583333333333 0.3055555555555556 0.23515625 0.3060185185185185 0.23541666666666666 0.30833333333333335 0.23567708333333334 0.3087962962962963 0.23619791666666667 0.3111111111111111 0.23697916666666666 0.31296296296296294 0.23723958333333334 0.31296296296296294 0.23776041666666667 0.3138888888888889 0.23802083333333332 0.3138888888888889 0.23880208333333333 0.3148148148148148 0.23932291666666666 0.3148148148148148 0.23958333333333334 0.31527777777777777 0.24010416666666667 0.31527777777777777 0.24036458333333333 0.31574074074074077 0.24114583333333334 0.31574074074074077 0.24140625 0.3162037037037037 0.2421875 0.3162037037037037 0.24244791666666668 0.31666666666666665 0.24322916666666666 0.31666666666666665 0.24348958333333334 0.31712962962962965 0.246875 0.31712962962962965 0.24713541666666666 0.3175925925925926 0.24739583333333334 0.3175925925925926 0.24765625 0.31712962962962965 0.24895833333333334 0.31712962962962965 0.24921875 0.31666666666666665 0.25052083333333336 0.3162037037037037 0.25078125 0.31574074074074077 0.2520833333333333 0.3148148148148148 0.25390625 0.31157407407407406 0.25390625 0.3111111111111111 0.2546875 0.3087962962962963 0.2546875 0.30648148148148147 0.25494791666666666 0.3060185185185185 0.25494791666666666 0.300462962962963 0.2546875 0.3 0.25442708333333336 0.29768518518518516 0.25416666666666665 0.2972222222222222 0.25390625 0.29583333333333334 0.25338541666666664 0.2949074074074074 0.25338541666666664 0.29444444444444445 0.25234375 0.2912037037037037 0.25234375 0.2902777777777778 0.2520833333333333 0.2898148148148148 0.2513020833333333 0.2865740740740741 0.25078125 0.28564814814814815 0.25078125 0.2851851851851852 0.25 0.2828703703703704 0.25 0.28194444444444444 0.24973958333333332 0.2814814814814815 0.24947916666666667 0.2800925925925926 0.2484375 0.27824074074074073 0.2484375 0.2777777777777778 0.24817708333333333 0.2777777777777778 0.246875 0.27546296296296297 0.24661458333333333 0.27546296296296297 0.24609375 0.274537037037037 0.24583333333333332 0.274537037037037 0.24453125 0.2722222222222222 0.24427083333333333 0.2722222222222222 0.24375 0.2712962962962963 0.24375 0.2708333333333333 0.24322916666666666 0.26990740740740743 0.2421875 0.2657407407407407 0.24166666666666667 0.26481481481481484 0.24140625 0.26342592592592595 0.24088541666666666 0.2625 0.24088541666666666 0.262037037037037 0.24010416666666667 0.2601851851851852 0.23984375 0.2587962962962963 0.23880208333333333 0.2569444444444444 0.23880208333333333 0.2564814814814815 0.23776041666666667 0.25462962962962965 0.23776041666666667 0.25416666666666665 0.2375 0.2537037037037037 0.23723958333333334 0.2537037037037037 0.23619791666666667 0.2518518518518518 0.2359375 0.2518518518518518 0.23515625 0.25092592592592594 0.23385416666666667 0.25046296296296294 0.23359375 0.25 0.23125 0.25 0.23098958333333333 0.25046296296296294
1 0.396875 0.39444444444444443 0.3963541666666667 0.3939814814814815 0.39479166666666665 0.3939814814814815 0.39453125 0.39444444444444443 0.39348958333333334 0.39444444444444443 0.3932291666666667 0.39490740740740743 0.3927083333333333 0.39490740740740743 0.3921875 0.3958333333333333 0.3919270833333333 0.3958333333333333 0.390625 0.39814814814814814 0.390625 0.39861111111111114 0.3890625 0.40185185185185185 0.3880208333333333 0.4027777777777778 0.38515625 0.4027777777777778 0.3848958333333333 0.40324074074074073 0.3841145833333333 0.40324074074074073 0.38359375 0.4041666666666667 0.38333333333333336 0.4041666666666667 0.38255208333333335 0.40555555555555556 0.38229166666666664 0.4064814814814815 0.38229166666666664 0.4074074074074074 0.38203125 0.4078703703703704 0.38203125 0.41064814814814815 0.38177083333333334 0.4111111111111111 0.38177083333333334 0.412962962962963 0.3815104166666667 0.4134259259259259 0.3815104166666667 0.4148148148148148 0.38125 0.4152777777777778 0.3809895833333333 0.41759259259259257 0.3802083333333333 0.41944444444444445 0.3802083333333333 0.4199074074074074 0.37916666666666665 0.4217592592592593 0.37890625 0.4217592592592593 0.378125 0.42314814814814816 0.37786458333333334 0.42314814814814816 0.3770833333333333 0.42453703703703705 0.3768229166666667 0.42453703703703705 0.37604166666666666 0.42592592592592593 0.37578125 0.42592592592592593 0.37473958333333335 0.42777777777777776 0.37447916666666664 0.42777777777777776 0.3731770833333333 0.42962962962962964 0.3723958333333333 0.4300925925925926 0.37161458333333336 0.43148148148148147 0.37135416666666665 0.43148148148148147 0.3697916666666667 0.4337962962962963 0.36953125 0.4337962962962963 0.36822916666666666 0.4361111111111111 0.36796875 0.4361111111111111 0.36666666666666664 0.43842592592592594 0.36640625 0.43842592592592594 0.3645833333333333 0.4412037037037037 0.36432291666666666 0.44212962962962965 0.36432291666666666 0.44305555555555554 0.3640625 0.44351851851851853 0.3640625 0.4449074074074074 0.36380208333333336 0.44537037037037036 0.36380208333333336 0.44814814814814813 0.3640625 0.44907407407407407 0.3651041666666667 0.45092592592592595 0.3651041666666667 0.4513888888888889 0.36692708333333335 0.4546296296296296 0.3671875 0.4546296296296296 0.3684895833333333 0.4564814814814815 0.3703125 0.4564814814814815 0.37057291666666664 0.45601851851851855 0.37135416666666665 0.45601851851851855 0.37161458333333336 0.45555555555555555 0.37213541666666666 0.45555555555555555 0.3736979166666667 0.45416666666666666 0.3763020833333333 0.45 0.3765625 0.45 0.3776041666666667 0.44814814814814813 0.37786458333333334 0.44814814814814813 0.37890625 0.4462962962962963 0.37994791666666666 0.44537037037037036 0.38177083333333334 0.4425925925925926 0.3828125 0.44166666666666665 0.38359375 0.44027777777777777 0.38515625 0.4388888888888889 0.3880208333333333 0.43425925925925923 0.3893229166666667 0.43333333333333335 0.38958333333333334 0.4337962962962963 0.39088541666666665 0.4337962962962963 0.39114583333333336 0.43425925925925923 0.39348958333333334 0.43425925925925923 0.39375 0.43472222222222223 0.3966145833333333 0.43472222222222223 0.39765625 0.4337962962962963 0.39817708333333335 0.43287037037037035 0.3984375 0.43287037037037035 0.39921875 0.43148148148148147 0.4002604166666667 0.4305555555555556 0.40208333333333335 0.42777777777777776 0.40208333333333335 0.4273148148148148 0.40338541666666666 0.42453703703703705 0.4041666666666667 0.4217592592592593 0.4041666666666667 0.42083333333333334 0.4044270833333333 0.4203703703703704 0.4044270833333333 0.41759259259259257 0.4041666666666667 0.41712962962962963 0.4041666666666667 0.4148148148148148 0.40390625 0.41435185185185186 0.4036458333333333 0.41203703703703703 0.403125 0.4111111111111111 0.40182291666666664 0.40555555555555556 0.40130208333333334 0.4046296296296296 0.40078125 0.4027777777777778 0.4 0.4013888888888889 0.4 0.4009259259259259 0.39947916666666666 0.4 0.39895833333333336 0.39814814814814814
1 0.34921875 0.6884259259259259 0.34713541666666664 0.6847222222222222 0.3455729166666667 0.6833333333333333 0.3421875 0.6833333333333333 0.3419270833333333 0.6837962962962963 0.34140625 0.6837962962962963 0.3390625 0.6875 0.33880208333333334 0.6875 0.33229166666666665 0.6981481481481482 0.33203125 0.6981481481481482 0.33098958333333334 0.7 0.3307291666666667 0.7 0.3296875 0.7018518518518518 0.3294270833333333 0.7018518518518518 0.328125 0.7041666666666667 0.328125 0.7046296296296296 0.32708333333333334 0.7069444444444445 0.3268229166666667 0.7083333333333334 0.3255208333333333 0.7101851851851851 0.32526041666666666 0.7097222222222223 0.3223958333333333 0.7097222222222223 0.3221354166666667 0.7092592592592593 0.32109375 0.7092592592592593 0.32083333333333336 0.7087962962962963 0.32005208333333335 0.7087962962962963 0.31979166666666664 0.7083333333333334 0.3190104166666667 0.7083333333333334 0.31875 0.7078703703703704 0.31744791666666666 0.7078703703703704 0.3171875 0.7083333333333334 0.31640625 0.7083333333333334 0.31536458333333334 0.7092592592592593 0.31484375 0.7101851851851851 0.3143229166666667 0.712037037037037 0.3143229166666667 0.7129629629629629 0.3140625 0.7134259259259259 0.3140625 0.7143518518518519 0.31354166666666666 0.7162037037037037 0.31197916666666664 0.7189814814814814 0.3078125 0.7226851851851852 0.3072916666666667 0.7226851851851852 0.3059895833333333 0.7245370370370371 0.30546875 0.7263888888888889 0.30546875 0.7291666666666666 0.30572916666666666 0.7296296296296296 0.30572916666666666 0.7324074074074074 0.3059895833333333 0.7333333333333333 0.30807291666666664 0.7375 0.30807291666666664 0.7379629629629629 0.3098958333333333 0.7416666666666667 0.3098958333333333 0.7421296296296296 0.31328125 0.7481481481481481 0.31354166666666666 0.7481481481481481 0.3140625 0.7490740740740741 0.3151041666666667 0.75 0.31614583333333335 0.7518518518518519 0.31796875 0.7537037037037037 0.3190104166666667 0.7537037037037037 0.31979166666666664 0.7527777777777778 0.3203125 0.7527777777777778 0.3216145833333333 0.7509259259259259 0.3216145833333333 0.750462962962963 0.32369791666666664 0.7462962962962963 0.325 0.7421296296296296 0.32708333333333334 0.7384259259259259 0.3294270833333333 0.736574074074074 0.3307291666666667 0.7347222222222223 0.33177083333333335 0.7314814814814815 0.33177083333333335 0.7305555555555555 0.33203125 0.7300925925925926 0.33203125 0.7291666666666666 0.33255208333333336 0.7273148148148149 0.33359375 0.725462962962963 0.33359375 0.725 0.3346354166666667 0.7231481481481481 0.3346354166666667 0.7226851851851852 0.3390625 0.7148148148148148 0.3390625 0.7143518518518519 0.34036458333333336 0.712037037037037 0.34036458333333336 0.711574074074074 0.3489583333333333 0.6967592592592593 0.3489583333333333 0.6953703703703704 0.34921875 0.6949074074074074 0.34921875 0.6939814814814815 0.3497395833333333 0.6921296296296297 0.3497395833333333 0.6902777777777778
1 0.3184895833333333 0.0962962962962963 0.31692708333333336 0.09768518518518518 0.315625 0.09953703703703703 0.31536458333333334 0.09953703703703703 0.3145833333333333 0.10138888888888889 0.3145833333333333 0.10277777777777777 0.3143229166666667 0.10324074074074074 0.3143229166666667 0.10601851851851851 0.3140625 0.10648148148148148 0.3143229166666667 0.10694444444444444 0.3143229166666667 0.10833333333333334 0.31536458333333334 0.11064814814814815 0.315625 0.11203703703703703 0.31614583333333335 0.11296296296296296 0.31614583333333335 0.11435185185185186 0.31640625 0.11481481481481481 0.31640625 0.11574074074074074 0.31614583333333335 0.1162037037037037 0.31614583333333335 0.11898148148148148 0.31588541666666664 0.11944444444444445 0.31588541666666664 0.12314814814814815 0.31666666666666665 0.1259259259259259 0.3171875 0.12638888888888888 0.3177083333333333 0.12638888888888888 0.31796875 0.12685185185185185 0.3190104166666667 0.12685185185185185 0.31927083333333334 0.12731481481481483 0.32005208333333335 0.12731481481481483 0.32057291666666665 0.12777777777777777 0.3216145833333333 0.12962962962962962 0.321875 0.13055555555555556 0.321875 0.13194444444444445 0.3221354166666667 0.13240740740740742 0.3221354166666667 0.13518518518518519 0.3223958333333333 0.13564814814814816 0.3223958333333333 0.1375 0.32265625 0.13796296296296295 0.32265625 0.1398148148148148 0.32317708333333334 0.14166666666666666 0.32317708333333334 0.14305555555555555 0.3234375 0.14351851851851852 0.3234375 0.1449074074074074 0.32369791666666664 0.14537037037037037 0.32369791666666664 0.14722222222222223 0.32395833333333335 0.1476851851851852 0.32395833333333335 0.14953703703703702 0.32421875 0.15 0.32447916666666665 0.15324074074074073 0.32473958333333336 0.1537037037037037 0.32473958333333336 0.15462962962962962 0.32526041666666666 0.15648148148148147 0.32526041666666666 0.15787037037037038 0.3255208333333333 0.15833333333333333 0.3255208333333333 0.15925925925925927 0.3260416666666667 0.16111111111111112 0.3260416666666667 0.1625 0.3263020833333333 0.16296296296296298 0.3263020833333333 0.16435185185185186 0.3265625 0.1648148148148148 0.3265625 0.16666666666666666 0.3268229166666667 0.16712962962962963 0.32708333333333334 0.16944444444444445 0.32786458333333335 0.1712962962962963 0.32890625 0.17222222222222222 0.3294270833333333 0.17222222222222222 0.3296875 0.1726851851851852 0.33255208333333336 0.1726851851851852 0.3328125 0.17222222222222222 0.334375 0.17222222222222222 0.3346354166666667 0.17175925925925925 0.33541666666666664 0.17175925925925925 0.33619791666666665 0.17083333333333334 0.33671875 0.17083333333333334 0.3375 0.16944444444444445 0.3375 0.1638888888888889 0.33619791666666665 0.16111111111111112 0.33541666666666664 0.15833333333333333 0.33515625 0.15601851851851853 0.33489583333333334 0.15555555555555556 0.33489583333333334 0.1537037037037037 0.3346354166666667 0.15324074074074073 0.3346354166666667 0.15185185185185185 0.334375 0.15138888888888888 0.334375 0.14953703703703702 0.3338541666666667 0.1476851851851852 0.3338541666666667 0.14629629629629629 0.33359375 0.14583333333333334 0.33359375 0.14444444444444443 0.3333333333333333 0.1439814814814815 0.3333333333333333 0.1425925925925926 0.33307291666666666 0.14212962962962963 0.33307291666666666 0.14074074074074075 0.3328125 0.14027777777777778 0.3328125 0.13796296296296295 0.33255208333333336 0.1375 0.33255208333333336 0.13564814814814816 0.33229166666666665 0.13518518518518519 0.33229166666666665 0.1337962962962963 0.33203125 0.13333333333333333 0.33203125 0.13194444444444445 0.33177083333333335 0.13148148148148148 0.33177083333333335 0.12962962962962962 0.33151041666666664 0.12916666666666668 0.33151041666666664 0.12685185185185185 0.33177083333333335 0.12638888888888888 0.33177083333333335 0.125 0.33203125 0.12407407407407407 0.334375 0.12037037037037036 0.3333333333333333 0.11666666666666667 0.3333333333333333 0.11574074074074074 0.33307291666666666 0.11527777777777778 0.33307291666666666 0.11388888888888889 0.3328125 0.11342592592592593 0.33307291666666666 0.1125 0.33307291666666666 0.10601851851851851 0.3328125 0.10555555555555556 0.3328125 0.10092592592592593 0.33255208333333336 0.10046296296296296 0.33255208333333336 0.09953703703703703 0.33046875 0.09583333333333334 0.3299479166666667 0.09583333333333334 0.32916666666666666 0.09490740740740741 0.32838541666666665 0.09490740740740741 0.328125 0.09444444444444444 0.32708333333333334 0.09444444444444444 0.3268229166666667 0.09398148148148149 0.32447916666666665 0.09398148148148149 0.32421875 0.09444444444444444 0.3223958333333333 0.09444444444444444 0.3221354166666667 0.09490740740740741 0.32135416666666666 0.09490740740740741 0.32109375 0.09537037037037037 0.3203125 0.09537037037037037 0.32005208333333335 0.09583333333333334 0.31927083333333334 0.09583333333333334 0.3190104166666667 0.0962962962962963
2 0.6385416666666667 0.03009259259259259 0.634375 0.022222222222222223 0.6325520833333333 0.022222222222222223 0.6302083333333334 0.02361111111111111 0.6263020833333334 0.027314814814814816 0.625 0.02962962962962963 0.6247395833333333 0.032407407407407406 0.6255208333333333 0.03888888888888889 0.6239583333333333 0.04259259259259259 0.6140625 0.05092592592592592 0.6114583333333333 0.05416666666666667 0.5677083333333334 0.09490740740740741 0.5557291666666667 0.10740740740740741 0.5447916666666667 0.11712962962962963 0.5403645833333334 0.12222222222222222 0.5322916666666667 0.12916666666666668 0.53046875 0.13333333333333333 0.53046875 0.1361111111111111 0.53359375 0.1486111111111111 0.53671875 0.15046296296296297 0.55 0.1388888888888889 0.5697916666666667 0.11898148148148148 0.5809895833333333 0.10925925925925926 0.5893229166666667 0.10046296296296296 0.5950520833333334 0.09583333333333334 0.60703125 0.08425925925925926 0.6119791666666666 0.08055555555555556 0.6252604166666667 0.06666666666666667 0.628125 0.0625 0.6296875 0.06157407407407407 0.63125 0.062037037037037036 0.6348958333333333 0.0699074074074074 0.6380208333333334 0.06944444444444445 0.6403645833333333 0.06574074074074074 0.6424479166666667 0.06435185185185185 0.64375 0.06018518518518518 0.64296875 0.049074074074074076 0.6408854166666667 0.041666666666666664 0.6403645833333333 0.037037037037037035
2 0.6067708333333334 0.17037037037037037 0.60390625 0.1675925925925926 0.5966145833333333 0.16296296296296298 0.5934895833333333 0.16342592592592592 0.5880208333333333 0.16944444444444445 0.5869791666666667 0.17592592592592593 0.5872395833333334 0.17916666666666667 0.590625 0.18981481481481483 0.5880208333333333 0.19398148148148148 0.5815104166666667 0.21435185185185185 0.5794270833333334 0.21898148148148147 0.5776041666666667 0.22546296296296298 0.5755208333333334 0.2300925925925926 0.57265625 0.23981481481481481 0.5671875 0.25462962962962965 0.5625 0.2712962962962963 0.5598958333333334 0.2777777777777778 0.5583333333333333 0.28379629629629627 0.55390625 0.2949074074074074 0.546875 0.31712962962962965 0.5401041666666667 0.33564814814814814 0.5377604166666666 0.3435185185185185 0.5372395833333333 0.34953703703703703 0.5377604166666666 0.3527777777777778 0.5450520833333333 0.35462962962962963 0.5481770833333334 0.35462962962962963 0.5494791666666666 0.35324074074074074 0.5502604166666667 0.34953703703703703 0.5575520833333333 0.33101851851851855 0.5619791666666667 0.31805555555555554 0.5638020833333334 0.3143518518518518 0.5671875 0.3023148148148148 0.571875 0.28935185185185186 0.5731770833333333 0.28379629629629627 0.5791666666666667 0.26851851851851855 0.5864583333333333 0.24675925925925926 0.58984375 0.23472222222222222 0.5958333333333333 0.22037037037037038 0.5971354166666667 0.21481481481481482 0.5994791666666667 0.20833333333333334 0.6028645833333334 0.20185185185185187 0.60390625 0.20092592592592592 0.60703125 0.20046296296296295 0.6130208333333333 0.19305555555555556 0.6138020833333333 0.18981481481481483 0.61328125 0.18425925925925926 0.61171875 0.17962962962962964
2 0.5481770833333334 0.35555555555555557 0.5411458333333333 0.3523148148148148 0.53828125 0.3527777777777778 0.5359375 0.3560185185185185 0.5333333333333333 0.3625 0.5330729166666667 0.36574074074074076 0.53359375 0.3680555555555556 0.5361979166666667 0.3731481481481482 0.5369791666666667 0.3773148148148148 0.5359375 0.38425925925925924 0.5286458333333334 0.4162037037037037 0.5244791666666667 0.4300925925925926 0.5200520833333333 0.45 0.5145833333333333 0.4699074074074074 0.51015625 0.48935185185185187 0.5083333333333333 0.4949074074074074 0.5072916666666667 0.5013888888888889 0.5033854166666667 0.5166666666666667 0.5028645833333333 0.5203703703703704 0.4979166666666667 0.5375 0.4953125 0.5509259259259259 0.49609375 0.5574074074074075 0.4986979166666667 0.5611111111111111 0.5013020833333334 0.5625 0.5052083333333334 0.562962962962963 0.5065104166666666 0.562037037037037 0.5088541666666667 0.5578703703703703 0.5135416666666667 0.5365740740740741 0.51796875 0.5222222222222223 0.5229166666666667 0.5 0.5247395833333334 0.49398148148148147 0.5317708333333333 0.4597222222222222 0.5354166666666667 0.44675925925925924 0.5380208333333333 0.43425925925925923 0.5440104166666667 0.412962962962963 0.5486979166666667 0.38935185185185184 0.5494791666666666 0.38796296296296295 0.5513020833333333 0.387037037037037 0.55703125 0.38657407407407407 0.5583333333333333 0.38425925925925924 0.5591145833333333 0.38055555555555554 0.5598958333333334 0.37916666666666665 0.5598958333333334 0.3731481481481482 0.559375 0.37083333333333335 0.5544270833333333 0.362962962962963
3 0.28932291666666665 0.3300925925925926 0.2875 0.32407407407407407 0.2864583333333333 0.32175925925925924 0.2830729166666667 0.31666666666666665 0.28046875 0.31574074074074077 0.28020833333333334 0.31527777777777777 0.27708333333333335 0.31527777777777777 0.27682291666666664 0.31574074074074077 0.275 0.31574074074074077 0.2747395833333333 0.3162037037037037 0.2716145833333333 0.3162037037037037 0.26614583333333336 0.32083333333333336 0.2643229166666667 0.32407407407407407 0.2630208333333333 0.33101851851851855 0.26197916666666665 0.3333333333333333 0.259375 0.33425925925925926 0.25729166666666664 0.33564814814814814 0.2565104166666667 0.33564814814814814 0.25442708333333336 0.337037037037037 0.25104166666666666 0.33796296296296297 0.24895833333333334 0.33935185185185185 0.24791666666666667 0.33935185185185185 0.24765625 0.3398148148148148 0.24661458333333333 0.3398148148148148 0.24635416666666668 0.3402777777777778 0.2453125 0.3402777777777778 0.24505208333333334 0.34074074074074073 0.24401041666666667 0.34074074074074073 0.24375 0.34120370370370373 0.23984375 0.3425925925925926 0.23463541666666668 0.34629629629629627 0.23411458333333332 0.3472222222222222 0.23333333333333334 0.350462962962963 0.23333333333333334 0.3574074074074074 0.23411458333333332 0.36018518518518516 0.234375 0.362962962962963 0.23541666666666666 0.36712962962962964 0.23541666666666666 0.3680555555555556 0.23697916666666666 0.37222222222222223 0.24010416666666667 0.37592592592592594 0.24270833333333333 0.3768518518518518 0.24296875 0.3773148148148148 0.246875 0.3773148148148148 0.24713541666666666 0.3768518518518518 0.2484375 0.3768518518518518 0.24869791666666666 0.3763888888888889 0.25 0.3763888888888889 0.25026041666666665 0.37592592592592594 0.2515625 0.37592592592592594 0.2518229166666667 0.37546296296296294 0.25546875 0.375 0.2557291666666667 0.37453703703703706 0.25677083333333334 0.37453703703703706 0.25807291666666665 0.3736111111111111 0.26015625 0.3731481481481482 0.2638020833333333 0.37083333333333335 0.265625 0.37037037037037035 0.2669270833333333 0.36898148148148147 0.26796875 0.36944444444444446 0.2682291666666667 0.37037037037037035 0.26953125 0.37222222222222223 0.2703125 0.3726851851851852 0.271875 0.375 0.27447916666666666 0.3773148148148148 0.2786458333333333 0.3773148148148148 0.27890625 0.3768518518518518 0.28020833333333334 0.3768518518518518 0.28046875 0.3763888888888889 0.28151041666666665 0.3763888888888889 0.28177083333333336 0.37592592592592594 0.2838541666666667 0.37546296296296294 0.28411458333333334 0.375 0.2869791666666667 0.37453703703703706 0.28984375 0.37222222222222223 0.2903645833333333 0.3712962962962963 0.2916666666666667 0.36712962962962964 0.2921875 0.36435185185185187 0.2921875 0.3611111111111111 0.29244791666666664 0.36064814814814816 0.29244791666666664 0.3490740740740741 0.2921875 0.3486111111111111 0.2916666666666667 0.3425925925925926 0.2903645833333333 0.33564814814814814 0.28958333333333336 0.3333333333333333
3 0.30520833333333336 0.49537037037037035 0.30494791666666665 0.4949074074074074 0.30494791666666665 0.4925925925925926 0.3046875 0.49212962962962964 0.30442708333333335 0.48842592592592593 0.3015625 0.47824074074074074 0.2984375 0.47314814814814815 0.29661458333333335 0.47129629629629627 0.2950520833333333 0.4703703703703704 0.2911458333333333 0.4703703703703704 0.2908854166666667 0.4708333333333333 0.2869791666666667 0.4722222222222222 0.2799479166666667 0.47638888888888886 0.27786458333333336 0.47962962962962963 0.27578125 0.48194444444444445 0.27447916666666666 0.48194444444444445 0.27291666666666664 0.4810185185185185 0.27109375 0.4810185185185185 0.2708333333333333 0.48055555555555557 0.26875 0.48055555555555557 0.26848958333333334 0.48009259259259257 0.26015625 0.48009259259259257 0.2598958333333333 0.47962962962962963 0.2565104166666667 0.47962962962962963 0.25625 0.4791666666666667 0.25364583333333335 0.47962962962962963 0.25338541666666664 0.48009259259259257 0.2518229166666667 0.48055555555555557 0.25052083333333336 0.48194444444444445 0.2484375 0.48564814814814816 0.24739583333333334 0.48935185185185187 0.246875 0.49398148148148147 0.24661458333333333 0.49444444444444446 0.24661458333333333 0.4962962962962963 0.24635416666666668 0.49675925925925923 0.24635416666666668 0.5050925925925925 0.24713541666666666 0.5092592592592593 0.24869791666666666 0.5120370370370371 0.2520833333333333 0.5152777777777777 0.25364583333333335 0.5162037037037037 0.25442708333333336 0.5162037037037037 0.2546875 0.5166666666666667 0.2557291666666667 0.5166666666666667 0.2559895833333333 0.5171296296296296 0.2578125 0.5171296296296296 0.25807291666666665 0.5175925925925926 0.26171875 0.5180555555555556 0.26197916666666665 0.5185185185185185 0.2635416666666667 0.5185185185185185 0.2638020833333333 0.5189814814814815 0.26588541666666665 0.5189814814814815 0.26614583333333336 0.5194444444444445 0.26848958333333334 0.5194444444444445 0.26875 0.5199074074074074 0.27317708333333335 0.5203703703703704 0.27447916666666666 0.5212962962962963 0.2752604166666667 0.5226851851851851 0.27630208333333334 0.5268518518518519 0.27708333333333335 0.5287037037037037 0.28072916666666664 0.5347222222222222 0.28229166666666666 0.5361111111111111 0.28463541666666664 0.5365740740740741 0.28489583333333335 0.5370370370370371 0.2903645833333333 0.5370370370370371 0.290625 0.5365740740740741 0.2955729166666667 0.5347222222222222 0.2984375 0.5319444444444444 0.30078125 0.5282407407407408 0.3020833333333333 0.525 0.30234375 0.5231481481481481 0.30364583333333334 0.5185185185185185 0.30416666666666664 0.5157407407407407 0.30416666666666664 0.5143518518518518 0.30442708333333335 0.5138888888888888 0.30442708333333335 0.5125 0.3046875 0.5120370370370371 0.3046875 0.5101851851851852 0.30494791666666665 0.5097222222222222
3 0.2794270833333333 0.5652777777777778 0.275 0.562037037037037 0.27395833333333336 0.562037037037037 0.27265625 0.5611111111111111 0.27057291666666666 0.5611111111111111 0.26875 0.562962962962963 0.2640625 0.5717592592592593 0.26119791666666664 0.5800925925925926 0.26119791666666664 0.5819444444444445 0.2609375 0.5824074074074074 0.2609375 0.5893518518518519 0.26145833333333335 0.5916666666666667 0.26145833333333335 0.5944444444444444 0.2609375 0.5953703703703703 0.26015625 0.5958333333333333 0.25729166666666664 0.600925925925926 0.2559895833333333 0.6023148148148149 0.24921875 0.6143518518518518 0.24791666666666667 0.6157407407407407 0.24036458333333333 0.6296296296296297 0.23932291666666666 0.6328703703703704 0.2390625 0.6370370370370371 0.23984375 0.6412037037037037 0.24140625 0.6453703703703704 0.24375 0.649537037037037 0.2484375 0.6546296296296297 0.24895833333333334 0.6546296296296297 0.2513020833333333 0.6569444444444444 0.2526041666666667 0.6574074074074074 0.25286458333333334 0.6569444444444444 0.2552083333333333 0.6564814814814814 0.2591145833333333 0.6513888888888889 0.26666666666666666 0.6375 0.2708333333333333 0.6319444444444444 0.27369791666666665 0.6268518518518519 0.2747395833333333 0.6240740740740741 0.2760416666666667 0.6222222222222222 0.278125 0.6208333333333333 0.2796875 0.6208333333333333 0.28177083333333336 0.6222222222222222 0.2864583333333333 0.6222222222222222 0.28880208333333335 0.6203703703703703 0.28984375 0.6185185185185185 0.29140625 0.6143518518518518 0.2916666666666667 0.6111111111111112 0.2921875 0.6087962962962963 0.29348958333333336 0.6069444444444444 0.2947916666666667 0.6060185185185185 0.2955729166666667 0.6046296296296296 0.29635416666666664 0.6013888888888889 0.29583333333333334 0.5972222222222222 0.2947916666666667 0.5930555555555556 0.29322916666666665 0.5893518518518519 0.29244791666666664 0.5861111111111111 0.28567708333333336 0.5736111111111111 0.28359375 0.5703703703703704 0.28098958333333335 0.5675925925925925
4 0.43125 0.48518518518518516 0.42864583333333334 0.48518518518518516 0.4283854166666667 0.4847222222222222 0.42682291666666666 0.48518518518518516 0.42552083333333335 0.48657407407407405 0.4244791666666667 0.48842592592592593 0.4239583333333333 0.49027777777777776 0.4239583333333333 0.49166666666666664 0.4231770833333333 0.49537037037037035 0.4236979166666667 0.49722222222222223 0.4265625 0.5023148148148148 0.42682291666666666 0.5050925925925925 0.4265625 0.5055555555555555 0.42630208333333336 0.5106481481481482 0.42552083333333335 0.513425925925926 0.4231770833333333 0.5259259259259259 0.42265625 0.5273148148148148 0.4200520833333333 0.5412037037037037 0.4192708333333333 0.5435185185185185 0.41640625 0.5578703703703703 0.41432291666666665 0.5657407407407408 0.4122395833333333 0.5763888888888888 0.40963541666666664 0.5861111111111111 0.40859375 0.5921296296296297 0.40859375 0.5958333333333333 0.40911458333333334 0.5986111111111111 0.40989583333333335 0.6 0.4161458333333333 0.6037037037037037 0.4192708333333333 0.6032407407407407 0.4203125 0.6023148148148149 0.42135416666666664 0.6 0.42291666666666666 0.5944444444444444 0.4234375 0.5912037037037037 0.4270833333333333 0.5787037037037037 0.42734375 0.5763888888888888 0.42864583333333334 0.5717592592592593 0.43020833333333336 0.5634259259259259 0.43307291666666664 0.5537037037037037 0.43307291666666664 0.5527777777777778 0.43463541666666666 0.5467592592592593 0.4359375 0.5398148148148149 0.43645833333333334 0.5347222222222222 0.43723958333333335 0.5319444444444444 0.4375 0.5291666666666667 0.43854166666666666 0.524537037037037 0.4390625 0.5194444444444445 0.4401041666666667 0.5152777777777777 0.44088541666666664 0.513425925925926 0.4421875 0.5120370370370371 0.44427083333333334 0.5120370370370371 0.4466145833333333 0.513425925925926 0.44895833333333335 0.5120370370370371 0.4505208333333333 0.5087962962962963 0.4513020833333333 0.5041666666666667 0.45078125 0.5013888888888889 0.44947916666666665 0.49907407407407406 0.44817708333333334 0.4976851851851852 0.44609375 0.49675925925925923 0.44479166666666664 0.49537037037037035 0.4421875 0.49398148148148147 0.43697916666666664 0.48842592592592593
4 0.4674479166666667 0.5180555555555556 0.46458333333333335 0.5180555555555556 0.46328125 0.5189814814814815 0.46171875 0.524074074074074 0.46197916666666666 0.5296296296296297 0.4635416666666667 0.5319444444444444 0.4640625 0.5319444444444444 0.46640625 0.5356481481481481 0.4671875 0.5388888888888889 0.4666666666666667 0.5407407407407407 0.4661458333333333 0.5462962962962963 0.46458333333333335 0.5537037037037037 0.46458333333333335 0.5550925925925926 0.46328125 0.562037037037037 0.4622395833333333 0.5657407407407408 0.459375 0.5810185185185185 0.4583333333333333 0.5847222222222223 0.4552083333333333 0.6013888888888889 0.45364583333333336 0.6074074074074074 0.45 0.6273148148148148 0.45 0.6296296296296297 0.45078125 0.6333333333333333 0.45260416666666664 0.6361111111111111 0.4549479166666667 0.637962962962963 0.459375 0.638425925925926 0.46171875 0.6361111111111111 0.4635416666666667 0.6319444444444444 0.46484375 0.6268518518518519 0.465625 0.6199074074074075 0.4661458333333333 0.6185185185185185 0.46901041666666665 0.6023148148148149 0.47109375 0.5939814814814814 0.47265625 0.5851851851851851 0.4739583333333333 0.5810185185185185 0.4739583333333333 0.5800925925925926 0.47630208333333335 0.5708333333333333 0.47682291666666665 0.5671296296296297 0.47890625 0.5597222222222222 0.4796875 0.5513888888888889 0.48046875 0.5476851851851852 0.48203125 0.5458333333333333 0.48671875 0.5458333333333333 0.4895833333333333 0.5444444444444444 0.4901041666666667 0.5435185185185185 0.4908854166666667 0.5402777777777777 0.4908854166666667 0.5365740740740741 0.48932291666666666 0.5328703703703703 0.48723958333333334 0.5305555555555556 0.48489583333333336 0.5287037037037037 0.48151041666666666 0.5273148148148148 0.4747395833333333 0.5212962962962963 0.4705729166666667 0.5194444444444445 0.46901041666666665 0.5194444444444445
4 0.3359375 0.45231481481481484 0.3338541666666667 0.4412037037037037 0.33203125 0.4361111111111111 0.3294270833333333 0.4310185185185185 0.3260416666666667 0.42962962962962964 0.32369791666666664 0.4310185185185185 0.31796875 0.4356481481481482 0.31692708333333336 0.4375 0.31640625 0.4393518518518518 0.31614583333333335 0.4425925925925926 0.31536458333333334 0.44583333333333336 0.3140625 0.44722222222222224 0.31328125 0.44722222222222224 0.31302083333333336 0.4476851851851852 0.3104166666666667 0.4476851851851852 0.31015625 0.44814814814814813 0.30911458333333336 0.44814814814814813 0.30885416666666665 0.4486111111111111 0.3078125 0.4486111111111111 0.30494791666666665 0.45 0.3020833333333333 0.45046296296296295 0.30182291666666666 0.45092592592592595 0.2942708333333333 0.4532407407407407 0.290625 0.4550925925925926 0.28932291666666665 0.4550925925925926 0.2890625 0.45555555555555555 0.2877604166666667 0.45555555555555555 0.28515625 0.45694444444444443 0.2794270833333333 0.4583333333333333 0.278125 0.45925925925925926 0.27578125 0.4597222222222222 0.2755208333333333 0.4601851851851852 0.27265625 0.46111111111111114 0.2716145833333333 0.462037037037037 0.2708333333333333 0.462037037037037 0.26979166666666665 0.46296296296296297 0.26796875 0.46620370370370373 0.2674479166666667 0.46944444444444444 0.2674479166666667 0.475462962962963 0.2677083333333333 0.47638888888888886 0.26927083333333335 0.4787037037037037 0.27291666666666664 0.47962962962962963 0.27317708333333335 0.4791666666666667 0.27578125 0.4791666666666667 0.28098958333333335 0.475 0.28177083333333336 0.475 0.2828125 0.4740740740740741 0.28359375 0.4740740740740741 0.28463541666666664 0.47314814814814815 0.28541666666666665 0.47314814814814815 0.2864583333333333 0.4722222222222222 0.28854166666666664 0.47175925925925927 0.2908854166666667 0.4703703703703704 0.2955729166666667 0.4699074074074074 0.29713541666666665 0.4708333333333333 0.30052083333333335 0.4740740740740741 0.30130208333333336 0.4740740740740741 0.3015625 0.47453703703703703 0.30416666666666664 0.47453703703703703 0.30442708333333335 0.4740740740740741 0.30572916666666666 0.4740740740740741 0.3059895833333333 0.4736111111111111 0.30703125 0.4736111111111111 0.30807291666666664 0.4726851851851852 0.30885416666666665 0.4726851851851852 0.3138020833333333 0.4689814814814815 0.31796875 0.4675925925925926 0.31875 0.46805555555555556 0.3216145833333333 0.47314814814814815 0.32265625 0.47638888888888886 0.32369791666666664 0.4777777777777778 0.32526041666666666 0.4791666666666667 0.3263020833333333 0.4791666666666667 0.3265625 0.47962962962962963 0.3268229166666667 0.4791666666666667 0.32864583333333336 0.4791666666666667 0.3302083333333333 0.47824074074074074 0.33229166666666665 0.475462962962963 0.3341145833333333 0.4740740740740741 0.33541666666666664 0.47175925925925927 0.33619791666666665 0.4685185185185185 0.33619791666666665 0.4550925925925926 0.3359375 0.4546296296296296
4 0.31354166666666666 0.4981481481481482 0.3111979166666667 0.5018518518518519 0.3106770833333333 0.5041666666666667 0.3106770833333333 0.5101851851851852 0.3111979166666667 0.5125 0.31171875 0.5180555555555556 0.3138020833333333 0.5259259259259259 0.3138020833333333 0.5268518518518519 0.31614583333333335 0.5347222222222222 0.31692708333333336 0.5388888888888889 0.32135416666666666 0.5546296296296296 0.3223958333333333 0.5597222222222222 0.32369791666666664 0.5638888888888889 0.32395833333333335 0.5662037037037037 0.3260416666666667 0.5731481481481482 0.3265625 0.5773148148148148 0.32734375 0.5787037037037037 0.32708333333333334 0.5791666666666667 0.32708333333333334 0.5805555555555556 0.3265625 0.5814814814814815 0.3263020833333333 0.5833333333333334 0.3255208333333333 0.5856481481481481 0.325 0.5888888888888889 0.325 0.5912037037037037 0.32473958333333336 0.5916666666666667 0.32473958333333336 0.6013888888888889 0.3255208333333333 0.6041666666666666 0.3268229166666667 0.6060185185185185 0.32864583333333336 0.6064814814814815 0.32890625 0.6069444444444444 0.3307291666666667 0.6069444444444444 0.33098958333333334 0.6074074074074074 0.3380208333333333 0.6074074074074074 0.33828125 0.6069444444444444 0.3421875 0.6060185185185185 0.34296875 0.6050925925925926 0.3450520833333333 0.6041666666666666 0.3497395833333333 0.5981481481481481 0.35130208333333335 0.5953703703703703 0.35260416666666666 0.5921296296296297 0.353125 0.5888888888888889 0.3536458333333333 0.5875 0.3533854166666667 0.5810185185185185 0.35260416666666666 0.5773148148148148 0.35208333333333336 0.575925925925926 0.3502604166666667 0.5731481481481482 0.346875 0.5722222222222222 0.34661458333333334 0.5717592592592593 0.34479166666666666 0.5717592592592593 0.34453125 0.5712962962962963 0.34140625 0.5712962962962963 0.340625 0.5708333333333333 0.33984375 0.5694444444444444 0.3372395833333333 0.5564814814814815 0.33671875 0.5555555555555556 0.33671875 0.5546296296296296 0.33515625 0.549537037037037 0.33515625 0.5486111111111112 0.33255208333333336 0.5398148148148149 0.33203125 0.5365740740740741 0.3296875 0.5282407407407408 0.3296875 0.5273148148148148 0.32786458333333335 0.5208333333333334 0.32708333333333334 0.5166666666666667 0.32578125 0.512962962962963 0.32578125 0.5120370370370371 0.3234375 0.5041666666666667 0.32083333333333336 0.49907407407407406 0.31875 0.49675925925925923 0.3177083333333333 0.4962962962962963 0.31744791666666666 0.49675925925925923 0.31640625 0.49675925925925923 0.31614583333333335 0.49722222222222223 0.3151041666666667 0.49722222222222223
4 0.28567708333333336 0.7055555555555556 0.28463541666666664 0.7027777777777777 0.28229166666666666 0.6986111111111111 0.2791666666666667 0.6949074074074074 0.2760416666666667 0.6944444444444444 0.27578125 0.6939814814814815 0.2747395833333333 0.6944444444444444 0.27421875 0.6953703703703704 0.27239583333333334 0.6967592592592593 0.2677083333333333 0.7060185185185185 0.26640625 0.7111111111111111 0.26614583333333336 0.7134259259259259 0.26510416666666664 0.7157407407407408 0.26067708333333334 0.7194444444444444 0.26015625 0.7194444444444444 0.253125 0.725925925925926 0.2513020833333333 0.7268518518518519 0.25 0.7282407407407407 0.24791666666666667 0.7291666666666666 0.2375 0.7379629629629629 0.23619791666666667 0.7384259259259259 0.23489583333333333 0.7398148148148148 0.23229166666666667 0.7412037037037037 0.22994791666666667 0.7435185185185185 0.225 0.7467592592592592 0.22005208333333334 0.7523148148148148 0.21953125 0.7560185185185185 0.21953125 0.7606481481481482 0.221875 0.7689814814814815 0.22291666666666668 0.7703703703703704 0.22447916666666667 0.7712962962962963 0.22838541666666667 0.7699074074074074 0.23177083333333334 0.7671296296296296 0.23307291666666666 0.7666666666666667 0.23515625 0.7648148148148148 0.23645833333333333 0.7643518518518518 0.23723958333333334 0.763425925925926 0.23854166666666668 0.762962962962963 0.24375 0.7592592592592593 0.2520833333333333 0.7518518518518519 0.253125 0.750462962962963 0.2598958333333333 0.7458333333333333 0.26510416666666664 0.7412037037037037 0.2669270833333333 0.7402777777777778 0.27005208333333336 0.737037037037037 0.271875 0.737037037037037 0.27369791666666665 0.7393518518518518 0.27734375 0.7453703703703703 0.27890625 0.7467592592592592 0.28203125 0.7467592592592592 0.284375 0.7453703703703703 0.2859375 0.7435185185185185 0.2875 0.7407407407407407 0.29010416666666666 0.7328703703703704 0.29010416666666666 0.7263888888888889 0.28932291666666665 0.7231481481481481 0.28880208333333335 0.7180555555555556 0.28828125 0.7166666666666667 0.2877604166666667 0.7129629629629629
4 0.26171875 0.6680555555555555 0.259375 0.6638888888888889 0.25546875 0.6638888888888889 0.24609375 0.6722222222222223 0.24557291666666667 0.6731481481481482 0.24036458333333333 0.6777777777777778 0.23776041666666667 0.6810185185185185 0.23177083333333334 0.6861111111111111 0.23125 0.687037037037037 0.22916666666666666 0.6888888888888889 0.22708333333333333 0.6898148148148148 0.225 0.6921296296296297 0.22161458333333334 0.6939814814814815 0.2140625 0.7013888888888888 0.21067708333333332 0.7032407407407407 0.20885416666666667 0.7050925925925926 0.20755208333333333 0.7050925925925926 0.20546875 0.7041666666666667 0.2046875 0.7018518518518518 0.20338541666666668 0.6995370370370371 0.20208333333333334 0.6986111111111111 0.20052083333333334 0.6986111111111111 0.19765625 0.700462962962963 0.19375 0.7060185185185185 0.19270833333333334 0.7101851851851851 0.19270833333333334 0.7129629629629629 0.19322916666666667 0.7148148148148148 0.19348958333333333 0.7180555555555556 0.19479166666666667 0.725 0.19635416666666666 0.7300925925925926 0.19661458333333334 0.7319444444444444 0.20052083333333334 0.7425925925925926 0.20390625 0.7490740740740741 0.20546875 0.750462962962963 0.20963541666666666 0.749537037037037 0.21328125 0.7453703703703703 0.215625 0.7328703703703704 0.21640625 0.7300925925925926 0.21875 0.725462962962963 0.22109375 0.7231481481481481 0.22291666666666668 0.7203703703703703 0.22890625 0.7148148148148148 0.23151041666666666 0.711574074074074 0.23515625 0.7083333333333334 0.23567708333333334 0.7083333333333334 0.24244791666666668 0.7013888888888888 0.24453125 0.7 0.24921875 0.6944444444444444 0.25234375 0.6921296296296297 0.2557291666666667 0.687962962962963 0.2598958333333333 0.6837962962962963 0.26223958333333336 0.6796296296296296 0.2630208333333333 0.6773148148148148 0.26276041666666666 0.6726851851851852
4 0.22291666666666668 0.6620370370370371 0.221875 0.6587962962962963 0.221875 0.6578703703703703 0.2203125 0.6537037037037037 0.21614583333333334 0.6467592592592593 0.21354166666666666 0.6453703703703704 0.21197916666666666 0.6453703703703704 0.21171875 0.6458333333333334 0.209375 0.6462962962962963 0.20755208333333333 0.6476851851851851 0.20390625 0.6541666666666667 0.20260416666666667 0.6555555555555556 0.2015625 0.6574074074074074 0.20104166666666667 0.6601851851851852 0.19973958333333333 0.6620370370370371 0.19765625 0.6620370370370371 0.19739583333333333 0.6625 0.19583333333333333 0.6625 0.19427083333333334 0.663425925925926 0.18802083333333333 0.6643518518518519 0.18776041666666668 0.6648148148148149 0.17864583333333334 0.6657407407407407 0.17838541666666666 0.6662037037037037 0.17317708333333334 0.6666666666666666 0.17291666666666666 0.6671296296296296 0.16953125 0.6671296296296296 0.16927083333333334 0.6675925925925926 0.16770833333333332 0.6675925925925926 0.16744791666666667 0.6680555555555555 0.16171875 0.6689814814814815 0.16067708333333333 0.6699074074074074 0.1578125 0.6708333333333333 0.15625 0.6722222222222223 0.15494791666666666 0.674537037037037 0.153125 0.6828703703703703 0.15338541666666666 0.6888888888888889 0.15364583333333334 0.6902777777777778 0.1546875 0.6916666666666667 0.15755208333333334 0.6930555555555555 0.16510416666666666 0.6930555555555555 0.16536458333333334 0.6925925925925925 0.16927083333333334 0.6925925925925925 0.16953125 0.6921296296296297 0.17526041666666667 0.6916666666666667 0.17552083333333332 0.6912037037037037 0.17708333333333334 0.6912037037037037 0.17734375 0.6907407407407408 0.18229166666666666 0.6902777777777778 0.18255208333333334 0.6898148148148148 0.18463541666666666 0.6898148148148148 0.18489583333333334 0.6893518518518519 0.19401041666666666 0.6884259259259259 0.19427083333333334 0.687962962962963 0.1984375 0.6875 0.19869791666666667 0.687037037037037 0.20104166666666667 0.6865740740740741 0.20260416666666667 0.6888888888888889 0.20364583333333333 0.6921296296296297 0.20833333333333334 0.6995370370370371 0.20885416666666667 0.7 0.21197916666666666 0.7 0.21223958333333334 0.700462962962963 0.2140625 0.6990740740740741 0.21614583333333334 0.6962962962962963 0.21979166666666666 0.6930555555555555 0.22135416666666666 0.6902777777777778 0.22213541666666667 0.6875 0.22291666666666668 0.6824074074074075 0.22317708333333333 0.6768518518518518 0.2234375 0.6763888888888889 0.2234375 0.6708333333333333 0.22317708333333333 0.6703703703703704 0.22317708333333333 0.6643518518518519 0.22291666666666668 0.6638888888888889
4 0.23828125 0.5805555555555556 0.23802083333333332 0.5800925925925926 0.23802083333333332 0.5782407407407407 0.23776041666666667 0.5777777777777777 0.23723958333333334 0.5731481481481482 0.23463541666666668 0.562962962962963 0.23333333333333334 0.5606481481481481 0.23229166666666667 0.5597222222222222 0.22734375 0.5597222222222222 0.225 0.5611111111111111 0.22369791666666666 0.5634259259259259 0.221875 0.5652777777777778 0.21927083333333333 0.5662037037037037 0.21822916666666667 0.5671296296296297 0.2171875 0.5689814814814815 0.21640625 0.5717592592592593 0.21640625 0.5726851851851852 0.21484375 0.5745370370370371 0.20598958333333334 0.575 0.20572916666666666 0.575462962962963 0.20052083333333334 0.575462962962963 0.20026041666666666 0.575925925925926 0.19192708333333333 0.5763888888888888 0.19166666666666668 0.5768518518518518 0.18567708333333333 0.5768518518518518 0.18541666666666667 0.5773148148148148 0.17682291666666666 0.5773148148148148 0.1765625 0.5777777777777777 0.17317708333333334 0.5782407407407407 0.17057291666666666 0.5805555555555556 0.16927083333333334 0.5847222222222223 0.16901041666666666 0.5893518518518519 0.16875 0.5898148148148148 0.16875 0.5944444444444444 0.16979166666666667 0.5972222222222222 0.17291666666666666 0.5995370370370371 0.17395833333333333 0.5995370370370371 0.17421875 0.6 0.1765625 0.6 0.17682291666666666 0.600462962962963 0.18645833333333334 0.6 0.18671875 0.5995370370370371 0.19401041666666666 0.5995370370370371 0.19427083333333334 0.5990740740740741 0.19921875 0.5990740740740741 0.19947916666666668 0.5986111111111111 0.20859375 0.5986111111111111 0.20885416666666667 0.5981481481481481 0.21510416666666668 0.5981481481481481 0.21536458333333333 0.5976851851851852 0.21640625 0.5976851851851852 0.21927083333333333 0.6032407407407407 0.22083333333333333 0.6087962962962963 0.22213541666666667 0.6111111111111112 0.225 0.6125 0.22526041666666666 0.612037037037037 0.22786458333333334 0.611574074074074 0.2328125 0.6078703703703704 0.23541666666666666 0.6046296296296296 0.23723958333333334 0.6013888888888889 0.23776041666666667 0.5995370370370371 0.23776041666666667 0.5981481481481481 0.23828125 0.5958333333333333 0.23828125 0.5930555555555556 0.23854166666666668 0.5925925925925926
5 0.2203125 0.2662037037037037 0.22005208333333334 0.26666666666666666 0.21901041666666668 0.26666666666666666 0.21875 0.2671296296296296 0.2171875 0.2675925925925926 0.215625 0.26990740740740743 0.21432291666666667 0.275 0.21432291666666667 0.27685185185185185 0.2140625 0.2773148148148148 0.2140625 0.27870370370370373 0.21380208333333334 0.2791666666666667 0.21380208333333334 0.28055555555555556 0.21328125 0.2828703703703704 0.21328125 0.28564814814814815 0.21302083333333333 0.2861111111111111 0.21276041666666667 0.2912037037037037 0.2125 0.2916666666666667 0.2125 0.2935185185185185 0.21223958333333334 0.29398148148148145 0.21223958333333334 0.2962962962962963 0.21197916666666666 0.2967592592592593 0.21197916666666666 0.29814814814814816 0.21171875 0.2986111111111111 0.2109375 0.3055555555555556 0.21041666666666667 0.3074074074074074 0.21015625 0.3111111111111111 0.20963541666666666 0.31296296296296294 0.20885416666666667 0.3143518518518518 0.20807291666666666 0.3143518518518518 0.2078125 0.3148148148148148 0.2046875 0.3148148148148148 0.20338541666666668 0.31574074074074077 0.20234375 0.31712962962962965 0.2015625 0.32083333333333336 0.20130208333333333 0.32546296296296295 0.20104166666666667 0.32592592592592595 0.20104166666666667 0.32685185185185184 0.20052083333333334 0.3287037037037037 0.20052083333333334 0.3300925925925926 0.2 0.33194444444444443 0.2 0.3333333333333333 0.19947916666666668 0.3351851851851852 0.19947916666666668 0.3402777777777778 0.19973958333333333 0.34074074074074073 0.19973958333333333 0.3425925925925926 0.20026041666666666 0.34444444444444444 0.20182291666666666 0.34675925925925927 0.20338541666666668 0.34814814814814815 0.20390625 0.3490740740740741 0.20963541666666666 0.3541666666666667 0.21015625 0.3541666666666667 0.21223958333333334 0.3560185185185185 0.21510416666666668 0.35694444444444445 0.2171875 0.35833333333333334 0.21901041666666668 0.35833333333333334 0.21927083333333333 0.3587962962962963 0.22604166666666667 0.3587962962962963 0.22630208333333332 0.35833333333333334 0.22786458333333334 0.35833333333333334 0.228125 0.3578703703703704 0.22942708333333334 0.3574074074074074 0.23046875 0.35648148148148145 0.23177083333333334 0.3541666666666667 0.2328125 0.34953703703703703 0.2328125 0.3472222222222222 0.23307291666666666 0.34675925925925927 0.23307291666666666 0.3449074074074074 0.23333333333333334 0.34444444444444444 0.23359375 0.34074074074074073 0.23385416666666667 0.3402777777777778 0.23385416666666667 0.33796296296296297 0.23411458333333332 0.3375 0.23385416666666667 0.33240740740740743 0.23359375 0.33194444444444443 0.23359375 0.3300925925925926 0.23307291666666666 0.3282407407407407 0.23177083333333334 0.32592592592592595 0.2296875 0.32407407407407407 0.228125 0.32175925925925924 0.22760416666666666 0.31805555555555554 0.22708333333333333 0.31666666666666665 0.22708333333333333 0.31527777777777777 0.22760416666666666 0.3143518518518518 0.228125 0.3125 0.228125 0.31157407407407406 0.22864583333333333 0.3101851851851852 0.22890625 0.3060185185185185 0.22916666666666666 0.3055555555555556 0.22916666666666666 0.3037037037037037 0.22942708333333334 0.30324074074074076 0.22942708333333334 0.30092592592592593 0.2296875 0.300462962962963 0.2296875 0.29814814814814816 0.22994791666666667 0.29768518518518516 0.22994791666666667 0.2949074074074074 0.23020833333333332 0.29444444444444445 0.22994791666666667 0.28888888888888886 0.23020833333333332 0.2884259259259259 0.23020833333333332 0.2861111111111111 0.23046875 0.28564814814814815 0.23098958333333333 0.2810185185185185 0.23125 0.28055555555555556 0.23125 0.275 0.23098958333333333 0.274537037037037 0.23098958333333333 0.27361111111111114 0.22916666666666666 0.27037037037037037 0.22786458333333334 0.2689814814814815 0.22734375 0.2689814814814815 0.22552083333333334 0.2675925925925926
5 0.35130208333333335 0.12777777777777777 0.34791666666666665 0.1337962962962963 0.3453125 0.14074074074074075 0.34322916666666664 0.14814814814814814 0.34270833333333334 0.15185185185185185 0.3416666666666667 0.15555555555555556 0.3411458333333333 0.16018518518518518 0.34088541666666666 0.16064814814814815 0.34088541666666666 0.16157407407407406 0.34036458333333336 0.16342592592592592 0.34036458333333336 0.16527777777777777 0.34010416666666665 0.16574074074074074 0.34010416666666665 0.17083333333333334 0.34088541666666666 0.17314814814814813 0.34088541666666666 0.17407407407407408 0.34140625 0.17592592592592593 0.3424479166666667 0.17777777777777778 0.34322916666666664 0.17824074074074073 0.3455729166666667 0.1814814814814815 0.346875 0.18194444444444444 0.34713541666666664 0.1824074074074074 0.34817708333333336 0.1824074074074074 0.3484375 0.18287037037037038 0.35 0.18287037037037038 0.35494791666666664 0.1787037037037037 0.35546875 0.1787037037037037 0.35651041666666666 0.17777777777777778 0.3580729166666667 0.17777777777777778 0.35833333333333334 0.17824074074074073 0.3619791666666667 0.18009259259259258 0.3645833333333333 0.1824074074074074 0.3651041666666667 0.18333333333333332 0.36744791666666665 0.18518518518518517 0.36796875 0.18611111111111112 0.37083333333333335 0.1884259259259259 0.37135416666666665 0.18935185185185185 0.37213541666666666 0.18981481481481483 0.3734375 0.19166666666666668 0.37526041666666665 0.19305555555555556 0.37578125 0.19398148148148148 0.3768229166666667 0.19444444444444445 0.38177083333333334 0.19907407407407407 0.38255208333333335 0.19907407407407407 0.38359375 0.2 0.3854166666666667 0.2 0.3875 0.19814814814814816 0.38828125 0.19675925925925927 0.3885416666666667 0.19537037037037036 0.38984375 0.19212962962962962 0.39140625 0.18611111111111112 0.3919270833333333 0.18518518518518517 0.3919270833333333 0.18425925925925926 0.3921875 0.1837962962962963 0.3921875 0.17731481481481481 0.3919270833333333 0.17685185185185184 0.3919270833333333 0.17592592592592593 0.39088541666666665 0.17407407407407408 0.3885416666666667 0.1712962962962963 0.38723958333333336 0.17037037037037037 0.3859375 0.1685185185185185 0.38333333333333336 0.16620370370370371 0.38203125 0.16435185185185186 0.3807291666666667 0.16342592592592592 0.37838541666666664 0.16064814814814815 0.37395833333333334 0.15694444444444444 0.3734375 0.15601851851851853 0.37057291666666664 0.1537037037037037 0.37005208333333334 0.1527777777777778 0.36640625 0.15 0.3653645833333333 0.14814814814814814 0.3653645833333333 0.14583333333333334 0.3651041666666667 0.14537037037037037 0.3651041666666667 0.1412037037037037 0.3653645833333333 0.14074074074074075 0.3653645833333333 0.1388888888888889 0.365625 0.13842592592592592 0.365625 0.13425925925925927 0.3651041666666667 0.13240740740740742 0.36302083333333335 0.12916666666666668 0.35963541666666665 0.1259259259259259 0.35911458333333335 0.1259259259259259 0.3580729166666667 0.125 0.35390625 0.125 0.3536458333333333 0.12546296296296297 0.353125 0.12546296296296297
6 0.4713541666666667 0.21574074074074073 0.46640625 0.21574074074074073 0.4661458333333333 0.2162037037037037 0.46536458333333336 0.2162037037037037 0.46510416666666665 0.21666666666666667 0.46458333333333335 0.21666666666666667 0.46380208333333334 0.2175925925925926 0.46328125 0.2175925925925926 0.4627604166666667 0.21851851851851853 0.4625 0.21851851851851853 0.46197916666666666 0.21944444444444444 0.46171875 0.21944444444444444 0.46119791666666665 0.22037037037037038 0.4609375 0.22037037037037038 0.46015625 0.22175925925925927 0.45989583333333334 0.22175925925925927 0.4588541666666667 0.22361111111111112 0.4588541666666667 0.22407407407407406 0.4583333333333333 0.225 0.4583333333333333 0.22592592592592592 0.4578125 0.2273148148148148 0.4578125 0.22824074074074074 0.45755208333333336 0.22870370370370371 0.45755208333333336 0.22962962962962963 0.45729166666666665 0.2300925925925926 0.45729166666666665 0.23148148148148148 0.45703125 0.23194444444444445 0.45703125 0.23333333333333334 0.45677083333333335 0.2337962962962963 0.45677083333333335 0.2351851851851852 0.45651041666666664 0.23564814814814813 0.45651041666666664 0.23703703703703705 0.45625 0.2375 0.45625 0.23981481481481481 0.45598958333333334 0.24027777777777778 0.45598958333333334 0.2462962962962963 0.45625 0.24675925925925926 0.45625 0.24814814814814815 0.45677083333333335 0.24953703703703703 0.45677083333333335 0.25046296296296294 0.45703125 0.25092592592592594 0.45729166666666665 0.2523148148148148 0.4588541666666667 0.2550925925925926 0.4591145833333333 0.2550925925925926 0.45989583333333334 0.2564814814814815 0.46015625 0.2564814814814815 0.46328125 0.262037037037037 0.4640625 0.2625 0.46458333333333335 0.26342592592592595 0.46484375 0.26342592592592595 0.4661458333333333 0.26481481481481484 0.4669270833333333 0.26481481481481484 0.4671875 0.2652777777777778 0.4674479166666667 0.2652777777777778 0.46770833333333334 0.26481481481481484 0.4703125 0.26481481481481484 0.4705729166666667 0.26435185185185184 0.4713541666666667 0.26435185185185184 0.47161458333333334 0.2638888888888889 0.47213541666666664 0.2638888888888889 0.47239583333333335 0.26342592592592595 0.47291666666666665 0.26342592592592595 0.47317708333333336 0.26296296296296295 0.4739583333333333 0.26296296296296295 0.47421875 0.2625 0.4747395833333333 0.2625 0.475 0.262037037037037 0.47552083333333334 0.262037037037037 0.47630208333333335 0.2611111111111111 0.47682291666666665 0.2611111111111111 0.47708333333333336 0.26064814814814813 0.47734375 0.26064814814814813 0.47760416666666666 0.2601851851851852 0.4778645833333333 0.2601851851851852 0.478125 0.25972222222222224 0.47890625 0.25925925925925924 0.47994791666666664 0.2574074074074074 0.47994791666666664 0.2569444444444444 0.48046875 0.25601851851851853 0.48046875 0.25555555555555554 0.48072916666666665 0.2550925925925926 0.48072916666666665 0.25416666666666665 0.48098958333333336 0.2537037037037037 0.48098958333333336 0.2513888888888889 0.48125 0.25092592592592594 0.48125 0.2462962962962963 0.48151041666666666 0.24583333333333332 0.48151041666666666 0.24351851851851852 0.4817708333333333 0.24305555555555555 0.4817708333333333 0.24027777777777778 0.48203125 0.23981481481481481 0.48203125 0.2361111111111111 0.4817708333333333 0.23564814814814813 0.4817708333333333 0.23194444444444445 0.48151041666666666 0.23148148148148148 0.48151041666666666 0.23055555555555557 0.48125 0.2300925925925926 0.48125 0.22916666666666666 0.48046875 0.22685185185185186 0.48046875 0.22592592592592592 0.48020833333333335 0.22546296296296298 0.48020833333333335 0.225 0.4796875 0.22407407407407406 0.4796875 0.22361111111111112 0.4791666666666667 0.22268518518518518 0.4791666666666667 0.2222222222222222 0.478125 0.22037037037037038 0.4778645833333333 0.22037037037037038 0.47734375 0.21944444444444444 0.47708333333333336 0.21944444444444444 0.47682291666666665 0.21898148148148147 0.4765625 0.21898148148148147 0.4752604166666667 0.2175925925925926 0.4747395833333333 0.2175925925925926 0.4744791666666667 0.21712962962962962 0.47369791666666666 0.21712962962962962 0.4734375 0.21666666666666667 0.47265625 0.21666666666666667 0.47239583333333335 0.2162037037037037 0.47161458333333334 0.2162037037037037
6 0.2942708333333333 0.09722222222222222 0.28958333333333336 0.09722222222222222 0.28932291666666665 0.09768518518518518 0.2877604166666667 0.09768518518518518 0.2875 0.09814814814814815 0.28671875 0.09814814814814815 0.2864583333333333 0.09861111111111111 0.28541666666666665 0.09861111111111111 0.28515625 0.09907407407407408 0.28411458333333334 0.09907407407407408 0.2838541666666667 0.09953703703703703 0.2828125 0.09953703703703703 0.28177083333333336 0.10092592592592593 0.28098958333333335 0.10138888888888889 0.2799479166666667 0.10324074074074074 0.2796875 0.10324074074074074 0.27734375 0.10740740740740741 0.27734375 0.10787037037037037 0.27682291666666664 0.1087962962962963 0.27682291666666664 0.10925925925925926 0.27578125 0.1111111111111111 0.27578125 0.11157407407407408 0.275 0.11388888888888889 0.275 0.11481481481481481 0.2747395833333333 0.11527777777777778 0.27447916666666666 0.1175925925925926 0.27421875 0.11805555555555555 0.27421875 0.11851851851851852 0.27369791666666665 0.11990740740740741 0.27369791666666665 0.12083333333333333 0.2734375 0.12129629629629629 0.2734375 0.12962962962962962 0.27369791666666665 0.1300925925925926 0.27395833333333336 0.13333333333333333 0.27421875 0.1337962962962963 0.2747395833333333 0.1361111111111111 0.27630208333333334 0.1388888888888889 0.27630208333333334 0.13935185185185187 0.27682291666666664 0.14027777777777778 0.27682291666666664 0.14074074074074075 0.2786458333333333 0.14444444444444443 0.2786458333333333 0.1449074074074074 0.28020833333333334 0.1476851851851852 0.28020833333333334 0.14814814814814814 0.2825520833333333 0.15231481481481482 0.2828125 0.15231481481481482 0.28411458333333334 0.15462962962962962 0.28411458333333334 0.1550925925925926 0.284375 0.1550925925925926 0.28515625 0.15648148148148147 0.28541666666666665 0.15648148148148147 0.28671875 0.15787037037037038 0.28932291666666665 0.15787037037037038 0.28958333333333336 0.1574074074074074 0.29270833333333335 0.1574074074074074 0.29296875 0.15694444444444444 0.2953125 0.15694444444444444 0.2955729166666667 0.15648148148148147 0.29635416666666664 0.15648148148148147 0.29661458333333335 0.15601851851851853 0.29765625 0.15601851851851853 0.29791666666666666 0.15555555555555556 0.2986979166666667 0.15555555555555556 0.2989583333333333 0.1550925925925926 0.30026041666666664 0.15462962962962962 0.30052083333333335 0.15416666666666667 0.30182291666666666 0.15324074074074073 0.3026041666666667 0.15185185185185185 0.3028645833333333 0.15185185185185185 0.30416666666666664 0.14953703703703702 0.30416666666666664 0.14907407407407408 0.3046875 0.14814814814814814 0.3046875 0.1476851851851852 0.30520833333333336 0.14629629629629629 0.30520833333333336 0.14537037037037037 0.30572916666666666 0.1439814814814815 0.30572916666666666 0.14305555555555555 0.3059895833333333 0.1425925925925926 0.30625 0.14027777777777778 0.30703125 0.13796296296296295 0.30703125 0.13703703703703704 0.3072916666666667 0.13657407407407407 0.3072916666666667 0.1361111111111111 0.30885416666666665 0.1310185185185185 0.30885416666666665 0.1300925925925926 0.30911458333333336 0.12962962962962962 0.30911458333333336 0.12546296296296297 0.30885416666666665 0.125 0.30885416666666665 0.12361111111111112 0.30859375 0.12314814814814815 0.30859375 0.12268518518518519 0.30703125 0.11990740740740741 0.3067708333333333 0.11990740740740741 0.30625 0.11898148148148148 0.30546875 0.11851851851851852 0.30442708333333335 0.11666666666666667 0.30442708333333335 0.1162037037037037 0.30390625 0.11527777777777778 0.30390625 0.11481481481481481 0.3033854166666667 0.11388888888888889 0.3033854166666667 0.11342592592592593 0.3015625 0.10972222222222222 0.3015625 0.10925925925925926 0.30026041666666664 0.10694444444444444 0.30026041666666664 0.10648148148148148 0.2989583333333333 0.10416666666666667 0.2989583333333333 0.1037037037037037 0.2981770833333333 0.10231481481481482 0.2981770833333333 0.10185185185185185 0.29713541666666665 0.1 0.296875 0.1 0.2955729166666667 0.09814814814814815 0.2953125 0.09814814814814815 0.2950520833333333 0.09768518518518518 0.29453125 0.09768518518518518
