1 0.4583333333333333 0.41302083333333334 0.4583333333333333 0.41328125 0.45740740740740743 0.41380208333333335 0.45694444444444443 0.41458333333333336 0.45601851851851855 0.41510416666666666 0.4550925925925926 0.4161458333333333 0.4550925925925926 0.4171875 0.4546296296296296 0.41744791666666664 0.4546296296296296 0.41901041666666666 0.45416666666666666 0.4192708333333333 0.45416666666666666 0.4200520833333333 0.4550925925925926 0.42109375 0.4564814814814815 0.421875 0.4564814814814815 0.42213541666666665 0.4587962962962963 0.4234375 0.4597222222222222 0.4234375 0.4652777777777778 0.425 0.46620370370370373 0.425 0.4703703703703704 0.42682291666666666 0.47129629629629627 0.42682291666666666 0.4740740740740741 0.4276041666666667 0.475 0.4276041666666667 0.475462962962963 0.4278645833333333 0.4777777777777778 0.428125 0.4842592592592593 0.42994791666666665 0.4888888888888889 0.4322916666666667 0.4888888888888889 0.43255208333333334 0.4898148148148148 0.43307291666666664 0.49074074074074076 0.43411458333333336 0.4912037037037037 0.4354166666666667 0.4925925925925926 0.43697916666666664 0.49444444444444446 0.43828125 0.4949074074074074 0.43828125 0.4962962962962963 0.4390625 0.5027777777777778 0.44088541666666664 0.5037037037037037 0.44088541666666664 0.5055555555555555 0.44166666666666665 0.5097222222222222 0.44166666666666665 0.513425925925926 0.4427083333333333 0.5138888888888888 0.44244791666666666 0.5157407407407407 0.44244791666666666 0.5162037037037037 0.4421875 0.5171296296296296 0.4421875 0.5180555555555556 0.44166666666666665 0.5185185185185185 0.44166666666666665 0.5217592592592593 0.4395833333333333 0.5231481481481481 0.43776041666666665 0.5263888888888889 0.4356770833333333 0.5273148148148148 0.43411458333333336 0.5291666666666667 0.4328125 0.5305555555555556 0.43125 0.5305555555555556 0.43046875 0.5310185185185186 0.43020833333333336 0.5314814814814814 0.42890625 0.5324074074074074 0.428125 0.5324074074074074 0.42734375 0.5314814814814814 0.42630208333333336 0.5296296296296297 0.425 0.5296296296296297 0.42473958333333334 0.5282407407407408 0.4239583333333333 0.5263888888888889 0.4234375 0.5226851851851851 0.4234375 0.5222222222222223 0.4231770833333333 0.5208333333333334 0.4231770833333333 0.5180555555555556 0.42239583333333336 0.5162037037037037 0.42135416666666664 0.5162037037037037 0.42109375 0.5152777777777777 0.4205729166666667 0.5152777777777777 0.4200520833333333 0.5138888888888888 0.4192708333333333 0.5138888888888888 0.41901041666666666 0.5097222222222222 0.41770833333333335 0.5087962962962963 0.41796875 0.5074074074074074 0.41796875 0.5069444444444444 0.41822916666666665 0.5060185185185185 0.41822916666666665 0.5046296296296297 0.41875 0.5037037037037037 0.41875 0.5009259259259259 0.41953125 0.49953703703703706 0.41953125 0.49907407407407406 0.4197916666666667 0.49722222222222223 0.4197916666666667 0.49074074074074076 0.41796875 0.4898148148148148 0.41796875 0.48935185185185187 0.41770833333333335 0.48842592592592593 0.41770833333333335 0.487962962962963 0.41744791666666664 0.48703703703703705 0.41744791666666664 0.4861111111111111 0.4171875 0.48194444444444445 0.4153645833333333 0.4810185185185185 0.4153645833333333 0.48055555555555557 0.41510416666666666 0.47824074074074074 0.41484375 0.47685185185185186 0.41432291666666665 0.4759259259259259 0.41432291666666665 0.475462962962963 0.4140625 0.47314814814814815 0.41380208333333335 0.47175925925925927 0.41328125 0.4708333333333333 0.41328125 0.46805555555555556 0.4125 0.4671296296296296 0.4119791666666667 0.46574074074074073 0.4119791666666667 0.4652777777777778 0.41171875 0.4615740740740741 0.41171875 0.46111111111111114 0.4119791666666667 0.4601851851851852 0.4119791666666667
3 0.5018518518518519 0.18125 0.4981481481481482 0.18098958333333334 0.4976851851851852 0.18072916666666666 0.49722222222222223 0.18098958333333334 0.49212962962962964 0.18151041666666667 0.4861111111111111 0.1828125 0.4837962962962963 0.18411458333333333 0.4828703703703704 0.18515625 0.4824074074074074 0.18958333333333333 0.4810185185185185 0.190625 0.4777777777777778 0.1921875 0.4740740740740741 0.19322916666666667 0.47314814814814815 0.19322916666666667 0.46944444444444444 0.19453125 0.4671296296296296 0.19479166666666667 0.4625 0.19635416666666666 0.45787037037037037 0.19713541666666667 0.4546296296296296 0.19817708333333334 0.4532407407407407 0.19817708333333334 0.4462962962962963 0.19947916666666668 0.4425925925925926 0.20052083333333334 0.4388888888888889 0.20104166666666667 0.43796296296296294 0.2015625 0.43472222222222223 0.20234375 0.43194444444444446 0.20364583333333333 0.42916666666666664 0.20416666666666666 0.42777777777777776 0.20416666666666666 0.4263888888888889 0.20494791666666667 0.4263888888888889 0.20572916666666666 0.42592592592592593 0.20598958333333334 0.42592592592592593 0.209375 0.42777777777777776 0.2125 0.4287037037037037 0.21328125 0.4310185185185185 0.21796875 0.4337962962962963 0.22109375 0.4361111111111111 0.22291666666666668 0.43796296296296294 0.2234375 0.4425925925925926 0.2234375 0.44583333333333336 0.22265625 0.44722222222222224 0.22265625 0.44907407407407407 0.22213541666666667 0.45046296296296295 0.22213541666666667 0.45092592592592595 0.221875 0.45231481481481484 0.221875 0.45416666666666666 0.22135416666666666 0.45555555555555555 0.22135416666666666 0.4583333333333333 0.22083333333333333 0.46111111111111114 0.21979166666666666 0.4652777777777778 0.21875 0.46620370370370373 0.21875 0.4703703703703704 0.21744791666666666 0.4736111111111111 0.2171875 0.4773148148148148 0.21640625 0.48194444444444445 0.21614583333333334 0.4824074074074074 0.21588541666666666 0.487962962962963 0.21588541666666666 0.48842592592592593 0.21614583333333334 0.49074074074074076 0.21614583333333334 0.4925925925925926 0.21666666666666667 0.49398148148148147 0.21666666666666667 0.49953703703703706 0.21822916666666667 0.5018518518518519 0.21927083333333333 0.5046296296296297 0.21927083333333333 0.5050925925925925 0.21953125 0.5092592592592593 0.21953125 0.5097222222222222 0.21927083333333333 0.5125 0.21927083333333333 0.5138888888888888 0.21901041666666668 0.5189814814814815 0.21640625 0.5212962962962963 0.21354166666666666 0.5212962962962963 0.20859375 0.5203703703703704 0.20755208333333333 0.5194444444444445 0.2046875 0.5185185185185185 0.20364583333333333 0.5180555555555556 0.20182291666666666 0.5162037037037037 0.19895833333333332 0.5157407407407407 0.196875 0.5143518518518518 0.19453125 0.512962962962963 0.19322916666666667 0.5101851851851852 0.18854166666666666 0.5087962962962963 0.18723958333333332 0.5087962962962963 0.18671875 0.5064814814814815 0.184375
4 0.40324074074074073 0.41822916666666665 0.40185185185185185 0.41953125 0.4013888888888889 0.4239583333333333 0.4041666666666667 0.4270833333333333 0.4083333333333333 0.42942708333333335 0.4115740740740741 0.43046875 0.41388888888888886 0.4317708333333333 0.41944444444444445 0.43333333333333335 0.4287037037037037 0.43776041666666665 0.4351851851851852 0.4395833333333333 0.4375 0.44088541666666664 0.44305555555555554 0.4427083333333333 0.44675925925925924 0.44453125 0.4513888888888889 0.44505208333333335 0.45601851851851855 0.4471354166666667 0.46944444444444444 0.45078125 0.47453703703703703 0.45390625 0.475462962962963 0.4549479166666667 0.475462962962963 0.45859375 0.4777777777777778 0.46145833333333336 0.48148148148148145 0.4630208333333333 0.48518518518518516 0.4630208333333333 0.48657407407407405 0.4627604166666667 0.48935185185185187 0.46119791666666665 0.4925925925925926 0.45989583333333334 0.4981481481481482 0.45625 0.500462962962963 0.45338541666666665 0.5055555555555555 0.44973958333333336 0.5055555555555555 0.44921875 0.5069444444444444 0.44765625 0.5069444444444444 0.4440104166666667 0.5074074074074074 0.4432291666666667 0.5027777777777778 0.44140625 0.49953703703703706 0.44088541666666664 0.4981481481481482 0.44036458333333334 0.49583333333333335 0.44036458333333334 0.49537037037037035 0.440625 0.4935185185185185 0.440625 0.4898148148148148 0.44192708333333336 0.4861111111111111 0.44088541666666664 0.48194444444444445 0.44036458333333334 0.47638888888888886 0.4375 0.475 0.43723958333333335 0.4708333333333333 0.43515625 0.4671296296296296 0.43411458333333336 0.46064814814814814 0.4315104166666667 0.4583333333333333 0.4309895833333333 0.44907407407407407 0.42734375 0.44305555555555554 0.42604166666666665 0.4388888888888889 0.4244791666666667 0.43425925925925923 0.421875 0.4300925925925926 0.4203125 0.42453703703703705 0.41875 0.4236111111111111 0.41875 0.4162037037037037 0.4161458333333333 0.412962962962963 0.4158854166666667 0.4125 0.415625 0.40925925925925927 0.415625 0.40694444444444444 0.4161458333333333
4 0.44675925925925924 0.4513020833333333 0.44305555555555554 0.44895833333333335 0.4361111111111111 0.44869791666666664 0.4356481481481482 0.4484375 0.43194444444444446 0.45026041666666666 0.4310185185185185 0.4518229166666667 0.4310185185185185 0.453125 0.4305555555555556 0.45338541666666665 0.4300925925925926 0.4552083333333333 0.4287037037037037 0.45625 0.4263888888888889 0.45703125 0.425 0.45703125 0.41712962962962963 0.45859375 0.4148148148148148 0.45859375 0.41435185185185186 0.4588541666666667 0.41203703703703703 0.4588541666666667 0.40879629629629627 0.459375 0.40370370370370373 0.459375 0.40324074074074073 0.4596354166666667 0.4009259259259259 0.4596354166666667 0.40046296296296297 0.45989583333333334 0.39537037037037037 0.46015625 0.39490740740740743 0.46041666666666664 0.3921296296296296 0.46041666666666664 0.3888888888888889 0.46119791666666665 0.3837962962962963 0.46145833333333336 0.3800925925925926 0.4622395833333333 0.3768518518518518 0.4622395833333333 0.3731481481481482 0.4630208333333333 0.36712962962962964 0.46328125 0.36666666666666664 0.4635416666666667 0.3648148148148148 0.4635416666666667 0.36435185185185187 0.46380208333333334 0.36018518518518516 0.4640625 0.3597222222222222 0.46432291666666664 0.3527777777777778 0.46458333333333335 0.3523148148148148 0.46484375 0.33796296296296297 0.4666666666666667 0.33611111111111114 0.4674479166666667 0.3337962962962963 0.46901041666666665 0.3333333333333333 0.47161458333333334 0.3337962962962963 0.471875 0.33425925925925926 0.4744791666666667 0.33796296296296297 0.47760416666666666 0.34074074074074073 0.478125 0.34675925925925927 0.478125 0.3472222222222222 0.4783854166666667 0.36064814814814816 0.4783854166666667 0.3611111111111111 0.478125 0.36435185185185187 0.478125 0.3648148148148148 0.4778645833333333 0.36712962962962964 0.4778645833333333 0.3699074074074074 0.47734375 0.3726851851851852 0.47734375 0.3768518518518518 0.47604166666666664 0.38101851851851853 0.47604166666666664 0.3814814814814815 0.47578125 0.38796296296296295 0.4752604166666667 0.3925925925925926 0.4744791666666667 0.40185185185185185 0.4739583333333333 0.4023148148148148 0.47369791666666666 0.4060185185185185 0.4734375 0.4078703703703704 0.47291666666666665 0.4125 0.47291666666666665 0.412962962962963 0.47265625 0.41759259259259257 0.47239583333333335 0.41805555555555557 0.47213541666666664 0.4222222222222222 0.47213541666666664 0.42268518518518516 0.47239583333333335 0.42453703703703705 0.47239583333333335 0.425 0.47213541666666664 0.4310185185185185 0.47213541666666664 0.43425925925925923 0.47291666666666665 0.4393518518518518 0.47630208333333335 0.4439814814814815 0.47604166666666664 0.44722222222222224 0.47552083333333334 0.449537037037037 0.4747395833333333 0.45092592592592595 0.4734375 0.4513888888888889 0.4700520833333333 0.45092592592592595 0.46979166666666666 0.45092592592592595 0.4674479166666667 0.45046296296296295 0.4671875 0.449537037037037 0.45807291666666666 0.44907407407407407 0.4578125 0.44907407407407407 0.45651041666666664 0.4486111111111111 0.45625 0.4486111111111111 0.4552083333333333 0.44814814814814813 0.4549479166666667
4 0.24074074074074073 0.29296875 0.23935185185185184 0.2953125 0.2388888888888889 0.2994791666666667 0.23981481481481481 0.30104166666666665 0.24305555555555555 0.303125 0.24768518518518517 0.3046875 0.25462962962962965 0.3065104166666667 0.26342592592592595 0.30807291666666664 0.26666666666666666 0.30911458333333336 0.27361111111111114 0.3104166666666667 0.27870370370370373 0.3109375 0.2833333333333333 0.31197916666666664 0.2851851851851852 0.31197916666666664 0.29398148148148145 0.3138020833333333 0.2953703703703704 0.3143229166666667 0.29953703703703705 0.31484375 0.30277777777777776 0.315625 0.30462962962962964 0.315625 0.3106481481481482 0.31692708333333336 0.3138888888888889 0.3171875 0.32407407407407407 0.31927083333333334 0.3263888888888889 0.32057291666666665 0.32731481481481484 0.3221354166666667 0.3277777777777778 0.3260416666666667 0.3300925925925926 0.328125 0.3337962962962963 0.32916666666666666 0.3416666666666667 0.3299479166666667 0.3486111111111111 0.32578125 0.3523148148148148 0.31927083333333334 0.35324074074074074 0.3184895833333333 0.3537037037037037 0.31640625 0.35509259259259257 0.3143229166666667 0.35555555555555557 0.31171875 0.3560185185185185 0.31145833333333334 0.35648148148148145 0.3059895833333333 0.35462962962962963 0.30364583333333334 0.35324074074074074 0.3028645833333333 0.3486111111111111 0.3026041666666667 0.34675925925925927 0.3020833333333333 0.34120370370370373 0.3015625 0.34074074074074073 0.30182291666666666 0.33796296296296297 0.30182291666666666 0.3337962962962963 0.3046875 0.3300925925925926 0.3046875 0.32222222222222224 0.3026041666666667 0.3199074074074074 0.3026041666666667 0.3138888888888889 0.3015625 0.3101851851851852 0.30130208333333336 0.3023148148148148 0.29973958333333334 0.2986111111111111 0.2994791666666667 0.2972222222222222 0.2989583333333333 0.2875 0.29739583333333336 0.28425925925925927 0.29635416666666664 0.27824074074074073 0.2953125 0.2773148148148148 0.2947916666666667 0.2708333333333333 0.29401041666666666 0.2523148148148148 0.2903645833333333 0.2439814814814815 0.290625 0.24305555555555555 0.2908854166666667
5 0.5958333333333333 0.3640625 0.5916666666666667 0.36432291666666666 0.5893518518518519 0.3651041666666667 0.5861111111111111 0.36692708333333335 0.5833333333333334 0.3690104166666667 0.5828703703703704 0.3734375 0.5879629629629629 0.3768229166666667 0.5879629629629629 0.37994791666666666 0.5875 0.3802083333333333 0.5875 0.38125 0.5861111111111111 0.3828125 0.5837962962962963 0.384375 0.5819444444444445 0.38671875 0.5800925925925926 0.38828125 0.5777777777777777 0.38958333333333334 0.5777777777777777 0.38984375 0.575925925925926 0.390625 0.5722222222222222 0.39375 0.5694444444444444 0.39557291666666666 0.5662037037037037 0.39869791666666665 0.5634259259259259 0.40078125 0.5606481481481481 0.40234375 0.5587962962962963 0.40390625 0.5583333333333333 0.4080729166666667 0.5601851851851852 0.41015625 0.5634259259259259 0.41171875 0.5648148148148148 0.4119791666666667 0.5680555555555555 0.41328125 0.5726851851851852 0.41458333333333336 0.5740740740740741 0.41458333333333336 0.575925925925926 0.41510416666666666 0.5763888888888888 0.41484375 0.5796296296296296 0.41458333333333336 0.5851851851851851 0.4125 0.5851851851851851 0.4122395833333333 0.5921296296296297 0.4080729166666667 0.5967592592592592 0.40390625 0.5986111111111111 0.40286458333333336 0.6023148148148149 0.4 0.6134259259259259 0.39348958333333334 0.6152777777777778 0.3927083333333333 0.6162037037037037 0.3927083333333333 0.6185185185185185 0.3919270833333333 0.6296296296296297 0.3919270833333333 0.6305555555555555 0.3921875 0.6365740740740741 0.3890625 0.6375 0.38828125 0.6375 0.38776041666666666 0.638425925925926 0.38697916666666665 0.638425925925926 0.38645833333333335 0.6393518518518518 0.3854166666666667 0.6388888888888888 0.38307291666666665 0.6365740740740741 0.3802083333333333 0.6351851851851852 0.37916666666666665 0.625462962962963 0.37395833333333334 0.6208333333333333 0.37213541666666666 0.6189814814814815 0.37109375 0.6171296296296296 0.37057291666666664 0.6157407407407407 0.3697916666666667 0.6101851851851852 0.36770833333333336 0.6087962962962963 0.36744791666666665 0.6074074074074074 0.36666666666666664 0.6055555555555555 0.36640625 0.6027777777777777 0.365625 0.6018518518518519 0.3651041666666667 0.600925925925926 0.3651041666666667 0.5976851851851852 0.36432291666666666 0.5962962962962963 0.36432291666666666
3 0.5833333333333334 0.4388020833333333 0.5814814814814815 0.4388020833333333 0.5810185185185185 0.43854166666666666 0.5777777777777777 0.43854166666666666 0.5773148148148148 0.4388020833333333 0.575925925925926 0.4388020833333333 0.5689814814814815 0.44244791666666666 0.5680555555555555 0.4432291666666667 0.5680555555555555 0.44635416666666666 0.5699074074074074 0.44921875 0.5703703703703704 0.4513020833333333 0.5694444444444444 0.45234375 0.5680555555555555 0.453125 0.5662037037037037 0.4552083333333333 0.5597222222222222 0.459375 0.5597222222222222 0.4596354166666667 0.5569444444444445 0.46119791666666665 0.5564814814814815 0.46119791666666665 0.5472222222222223 0.4666666666666667 0.5449074074074074 0.4674479166666667 0.5444444444444444 0.46796875 0.5310185185185186 0.4752604166666667 0.5291666666666667 0.47708333333333336 0.5287037037037037 0.47890625 0.5310185185185186 0.48203125 0.538425925925926 0.4861979166666667 0.5407407407407407 0.48802083333333335 0.5444444444444444 0.4895833333333333 0.5453703703703704 0.4895833333333333 0.5467592592592593 0.4901041666666667 0.5481481481481482 0.4901041666666667 0.5486111111111112 0.4903645833333333 0.5523148148148148 0.4903645833333333 0.5550925925925926 0.48932291666666666 0.5601851851851852 0.48802083333333335 0.5675925925925925 0.48463541666666665 0.5736111111111111 0.48072916666666665 0.5810185185185185 0.47760416666666666 0.5856481481481481 0.47604166666666664 0.5888888888888889 0.47421875 0.5916666666666667 0.4734375 0.5953703703703703 0.471875 0.6 0.471875 0.600462962962963 0.47213541666666664 0.6060185185185185 0.47239583333333335 0.6064814814814815 0.47265625 0.6111111111111112 0.47239583333333335 0.6138888888888889 0.47161458333333334 0.6148148148148148 0.47161458333333334 0.6175925925925926 0.4700520833333333 0.6194444444444445 0.46848958333333335 0.6194444444444445 0.46796875 0.6203703703703703 0.4669270833333333 0.6203703703703703 0.465625 0.6208333333333333 0.46536458333333336 0.6208333333333333 0.4622395833333333 0.6180555555555556 0.4591145833333333 0.6148148148148148 0.45703125 0.6129629629629629 0.4552083333333333 0.6060185185185185 0.4515625 0.6037037037037037 0.44973958333333336 0.5916666666666667 0.44296875 0.5916666666666667 0.4427083333333333 0.5912037037037037 0.4427083333333333 0.5875 0.440625
4 0.7467592592592592 0.13229166666666667 0.7458333333333333 0.1328125 0.7444444444444445 0.13307291666666668 0.7421296296296296 0.13463541666666667 0.7398148148148148 0.13854166666666667 0.7402777777777778 0.13880208333333333 0.7407407407407407 0.14166666666666666 0.7449074074074075 0.14609375 0.75 0.14921875 0.7509259259259259 0.15052083333333333 0.7541666666666667 0.15260416666666668 0.7555555555555555 0.15416666666666667 0.7587962962962963 0.15598958333333332 0.7597222222222222 0.15703125 0.7625 0.15885416666666666 0.7680555555555556 0.16354166666666667 0.7703703703703704 0.16640625 0.7736111111111111 0.16848958333333333 0.775 0.1703125 0.7768518518518519 0.171875 0.7768518518518519 0.17239583333333333 0.7782407407407408 0.17395833333333333 0.7782407407407408 0.175 0.7787037037037037 0.17526041666666667 0.7791666666666667 0.17734375 0.7796296296296297 0.17760416666666667 0.7759259259259259 0.18151041666666667 0.7768518518518519 0.18567708333333333 0.7777777777777778 0.18619791666666666 0.7791666666666667 0.18802083333333333 0.7810185185185186 0.18958333333333333 0.7828703703703703 0.190625 0.7865740740740741 0.19166666666666668 0.7916666666666666 0.19140625 0.7967592592592593 0.19010416666666666 0.7976851851851852 0.19010416666666666 0.8 0.18932291666666667 0.8009259259259259 0.18932291666666667 0.8032407407407407 0.18828125 0.8064814814814815 0.1875 0.8078703703703703 0.18671875 0.8097222222222222 0.18619791666666666 0.8115740740740741 0.18515625 0.812962962962963 0.18385416666666668 0.8166666666666667 0.18177083333333333 0.8212962962962963 0.17760416666666667 0.8212962962962963 0.175 0.8208333333333333 0.17473958333333334 0.8208333333333333 0.1734375 0.8194444444444444 0.171875 0.8175925925925925 0.17057291666666666 0.8171296296296297 0.16979166666666667 0.8134259259259259 0.16796875 0.8092592592592592 0.16770833333333332 0.8087962962962963 0.16796875 0.8050925925925926 0.16822916666666668 0.8027777777777778 0.16875 0.8013888888888889 0.16848958333333333 0.7981481481481482 0.16666666666666666 0.7944444444444444 0.16276041666666666 0.7916666666666666 0.16041666666666668 0.7898148148148149 0.159375 0.7875 0.15703125 0.7856481481481481 0.15598958333333332 0.7800925925925926 0.15130208333333334 0.7791666666666667 0.15 0.7763888888888889 0.14765625 0.7759259259259259 0.14661458333333333 0.7712962962962963 0.14322916666666666 0.7708333333333334 0.14244791666666667 0.7680555555555556 0.14036458333333332 0.7666666666666667 0.13854166666666667 0.7638888888888888 0.13697916666666668 0.7611111111111111 0.13463541666666667 0.7592592592592593 0.13359375 0.7550925925925925 0.13203125 0.7537037037037037 0.13203125 0.7532407407407408 0.13177083333333334 0.749537037037037 0.13177083333333334
1 0.5990740740740741 0.47994791666666664 0.5976851851851852 0.48072916666666665 0.5962962962962963 0.4822916666666667 0.5967592592592592 0.4825520833333333 0.5967592592592592 0.48359375 0.5972222222222222 0.48385416666666664 0.5976851851851852 0.4861979166666667 0.5986111111111111 0.48723958333333334 0.6013888888888889 0.48932291666666666 0.6032407407407407 0.49166666666666664 0.6050925925925926 0.49296875 0.6069444444444444 0.49505208333333334 0.6083333333333333 0.49583333333333335 0.6097222222222223 0.4973958333333333 0.6106481481481482 0.4979166666666667 0.6106481481481482 0.4986979166666667 0.611574074074074 0.49947916666666664 0.612037037037037 0.50078125 0.6129629629629629 0.5015625 0.6129629629629629 0.5057291666666667 0.6134259259259259 0.5059895833333333 0.6134259259259259 0.5098958333333333 0.6138888888888889 0.51015625 0.6138888888888889 0.5106770833333333 0.6148148148148148 0.51171875 0.6157407407407407 0.5122395833333333 0.6166666666666667 0.51328125 0.6208333333333333 0.5158854166666667 0.6208333333333333 0.5161458333333333 0.6217592592592592 0.5166666666666667 0.6226851851851852 0.5177083333333333 0.625462962962963 0.5184895833333333 0.6263888888888889 0.5190104166666667 0.6282407407407408 0.51953125 0.6291666666666667 0.51953125 0.6305555555555555 0.5200520833333333 0.6310185185185185 0.5197916666666667 0.6328703703703704 0.5197916666666667 0.6333333333333333 0.51953125 0.6347222222222222 0.51953125 0.6351851851851852 0.5192708333333333 0.6365740740740741 0.5192708333333333 0.6370370370370371 0.5190104166666667 0.6388888888888888 0.5190104166666667 0.6393518518518518 0.51875 0.6425925925925926 0.51875 0.6439814814814815 0.5182291666666666 0.6449074074074074 0.5182291666666666 0.6467592592592593 0.5177083333333333 0.6481481481481481 0.5169270833333334 0.6481481481481481 0.5166666666666667 0.649074074074074 0.5161458333333333 0.649537037037037 0.5161458333333333 0.6541666666666667 0.51328125 0.6541666666666667 0.5119791666666667 0.6546296296296297 0.51171875 0.6546296296296297 0.5098958333333333 0.6550925925925926 0.5096354166666667 0.65 0.5049479166666667 0.65 0.5044270833333333 0.649074074074074 0.5033854166666667 0.649074074074074 0.5026041666666666 0.6486111111111111 0.50234375 0.6486111111111111 0.5015625 0.6481481481481481 0.5013020833333334 0.6481481481481481 0.50078125 0.6462962962962963 0.4986979166666667 0.6458333333333334 0.4986979166666667 0.6444444444444445 0.4979166666666667 0.6435185185185185 0.4979166666666667 0.6430555555555556 0.49765625 0.6412037037037037 0.49765625 0.6407407407407407 0.4973958333333333 0.637962962962963 0.4973958333333333 0.6375 0.49713541666666666 0.6351851851851852 0.496875 0.6342592592592593 0.49661458333333336 0.6324074074074074 0.49557291666666664 0.6310185185185185 0.4940104166666667 0.6273148148148148 0.49166666666666664 0.6263888888888889 0.490625 0.625 0.48984375 0.625 0.4895833333333333 0.6231481481481481 0.48828125 0.6226851851851852 0.4875 0.6208333333333333 0.4861979166666667 0.6203703703703703 0.48541666666666666 0.6175925925925926 0.48359375 0.6175925925925926 0.48333333333333334 0.6138888888888889 0.48072916666666665 0.6138888888888889 0.48046875 0.612037037037037 0.47942708333333334 0.6111111111111112 0.4783854166666667 0.6092592592592593 0.4783854166666667 0.6087962962962963 0.478125 0.6060185185185185 0.478125 0.6055555555555555 0.4783854166666667 0.6032407407407407 0.4786458333333333 0.6013888888888889 0.4791666666666667 0.600462962962963 0.4796875
4 0.5944444444444444 0.6619791666666667 0.5907407407407408 0.6596354166666667 0.5879629629629629 0.6588541666666666 0.5837962962962963 0.6588541666666666 0.5819444444444445 0.6598958333333333 0.5800925925925926 0.6604166666666667 0.5782407407407407 0.66171875 0.5782407407407407 0.6653645833333334 0.5777777777777777 0.665625 0.5773148148148148 0.6674479166666667 0.575462962962963 0.6692708333333334 0.5712962962962963 0.6716145833333333 0.5648148148148148 0.6734375 0.5606481481481481 0.6752604166666667 0.5527777777777778 0.67734375 0.5444444444444444 0.68046875 0.5402777777777777 0.6815104166666667 0.537962962962963 0.6825520833333333 0.5291666666666667 0.68515625 0.5268518518518519 0.6854166666666667 0.5254629629629629 0.6861979166666666 0.5226851851851851 0.6869791666666667 0.5217592592592593 0.6869791666666667 0.5189814814814815 0.6877604166666667 0.5120370370370371 0.6903645833333333 0.5087962962962963 0.6911458333333333 0.5078703703703704 0.6916666666666667 0.4986111111111111 0.69453125 0.4949074074074074 0.6971354166666667 0.4949074074074074 0.7 0.49444444444444446 0.7002604166666667 0.49444444444444446 0.7010416666666667 0.49722222222222223 0.7036458333333333 0.5013888888888889 0.7057291666666666 0.5074074074074074 0.7057291666666666 0.5078703703703704 0.70546875 0.512962962962963 0.7049479166666667 0.5212962962962963 0.7033854166666667 0.5222222222222223 0.7028645833333333 0.5282407407407408 0.7013020833333333 0.5319444444444444 0.6997395833333333 0.5361111111111111 0.6986979166666667 0.5412037037037037 0.6966145833333334 0.5449074074074074 0.6958333333333333 0.5486111111111112 0.6942708333333333 0.5587962962962963 0.69140625 0.5638888888888889 0.6903645833333333 0.5722222222222222 0.6877604166666667 0.575 0.6875 0.5805555555555556 0.6859375 0.586574074074074 0.6854166666666667 0.5902777777777778 0.684375 0.5930555555555556 0.684375 0.5935185185185186 0.6846354166666667 0.5958333333333333 0.6846354166666667 0.5986111111111111 0.68515625 0.6027777777777777 0.6848958333333334 0.6074074074074074 0.6828125 0.6083333333333333 0.6817708333333333 0.6078703703703704 0.6770833333333334 0.6041666666666666 0.67265625 0.6032407407407407 0.6708333333333333 0.6013888888888889 0.6690104166666667 0.5976851851851852 0.66640625 0.5944444444444444 0.6625
5 0.6976851851851852 0.6192708333333333 0.6953703703703704 0.6213541666666667 0.6935185185185185 0.6244791666666667 0.6935185185185185 0.6252604166666667 0.6925925925925925 0.6263020833333334 0.6925925925925925 0.6283854166666667 0.6930555555555555 0.6286458333333333 0.6930555555555555 0.6307291666666667 0.6967592592592593 0.6322916666666667 0.6986111111111111 0.6325520833333333 0.7032407407407407 0.6338541666666667 0.7041666666666667 0.6338541666666667 0.7055555555555556 0.634375 0.7138888888888889 0.6359375 0.7152777777777778 0.6359375 0.7180555555555556 0.6364583333333333 0.7203703703703703 0.6372395833333333 0.7240740740740741 0.6375 0.7273148148148149 0.6385416666666667 0.7337962962962963 0.6395833333333333 0.7356481481481482 0.6403645833333333 0.7407407407407407 0.6416666666666667 0.7416666666666667 0.6421875 0.7467592592592592 0.6434895833333333 0.7476851851851852 0.6434895833333333 0.749537037037037 0.6447916666666667 0.750462962962963 0.64609375 0.7518518518518519 0.6526041666666667 0.7537037037037037 0.6541666666666667 0.7564814814814815 0.6544270833333333 0.7569444444444444 0.6546875 0.7587962962962963 0.6546875 0.7625 0.65546875 0.7685185185185185 0.65546875 0.7699074074074074 0.6549479166666666 0.7708333333333334 0.6549479166666666 0.7726851851851851 0.6541666666666667 0.7768518518518519 0.6505208333333333 0.7805555555555556 0.6466145833333333 0.7814814814814814 0.64453125 0.7833333333333333 0.6427083333333333 0.7833333333333333 0.6419270833333334 0.7856481481481481 0.6385416666666667 0.7861111111111111 0.6364583333333333 0.7870370370370371 0.63515625 0.7870370370370371 0.6325520833333333 0.7875 0.6322916666666667 0.7875 0.6307291666666667 0.787962962962963 0.63046875 0.787962962962963 0.62890625 0.788425925925926 0.6286458333333333 0.788425925925926 0.62734375 0.7888888888888889 0.6268229166666667 0.7875 0.6247395833333333 0.7847222222222222 0.6229166666666667 0.7763888888888889 0.62109375 0.774074074074074 0.62109375 0.7712962962962963 0.6216145833333333 0.7689814814814815 0.6231770833333333 0.7685185185185185 0.6239583333333333 0.7652777777777777 0.62578125 0.762962962962963 0.6263020833333334 0.7583333333333333 0.6263020833333334 0.7509259259259259 0.6244791666666667 0.749537037037037 0.6244791666666667 0.7467592592592592 0.6239583333333333 0.7435185185185185 0.6229166666666667 0.7407407407407407 0.6229166666666667 0.7356481481481482 0.621875 0.7324074074074074 0.6216145833333333 0.7300925925925926 0.6208333333333333 0.725 0.6200520833333333 0.7212962962962963 0.6190104166666667 0.7175925925925926 0.61875 0.7050925925925926 0.61640625 0.7013888888888888 0.6171875
2 0.8379629629629629 0.27395833333333336 0.8337962962962963 0.27447916666666666 0.8305555555555556 0.2760416666666667 0.8268518518518518 0.2791666666666667 0.8143518518518519 0.37109375 0.8125 0.3731770833333333 0.8018518518518518 0.3763020833333333 0.8004629629629629 0.37994791666666666 0.8018518518518518 0.3846354166666667 0.8064814814814815 0.38828125 0.8138888888888889 0.38958333333333334 0.825925925925926 0.38958333333333334 0.8296296296296296 0.3880208333333333 0.8384259259259259 0.3880208333333333 0.8439814814814814 0.38671875 0.8476851851851852 0.3846354166666667 0.8462962962962963 0.3765625 0.8449074074074074 0.375 0.8407407407407408 0.3723958333333333 0.8388888888888889 0.36875 0.8402777777777778 0.35989583333333336 0.8402777777777778 0.3533854166666667 0.8421296296296297 0.34296875 0.8421296296296297 0.33697916666666666 0.8444444444444444 0.32447916666666665 0.8472222222222222 0.29765625 0.8490740740740741 0.2890625 0.8495370370370371 0.2791666666666667 0.8453703703703703 0.275
4 0.9231481481481482 0.37864583333333335 0.9203703703703704 0.3768229166666667 0.9162037037037037 0.3763020833333333 0.9157407407407407 0.37604166666666666 0.9111111111111111 0.37604166666666666 0.9037037037037037 0.37734375 0.9023148148148148 0.37786458333333334 0.8967592592592593 0.37890625 0.8925925925925926 0.3802083333333333 0.888425925925926 0.3807291666666667 0.8805555555555555 0.38307291666666665 0.8796296296296297 0.38359375 0.8699074074074075 0.38619791666666664 0.8648148148148148 0.38697916666666665 0.8611111111111112 0.3880208333333333 0.8560185185185185 0.3885416666666667 0.8532407407407407 0.3893229166666667 0.8518518518518519 0.3890625 0.8486111111111111 0.3890625 0.8467592592592592 0.3885416666666667 0.8416666666666667 0.3885416666666667 0.8412037037037037 0.3888020833333333 0.8388888888888889 0.3888020833333333 0.8384259259259259 0.3890625 0.837037037037037 0.3890625 0.8351851851851851 0.3885416666666667 0.8296296296296296 0.3885416666666667 0.825925925925926 0.39036458333333335 0.8226851851851852 0.39036458333333335 0.8194444444444444 0.39114583333333336 0.8175925925925925 0.3921875 0.8152777777777778 0.39609375 0.8152777777777778 0.4010416666666667 0.8157407407407408 0.40130208333333334 0.8157407407407408 0.40234375 0.8162037037037037 0.40260416666666665 0.8162037037037037 0.4036458333333333 0.8171296296296297 0.40520833333333334 0.8189814814814815 0.40703125 0.8199074074074074 0.40859375 0.8245370370370371 0.4119791666666667 0.8300925925925926 0.41458333333333336 0.8347222222222223 0.4153645833333333 0.8375 0.4161458333333333 0.8412037037037037 0.4161458333333333 0.8416666666666667 0.41640625 0.8430555555555556 0.4158854166666667 0.8439814814814814 0.4158854166666667 0.8486111111111111 0.41380208333333335 0.850925925925926 0.4114583333333333 0.8518518518518519 0.40963541666666664 0.8546296296296296 0.40651041666666665 0.8606481481481482 0.403125 0.8634259259259259 0.40260416666666665 0.8671296296296296 0.4015625 0.8680555555555556 0.4010416666666667 0.8699074074074075 0.40078125 0.8731481481481481 0.3997395833333333 0.8800925925925925 0.3984375 0.8847222222222222 0.396875 0.888425925925926 0.3963541666666667 0.8925925925925926 0.39505208333333336 0.8962962962962963 0.39453125 0.8986111111111111 0.39375 0.9046296296296297 0.3927083333333333 0.9194444444444444 0.3880208333333333 0.9217592592592593 0.38671875 0.9236111111111112 0.3848958333333333 0.924074074074074 0.3809895833333333 0.924537037037037 0.3807291666666667
3 0.9550925925925926 0.18489583333333334 0.9467592592592593 0.18541666666666667 0.9462962962962963 0.18567708333333333 0.9412037037037037 0.18645833333333334 0.9324074074074075 0.18932291666666667 0.9273148148148148 0.19010416666666666 0.9194444444444444 0.19244791666666666 0.9143518518518519 0.19322916666666667 0.913425925925926 0.19375 0.9115740740740741 0.19401041666666666 0.9101851851851852 0.19479166666666667 0.9083333333333333 0.1953125 0.9050925925925926 0.19713541666666667 0.9050925925925926 0.19765625 0.9032407407407408 0.20026041666666666 0.9032407407407408 0.20234375 0.9037037037037037 0.20260416666666667 0.9041666666666667 0.20494791666666667 0.9055555555555556 0.20598958333333334 0.9115740740740741 0.20911458333333333 0.9152777777777777 0.209375 0.9157407407407407 0.20963541666666666 0.9180555555555555 0.20989583333333334 0.9208333333333333 0.21119791666666668 0.9226851851851852 0.21354166666666666 0.9231481481481482 0.21484375 0.925 0.21692708333333333 0.9268518518518518 0.21796875 0.9296296296296296 0.22057291666666667 0.9296296296296296 0.22109375 0.9337962962962963 0.22552083333333334 0.9337962962962963 0.22604166666666667 0.9384259259259259 0.23125 0.9384259259259259 0.23177083333333334 0.9430555555555555 0.2359375 0.9472222222222222 0.23802083333333332 0.950462962962963 0.23828125 0.950925925925926 0.23854166666666668 0.9555555555555556 0.2375 0.961574074074074 0.23515625 0.9703703703703703 0.23255208333333333 0.9712962962962963 0.23203125 0.9712962962962963 0.23151041666666666 0.9726851851851852 0.2296875 0.9726851851851852 0.22864583333333333 0.9731481481481481 0.22838541666666667 0.9717592592592592 0.2265625 0.9712962962962963 0.22447916666666667 0.9703703703703703 0.22369791666666666 0.9703703703703703 0.22317708333333333 0.9694444444444444 0.22239583333333332 0.9694444444444444 0.221875 0.9680555555555556 0.22005208333333334 0.9680555555555556 0.21927083333333333 0.9675925925925926 0.21901041666666668 0.9671296296296297 0.21770833333333334 0.9648148148148148 0.21510416666666668 0.9634259259259259 0.21223958333333334 0.9601851851851851 0.20833333333333334 0.9601851851851851 0.2078125 0.9583333333333334 0.20520833333333333 0.9583333333333334 0.20442708333333334 0.9574074074074074 0.20338541666666668 0.9569444444444445 0.2015625 0.9564814814814815 0.20130208333333333 0.9569444444444445 0.19973958333333333 0.9597222222222223 0.19661458333333334 0.9634259259259259 0.19401041666666666 0.9638888888888889 0.19296875 0.9629629629629629 0.19166666666666668 0.9629629629629629 0.190625 0.9625 0.19036458333333334 0.962037037037037 0.1890625 0.9611111111111111 0.18854166666666666 0.9587962962962963 0.18619791666666666 0.9574074074074074 0.18541666666666667
2 0.9004629629629629 0.5216145833333333 0.8773148148148148 0.5161458333333333 0.8726851851851852 0.51640625 0.8648148148148148 0.5213541666666667 0.8657407407407407 0.525 0.8694444444444445 0.52890625 0.8694444444444445 0.5333333333333333 0.8648148148148148 0.5377604166666666 0.861574074074074 0.54296875 0.8532407407407407 0.5513020833333333 0.8476851851851852 0.5588541666666667 0.8375 0.56953125 0.8324074074074074 0.5763020833333333 0.8212962962962963 0.5877604166666667 0.8078703703703703 0.6052083333333333 0.8023148148148148 0.6104166666666667 0.8004629629629629 0.6138020833333333 0.7958333333333333 0.6190104166666667 0.7949074074074074 0.621875 0.7958333333333333 0.6268229166666667 0.7981481481481482 0.6278645833333333 0.8046296296296296 0.6291666666666667 0.8106481481481481 0.62890625 0.8152777777777778 0.6265625 0.8194444444444444 0.6234375 0.825925925925926 0.6158854166666666 0.8305555555555556 0.6088541666666667 0.8421296296296297 0.5958333333333333 0.8476851851851852 0.5880208333333333 0.8555555555555555 0.5791666666666667 0.8592592592592593 0.5760416666666667 0.8629629629629629 0.5697916666666667 0.8694444444444445 0.5625 0.8726851851851852 0.56015625 0.875462962962963 0.55546875 0.8856481481481482 0.5453125 0.8921296296296296 0.53671875 0.8967592592592593 0.5341145833333333 0.9041666666666667 0.5333333333333333 0.9078703703703703 0.53125 0.9087962962962963 0.5294270833333333 0.9078703703703703 0.5252604166666667
3 0.8731481481481481 0.6575520833333334 0.8726851851851852 0.6578125 0.8694444444444445 0.6580729166666667 0.8643518518518518 0.6606770833333333 0.8629629629629629 0.6622395833333333 0.8592592592592593 0.6684895833333333 0.8569444444444444 0.6708333333333333 0.8555555555555555 0.6731770833333334 0.8555555555555555 0.6739583333333333 0.8541666666666666 0.67578125 0.8541666666666666 0.6765625 0.8518518518518519 0.6794270833333333 0.850925925925926 0.6817708333333333 0.8476851851851852 0.6864583333333333 0.8467592592592592 0.6872395833333333 0.8416666666666667 0.68984375 0.8384259259259259 0.68984375 0.837037037037037 0.6901041666666666 0.8324074074074074 0.6921875 0.8282407407407407 0.696875 0.8273148148148148 0.7010416666666667 0.8324074074074074 0.7059895833333333 0.8384259259259259 0.7088541666666667 0.8430555555555556 0.71015625 0.8458333333333333 0.7114583333333333 0.8476851851851852 0.71171875 0.8532407407407407 0.71328125 0.8574074074074074 0.7138020833333333 0.8657407407407407 0.7161458333333334 0.8671296296296296 0.7161458333333334 0.8689814814814815 0.7166666666666667 0.8703703703703703 0.7166666666666667 0.8726851851851852 0.7171875 0.8759259259259259 0.7171875 0.8763888888888889 0.7169270833333333 0.8773148148148148 0.7171875 0.8847222222222222 0.7171875 0.888425925925926 0.7161458333333334 0.8912037037037037 0.7125 0.8912037037037037 0.71171875 0.8921296296296296 0.7104166666666667 0.8921296296296296 0.7091145833333333 0.8925925925925926 0.7088541666666667 0.8930555555555556 0.7033854166666667 0.8925925925925926 0.703125 0.8925925925925926 0.7010416666666667 0.8921296296296296 0.70078125 0.8921296296296296 0.7 0.8907407407407407 0.6981770833333333 0.8893518518518518 0.6971354166666667 0.8893518518518518 0.6921875 0.8898148148148148 0.6919270833333333 0.8902777777777777 0.6888020833333334 0.8907407407407407 0.6885416666666667 0.8907407407407407 0.6872395833333333 0.8912037037037037 0.6869791666666667 0.8912037037037037 0.6854166666666667 0.8925925925925926 0.6830729166666667 0.8930555555555556 0.6807291666666667 0.8967592592592593 0.67421875 0.8972222222222223 0.66875 0.8976851851851851 0.6684895833333333 0.8976851851851851 0.6661458333333333 0.8981481481481481 0.6658854166666667 0.8962962962962963 0.6640625 0.8962962962962963 0.6635416666666667 0.8930555555555556 0.66171875 0.8888888888888888 0.66015625 0.8828703703703704 0.6583333333333333 0.8800925925925925 0.6578125 0.8782407407407408 0.6578125 0.8777777777777778 0.6575520833333334
4 0.9037037037037037 0.43776041666666665 0.8981481481481481 0.4432291666666667 0.8981481481481481 0.44505208333333335 0.8976851851851851 0.4453125 0.8976851851851851 0.446875 0.8972222222222223 0.4471354166666667 0.9037037037037037 0.4510416666666667 0.9074074074074074 0.45234375 0.9083333333333333 0.45234375 0.9120370370370371 0.45338541666666665 0.9148148148148149 0.45286458333333335 0.9217592592592593 0.45286458333333335 0.9222222222222223 0.453125 0.925 0.453125 0.9277777777777778 0.45364583333333336 0.9319444444444445 0.45546875 0.937962962962963 0.45729166666666665 0.950462962962963 0.4627604166666667 0.9546296296296296 0.46510416666666665 0.9583333333333334 0.46640625 0.9643518518518519 0.4705729166666667 0.9740740740740741 0.4747395833333333 0.9814814814814815 0.47682291666666665 0.9861111111111112 0.4786458333333333 0.9898148148148148 0.47890625 0.9902777777777778 0.4791666666666667 0.9907407407407407 0.47890625 0.9949074074074075 0.47890625 0.9967592592592592 0.4783854166666667 0.999537037037037 0.4783854166666667 0.999537037037037 0.46848958333333335 0.9976851851851852 0.46848958333333335 0.9958333333333333 0.4666666666666667 0.9949074074074075 0.46640625 0.9861111111111112 0.46119791666666665 0.9828703703703704 0.46015625 0.9787037037037037 0.4578125 0.975 0.45677083333333335 0.9699074074074074 0.45390625 0.9657407407407408 0.45234375 0.9638888888888889 0.4510416666666667 0.961574074074074 0.4505208333333333 0.9564814814814815 0.44869791666666664 0.95 0.44505208333333335 0.9435185185185185 0.44192708333333336 0.9412037037037037 0.4395833333333333 0.9412037037037037 0.43854166666666666 0.9416666666666667 0.43828125 0.9425925925925925 0.43515625 0.9416666666666667 0.434375 0.9402777777777778 0.4315104166666667 0.9388888888888889 0.43072916666666666 0.9361111111111111 0.43020833333333336 0.9314814814814815 0.428125 0.9282407407407407 0.428125 0.9277777777777778 0.4283854166666667 0.9231481481481482 0.42864583333333334 0.9194444444444444 0.43020833333333336 0.9143518518518519 0.4315104166666667 0.9143518518518519 0.4317708333333333 0.912962962962963 0.4322916666666667
2 0.9523148148148148 0.4765625 0.9430555555555555 0.471875 0.9361111111111111 0.4705729166666667 0.9305555555555556 0.47109375 0.9236111111111112 0.47421875 0.9212962962962963 0.48098958333333336 0.9152777777777777 0.48489583333333336 0.9115740740740741 0.4856770833333333 0.9037037037037037 0.48880208333333336 0.8851851851851852 0.4940104166666667 0.8685185185185185 0.5002604166666667 0.8537037037037037 0.5049479166666667 0.8486111111111111 0.5059895833333333 0.8398148148148148 0.509375 0.8240740740740741 0.5138020833333333 0.8222222222222222 0.51484375 0.8171296296296297 0.5158854166666667 0.8106481481481481 0.5184895833333333 0.8023148148148148 0.5208333333333334 0.7819444444444444 0.528125 0.7712962962962963 0.53125 0.7689814814814815 0.5325520833333334 0.7675925925925926 0.5369791666666667 0.7689814814814815 0.5385416666666667 0.7731481481481481 0.5416666666666666 0.775 0.5424479166666667 0.7777777777777778 0.5427083333333333 0.7865740740740741 0.5416666666666666 0.7949074074074074 0.53984375 0.8009259259259259 0.5377604166666666 0.8101851851851852 0.5356770833333333 0.8138888888888889 0.53359375 0.8217592592592593 0.5307291666666667 0.8342592592592593 0.52734375 0.837037037037037 0.5260416666666666 0.8425925925925926 0.5247395833333334 0.8449074074074074 0.5236979166666667 0.8537037037037037 0.5216145833333333 0.861574074074074 0.5208333333333334 0.8652777777777778 0.5197916666666667 0.8685185185185185 0.5171875 0.8731481481481481 0.5158854166666667 0.8777777777777778 0.51328125 0.8893518518518518 0.51015625 0.8925925925925926 0.50859375 0.9027777777777778 0.5057291666666667 0.9078703703703703 0.5036458333333333 0.9162037037037037 0.5015625 0.9310185185185185 0.496875 0.9347222222222222 0.49661458333333336 0.9412037037037037 0.4953125 0.9481481481481482 0.49583333333333335 0.9546296296296296 0.49505208333333334 0.9578703703703704 0.49375 0.9606481481481481 0.4903645833333333 0.9606481481481481 0.4856770833333333 0.9592592592592593 0.48333333333333334
5 0.9467592592592593 0.5903645833333333 0.9425925925925925 0.5919270833333333 0.9393518518518519 0.5953125 0.9388888888888889 0.5984375 0.9384259259259259 0.5986979166666667 0.9384259259259259 0.6010416666666667 0.937962962962963 0.6013020833333333 0.937962962962963 0.6036458333333333 0.9375 0.60390625 0.9375 0.6067708333333334 0.937037037037037 0.60703125 0.937037037037037 0.6104166666666667 0.9365740740740741 0.6106770833333334 0.9365740740740741 0.6138020833333333 0.9361111111111111 0.6140625 0.9361111111111111 0.6184895833333334 0.9356481481481481 0.61875 0.9351851851851852 0.6205729166666667 0.9324074074074075 0.6223958333333334 0.9282407407407407 0.6234375 0.9236111111111112 0.6236979166666666 0.9212962962962963 0.6252604166666667 0.9199074074074074 0.6268229166666667 0.9199074074074074 0.6291666666666667 0.9194444444444444 0.6294270833333333 0.9194444444444444 0.6328125 0.9199074074074074 0.6330729166666667 0.9199074074074074 0.6346354166666667 0.9236111111111112 0.6369791666666667 0.925 0.6372395833333333 0.9277777777777778 0.6385416666666667 0.9328703703703703 0.6388020833333333 0.9333333333333333 0.6390625 0.9361111111111111 0.6390625 0.9365740740740741 0.6393229166666666 0.9416666666666667 0.6395833333333333 0.9421296296296297 0.63984375 0.950462962962963 0.6401041666666667 0.950925925925926 0.6403645833333333 0.9527777777777777 0.6403645833333333 0.9550925925925926 0.6408854166666667 0.9592592592592593 0.6408854166666667 0.9597222222222223 0.640625 0.9634259259259259 0.6403645833333333 0.9638888888888889 0.640625 0.9685185185185186 0.6408854166666667 0.9703703703703703 0.64140625 0.9712962962962963 0.6411458333333333 0.9736111111111111 0.6411458333333333 0.9782407407407407 0.6393229166666666 0.9791666666666666 0.6385416666666667 0.9791666666666666 0.6380208333333334 0.9796296296296296 0.6377604166666667 0.9796296296296296 0.6359375 0.9800925925925926 0.6356770833333333 0.9800925925925926 0.6322916666666667 0.9796296296296296 0.63203125 0.9796296296296296 0.6302083333333334 0.9782407407407407 0.6286458333333333 0.9782407407407407 0.628125 0.975925925925926 0.6268229166666667 0.9731481481481481 0.6260416666666667 0.9712962962962963 0.625 0.9699074074074074 0.6229166666666667 0.9699074074074074 0.6184895833333334 0.9703703703703703 0.6182291666666667 0.9703703703703703 0.6161458333333333 0.9708333333333333 0.6158854166666666 0.9708333333333333 0.61171875 0.9712962962962963 0.6114583333333333 0.9712962962962963 0.60859375 0.9717592592592592 0.6083333333333333 0.9717592592592592 0.6057291666666667 0.9722222222222222 0.60546875 0.9722222222222222 0.6028645833333334 0.9726851851851852 0.6026041666666667 0.9726851851851852 0.5973958333333333 0.9731481481481481 0.5971354166666667 0.9726851851851852 0.59453125 0.9708333333333333 0.5921875 0.9699074074074074 0.5916666666666667 0.9689814814814814 0.5916666666666667 0.9675925925925926 0.5911458333333334 0.9666666666666667 0.5911458333333334 0.9648148148148148 0.590625 0.9629629629629629 0.590625 0.9625 0.5903645833333333 0.9606481481481481 0.5903645833333333 0.9601851851851851 0.5901041666666667 0.9569444444444445 0.5901041666666667 0.9564814814814815 0.58984375 0.9532407407407407 0.58984375 0.9527777777777777 0.5901041666666667 0.9490740740740741 0.5901041666666667 0.9486111111111111 0.5903645833333333
6 0.9722222222222222 0.6723958333333333 0.9717592592592592 0.67265625 0.9703703703703703 0.6729166666666667 0.9689814814814814 0.6736979166666667 0.9689814814814814 0.6739583333333333 0.9680555555555556 0.6744791666666666 0.9680555555555556 0.6747395833333333 0.9671296296296297 0.6752604166666667 0.9671296296296297 0.6755208333333333 0.9643518518518519 0.67734375 0.9634259259259259 0.6786458333333333 0.9625 0.6791666666666667 0.962037037037037 0.6799479166666667 0.9611111111111111 0.68046875 0.9611111111111111 0.6807291666666667 0.9606481481481481 0.6809895833333334 0.9606481481481481 0.6815104166666667 0.9587962962962963 0.6828125 0.9587962962962963 0.6830729166666667 0.9574074074074074 0.684375 0.9574074074074074 0.6848958333333334 0.9569444444444445 0.68515625 0.9569444444444445 0.6856770833333333 0.9564814814814815 0.6859375 0.9564814814814815 0.68671875 0.9560185185185185 0.6869791666666667 0.9560185185185185 0.6877604166666667 0.9555555555555556 0.6880208333333333 0.9555555555555556 0.6885416666666667 0.9550925925925926 0.6888020833333334 0.9550925925925926 0.6895833333333333 0.9555555555555556 0.68984375 0.9555555555555556 0.6903645833333333 0.9569444444444445 0.6916666666666667 0.9574074074074074 0.69296875 0.9578703703703704 0.6932291666666667 0.9578703703703704 0.6934895833333333 0.9583333333333334 0.69375 0.9583333333333334 0.6940104166666666 0.9587962962962963 0.6942708333333333 0.9587962962962963 0.69453125 0.9592592592592593 0.6947916666666667 0.9592592592592593 0.6950520833333333 0.9597222222222223 0.6953125 0.9611111111111111 0.6971354166666667 0.9625 0.6979166666666666 0.9625 0.6981770833333333 0.9629629629629629 0.6984375 0.9634259259259259 0.6984375 0.9662037037037037 0.7 0.9666666666666667 0.70078125 0.9671296296296297 0.70078125 0.9675925925925926 0.7010416666666667 0.9694444444444444 0.7010416666666667 0.9712962962962963 0.7018229166666666 0.9717592592592592 0.7018229166666666 0.9726851851851852 0.70234375 0.9731481481481481 0.70234375 0.9740740740740741 0.7028645833333333 0.975 0.7028645833333333 0.975462962962963 0.703125 0.9768518518518519 0.703125 0.9773148148148149 0.7033854166666667 0.9782407407407407 0.7033854166666667 0.9787037037037037 0.7036458333333333 0.9810185185185185 0.7041666666666667 0.9828703703703704 0.7049479166666667 0.9856481481481482 0.7049479166666667 0.9861111111111112 0.7052083333333333 0.9893518518518518 0.7052083333333333 0.9898148148148148 0.70546875 0.9962962962962963 0.70546875 0.9967592592592592 0.7057291666666666 0.999537037037037 0.7057291666666666 0.999537037037037 0.6721354166666667 0.9967592592592592 0.6721354166666667 0.9962962962962963 0.671875 0.9949074074074075 0.671875 0.9944444444444445 0.6716145833333333 0.9814814814814815 0.6716145833333333 0.9810185185185185 0.671875 0.975 0.671875 0.9745370370370371 0.6721354166666667
