3 0.4703703703703704 0.2078125 0.4685185185185185 0.2078125 0.4675925925925926 0.20729166666666668 0.4648148148148148 0.20729166666666668 0.4638888888888889 0.2078125 0.462037037037037 0.2078125 0.4601851851851852 0.20885416666666667 0.45925925925925926 0.20885416666666667 0.4583333333333333 0.209375 0.45555555555555555 0.20989583333333334 0.45185185185185184 0.21197916666666666 0.45185185185185184 0.21302083333333333 0.45092592592592595 0.21354166666666666 0.45092592592592595 0.2171875 0.45 0.21770833333333334 0.45 0.21979166666666666 0.44907407407407407 0.2203125 0.44907407407407407 0.22083333333333333 0.4462962962962963 0.22239583333333332 0.44537037037037036 0.22239583333333332 0.44351851851851853 0.2234375 0.4425925925925926 0.2234375 0.44074074074074077 0.22447916666666667 0.4398148148148148 0.22447916666666667 0.4361111111111111 0.2265625 0.4351851851851852 0.2265625 0.4324074074074074 0.228125 0.43148148148148147 0.228125 0.42962962962962964 0.22916666666666666 0.4287037037037037 0.22916666666666666 0.42685185185185187 0.23020833333333332 0.42592592592592593 0.23020833333333332 0.42407407407407405 0.23125 0.42314814814814816 0.23125 0.4166666666666667 0.234375 0.41574074074074074 0.234375 0.41388888888888886 0.23541666666666666 0.412962962962963 0.23541666666666666 0.4111111111111111 0.23645833333333333 0.4101851851851852 0.23645833333333333 0.4064814814814815 0.23854166666666668 0.40555555555555556 0.23854166666666668 0.4027777777777778 0.24010416666666667 0.4027777777777778 0.240625 0.4009259259259259 0.2421875 0.4009259259259259 0.24635416666666668 0.40185185185185185 0.246875 0.40185185185185185 0.24791666666666667 0.4027777777777778 0.2484375 0.40370370370370373 0.25 0.4074074074074074 0.2520833333333333 0.4074074074074074 0.2526041666666667 0.4101851851851852 0.25416666666666665 0.4101851851851852 0.2546875 0.4111111111111111 0.2552083333333333 0.41203703703703703 0.2552083333333333 0.4148148148148148 0.25677083333333334 0.41759259259259257 0.25677083333333334 0.4185185185185185 0.25729166666666664 0.42314814814814816 0.25729166666666664 0.42407407407407405 0.25677083333333334 0.42592592592592593 0.25677083333333334 0.42685185185185187 0.25625 0.4287037037037037 0.25625 0.4305555555555556 0.2552083333333333 0.43148148148148147 0.2552083333333333 0.4324074074074074 0.2546875 0.43333333333333335 0.2546875 0.43425925925925923 0.25416666666666665 0.43703703703703706 0.25364583333333335 0.4388888888888889 0.2526041666666667 0.4398148148148148 0.2526041666666667 0.44074074074074077 0.2520833333333333 0.44351851851851853 0.2515625 0.44537037037037036 0.25052083333333336 0.4462962962962963 0.25052083333333336 0.44722222222222224 0.25 0.44814814814814813 0.25 0.44907407407407407 0.24947916666666667 0.45 0.24947916666666667 0.45092592592592595 0.24895833333333334 0.45185185185185184 0.24895833333333334 0.4527777777777778 0.2484375 0.45555555555555555 0.24791666666666667 0.45740740740740743 0.246875 0.45925925925925926 0.246875 0.4601851851851852 0.24635416666666668 0.462037037037037 0.24635416666666668 0.46296296296296297 0.24583333333333332 0.4666666666666667 0.24583333333333332 0.4685185185185185 0.24479166666666666 0.4777777777777778 0.24479166666666666 0.4787037037037037 0.2453125 0.48703703703703705 0.2453125 0.4898148148148148 0.24427083333333333 0.49166666666666664 0.24427083333333333 0.4925925925925926 0.24375 0.4935185185185185 0.24375 0.49444444444444446 0.24322916666666666 0.49444444444444446 0.24270833333333333 0.49722222222222223 0.24114583333333334 0.49722222222222223 0.240625 0.4981481481481482 0.24010416666666667 0.4981481481481482 0.234375 0.49722222222222223 0.23385416666666667 0.49722222222222223 0.2328125 0.4962962962962963 0.23229166666666667 0.4962962962962963 0.23125 0.49537037037037035 0.23072916666666668 0.49537037037037035 0.23020833333333332 0.49444444444444446 0.2296875 0.49444444444444446 0.22916666666666666 0.4925925925925926 0.22760416666666666 0.4925925925925926 0.2265625 0.49166666666666664 0.22604166666666667 0.49166666666666664 0.225 0.49074074074074076 0.22447916666666667 0.4898148148148148 0.22291666666666668 0.48703703703703705 0.22135416666666666 0.48703703703703705 0.22083333333333333 0.48518518518518516 0.21979166666666666 0.48518518518518516 0.21927083333333333 0.4842592592592593 0.21875 0.4842592592592593 0.21822916666666667 0.48333333333333334 0.21770833333333334 0.48333333333333334 0.2171875 0.4824074074074074 0.21666666666666667 0.48148148148148145 0.21510416666666668 0.47962962962962963 0.2140625 0.47962962962962963 0.21354166666666666 0.4777777777777778 0.2125 0.4777777777777778 0.21197916666666666
1 0.5731481481481482 0.4432291666666667 0.5712962962962963 0.4421875 0.5694444444444444 0.4421875 0.5685185185185185 0.44166666666666665 0.5657407407407408 0.44166666666666665 0.5648148148148148 0.44114583333333335 0.5564814814814815 0.44114583333333335 0.5555555555555556 0.440625 0.5537037037037037 0.440625 0.5527777777777778 0.4401041666666667 0.5509259259259259 0.4401041666666667 0.55 0.4395833333333333 0.549074074074074 0.4395833333333333 0.5481481481481482 0.4390625 0.5435185185185185 0.4390625 0.5425925925925926 0.4395833333333333 0.5416666666666666 0.4395833333333333 0.5398148148148149 0.440625 0.5398148148148149 0.44114583333333335 0.5370370370370371 0.4427083333333333 0.5342592592592592 0.4427083333333333 0.5333333333333333 0.4432291666666667 0.5101851851851852 0.4432291666666667 0.5092592592592593 0.4427083333333333 0.5009259259259259 0.4427083333333333 0.5 0.4432291666666667 0.49907407407407406 0.4432291666666667 0.4981481481481482 0.44375 0.49537037037037035 0.44375 0.49444444444444446 0.44427083333333334 0.4935185185185185 0.44427083333333334 0.4925925925925926 0.44479166666666664 0.4925925925925926 0.4453125 0.49166666666666664 0.44583333333333336 0.49166666666666664 0.44635416666666666 0.49074074074074076 0.446875 0.49074074074074076 0.45260416666666664 0.49166666666666664 0.453125 0.49166666666666664 0.45416666666666666 0.4925925925925926 0.4546875 0.4925925925925926 0.4552083333333333 0.4935185185185185 0.4557291666666667 0.49444444444444446 0.4557291666666667 0.49537037037037035 0.45625 0.4962962962962963 0.45625 0.49722222222222223 0.45677083333333335 0.49907407407407406 0.45677083333333335 0.5 0.45729166666666665 0.5018518518518519 0.45729166666666665 0.5027777777777778 0.4578125 0.5083333333333333 0.4578125 0.5092592592592593 0.4583333333333333 0.5185185185185185 0.4583333333333333 0.5194444444444445 0.4588541666666667 0.5259259259259259 0.4588541666666667 0.5268518518518519 0.459375 0.5305555555555556 0.459375 0.5314814814814814 0.45989583333333334 0.5342592592592592 0.45989583333333334 0.5351851851851852 0.46041666666666664 0.5370370370370371 0.46041666666666664 0.537962962962963 0.4609375 0.5388888888888889 0.4609375 0.5407407407407407 0.46197916666666666 0.5416666666666666 0.46197916666666666 0.5444444444444444 0.4635416666666667 0.5453703703703704 0.4630208333333333 0.549074074074074 0.4630208333333333 0.55 0.4625 0.5518518518518518 0.4625 0.5527777777777778 0.46197916666666666 0.5574074074074075 0.46197916666666666 0.5583333333333333 0.4625 0.5592592592592592 0.4625 0.5601851851851852 0.46197916666666666 0.5648148148148148 0.46197916666666666 0.5657407407407408 0.46145833333333336 0.5685185185185185 0.46145833333333336 0.5722222222222222 0.459375 0.5722222222222222 0.4583333333333333 0.5731481481481482 0.4578125 0.5731481481481482 0.45625 0.5740740740740741 0.4557291666666667 0.5740740740740741 0.44583333333333336 0.5731481481481482 0.4453125
3 0.5518518518518518 0.4625 0.5509259259259259 0.4630208333333333 0.55 0.4630208333333333 0.5462962962962963 0.46510416666666665 0.5462962962962963 0.4661458333333333 0.5453703703703704 0.4666666666666667 0.5453703703703704 0.4713541666666667 0.5462962962962963 0.471875 0.5462962962962963 0.47291666666666665 0.5481481481481482 0.4739583333333333 0.5481481481481482 0.4744791666666667 0.5546296296296296 0.478125 0.5546296296296296 0.48072916666666665 0.5555555555555556 0.48125 0.5555555555555556 0.4822916666666667 0.5546296296296296 0.4828125 0.5546296296296296 0.4859375 0.5537037037037037 0.4864583333333333 0.5537037037037037 0.4890625 0.5527777777777778 0.4895833333333333 0.5527777777777778 0.49114583333333334 0.5518518518518518 0.49166666666666664 0.5518518518518518 0.49375 0.5509259259259259 0.4942708333333333 0.5509259259259259 0.49583333333333335 0.55 0.49635416666666665 0.55 0.4973958333333333 0.549074074074074 0.4979166666666667 0.549074074074074 0.49895833333333334 0.5472222222222223 0.5005208333333333 0.5472222222222223 0.5015625 0.5462962962962963 0.5020833333333333 0.5462962962962963 0.5036458333333333 0.5453703703703704 0.5041666666666667 0.5453703703703704 0.5052083333333334 0.5444444444444444 0.5057291666666667 0.5444444444444444 0.5135416666666667 0.5453703703703704 0.5140625 0.5462962962962963 0.515625 0.5481481481481482 0.5166666666666667 0.549074074074074 0.5166666666666667 0.55 0.5171875 0.5518518518518518 0.5171875 0.5527777777777778 0.5177083333333333 0.5546296296296296 0.5177083333333333 0.5555555555555556 0.5182291666666666 0.5583333333333333 0.5182291666666666 0.5592592592592592 0.51875 0.5611111111111111 0.51875 0.5638888888888889 0.5197916666666667 0.5712962962962963 0.5197916666666667 0.5722222222222222 0.5192708333333333 0.5740740740740741 0.5192708333333333 0.575 0.51875 0.575925925925926 0.51875 0.5777777777777777 0.5177083333333333 0.5787037037037037 0.5161458333333333 0.5805555555555556 0.5151041666666667 0.5805555555555556 0.5145833333333333 0.5824074074074074 0.5130208333333334 0.5824074074074074 0.5114583333333333 0.5833333333333334 0.5109375 0.5833333333333334 0.509375 0.5842592592592593 0.5088541666666667 0.5842592592592593 0.5072916666666667 0.5851851851851851 0.5067708333333333 0.5851851851851851 0.5057291666666667 0.5861111111111111 0.5052083333333334 0.5861111111111111 0.5036458333333333 0.587037037037037 0.503125 0.587037037037037 0.5010416666666667 0.5879629629629629 0.5005208333333333 0.5879629629629629 0.4984375 0.5888888888888889 0.4979166666666667 0.5888888888888889 0.49635416666666665 0.5898148148148148 0.49583333333333335 0.5898148148148148 0.49375 0.5916666666666667 0.4921875 0.5916666666666667 0.49114583333333334 0.5925925925925926 0.490625 0.5925925925925926 0.4895833333333333 0.5935185185185186 0.4890625 0.5935185185185186 0.4875 0.5944444444444444 0.4869791666666667 0.5944444444444444 0.4859375 0.5953703703703703 0.48541666666666666 0.5953703703703703 0.48489583333333336 0.5972222222222222 0.48385416666666664 0.5972222222222222 0.48333333333333334 0.6046296296296296 0.4791666666666667 0.6046296296296296 0.4786458333333333 0.6055555555555555 0.478125 0.6055555555555555 0.47708333333333336 0.6064814814814815 0.4765625 0.6064814814814815 0.4744791666666667 0.6083333333333333 0.4734375 0.6083333333333333 0.47239583333333335 0.6092592592592593 0.471875 0.6092592592592593 0.46979166666666666 0.6046296296296296 0.4671875 0.6037037037037037 0.4671875 0.6027777777777777 0.4666666666666667 0.600925925925926 0.4666666666666667 0.6 0.4661458333333333 0.5972222222222222 0.4661458333333333 0.5962962962962963 0.465625 0.5925925925925926 0.465625 0.5916666666666667 0.46510416666666665 0.5888888888888889 0.46510416666666665 0.5879629629629629 0.46458333333333335 0.5851851851851851 0.46458333333333335 0.5842592592592593 0.4640625 0.5777777777777777 0.4640625 0.5768518518518518 0.4635416666666667 0.5731481481481482 0.4635416666666667 0.5722222222222222 0.4630208333333333 0.5675925925925925 0.4630208333333333 0.5666666666666667 0.4625
5 0.6370370370370371 0.38958333333333334 0.6259259259259259 0.38958333333333334 0.6212962962962963 0.3921875 0.6212962962962963 0.3932291666666667 0.6203703703703703 0.39375 0.6203703703703703 0.39479166666666665 0.6194444444444445 0.3953125 0.6194444444444445 0.3984375 0.6203703703703703 0.39895833333333336 0.6203703703703703 0.4 0.6212962962962963 0.4005208333333333 0.6212962962962963 0.4010416666666667 0.625 0.4036458333333333 0.625 0.40520833333333334 0.6259259259259259 0.40572916666666664 0.6259259259259259 0.4083333333333333 0.625 0.4088541666666667 0.625 0.40989583333333335 0.6231481481481481 0.4114583333333333 0.6231481481481481 0.4125 0.6222222222222222 0.41302083333333334 0.6222222222222222 0.4140625 0.6212962962962963 0.41458333333333336 0.6212962962962963 0.41510416666666666 0.6203703703703703 0.415625 0.6203703703703703 0.4161458333333333 0.6194444444444445 0.4166666666666667 0.6194444444444445 0.4171875 0.6185185185185185 0.41770833333333335 0.6185185185185185 0.41822916666666665 0.6175925925925926 0.41875 0.6166666666666667 0.4203125 0.6148148148148148 0.42135416666666664 0.6148148148148148 0.421875 0.6138888888888889 0.42239583333333336 0.6138888888888889 0.42291666666666666 0.612037037037037 0.4244791666666667 0.612037037037037 0.42552083333333335 0.6111111111111112 0.42604166666666665 0.6111111111111112 0.4265625 0.6101851851851852 0.4270833333333333 0.6101851851851852 0.4276041666666667 0.6092592592592593 0.428125 0.6092592592592593 0.42864583333333334 0.6083333333333333 0.42916666666666664 0.6083333333333333 0.4296875 0.6064814814814815 0.43125 0.6064814814814815 0.4328125 0.6055555555555555 0.43333333333333335 0.6055555555555555 0.434375 0.6046296296296296 0.4348958333333333 0.6046296296296296 0.4354166666666667 0.6055555555555555 0.4359375 0.6055555555555555 0.43802083333333336 0.6064814814814815 0.43854166666666666 0.6064814814814815 0.4395833333333333 0.6074074074074074 0.4401041666666667 0.6074074074074074 0.440625 0.6111111111111112 0.4427083333333333 0.612037037037037 0.4427083333333333 0.6129629629629629 0.4432291666666667 0.6148148148148148 0.4432291666666667 0.6157407407407407 0.44375 0.6185185185185185 0.44375 0.6194444444444445 0.44427083333333334 0.6296296296296297 0.44427083333333334 0.6305555555555555 0.44375 0.6314814814814815 0.44375 0.6342592592592593 0.4421875 0.6351851851851852 0.440625 0.6370370370370371 0.4395833333333333 0.637962962962963 0.43802083333333336 0.6398148148148148 0.43697916666666664 0.6398148148148148 0.43645833333333334 0.6407407407407407 0.4359375 0.6407407407407407 0.4354166666666667 0.6416666666666667 0.4348958333333333 0.6425925925925926 0.43333333333333335 0.6444444444444445 0.4322916666666667 0.6444444444444445 0.4317708333333333 0.6453703703703704 0.43125 0.6453703703703704 0.43072916666666666 0.6462962962962963 0.43020833333333336 0.6462962962962963 0.4296875 0.6472222222222223 0.42916666666666664 0.6481481481481481 0.4276041666666667 0.65 0.4265625 0.6509259259259259 0.425 0.6537037037037037 0.4234375 0.6537037037037037 0.42291666666666666 0.6564814814814814 0.42135416666666664 0.6564814814814814 0.42083333333333334 0.6592592592592592 0.4192708333333333 0.6601851851851852 0.41770833333333335 0.6657407407407407 0.41458333333333336 0.6675925925925926 0.41458333333333336 0.6685185185185185 0.4140625 0.6703703703703704 0.4140625 0.6712962962962963 0.41354166666666664 0.674074074074074 0.41354166666666664 0.675 0.41302083333333334 0.6768518518518518 0.41302083333333334 0.6805555555555556 0.4109375 0.6805555555555556 0.41041666666666665 0.6814814814814815 0.40989583333333335 0.6814814814814815 0.4088541666666667 0.6824074074074075 0.4083333333333333 0.6824074074074075 0.4041666666666667 0.6814814814814815 0.4036458333333333 0.6814814814814815 0.403125 0.6796296296296296 0.40208333333333335 0.6787037037037037 0.40208333333333335 0.6759259259259259 0.4005208333333333 0.675 0.4005208333333333 0.674074074074074 0.4 0.6731481481481482 0.4 0.6722222222222223 0.39947916666666666 0.6694444444444444 0.39895833333333336 0.6666666666666666 0.39739583333333334 0.6657407407407407 0.39739583333333334 0.662962962962963 0.3963541666666667 0.6611111111111111 0.3963541666666667 0.6601851851851852 0.3958333333333333 0.6583333333333333 0.3958333333333333 0.6537037037037037 0.39375 0.6527777777777778 0.39375 0.6518518518518519 0.3932291666666667 0.6509259259259259 0.3932291666666667 0.6481481481481481 0.3921875 0.6462962962962963 0.3921875 0.6453703703703704 0.39166666666666666 0.6444444444444445 0.39166666666666666 0.6435185185185185 0.39114583333333336 0.6425925925925926 0.39114583333333336 0.6398148148148148 0.39010416666666664 0.637962962962963 0.39010416666666664
4 0.6935185185185185 0.38177083333333334 0.6916666666666667 0.3828125 0.6916666666666667 0.38333333333333336 0.6898148148148148 0.3848958333333333 0.6898148148148148 0.38958333333333334 0.6907407407407408 0.39010416666666664 0.6907407407407408 0.39166666666666666 0.6916666666666667 0.3921875 0.6916666666666667 0.39375 0.6925925925925925 0.39427083333333335 0.6925925925925925 0.3953125 0.6944444444444444 0.396875 0.6944444444444444 0.39791666666666664 0.6953703703703704 0.3984375 0.6953703703703704 0.39947916666666666 0.6962962962962963 0.4 0.6962962962962963 0.4010416666666667 0.6972222222222222 0.4015625 0.6972222222222222 0.40208333333333335 0.7 0.4046875 0.7 0.40572916666666664 0.700925925925926 0.40625 0.700925925925926 0.40677083333333336 0.7018518518518518 0.40729166666666666 0.7018518518518518 0.4083333333333333 0.7037037037037037 0.40989583333333335 0.7037037037037037 0.4109375 0.7046296296296296 0.4114583333333333 0.7046296296296296 0.4125 0.7064814814814815 0.4140625 0.7064814814814815 0.41510416666666666 0.7074074074074074 0.415625 0.7074074074074074 0.4166666666666667 0.7083333333333334 0.4171875 0.7083333333333334 0.41822916666666665 0.7092592592592593 0.41875 0.7092592592592593 0.4197916666666667 0.7101851851851851 0.4203125 0.7101851851851851 0.421875 0.7111111111111111 0.42239583333333336 0.7111111111111111 0.4234375 0.712037037037037 0.4239583333333333 0.712037037037037 0.425 0.7138888888888889 0.4265625 0.7138888888888889 0.428125 0.7148148148148148 0.42864583333333334 0.7148148148148148 0.4317708333333333 0.7157407407407408 0.4322916666666667 0.7157407407407408 0.4354166666666667 0.7138888888888889 0.43645833333333334 0.7138888888888889 0.43697916666666664 0.7111111111111111 0.43854166666666666 0.7111111111111111 0.4390625 0.7101851851851851 0.4395833333333333 0.7101851851851851 0.440625 0.7092592592592593 0.44114583333333335 0.7092592592592593 0.44427083333333334 0.7101851851851851 0.44479166666666664 0.7101851851851851 0.4453125 0.7111111111111111 0.44583333333333336 0.712037037037037 0.4473958333333333 0.7129629629629629 0.4473958333333333 0.7157407407407408 0.4484375 0.7277777777777777 0.4484375 0.7287037037037037 0.4479166666666667 0.7305555555555555 0.4479166666666667 0.7314814814814815 0.4473958333333333 0.7361111111111112 0.4473958333333333 0.737037037037037 0.446875 0.7388888888888889 0.446875 0.7398148148148148 0.44635416666666666 0.7407407407407407 0.44635416666666666 0.7425925925925926 0.4453125 0.7435185185185185 0.4453125 0.7444444444444445 0.44479166666666664 0.7453703703703703 0.44479166666666664 0.7462962962962963 0.44427083333333334 0.7490740740740741 0.44375 0.7564814814814815 0.4395833333333333 0.7564814814814815 0.4354166666666667 0.7555555555555555 0.4348958333333333 0.7555555555555555 0.434375 0.7546296296296297 0.43385416666666665 0.7537037037037037 0.4322916666666667 0.7490740740740741 0.4296875 0.7481481481481481 0.4296875 0.7472222222222222 0.42916666666666664 0.7444444444444445 0.42864583333333334 0.7425925925925926 0.4276041666666667 0.7425925925925926 0.4270833333333333 0.7407407407407407 0.42552083333333335 0.7407407407407407 0.4244791666666667 0.7398148148148148 0.4239583333333333 0.7388888888888889 0.42239583333333336 0.737037037037037 0.42135416666666664 0.737037037037037 0.42083333333333334 0.7361111111111112 0.4203125 0.7361111111111112 0.4192708333333333 0.7351851851851852 0.41875 0.7351851851851852 0.41822916666666665 0.7342592592592593 0.41770833333333335 0.7342592592592593 0.4166666666666667 0.7333333333333333 0.4161458333333333 0.7333333333333333 0.41458333333333336 0.7324074074074074 0.4140625 0.7324074074074074 0.4119791666666667 0.7314814814814815 0.4114583333333333 0.7314814814814815 0.40989583333333335 0.7305555555555555 0.409375 0.7305555555555555 0.4088541666666667 0.7296296296296296 0.4083333333333333 0.7296296296296296 0.40729166666666666 0.7287037037037037 0.40677083333333336 0.7287037037037037 0.40625 0.725925925925926 0.4036458333333333 0.725925925925926 0.40260416666666665 0.725 0.40208333333333335 0.725 0.4005208333333333 0.7240740740740741 0.4 0.7240740740740741 0.39895833333333336 0.7231481481481481 0.3984375 0.7231481481481481 0.39739583333333334 0.7222222222222222 0.396875 0.7222222222222222 0.3958333333333333 0.7212962962962963 0.3953125 0.7212962962962963 0.39427083333333335 0.7203703703703703 0.39375 0.7203703703703703 0.3927083333333333 0.7194444444444444 0.3921875 0.7194444444444444 0.39114583333333336 0.7185185185185186 0.390625 0.7185185185185186 0.38958333333333334 0.7175925925925926 0.3890625 0.7175925925925926 0.3885416666666667 0.7166666666666667 0.3880208333333333 0.7166666666666667 0.3875 0.7157407407407408 0.38697916666666665 0.7157407407407408 0.38645833333333335 0.7148148148148148 0.3859375 0.7148148148148148 0.3854166666666667 0.7138888888888889 0.3848958333333333 0.7129629629629629 0.38333333333333336 0.7092592592592593 0.38125 0.7083333333333334 0.38125 0.7074074074074074 0.3807291666666667 0.7 0.3807291666666667 0.6990740740740741 0.38125 0.6962962962962963 0.38125 0.6953703703703704 0.38177083333333334
4 0.7768518518518519 0.2677083333333333 0.775 0.26666666666666666 0.775 0.26614583333333336 0.7731481481481481 0.26510416666666664 0.7731481481481481 0.26458333333333334 0.7703703703703704 0.2630208333333333 0.7694444444444445 0.2630208333333333 0.7675925925925926 0.26197916666666665 0.7648148148148148 0.26197916666666665 0.7638888888888888 0.2625 0.7611111111111111 0.2625 0.7601851851851852 0.2630208333333333 0.7583333333333333 0.2630208333333333 0.7574074074074074 0.2635416666666667 0.7546296296296297 0.2635416666666667 0.7537037037037037 0.2640625 0.7527777777777778 0.2640625 0.7518518518518519 0.26458333333333334 0.7518518518518519 0.26614583333333336 0.7509259259259259 0.26666666666666666 0.7509259259259259 0.2682291666666667 0.75 0.26875 0.7490740740740741 0.2703125 0.7444444444444445 0.27239583333333334 0.7435185185185185 0.27239583333333334 0.7425925925925926 0.27291666666666664 0.7398148148148148 0.2734375 0.7379629629629629 0.27447916666666666 0.737037037037037 0.27447916666666666 0.7361111111111112 0.275 0.7351851851851852 0.275 0.7342592592592593 0.2755208333333333 0.7333333333333333 0.2755208333333333 0.7324074074074074 0.2760416666666667 0.7314814814814815 0.2760416666666667 0.7305555555555555 0.2765625 0.7296296296296296 0.2765625 0.7287037037037037 0.27708333333333335 0.725925925925926 0.27760416666666665 0.7240740740740741 0.2786458333333333 0.7222222222222222 0.2786458333333333 0.7212962962962963 0.2791666666666667 0.7194444444444444 0.2791666666666667 0.7175925925925926 0.28020833333333334 0.7166666666666667 0.28020833333333334 0.7157407407407408 0.28072916666666664 0.7148148148148148 0.28072916666666664 0.7101851851851851 0.28229166666666666 0.7083333333333334 0.28229166666666666 0.7074074074074074 0.2828125 0.7046296296296296 0.2833333333333333 0.7027777777777777 0.284375 0.7018518518518518 0.284375 0.700925925925926 0.28489583333333335 0.7 0.28489583333333335 0.6953703703703704 0.2864583333333333 0.6935185185185185 0.2864583333333333 0.6925925925925925 0.2869791666666667 0.6898148148148148 0.2875 0.6851851851851852 0.28958333333333336 0.6833333333333333 0.28958333333333336 0.6805555555555556 0.290625 0.6787037037037037 0.290625 0.6777777777777778 0.2911458333333333 0.6768518518518518 0.2911458333333333 0.6759259259259259 0.2916666666666667 0.6731481481481482 0.2921875 0.6712962962962963 0.29322916666666665 0.6703703703703704 0.29322916666666665 0.6685185185185185 0.2942708333333333 0.6675925925925926 0.2942708333333333 0.662962962962963 0.296875 0.662962962962963 0.29739583333333336 0.6620370370370371 0.29791666666666666 0.6620370370370371 0.30052083333333335 0.662962962962963 0.30104166666666665 0.662962962962963 0.303125 0.6638888888888889 0.30364583333333334 0.6638888888888889 0.30416666666666664 0.6648148148148149 0.3046875 0.6657407407407407 0.30625 0.6666666666666666 0.3067708333333333 0.6675925925925926 0.3067708333333333 0.6703703703703704 0.3078125 0.6722222222222223 0.3078125 0.6731481481481482 0.30833333333333335 0.675 0.30833333333333335 0.6759259259259259 0.3078125 0.6787037037037037 0.3078125 0.6796296296296296 0.3072916666666667 0.6824074074074075 0.3072916666666667 0.6833333333333333 0.3067708333333333 0.6861111111111111 0.3067708333333333 0.687037037037037 0.30625 0.687962962962963 0.30625 0.6888888888888889 0.30572916666666666 0.6907407407407408 0.30572916666666666 0.6916666666666667 0.30520833333333336 0.6925925925925925 0.30520833333333336 0.6935185185185185 0.3046875 0.6944444444444444 0.3046875 0.6990740740740741 0.303125 0.700925925925926 0.303125 0.7018518518518518 0.3026041666666667 0.7046296296296296 0.3026041666666667 0.7064814814814815 0.3015625 0.7074074074074074 0.3015625 0.7083333333333334 0.30104166666666665 0.7111111111111111 0.30052083333333335 0.7129629629629629 0.2994791666666667 0.7148148148148148 0.2994791666666667 0.7157407407407408 0.2989583333333333 0.7166666666666667 0.2989583333333333 0.7212962962962963 0.296875 0.7231481481481481 0.296875 0.7277777777777777 0.2953125 0.7296296296296296 0.2953125 0.7305555555555555 0.2947916666666667 0.7314814814814815 0.2947916666666667 0.7324074074074074 0.2942708333333333 0.7333333333333333 0.2942708333333333 0.7342592592592593 0.29375 0.7351851851851852 0.29375 0.7398148148148148 0.2921875 0.7416666666666667 0.2921875 0.7444444444444445 0.2911458333333333 0.7462962962962963 0.2911458333333333 0.7472222222222222 0.290625 0.7490740740740741 0.290625 0.75 0.29010416666666666 0.7546296296296297 0.29010416666666666 0.7555555555555555 0.28958333333333336 0.7574074074074074 0.28958333333333336 0.7583333333333333 0.2890625 0.7620370370370371 0.2890625 0.762962962962963 0.28958333333333336 0.7685185185185185 0.28958333333333336 0.7694444444444445 0.29010416666666666 0.7731481481481481 0.29010416666666666 0.774074074074074 0.28958333333333336 0.7768518518518519 0.28958333333333336 0.7777777777777778 0.2890625 0.7787037037037037 0.2890625 0.7814814814814814 0.2875 0.7824074074074074 0.2875 0.7824074074074074 0.2869791666666667 0.7833333333333333 0.2864583333333333 0.7833333333333333 0.2833333333333333 0.7842592592592592 0.2828125 0.7833333333333333 0.28229166666666666 0.7833333333333333 0.2791666666666667 0.7824074074074074 0.2786458333333333 0.7824074074074074 0.2765625 0.7814814814814814 0.2760416666666667 0.7814814814814814 0.27447916666666666 0.7805555555555556 0.27395833333333336 0.7805555555555556 0.27291666666666664 0.7796296296296297 0.27239583333333334 0.7796296296296297 0.2708333333333333 0.7787037037037037 0.2703125 0.7787037037037037 0.26979166666666665 0.7777777777777778 0.26927083333333335
1 0.6777777777777778 0.5083333333333333 0.675 0.5098958333333333 0.675 0.5109375 0.674074074074074 0.5114583333333333 0.674074074074074 0.5140625 0.675 0.5145833333333333 0.675 0.515625 0.6768518518518518 0.5166666666666667 0.6768518518518518 0.5171875 0.6824074074074075 0.5203125 0.6824074074074075 0.5208333333333334 0.6861111111111111 0.5229166666666667 0.6861111111111111 0.5234375 0.6907407407407408 0.5260416666666666 0.6907407407407408 0.5265625 0.6925925925925925 0.5276041666666667 0.6925925925925925 0.528125 0.6944444444444444 0.5291666666666667 0.6944444444444444 0.5296875 0.6962962962962963 0.5307291666666667 0.6962962962962963 0.53125 0.6972222222222222 0.5317708333333333 0.6972222222222222 0.5322916666666667 0.6981481481481482 0.5328125 0.6981481481481482 0.5348958333333333 0.6990740740740741 0.5354166666666667 0.6990740740740741 0.5380208333333333 0.7 0.5385416666666667 0.7 0.5395833333333333 0.700925925925926 0.5401041666666667 0.700925925925926 0.540625 0.7018518518518518 0.5411458333333333 0.7027777777777777 0.5411458333333333 0.7101851851851851 0.5453125 0.7101851851851851 0.5458333333333333 0.7138888888888889 0.5479166666666667 0.7148148148148148 0.5479166666666667 0.7166666666666667 0.5489583333333333 0.7222222222222222 0.5489583333333333 0.7231481481481481 0.5484375 0.725 0.5484375 0.725925925925926 0.5479166666666667 0.7268518518518519 0.5479166666666667 0.7277777777777777 0.5473958333333333 0.7287037037037037 0.5473958333333333 0.7296296296296296 0.546875 0.7305555555555555 0.546875 0.7314814814814815 0.5463541666666667 0.7324074074074074 0.5463541666666667 0.7407407407407407 0.5416666666666666 0.7407407407407407 0.5411458333333333 0.7416666666666667 0.540625 0.7416666666666667 0.5401041666666667 0.7425925925925926 0.5395833333333333 0.7425925925925926 0.5385416666666667 0.7435185185185185 0.5380208333333333 0.7435185185185185 0.5359375 0.7425925925925926 0.5354166666666667 0.7425925925925926 0.5348958333333333 0.7407407407407407 0.5338541666666666 0.7407407407407407 0.5333333333333333 0.7379629629629629 0.5317708333333333 0.7379629629629629 0.53125 0.7361111111111112 0.5302083333333333 0.7361111111111112 0.5291666666666667 0.7351851851851852 0.5286458333333334 0.7351851851851852 0.528125 0.7342592592592593 0.5276041666666667 0.7342592592592593 0.5270833333333333 0.7333333333333333 0.5265625 0.7333333333333333 0.5260416666666666 0.7314814814814815 0.525 0.7305555555555555 0.525 0.7296296296296296 0.5244791666666667 0.7287037037037037 0.5244791666666667 0.7277777777777777 0.5239583333333333 0.7231481481481481 0.5239583333333333 0.7222222222222222 0.5234375 0.7194444444444444 0.5234375 0.7175925925925926 0.5223958333333333 0.7166666666666667 0.5223958333333333 0.6898148148148148 0.5072916666666667 0.6888888888888889 0.5072916666666667 0.687962962962963 0.5067708333333333 0.687037037037037 0.5067708333333333 0.6861111111111111 0.50625 0.6842592592592592 0.50625 0.6833333333333333 0.5067708333333333 0.6824074074074075 0.5067708333333333 0.6814814814814815 0.5072916666666667 0.6805555555555556 0.5072916666666667 0.6787037037037037 0.5083333333333333
4 0.8388888888888889 0.3203125 0.8398148148148148 0.32083333333333336 0.8398148148148148 0.3229166666666667 0.8407407407407408 0.3234375 0.8407407407407408 0.325 0.8416666666666667 0.3255208333333333 0.8416666666666667 0.3260416666666667 0.8425925925925926 0.3265625 0.8435185185185186 0.328125 0.8453703703703703 0.32916666666666666 0.8453703703703703 0.3296875 0.8462962962962963 0.3296875 0.8490740740740741 0.3307291666666667 0.862037037037037 0.3307291666666667 0.8629629629629629 0.3302083333333333 0.8657407407407407 0.3302083333333333 0.8666666666666667 0.3296875 0.8675925925925926 0.3296875 0.8722222222222222 0.32708333333333334 0.8722222222222222 0.3265625 0.8740740740740741 0.3255208333333333 0.8740740740740741 0.325 0.8759259259259259 0.32395833333333335 0.8777777777777778 0.32395833333333335 0.8787037037037037 0.3234375 0.8824074074074074 0.3234375 0.8833333333333333 0.3229166666666667 0.8870370370370371 0.3229166666666667 0.887962962962963 0.3223958333333333 0.8981481481481481 0.3223958333333333 0.899074074074074 0.321875 0.9074074074074074 0.321875 0.9083333333333333 0.32135416666666666 0.912962962962963 0.32135416666666666 0.9138888888888889 0.32083333333333336 0.9157407407407407 0.32083333333333336 0.9166666666666666 0.3203125 0.9203703703703704 0.3203125 0.9212962962962963 0.31979166666666664 0.9231481481481482 0.31979166666666664 0.924074074074074 0.31927083333333334 0.9305555555555556 0.31927083333333334 0.9314814814814815 0.31875 0.937037037037037 0.31875 0.937962962962963 0.3182291666666667 0.9462962962962963 0.3182291666666667 0.9472222222222222 0.3177083333333333 0.950925925925926 0.3177083333333333 0.9518518518518518 0.3171875 0.9546296296296296 0.3171875 0.9629629629629629 0.3140625 0.9629629629629629 0.31354166666666666 0.9638888888888889 0.31302083333333336 0.9638888888888889 0.3125 0.9666666666666667 0.3098958333333333 0.9666666666666667 0.30885416666666665 0.9657407407407408 0.30833333333333335 0.9657407407407408 0.30572916666666666 0.9638888888888889 0.3046875 0.9638888888888889 0.30416666666666664 0.9611111111111111 0.3026041666666667 0.9601851851851851 0.3026041666666667 0.9592592592592593 0.3020833333333333 0.9574074074074074 0.3020833333333333 0.9564814814814815 0.3015625 0.9518518518518518 0.3015625 0.950925925925926 0.30104166666666665 0.9453703703703704 0.30104166666666665 0.9444444444444444 0.3015625 0.9333333333333333 0.3015625 0.9324074074074075 0.3020833333333333 0.9101851851851852 0.3020833333333333 0.9092592592592592 0.3026041666666667 0.8824074074074074 0.3026041666666667 0.8814814814814815 0.303125 0.8768518518518519 0.303125 0.8759259259259259 0.3026041666666667 0.8731481481481481 0.3026041666666667 0.8722222222222222 0.3020833333333333 0.8703703703703703 0.3020833333333333 0.8675925925925926 0.30104166666666665 0.8657407407407407 0.30104166666666665 0.8648148148148148 0.30052083333333335 0.8629629629629629 0.30052083333333335 0.862037037037037 0.3 0.8574074074074074 0.3 0.8564814814814815 0.2994791666666667 0.8490740740740741 0.2994791666666667 0.8481481481481481 0.3 0.8453703703703703 0.30052083333333335 0.8453703703703703 0.30104166666666665 0.8444444444444444 0.3015625 0.8444444444444444 0.3020833333333333 0.8416666666666667 0.3046875 0.8416666666666667 0.30572916666666666 0.8407407407407408 0.30625 0.8407407407407408 0.3072916666666667 0.8398148148148148 0.3078125 0.8398148148148148 0.309375 0.8388888888888889 0.3098958333333333 0.8388888888888889 0.31354166666666666 0.8379629629629629 0.3140625 0.8379629629629629 0.3151041666666667 0.8388888888888889 0.315625
5 0.9287037037037037 0.6484375 0.9277777777777778 0.6479166666666667 0.9277777777777778 0.6458333333333334 0.9268518518518518 0.6453125 0.9259259259259259 0.64375 0.9222222222222223 0.6416666666666667 0.9212962962962963 0.6416666666666667 0.9185185185185185 0.640625 0.912962962962963 0.640625 0.9120370370370371 0.6401041666666667 0.9101851851851852 0.6401041666666667 0.9092592592592592 0.640625 0.9074074074074074 0.640625 0.9027777777777778 0.6432291666666666 0.9027777777777778 0.64375 0.9 0.6453125 0.8981481481481481 0.6453125 0.8972222222222223 0.6458333333333334 0.8870370370370371 0.6458333333333334 0.8861111111111111 0.6453125 0.8805555555555555 0.6453125 0.8796296296296297 0.6447916666666667 0.875 0.6447916666666667 0.8740740740740741 0.6442708333333333 0.8685185185185185 0.6442708333333333 0.8675925925925926 0.64375 0.8629629629629629 0.64375 0.862037037037037 0.6432291666666666 0.8574074074074074 0.6432291666666666 0.8564814814814815 0.6427083333333333 0.8527777777777777 0.6427083333333333 0.8518518518518519 0.6421875 0.8435185185185186 0.6421875 0.8425925925925926 0.6416666666666667 0.837037037037037 0.6416666666666667 0.8361111111111111 0.6421875 0.8324074074074074 0.6421875 0.8314814814814815 0.6427083333333333 0.8305555555555556 0.6427083333333333 0.8277777777777777 0.6442708333333333 0.8277777777777777 0.6447916666666667 0.825925925925926 0.6463541666666667 0.825925925925926 0.6473958333333333 0.825 0.6479166666666667 0.825 0.6494791666666667 0.8240740740740741 0.65 0.8240740740740741 0.65625 0.825 0.6567708333333333 0.825 0.6578125 0.8287037037037037 0.6598958333333333 0.8296296296296296 0.6598958333333333 0.8324074074074074 0.6609375 0.8351851851851851 0.6609375 0.8361111111111111 0.6614583333333334 0.8388888888888889 0.6614583333333334 0.8398148148148148 0.6619791666666667 0.8425925925925926 0.6619791666666667 0.8435185185185186 0.6625 0.8462962962962963 0.6625 0.8472222222222222 0.6630208333333333 0.85 0.6630208333333333 0.850925925925926 0.6635416666666667 0.8546296296296296 0.6635416666666667 0.8555555555555555 0.6640625 0.8583333333333333 0.6640625 0.8592592592592593 0.6645833333333333 0.8611111111111112 0.6645833333333333 0.862037037037037 0.6651041666666667 0.8638888888888889 0.6651041666666667 0.8648148148148148 0.665625 0.8685185185185185 0.665625 0.8694444444444445 0.6661458333333333 0.8722222222222222 0.6661458333333333 0.8731481481481481 0.6666666666666666 0.875 0.6666666666666666 0.8759259259259259 0.6671875 0.8777777777777778 0.6671875 0.8787037037037037 0.6677083333333333 0.8814814814814815 0.6677083333333333 0.8824074074074074 0.6682291666666667 0.8842592592592593 0.6682291666666667 0.8851851851851852 0.66875 0.887962962962963 0.6692708333333334 0.8898148148148148 0.6703125 0.8907407407407407 0.6703125 0.8925925925925926 0.6713541666666667 0.8925925925925926 0.671875 0.8944444444444445 0.6729166666666667 0.8944444444444445 0.6734375 0.8981481481481481 0.6755208333333333 0.899074074074074 0.6755208333333333 0.9018518518518519 0.6765625 0.9037037037037037 0.6765625 0.9046296296296297 0.6770833333333334 0.9138888888888889 0.6770833333333334 0.9148148148148149 0.6765625 0.9166666666666666 0.6765625 0.9175925925925926 0.6760416666666667 0.9185185185185185 0.6760416666666667 0.9203703703703704 0.675 0.9203703703703704 0.6744791666666666 0.9222222222222223 0.6734375 0.9222222222222223 0.6729166666666667 0.9231481481481482 0.6723958333333333 0.9231481481481482 0.6713541666666667 0.924074074074074 0.6708333333333333 0.924074074074074 0.6697916666666667 0.925 0.6692708333333334 0.925 0.6677083333333333 0.9259259259259259 0.6671875 0.9259259259259259 0.6651041666666667 0.9268518518518518 0.6645833333333333 0.9268518518518518 0.6619791666666667 0.9277777777777778 0.6614583333333334 0.9277777777777778 0.65625 0.9287037037037037 0.6557291666666667
4 0.8981481481481481 0.2557291666666667 0.8981481481481481 0.2604166666666667 0.899074074074074 0.2609375 0.899074074074074 0.26145833333333335 0.9 0.26197916666666665 0.9009259259259259 0.26197916666666665 0.9027777777777778 0.2630208333333333 0.9037037037037037 0.2630208333333333 0.9046296296296297 0.2635416666666667 0.9074074074074074 0.2635416666666667 0.9083333333333333 0.2640625 0.937962962962963 0.2640625 0.9388888888888889 0.26458333333333334 0.9407407407407408 0.26458333333333334 0.9416666666666667 0.2640625 0.9453703703703704 0.2640625 0.9462962962962963 0.26458333333333334 0.9481481481481482 0.26458333333333334 0.9490740740740741 0.2640625 0.9518518518518518 0.2640625 0.9527777777777777 0.26458333333333334 0.9592592592592593 0.26458333333333334 0.9601851851851851 0.2640625 0.9638888888888889 0.2640625 0.9648148148148148 0.26458333333333334 0.9916666666666667 0.26458333333333334 0.9925925925925926 0.26510416666666664 0.9990740740740741 0.26510416666666664 0.9990740740740741 0.24895833333333334 0.9953703703703703 0.24895833333333334 0.9944444444444445 0.2484375 0.9879629629629629 0.2484375 0.987037037037037 0.24791666666666667 0.9851851851851852 0.24791666666666667 0.9842592592592593 0.2484375 0.9712962962962963 0.2484375 0.9703703703703703 0.24791666666666667 0.9694444444444444 0.2484375 0.9648148148148148 0.2484375 0.9638888888888889 0.24791666666666667 0.9074074074074074 0.24791666666666667 0.9064814814814814 0.2484375 0.9055555555555556 0.2484375 0.9046296296296297 0.24895833333333334 0.9037037037037037 0.24895833333333334 0.9 0.25104166666666666 0.9 0.2526041666666667 0.899074074074074 0.253125 0.899074074074074 0.2552083333333333
2 0.9990740740740741 0.4895833333333333 0.9944444444444445 0.490625 0.9907407407407407 0.49270833333333336 0.9898148148148148 0.49270833333333336 0.9685185185185186 0.5041666666666667 0.9675925925925926 0.5041666666666667 0.9601851851851851 0.5078125 0.9592592592592593 0.5078125 0.9564814814814815 0.509375 0.9555555555555556 0.509375 0.950925925925926 0.5119791666666667 0.95 0.5119791666666667 0.9472222222222222 0.5135416666666667 0.9462962962962963 0.5135416666666667 0.9462962962962963 0.5140625 0.9444444444444444 0.5151041666666667 0.9435185185185185 0.5151041666666667 0.9398148148148148 0.5171875 0.9388888888888889 0.5171875 0.924074074074074 0.525 0.9231481481481482 0.525 0.9175925925925926 0.528125 0.9166666666666666 0.528125 0.9120370370370371 0.5307291666666667 0.9111111111111111 0.5307291666666667 0.9064814814814814 0.5333333333333333 0.9064814814814814 0.5338541666666666 0.9037037037037037 0.5354166666666667 0.9027777777777778 0.5354166666666667 0.9 0.5369791666666667 0.899074074074074 0.5369791666666667 0.8925925925925926 0.540625 0.8916666666666667 0.540625 0.8916666666666667 0.5411458333333333 0.887962962962963 0.5432291666666667 0.8870370370370371 0.5432291666666667 0.8833333333333333 0.5453125 0.8824074074074074 0.5453125 0.8777777777777778 0.5484375 0.8777777777777778 0.55 0.8768518518518519 0.5505208333333333 0.8768518518518519 0.5526041666666667 0.8777777777777778 0.553125 0.8787037037037037 0.5546875 0.8805555555555555 0.5557291666666667 0.8805555555555555 0.55625 0.8814814814814815 0.55625 0.8851851851851852 0.5578125 0.8935185185185185 0.5578125 0.8944444444444445 0.5572916666666666 0.8962962962962963 0.5572916666666666 0.9009259259259259 0.5552083333333333 0.9037037037037037 0.5546875 0.9064814814814814 0.553125 0.9092592592592592 0.5526041666666667 0.9185185185185185 0.5479166666666667 0.9194444444444444 0.5479166666666667 0.924074074074074 0.5453125 0.925 0.5453125 0.9351851851851852 0.5395833333333333 0.9361111111111111 0.5395833333333333 0.9407407407407408 0.5369791666666667 0.9416666666666667 0.5369791666666667 0.9555555555555556 0.5296875 0.9564814814814815 0.5296875 0.9611111111111111 0.5270833333333333 0.9611111111111111 0.5265625 0.962037037037037 0.5260416666666666 0.9629629629629629 0.5260416666666666 0.9666666666666667 0.5239583333333333 0.9675925925925926 0.5239583333333333 0.9712962962962963 0.521875 0.9722222222222222 0.521875 0.9768518518518519 0.5192708333333333 0.9777777777777777 0.5192708333333333 0.9805555555555555 0.5177083333333333 0.9814814814814815 0.5177083333333333 0.9879629629629629 0.5140625 0.9888888888888889 0.5140625 0.9907407407407407 0.5130208333333334 0.9907407407407407 0.5125 0.9953703703703703 0.5098958333333333 0.9962962962962963 0.5098958333333333 0.9981481481481481 0.5088541666666667 0.9990740740740741 0.5088541666666667
4 0.9120370370370371 0.5770833333333333 0.9092592592592592 0.5786458333333333 0.9092592592592592 0.5791666666666667 0.9083333333333333 0.5796875 0.9083333333333333 0.5807291666666666 0.9074074074074074 0.58125 0.9074074074074074 0.584375 0.9083333333333333 0.5848958333333333 0.9083333333333333 0.5854166666666667 0.9092592592592592 0.5859375 0.9092592592592592 0.5864583333333333 0.9101851851851852 0.5869791666666667 0.9111111111111111 0.5885416666666666 0.9148148148148149 0.5911458333333334 0.9157407407407407 0.5927083333333333 0.9175925925925926 0.59375 0.9175925925925926 0.5942708333333333 0.9194444444444444 0.5953125 0.9194444444444444 0.5958333333333333 0.924074074074074 0.5984375 0.924074074074074 0.5989583333333334 0.9259259259259259 0.6 0.9259259259259259 0.6005208333333333 0.9277777777777778 0.6015625 0.9277777777777778 0.6020833333333333 0.9333333333333333 0.6057291666666667 0.9342592592592592 0.6072916666666667 0.937962962962963 0.609375 0.9388888888888889 0.6109375 0.9416666666666667 0.6125 0.9416666666666667 0.6130208333333333 0.9462962962962963 0.615625 0.9462962962962963 0.6161458333333333 0.9481481481481482 0.6171875 0.9481481481481482 0.6177083333333333 0.9537037037037037 0.6213541666666667 0.9546296296296296 0.6229166666666667 0.9583333333333334 0.6255208333333333 0.9583333333333334 0.6260416666666667 0.9611111111111111 0.6286458333333333 0.9611111111111111 0.6302083333333334 0.962037037037037 0.6307291666666667 0.9611111111111111 0.63125 0.9611111111111111 0.6328125 0.9583333333333334 0.6354166666666666 0.9583333333333334 0.6385416666666667 0.9592592592592593 0.6390625 0.9592592592592593 0.6395833333333333 0.9629629629629629 0.6416666666666667 0.9648148148148148 0.6416666666666667 0.9657407407407408 0.6421875 0.9712962962962963 0.6421875 0.9722222222222222 0.6416666666666667 0.975 0.6416666666666667 0.975925925925926 0.6411458333333333 0.9768518518518519 0.6411458333333333 0.9796296296296296 0.6401041666666667 0.9814814814814815 0.6401041666666667 0.9824074074074074 0.6395833333333333 0.987037037037037 0.6395833333333333 0.9879629629629629 0.6390625 0.9907407407407407 0.6390625 0.9916666666666667 0.6385416666666667 0.9944444444444445 0.6385416666666667 0.9962962962962963 0.6375 0.9990740740740741 0.6369791666666667 0.9990740740740741 0.6229166666666667 0.9981481481481481 0.6229166666666667 0.9972222222222222 0.6223958333333334 0.9898148148148148 0.6223958333333334 0.987037037037037 0.6208333333333333 0.9861111111111112 0.6208333333333333 0.9805555555555555 0.6177083333333333 0.9805555555555555 0.6171875 0.9787037037037037 0.6161458333333333 0.9787037037037037 0.615625 0.975 0.6130208333333333 0.9740740740740741 0.6114583333333333 0.9712962962962963 0.6098958333333333 0.9712962962962963 0.609375 0.9675925925925926 0.6072916666666667 0.9675925925925926 0.6067708333333334 0.9648148148148148 0.6052083333333333 0.9648148148148148 0.6046875 0.9629629629629629 0.6036458333333333 0.9629629629629629 0.603125 0.9601851851851851 0.6015625 0.9601851851851851 0.6010416666666667 0.9546296296296296 0.5973958333333333 0.9546296296296296 0.596875 0.9527777777777777 0.5958333333333333 0.9518518518518518 0.5942708333333333 0.9481481481481482 0.5921875 0.9481481481481482 0.5916666666666667 0.9462962962962963 0.590625 0.9462962962962963 0.5901041666666667 0.9444444444444444 0.5890625 0.9444444444444444 0.5885416666666666 0.9425925925925925 0.5875 0.9425925925925925 0.5869791666666667 0.9398148148148148 0.5854166666666667 0.9398148148148148 0.5848958333333333 0.937962962962963 0.5838541666666667 0.937962962962963 0.5833333333333334 0.937037037037037 0.5828125 0.9361111111111111 0.58125 0.9305555555555556 0.578125 0.9296296296296296 0.578125 0.9277777777777778 0.5770833333333333 0.9268518518518518 0.5770833333333333 0.925 0.5760416666666667 0.924074074074074 0.5760416666666667 0.9231481481481482 0.5755208333333334 0.9185185185185185 0.5755208333333334 0.9175925925925926 0.5760416666666667 0.9157407407407407 0.5760416666666667 0.9148148148148149 0.5765625
4 0.9990740740740741 0.43333333333333335 0.9953703703703703 0.43333333333333335 0.9944444444444445 0.43385416666666665 0.9879629629629629 0.43385416666666665 0.987037037037037 0.434375 0.9833333333333333 0.434375 0.9824074074074074 0.4348958333333333 0.9777777777777777 0.4348958333333333 0.9768518518518519 0.4354166666666667 0.9703703703703703 0.4354166666666667 0.9694444444444444 0.4359375 0.9685185185185186 0.4359375 0.9675925925925926 0.43645833333333334 0.9657407407407408 0.43645833333333334 0.9648148148148148 0.43697916666666664 0.9629629629629629 0.43697916666666664 0.962037037037037 0.4375 0.9574074074074074 0.4375 0.9564814814814815 0.43802083333333336 0.9537037037037037 0.43802083333333336 0.9527777777777777 0.43854166666666666 0.9481481481481482 0.43854166666666666 0.9472222222222222 0.4390625 0.9398148148148148 0.4390625 0.9388888888888889 0.4395833333333333 0.937037037037037 0.4395833333333333 0.9361111111111111 0.4401041666666667 0.9314814814814815 0.4401041666666667 0.9305555555555556 0.440625 0.9296296296296296 0.440625 0.9287037037037037 0.44114583333333335 0.9277777777777778 0.44114583333333335 0.924074074074074 0.4432291666666667 0.924074074074074 0.44375 0.9231481481481482 0.44427083333333334 0.9231481481481482 0.44635416666666666 0.9222222222222223 0.446875 0.9222222222222223 0.4473958333333333 0.9231481481481482 0.4479166666666667 0.9231481481481482 0.45 0.924074074074074 0.4505208333333333 0.924074074074074 0.4510416666666667 0.9259259259259259 0.45208333333333334 0.9268518518518518 0.45208333333333334 0.9287037037037037 0.453125 0.9296296296296296 0.453125 0.9305555555555556 0.45364583333333336 0.9342592592592592 0.45364583333333336 0.9351851851851852 0.45416666666666666 0.9361111111111111 0.45364583333333336 0.9435185185185185 0.45364583333333336 0.9444444444444444 0.453125 0.95 0.453125 0.950925925925926 0.45260416666666664 0.9537037037037037 0.45260416666666664 0.9546296296296296 0.45208333333333334 0.9592592592592593 0.45208333333333334 0.9601851851851851 0.4515625 0.9638888888888889 0.4515625 0.9648148148148148 0.4510416666666667 0.9685185185185186 0.4510416666666667 0.9694444444444444 0.4505208333333333 0.9712962962962963 0.4505208333333333 0.9722222222222222 0.45 0.975 0.45 0.975925925925926 0.44947916666666665 0.9787037037037037 0.44947916666666665 0.9796296296296296 0.44895833333333335 0.9842592592592593 0.44895833333333335 0.9851851851851852 0.4484375 0.9888888888888889 0.4484375 0.9898148148148148 0.4479166666666667 0.9972222222222222 0.4479166666666667 0.9981481481481481 0.4473958333333333 0.9990740740740741 0.4473958333333333
