1 0.32916666666666666 0.3515625 0.32916666666666666 0.35182291666666665 0.3277777777777778 0.35260416666666666 0.32592592592592595 0.35442708333333334 0.32592592592592595 0.35494791666666664 0.325 0.35598958333333336 0.325 0.3567708333333333 0.324537037037037 0.35703125 0.325 0.35911458333333335 0.32546296296296295 0.359375 0.32592592592592595 0.36041666666666666 0.3300925925925926 0.36276041666666664 0.33055555555555555 0.36276041666666664 0.3314814814814815 0.36328125 0.3347222222222222 0.36432291666666666 0.33611111111111114 0.3651041666666667 0.3416666666666667 0.36666666666666664 0.3435185185185185 0.36770833333333336 0.3472222222222222 0.36875 0.34953703703703703 0.3697916666666667 0.3537037037037037 0.37083333333333335 0.3574074074074074 0.3729166666666667 0.3574074074074074 0.3734375 0.3578703703703704 0.3736979166666667 0.3578703703703704 0.37473958333333335 0.35833333333333334 0.375 0.35833333333333334 0.3763020833333333 0.3587962962962963 0.3765625 0.3587962962962963 0.37734375 0.3611111111111111 0.3802083333333333 0.36203703703703705 0.3807291666666667 0.36712962962962964 0.38203125 0.36898148148148147 0.38307291666666665 0.37222222222222223 0.38307291666666665 0.3726851851851852 0.38333333333333336 0.3736111111111111 0.38333333333333336 0.3763888888888889 0.3841145833333333 0.37962962962962965 0.3859375 0.38055555555555554 0.38619791666666664 0.38472222222222224 0.38619791666666664 0.38564814814814813 0.38567708333333334 0.3875 0.38515625 0.39166666666666666 0.3828125 0.3921296296296296 0.3828125 0.39305555555555555 0.38229166666666664 0.39305555555555555 0.38203125 0.3958333333333333 0.38046875 0.3958333333333333 0.3802083333333333 0.3972222222222222 0.37942708333333336 0.39814814814814814 0.37838541666666664 0.399537037037037 0.3776041666666667 0.40324074074074073 0.3731770833333333 0.4027777777777778 0.3692708333333333 0.4023148148148148 0.36875 0.3990740740740741 0.36692708333333335 0.39861111111111114 0.36692708333333335 0.3962962962962963 0.3658854166666667 0.3921296296296296 0.3653645833333333 0.3888888888888889 0.36354166666666665 0.3888888888888889 0.36328125 0.387037037037037 0.3619791666666667 0.38657407407407407 0.3611979166666667 0.38472222222222224 0.36015625 0.3824074074074074 0.35989583333333336 0.38101851851851853 0.359375 0.37916666666666665 0.359375 0.3787037037037037 0.35963541666666665 0.37592592592592594 0.35963541666666665 0.37546296296296294 0.35989583333333336 0.3726851851851852 0.35989583333333336 0.37222222222222223 0.36015625 0.3685185185185185 0.36041666666666666 0.36712962962962964 0.35989583333333336 0.3662037037037037 0.35989583333333336 0.35694444444444445 0.3572916666666667 0.3560185185185185 0.3567708333333333 0.35462962962962963 0.35651041666666666 0.35138888888888886 0.35520833333333335 0.34814814814814815 0.35442708333333334 0.3425925925925926 0.35208333333333336 0.337037037037037 0.35052083333333334 0.3347222222222222 0.35052083333333334 0.33425925925925926 0.3502604166666667 0.3333333333333333 0.3502604166666667 0.33287037037037037 0.35052083333333334 0.33055555555555555 0.35078125
3 0.4185185185185185 0.115625 0.4162037037037037 0.11458333333333333 0.40925925925925927 0.11458333333333333 0.40879629629629627 0.11484375 0.4041666666666667 0.11510416666666666 0.40046296296296297 0.11588541666666667 0.3990740740740741 0.11666666666666667 0.3976851851851852 0.11848958333333333 0.3972222222222222 0.12291666666666666 0.3962962962962963 0.12395833333333334 0.3925925925925926 0.12604166666666666 0.38657407407407407 0.1265625 0.38425925925925924 0.12708333333333333 0.38101851851851853 0.12708333333333333 0.36435185185185187 0.13020833333333334 0.362962962962963 0.13020833333333334 0.36064814814814816 0.13072916666666667 0.3578703703703704 0.13072916666666667 0.35462962962962963 0.13151041666666666 0.35324074074074074 0.13151041666666666 0.35138888888888886 0.13203125 0.35 0.13203125 0.3458333333333333 0.1328125 0.34120370370370373 0.134375 0.33796296296296297 0.13489583333333333 0.33564814814814814 0.13671875 0.3347222222222222 0.13880208333333333 0.3351851851851852 0.1390625 0.33611111111111114 0.1421875 0.3384259259259259 0.14557291666666666 0.3384259259259259 0.14635416666666667 0.33935185185185185 0.14713541666666666 0.34074074074074073 0.15 0.3439814814814815 0.15338541666666666 0.3439814814814815 0.15390625 0.34629629629629627 0.15494791666666666 0.3486111111111111 0.15494791666666666 0.3490740740740741 0.15520833333333334 0.35185185185185186 0.15494791666666666 0.3523148148148148 0.1546875 0.35555555555555557 0.1546875 0.3560185185185185 0.15442708333333333 0.36203703703703705 0.15442708333333333 0.3625 0.15416666666666667 0.36527777777777776 0.15416666666666667 0.3685185185185185 0.153125 0.3712962962962963 0.15286458333333333 0.37592592592592594 0.15182291666666667 0.3773148148148148 0.15182291666666667 0.3814814814814815 0.15104166666666666 0.3837962962962963 0.15104166666666666 0.38425925925925924 0.15078125 0.38657407407407407 0.15078125 0.387037037037037 0.15052083333333333 0.38935185185185184 0.15052083333333333 0.38981481481481484 0.15026041666666667 0.3921296296296296 0.15026041666666667 0.3925925925925926 0.15 0.4023148148148148 0.15 0.4027777777777778 0.14973958333333334 0.4041666666666667 0.14973958333333334 0.4074074074074074 0.15182291666666667 0.41203703703703703 0.15390625 0.41435185185185186 0.15390625 0.4148148148148148 0.15416666666666667 0.42083333333333334 0.15416666666666667 0.4236111111111111 0.15364583333333334 0.42592592592592593 0.15364583333333334 0.4263888888888889 0.15338541666666666 0.42777777777777776 0.15338541666666666 0.4310185185185185 0.15234375 0.43287037037037035 0.15052083333333333 0.43287037037037035 0.14583333333333334 0.4324074074074074 0.14557291666666666 0.43194444444444446 0.14166666666666666 0.43148148148148147 0.14140625 0.43148148148148147 0.14036458333333332 0.4305555555555556 0.1390625 0.4305555555555556 0.13802083333333334 0.42962962962962964 0.13645833333333332 0.42962962962962964 0.13489583333333333 0.42824074074074076 0.13255208333333332 0.4273148148148148 0.12942708333333333 0.425462962962963 0.12708333333333333 0.42407407407407405 0.12317708333333334 0.42268518518518516 0.12161458333333333 0.4212962962962963 0.11875
4 0.26851851851851855 0.353125 0.26666666666666666 0.35625 0.26666666666666666 0.35833333333333334 0.26805555555555555 0.3611979166666667 0.2796296296296296 0.36770833333333336 0.2828703703703704 0.3703125 0.28425925925925927 0.37057291666666664 0.28888888888888886 0.3723958333333333 0.2935185185185185 0.37526041666666665 0.29768518518518516 0.3765625 0.29953703703703705 0.3776041666666667 0.30324074074074076 0.37890625 0.3087962962962963 0.38203125 0.3101851851851852 0.38229166666666664 0.32314814814814813 0.38776041666666666 0.3351851851851852 0.39427083333333335 0.337037037037037 0.3963541666666667 0.3365740740740741 0.396875 0.3365740740740741 0.3997395833333333 0.33611111111111114 0.4002604166666667 0.3384259259259259 0.4041666666666667 0.3416666666666667 0.40546875 0.34305555555555556 0.40546875 0.3453703703703704 0.40598958333333335 0.3490740740740741 0.40520833333333334 0.35694444444444445 0.4044270833333333 0.3592592592592593 0.403125 0.3611111111111111 0.40260416666666665 0.36944444444444446 0.396875 0.37916666666666665 0.3885416666666667 0.37777777777777777 0.3854166666666667 0.3763888888888889 0.384375 0.36898148148148147 0.38307291666666665 0.3675925925925926 0.38229166666666664 0.3648148148148148 0.38177083333333334 0.3611111111111111 0.38046875 0.35324074074074074 0.38046875 0.34814814814814815 0.37864583333333335 0.34074074074074073 0.3768229166666667 0.33564814814814814 0.37447916666666664 0.33101851851851855 0.37161458333333336 0.3263888888888889 0.37005208333333334 0.3226851851851852 0.36796875 0.32083333333333336 0.36744791666666665 0.31666666666666665 0.3651041666666667 0.3125 0.36354166666666665 0.30925925925925923 0.36171875 0.30185185185185187 0.35859375 0.29907407407407405 0.35703125 0.2972222222222222 0.35651041666666666 0.29074074074074074 0.3533854166666667 0.28935185185185186 0.353125 0.28703703703703703 0.35208333333333336 0.2810185185185185 0.35052083333333334 0.2773148148148148 0.3502604166666667 0.27314814814814814 0.35104166666666664 0.2708333333333333 0.35182291666666665
4 0.3087962962962963 0.3924479166666667 0.30648148148148147 0.3880208333333333 0.30324074074074076 0.38723958333333336 0.2962962962962963 0.38723958333333336 0.29444444444444445 0.3875 0.2912037037037037 0.3890625 0.2884259259259259 0.3927083333333333 0.2861111111111111 0.39401041666666664 0.2810185185185185 0.39505208333333336 0.274537037037037 0.3953125 0.2740740740740741 0.39557291666666666 0.2662037037037037 0.39557291666666666 0.2657407407407407 0.3958333333333333 0.2550925925925926 0.3958333333333333 0.25462962962962965 0.39609375 0.24444444444444444 0.39609375 0.2439814814814815 0.3963541666666667 0.23842592592592593 0.3963541666666667 0.23796296296296296 0.3966145833333333 0.22962962962962963 0.3966145833333333 0.22916666666666666 0.396875 0.22453703703703703 0.396875 0.22407407407407406 0.3971354166666667 0.20833333333333334 0.3971354166666667 0.20787037037037037 0.39739583333333334 0.1962962962962963 0.39765625 0.19444444444444445 0.39817708333333335 0.19027777777777777 0.39869791666666665 0.1865740740740741 0.3997395833333333 0.18518518518518517 0.4005208333333333 0.18472222222222223 0.4036458333333333 0.18425925925925926 0.40390625 0.18518518518518517 0.40729166666666666 0.1875 0.40963541666666664 0.18981481481481483 0.41067708333333336 0.19444444444444445 0.4119791666666667 0.19722222222222222 0.4119791666666667 0.20046296296296295 0.4125 0.2074074074074074 0.4125 0.20787037037037037 0.4127604166666667 0.20972222222222223 0.4127604166666667 0.2101851851851852 0.4125 0.21944444444444444 0.4125 0.2199074074074074 0.4122395833333333 0.22592592592592592 0.4125 0.22962962962962963 0.4119791666666667 0.2388888888888889 0.4119791666666667 0.24027777777777778 0.4122395833333333 0.24074074074074073 0.4119791666666667 0.24768518518518517 0.41171875 0.25092592592592594 0.41119791666666666 0.25601851851851853 0.4114583333333333 0.2564814814814815 0.41119791666666666 0.25972222222222224 0.41119791666666666 0.2601851851851852 0.4109375 0.2671296296296296 0.4109375 0.2675925925925926 0.41119791666666666 0.27685185185185185 0.4109375 0.2773148148148148 0.41119791666666666 0.2796296296296296 0.41119791666666666 0.28379629629629627 0.4125 0.28703703703703703 0.4127604166666667 0.2898148148148148 0.4140625 0.29212962962962963 0.4158854166666667 0.2986111111111111 0.41796875 0.3055555555555556 0.41770833333333335 0.3087962962962963 0.4158854166666667 0.3106481481481482 0.4122395833333333 0.3106481481481482 0.4036458333333333 0.3101851851851852 0.40338541666666666 0.3101851851851852 0.40130208333333334 0.30972222222222223 0.4010416666666667 0.30972222222222223 0.39765625 0.30925925925925923 0.39739583333333334
4 0.12268518518518519 0.21223958333333334 0.12083333333333333 0.21510416666666668 0.12037037037037036 0.21822916666666667 0.12083333333333333 0.21848958333333332 0.12083333333333333 0.22057291666666667 0.12361111111111112 0.22291666666666668 0.13194444444444445 0.22630208333333332 0.13425925925925927 0.22760416666666666 0.13703703703703704 0.22838541666666667 0.13842592592592592 0.22838541666666667 0.1425925925925926 0.23020833333333332 0.1587962962962963 0.23385416666666667 0.16666666666666666 0.23619791666666667 0.17083333333333334 0.23671875 0.17777777777777778 0.23880208333333333 0.18101851851851852 0.23932291666666666 0.18194444444444444 0.23984375 0.18703703703703703 0.24114583333333334 0.18981481481481483 0.24270833333333333 0.19444444444444445 0.24401041666666667 0.19814814814814816 0.24453125 0.2023148148148148 0.24557291666666667 0.20462962962962963 0.246875 0.20555555555555555 0.24791666666666667 0.20601851851851852 0.2518229166666667 0.20787037037037037 0.25364583333333335 0.21157407407407408 0.2557291666666667 0.21666666666666667 0.25703125 0.2199074074074074 0.25703125 0.22037037037037038 0.25729166666666664 0.225 0.25703125 0.22916666666666666 0.2557291666666667 0.23287037037037037 0.25364583333333335 0.2361111111111111 0.25104166666666666 0.24074074074074073 0.24453125 0.24166666666666667 0.24036458333333333 0.24212962962962964 0.24010416666666667 0.24212962962962964 0.23697916666666666 0.24259259259259258 0.23671875 0.24212962962962964 0.23203125 0.23981481481481481 0.2296875 0.2361111111111111 0.22864583333333333 0.2263888888888889 0.22708333333333333 0.22083333333333333 0.22708333333333333 0.2152777777777778 0.22916666666666666 0.21203703703703702 0.22942708333333334 0.20555555555555555 0.22734375 0.20046296296296295 0.2265625 0.19398148148148148 0.22447916666666667 0.1875 0.2234375 0.18287037037037038 0.22213541666666667 0.17546296296296296 0.22083333333333333 0.16805555555555557 0.21848958333333332 0.16157407407407406 0.2171875 0.15046296296296297 0.2140625 0.14953703703703702 0.2140625 0.1449074074074074 0.21276041666666667 0.14212962962962963 0.2125 0.1388888888888889 0.21145833333333333 0.13240740740740742 0.21041666666666667 0.12824074074074074 0.21041666666666667 0.12638888888888888 0.21067708333333332
5 0.48194444444444445 0.309375 0.4777777777777778 0.309375 0.4740740740740741 0.3104166666666667 0.4675925925925926 0.3143229166666667 0.46805555555555556 0.3151041666666667 0.46805555555555556 0.3182291666666667 0.4689814814814815 0.31875 0.47175925925925927 0.321875 0.47175925925925927 0.32265625 0.4722222222222222 0.3229166666666667 0.4722222222222222 0.3260416666666667 0.47175925925925927 0.3265625 0.4699074074074074 0.32760416666666664 0.46574074074074073 0.33098958333333334 0.4601851851851852 0.3341145833333333 0.4601851851851852 0.334375 0.4537037037037037 0.3377604166666667 0.45 0.34088541666666666 0.44722222222222224 0.3424479166666667 0.44537037037037036 0.34401041666666665 0.44305555555555554 0.3450520833333333 0.4398148148148148 0.34791666666666665 0.43703703703703706 0.3494791666666667 0.43657407407407406 0.3494791666666667 0.4356481481481482 0.3533854166666667 0.43842592592592594 0.35572916666666665 0.4393518518518518 0.35703125 0.4462962962962963 0.35989583333333336 0.44675925925925924 0.36041666666666666 0.45046296296296295 0.36171875 0.4537037037037037 0.36171875 0.4546296296296296 0.3619791666666667 0.4587962962962963 0.3611979166666667 0.46064814814814814 0.36015625 0.4652777777777778 0.35833333333333334 0.4675925925925926 0.35703125 0.4689814814814815 0.35546875 0.475462962962963 0.35104166666666664 0.4787037037037037 0.34921875 0.4787037037037037 0.3489583333333333 0.48518518518518516 0.3455729166666667 0.4912037037037037 0.34348958333333335 0.4935185185185185 0.3421875 0.49398148148148147 0.3421875 0.4976851851851852 0.33984375 0.4981481481481482 0.34010416666666665 0.49953703703703706 0.34010416666666665 0.5 0.34036458333333336 0.5013888888888889 0.34036458333333336 0.5055555555555555 0.3411458333333333 0.513425925925926 0.34140625 0.5171296296296296 0.34010416666666665 0.5217592592592593 0.3375 0.5217592592592593 0.33697916666666666 0.5226851851851851 0.33619791666666665 0.5236111111111111 0.33359375 0.5212962962962963 0.3296875 0.5185185185185185 0.32760416666666664 0.5171296296296296 0.3260416666666667 0.5152777777777777 0.3255208333333333 0.5125 0.32395833333333335 0.5111111111111111 0.32265625 0.5111111111111111 0.3221354166666667 0.5032407407407408 0.3177083333333333 0.5027777777777778 0.3177083333333333 0.49722222222222223 0.3143229166666667 0.49398148148148147 0.31354166666666666 0.4925925925925926 0.31276041666666665 0.48842592592592593 0.31145833333333334 0.48657407407407405 0.3104166666666667 0.48564814814814816 0.3104166666666667
3 0.4513888888888889 0.38515625 0.45 0.3848958333333333 0.44675925925925924 0.3848958333333333 0.44305555555555554 0.3859375 0.43842592592592594 0.3888020833333333 0.43796296296296294 0.39010416666666664 0.4361111111111111 0.3921875 0.4361111111111111 0.39296875 0.43842592592592594 0.3958333333333333 0.43842592592592594 0.39739583333333334 0.43796296296296294 0.39765625 0.4375 0.4 0.4305555555555556 0.40390625 0.4217592592592593 0.40729166666666666 0.41574074074074074 0.41041666666666665 0.41203703703703703 0.4114583333333333 0.40694444444444444 0.41432291666666665 0.4041666666666667 0.41510416666666666 0.4 0.41744791666666664 0.39444444444444443 0.4192708333333333 0.3902777777777778 0.421875 0.3888888888888889 0.4234375 0.3888888888888889 0.42421875 0.38981481481481484 0.425 0.3912037037037037 0.42734375 0.4013888888888889 0.4348958333333333 0.4046296296296296 0.43645833333333334 0.4074074074074074 0.43697916666666664 0.4111111111111111 0.43697916666666664 0.4115740740740741 0.43723958333333335 0.4199074074074074 0.4356770833333333 0.42314814814814816 0.43411458333333336 0.42916666666666664 0.43203125 0.43194444444444446 0.43046875 0.43472222222222223 0.42942708333333335 0.4393518518518518 0.42682291666666666 0.449537037037037 0.4231770833333333 0.4527777777777778 0.42239583333333336 0.4550925925925926 0.42135416666666664 0.4597222222222222 0.42135416666666664 0.4615740740740741 0.42083333333333334 0.4634259259259259 0.42083333333333334 0.46620370370370373 0.42161458333333335 0.4703703703703704 0.42161458333333335 0.4726851851851852 0.42213541666666665 0.4777777777777778 0.42213541666666665 0.48194444444444445 0.42135416666666664 0.48564814814814816 0.41953125 0.487962962962963 0.4166666666666667 0.487962962962963 0.41171875 0.4861111111111111 0.40963541666666664 0.4847222222222222 0.4088541666666667 0.4842592592592593 0.4080729166666667 0.48009259259259257 0.40546875 0.4791666666666667 0.4044270833333333 0.47453703703703703 0.4015625 0.4726851851851852 0.39947916666666666 0.4671296296296296 0.3953125 0.46296296296296297 0.3927083333333333 0.4597222222222222 0.38958333333333334 0.45416666666666666 0.38619791666666664
4 0.6861111111111111 0.08411458333333334 0.6828703703703703 0.08567708333333333 0.6805555555555556 0.08776041666666666 0.6800925925925926 0.09244791666666667 0.6805555555555556 0.09270833333333334 0.6814814814814815 0.0953125 0.6833333333333333 0.09661458333333334 0.6851851851851852 0.09973958333333334 0.6875 0.10182291666666667 0.687962962962963 0.10338541666666666 0.6893518518518519 0.10494791666666667 0.6893518518518519 0.10546875 0.6912037037037037 0.10677083333333333 0.6925925925925925 0.10833333333333334 0.6962962962962963 0.11041666666666666 0.6967592592592593 0.11119791666666666 0.7 0.11380208333333333 0.7027777777777777 0.1171875 0.7032407407407407 0.11875 0.7046296296296296 0.1203125 0.7046296296296296 0.12083333333333333 0.7069444444444445 0.12265625 0.7087962962962963 0.12473958333333333 0.7087962962962963 0.12526041666666668 0.7111111111111111 0.12708333333333333 0.712037037037037 0.13098958333333333 0.7078703703703704 0.13463541666666667 0.7078703703703704 0.13880208333333333 0.7087962962962963 0.13958333333333334 0.7101851851851851 0.14244791666666667 0.7138888888888889 0.1453125 0.7143518518518519 0.14609375 0.7166666666666667 0.14739583333333334 0.7222222222222222 0.14765625 0.7226851851851852 0.14739583333333334 0.725 0.14739583333333334 0.7268518518518519 0.146875 0.7287037037037037 0.146875 0.7305555555555555 0.14635416666666667 0.7319444444444444 0.14635416666666667 0.7361111111111112 0.14557291666666666 0.7444444444444445 0.1421875 0.7458333333333333 0.14088541666666668 0.7476851851851852 0.14010416666666667 0.750462962962963 0.13828125 0.7541666666666667 0.13489583333333333 0.7541666666666667 0.13151041666666666 0.7523148148148148 0.12838541666666667 0.7509259259259259 0.12682291666666667 0.7490740740740741 0.12552083333333333 0.7476851851851852 0.12369791666666667 0.7462962962962963 0.12291666666666666 0.7449074074074075 0.12265625 0.7356481481481482 0.12291666666666666 0.7337962962962963 0.12239583333333333 0.7319444444444444 0.12135416666666667 0.7300925925925926 0.11822916666666666 0.7291666666666666 0.11744791666666667 0.7282407407407407 0.11536458333333334 0.725462962962963 0.11328125 0.725 0.11223958333333334 0.7231481481481481 0.11015625 0.7222222222222222 0.10963541666666667 0.7199074074074074 0.10651041666666666 0.7180555555555556 0.10494791666666667 0.7175925925925926 0.10364583333333334 0.7138888888888889 0.1 0.7138888888888889 0.09947916666666666 0.711574074074074 0.09765625 0.7083333333333334 0.09375 0.7074074074074074 0.09322916666666667 0.7050925925925926 0.09036458333333333 0.7041666666666667 0.08984375 0.7027777777777777 0.08828125 0.7027777777777777 0.08776041666666666 0.700925925925926 0.08619791666666667 0.6967592592592593 0.084375 0.6958333333333333 0.084375 0.6944444444444444 0.08385416666666666 0.6875 0.08385416666666666
1 0.4671296296296296 0.42942708333333335 0.4652777777777778 0.43020833333333336 0.4625 0.4309895833333333 0.462037037037037 0.4315104166666667 0.462037037037037 0.4322916666666667 0.4615740740740741 0.43255208333333334 0.4615740740740741 0.4359375 0.462037037037037 0.4361979166666667 0.4625 0.4375 0.4634259259259259 0.43802083333333336 0.46435185185185185 0.4393229166666667 0.4652777777777778 0.43984375 0.46620370370370373 0.44088541666666664 0.46620370370370373 0.44140625 0.4675925925925926 0.4427083333333333 0.4675925925925926 0.4432291666666667 0.4685185185185185 0.4440104166666667 0.4685185185185185 0.44453125 0.47175925925925927 0.44817708333333334 0.47175925925925927 0.44869791666666664 0.4726851851851852 0.44947916666666665 0.4726851851851852 0.45 0.4736111111111111 0.4510416666666667 0.4736111111111111 0.45338541666666665 0.4740740740740741 0.45364583333333336 0.4740740740740741 0.45546875 0.4736111111111111 0.4557291666666667 0.4736111111111111 0.45729166666666665 0.47314814814814815 0.45755208333333336 0.47314814814814815 0.46067708333333335 0.4736111111111111 0.4609375 0.4736111111111111 0.4625 0.4740740740740741 0.4630208333333333 0.47685185185185186 0.46484375 0.47824074074074074 0.4669270833333333 0.48055555555555557 0.46822916666666664 0.4824074074074074 0.4705729166666667 0.4861111111111111 0.47291666666666665 0.4875 0.47291666666666665 0.487962962962963 0.47317708333333336 0.4912037037037037 0.47317708333333336 0.49166666666666664 0.47291666666666665 0.4935185185185185 0.47291666666666665 0.49398148148148147 0.47265625 0.49537037037037035 0.47265625 0.49583333333333335 0.47239583333333335 0.49722222222222223 0.47239583333333335 0.4976851851851852 0.47213541666666664 0.5018518518518519 0.47213541666666664 0.5041666666666667 0.4713541666666667 0.5050925925925925 0.4713541666666667 0.5060185185185185 0.47109375 0.5069444444444444 0.4705729166666667 0.5074074074074074 0.4705729166666667 0.5083333333333333 0.4700520833333333 0.5083333333333333 0.46979166666666666 0.512962962962963 0.4671875 0.513425925925926 0.4671875 0.5143518518518518 0.4666666666666667 0.5143518518518518 0.4627604166666667 0.5106481481481482 0.4588541666666667 0.5106481481481482 0.4546875 0.5101851851851852 0.4544270833333333 0.5101851851851852 0.45390625 0.5092592592592593 0.45286458333333335 0.5064814814814815 0.4510416666666667 0.5046296296296297 0.4505208333333333 0.5032407407407408 0.4505208333333333 0.5027777777777778 0.45026041666666666 0.5018518518518519 0.45026041666666666 0.5013888888888889 0.45 0.500462962962963 0.45 0.5 0.44973958333333336 0.49907407407407406 0.44973958333333336 0.49722222222222223 0.44921875 0.4935185185185185 0.4471354166666667 0.4898148148148148 0.44296875 0.487962962962963 0.44166666666666665 0.48333333333333334 0.43645833333333334 0.48333333333333334 0.4359375 0.48055555555555557 0.43307291666666664 0.48055555555555557 0.43255208333333334 0.4787037037037037 0.43046875 0.4777777777777778 0.42994791666666665 0.4773148148148148 0.42994791666666665 0.47453703703703703 0.42864583333333334 0.47175925925925927 0.42864583333333334 0.47129629629629627 0.42890625 0.4699074074074074 0.42890625 0.46944444444444444 0.42916666666666664
4 0.41574074074074074 0.61328125 0.41203703703703703 0.61171875 0.4101851851851852 0.61171875 0.4097222222222222 0.6114583333333333 0.4078703703703704 0.6114583333333333 0.4064814814814815 0.6119791666666666 0.40555555555555556 0.6119791666666666 0.40324074074074073 0.6130208333333333 0.4013888888888889 0.6151041666666667 0.40185185185185185 0.6161458333333333 0.40185185185185185 0.6200520833333333 0.4009259259259259 0.621875 0.3990740740740741 0.6231770833333333 0.3962962962962963 0.6236979166666666 0.39537037037037037 0.62421875 0.38981481481481484 0.62578125 0.3888888888888889 0.62578125 0.3851851851851852 0.6268229166666667 0.3824074074074074 0.6270833333333333 0.3731481481481482 0.6296875 0.3675925925925926 0.6307291666666667 0.36666666666666664 0.63125 0.36157407407407405 0.6322916666666667 0.35462962962962963 0.634375 0.3486111111111111 0.6354166666666666 0.3421296296296296 0.6372395833333333 0.3351851851851852 0.6385416666666667 0.3337962962962963 0.6385416666666667 0.32916666666666666 0.63984375 0.32546296296296295 0.6403645833333333 0.32175925925925924 0.6416666666666667 0.31712962962962965 0.6424479166666667 0.31296296296296294 0.6440104166666667 0.30787037037037035 0.6463541666666667 0.30694444444444446 0.6502604166666667 0.3101851851851852 0.6541666666666667 0.3143518518518518 0.65546875 0.31666666666666665 0.65546875 0.31712962962962965 0.6552083333333333 0.324537037037037 0.6549479166666666 0.3300925925925926 0.65390625 0.3314814814814815 0.65390625 0.34120370370370373 0.6520833333333333 0.34629629629629627 0.6505208333333333 0.3490740740740741 0.6502604166666667 0.3541666666666667 0.6486979166666667 0.35694444444444445 0.6484375 0.36064814814814816 0.646875 0.3648148148148148 0.6458333333333334 0.3699074074074074 0.6450520833333333 0.3736111111111111 0.6440104166666667 0.375 0.6440104166666667 0.38055555555555554 0.64296875 0.38472222222222224 0.6416666666666667 0.39166666666666666 0.640625 0.39675925925925926 0.6393229166666666 0.4046296296296296 0.6385416666666667 0.4078703703703704 0.6375 0.4111111111111111 0.6385416666666667 0.41759259259259257 0.6395833333333333 0.4217592592592593 0.6395833333333333 0.425 0.6388020833333333 0.4287037037037037 0.6359375 0.42916666666666664 0.634375 0.42824074074074076 0.6333333333333333 0.42824074074074076 0.63203125 0.42777777777777776 0.6317708333333333 0.42777777777777776 0.6302083333333334 0.4263888888888889 0.628125 0.4263888888888889 0.62734375 0.4236111111111111 0.6239583333333333 0.4236111111111111 0.6229166666666667 0.42083333333333334 0.6203125 0.41759259259259257 0.61484375
5 0.5375 0.5794270833333334 0.5356481481481481 0.5807291666666666 0.5296296296296297 0.5875 0.5296296296296297 0.5908854166666667 0.5300925925925926 0.5916666666666667 0.538425925925926 0.5942708333333333 0.5407407407407407 0.5955729166666667 0.5472222222222223 0.5966145833333333 0.5523148148148148 0.5981770833333333 0.5592592592592592 0.5994791666666667 0.5671296296296297 0.60234375 0.5768518518518518 0.6046875 0.5842592592592593 0.6083333333333333 0.5851851851851851 0.6104166666666667 0.5861111111111111 0.6111979166666667 0.5861111111111111 0.6130208333333333 0.586574074074074 0.61328125 0.586574074074074 0.6153645833333333 0.587037037037037 0.615625 0.587037037037037 0.61640625 0.5888888888888889 0.6184895833333334 0.5953703703703703 0.62109375 0.6 0.6213541666666667 0.600925925925926 0.6208333333333333 0.6032407407407407 0.6203125 0.6069444444444444 0.6174479166666667 0.6074074074074074 0.61640625 0.6087962962962963 0.6151041666666667 0.6092592592592593 0.6138020833333333 0.612037037037037 0.6114583333333333 0.6134259259259259 0.6096354166666667 0.6152777777777778 0.6083333333333333 0.6166666666666667 0.6067708333333334 0.6166666666666667 0.60625 0.6189814814814815 0.60390625 0.6199074074074075 0.6020833333333333 0.6226851851851852 0.59921875 0.6231481481481481 0.5979166666666667 0.6268518518518519 0.59453125 0.6273148148148148 0.5924479166666666 0.6277777777777778 0.5921875 0.6277777777777778 0.58984375 0.6273148148148148 0.5895833333333333 0.6273148148148148 0.5877604166666667 0.6268518518518519 0.5872395833333334 0.624537037037037 0.5861979166666667 0.6208333333333333 0.58515625 0.6143518518518518 0.5841145833333333 0.6138888888888889 0.584375 0.6111111111111112 0.5846354166666666 0.6074074074074074 0.58828125 0.6055555555555555 0.5893229166666667 0.6032407407407407 0.58984375 0.5990740740740741 0.5895833333333333 0.5953703703703703 0.5885416666666666 0.5939814814814814 0.5885416666666666 0.5893518518518519 0.5872395833333334 0.5884259259259259 0.5872395833333334 0.5847222222222223 0.5861979166666667 0.5837962962962963 0.5856770833333333 0.5763888888888888 0.584375 0.5740740740740741 0.58359375 0.5657407407407408 0.58203125 0.5587962962962963 0.5796875 0.5578703703703703 0.5796875 0.5518518518518518 0.5778645833333333 0.5476851851851852 0.5770833333333333 0.5439814814814815 0.5768229166666666 0.5407407407407407 0.5778645833333333
2 0.7578703703703704 0.234375 0.7532407407407408 0.23385416666666667 0.7481481481481481 0.234375 0.7439814814814815 0.23671875 0.7402777777777778 0.24010416666666667 0.7319444444444444 0.26328125 0.7314814814814815 0.2674479166666667 0.7273148148148149 0.27734375 0.7263888888888889 0.2825520833333333 0.7245370370370371 0.28567708333333336 0.7226851851851852 0.29348958333333336 0.7203703703703703 0.29739583333333336 0.7185185185185186 0.30442708333333335 0.7166666666666667 0.3078125 0.7157407407407408 0.3125 0.7106481481481481 0.3260416666666667 0.7106481481481481 0.32890625 0.7074074074074074 0.3328125 0.7050925925925926 0.3341145833333333 0.6967592592592593 0.33567708333333335 0.6930555555555555 0.3377604166666667 0.6925925925925925 0.3424479166666667 0.6939814814814815 0.3458333333333333 0.6990740740740741 0.3497395833333333 0.7046296296296296 0.3515625 0.7106481481481481 0.35182291666666665 0.7189814814814814 0.35130208333333335 0.7361111111111112 0.35130208333333335 0.7398148148148148 0.3494791666666667 0.7412037037037037 0.34713541666666664 0.7412037037037037 0.3416666666666667 0.7398148148148148 0.3380208333333333 0.7361111111111112 0.334375 0.7356481481481482 0.32916666666666666 0.7439814814814815 0.30442708333333335 0.7453703703703703 0.29791666666666666 0.7472222222222222 0.2942708333333333 0.7481481481481481 0.28958333333333336 0.75 0.28619791666666666 0.7532407407407408 0.27447916666666666 0.7555555555555555 0.2703125 0.7643518518518518 0.24401041666666667 0.7643518518518518 0.23958333333333334 0.763425925925926 0.23723958333333334 0.7611111111111111 0.23541666666666666
4 0.8199074074074074 0.346875 0.8189814814814815 0.3458333333333333 0.8143518518518519 0.34375 0.8092592592592592 0.34348958333333335 0.8064814814814815 0.34401041666666665 0.8023148148148148 0.34401041666666665 0.7976851851851852 0.3450520833333333 0.7935185185185185 0.3453125 0.7907407407407407 0.34609375 0.7847222222222222 0.34661458333333334 0.774074074074074 0.34921875 0.7703703703703704 0.3494791666666667 0.7611111111111111 0.3515625 0.7555555555555555 0.35208333333333336 0.7509259259259259 0.353125 0.7486111111111111 0.353125 0.7435185185185185 0.3541666666666667 0.7407407407407407 0.3541666666666667 0.7402777777777778 0.35442708333333334 0.7379629629629629 0.3541666666666667 0.7319444444444444 0.35208333333333336 0.7277777777777777 0.35182291666666665 0.725925925925926 0.35130208333333335 0.7208333333333333 0.35130208333333335 0.7171296296296297 0.35208333333333336 0.7129629629629629 0.35208333333333336 0.7125 0.35234375 0.7097222222222223 0.35260416666666666 0.7083333333333334 0.353125 0.7064814814814815 0.35598958333333336 0.7060185185185185 0.35911458333333335 0.7055555555555556 0.359375 0.7055555555555556 0.3606770833333333 0.7050925925925926 0.3609375 0.7050925925925926 0.365625 0.7064814814814815 0.36796875 0.7064814814814815 0.3690104166666667 0.7074074074074074 0.3697916666666667 0.7083333333333334 0.37161458333333336 0.7125 0.37578125 0.7166666666666667 0.378125 0.7203703703703703 0.37916666666666665 0.7217592592592592 0.37916666666666665 0.7240740740740741 0.3796875 0.7319444444444444 0.37916666666666665 0.7375 0.3768229166666667 0.7379629629629629 0.37578125 0.7398148148148148 0.37447916666666664 0.7416666666666667 0.371875 0.7435185185185185 0.37057291666666664 0.7518518518518519 0.36822916666666666 0.7532407407407408 0.36822916666666666 0.7597222222222222 0.36692708333333335 0.762962962962963 0.36666666666666664 0.7671296296296296 0.3653645833333333 0.7712962962962963 0.3653645833333333 0.775 0.36432291666666666 0.7791666666666667 0.36432291666666666 0.7828703703703703 0.36302083333333335 0.7870370370370371 0.36223958333333334 0.7958333333333333 0.3611979166666667 0.8064814814814815 0.35833333333333334 0.8125 0.3572916666666667 0.8138888888888889 0.3567708333333333 0.8194444444444444 0.3533854166666667 0.8194444444444444 0.35260416666666666 0.8208333333333333 0.3502604166666667 0.8208333333333333 0.34869791666666666 0.8203703703703704 0.3484375
3 0.888425925925926 0.14869791666666668 0.8837962962962963 0.14869791666666668 0.8833333333333333 0.14895833333333333 0.8787037037037037 0.14895833333333333 0.8782407407407408 0.14921875 0.8763888888888889 0.14921875 0.8726851851851852 0.15026041666666667 0.8712962962962963 0.15026041666666667 0.8657407407407407 0.15182291666666667 0.8606481481481482 0.15260416666666668 0.8583333333333333 0.15338541666666666 0.8555555555555555 0.15390625 0.8541666666666666 0.15390625 0.8537037037037037 0.15416666666666667 0.8523148148148149 0.15416666666666667 0.8513888888888889 0.1546875 0.8490740740740741 0.15494791666666666 0.8481481481481481 0.15546875 0.8449074074074074 0.15625 0.8425925925925926 0.15729166666666666 0.8393518518518519 0.15807291666666667 0.837037037037037 0.159375 0.8342592592592593 0.16197916666666667 0.8347222222222223 0.16380208333333332 0.8351851851851851 0.1640625 0.8351851851851851 0.16588541666666667 0.8375 0.16848958333333333 0.8416666666666667 0.17109375 0.8458333333333333 0.17239583333333333 0.8486111111111111 0.17291666666666666 0.8523148148148149 0.17526041666666667 0.8537037037037037 0.17760416666666667 0.8546296296296296 0.178125 0.8550925925925926 0.17916666666666667 0.8564814814814815 0.18046875 0.8564814814814815 0.18098958333333334 0.8587962962962963 0.18333333333333332 0.8611111111111112 0.18776041666666668 0.8629629629629629 0.18958333333333333 0.8648148148148148 0.19348958333333333 0.8666666666666667 0.19557291666666668 0.8680555555555556 0.1984375 0.8699074074074075 0.20026041666666666 0.8699074074074075 0.20078125 0.8726851851851852 0.20364583333333333 0.8759259259259259 0.20494791666666667 0.8824074074074074 0.20494791666666667 0.8921296296296296 0.20182291666666666 0.8962962962962963 0.2015625 0.8976851851851851 0.20104166666666667 0.8986111111111111 0.20104166666666667 0.899537037037037 0.20078125 0.9013888888888889 0.19947916666666668 0.9013888888888889 0.19895833333333332 0.9027777777777778 0.19739583333333333 0.9013888888888889 0.19244791666666666 0.9004629629629629 0.19140625 0.9004629629629629 0.190625 0.899074074074074 0.18854166666666666 0.8981481481481481 0.18567708333333333 0.8967592592592593 0.18385416666666668 0.8967592592592593 0.18307291666666667 0.8949074074074074 0.18072916666666666 0.8930555555555556 0.17760416666666667 0.8930555555555556 0.17682291666666666 0.8912037037037037 0.17421875 0.8912037037037037 0.17317708333333334 0.8902777777777777 0.17161458333333332 0.8902777777777777 0.1703125 0.8898148148148148 0.17005208333333333 0.8898148148148148 0.16588541666666667 0.8912037037037037 0.16458333333333333 0.8958333333333334 0.16197916666666667 0.8962962962962963 0.16197916666666667 0.8976851851851851 0.15989583333333332 0.8981481481481481 0.15755208333333334 0.8976851851851851 0.15729166666666666 0.8976851851851851 0.15651041666666668 0.8972222222222223 0.15625 0.8972222222222223 0.15546875 0.8962962962962963 0.15390625 0.8944444444444445 0.15208333333333332 0.8935185185185185 0.15052083333333333 0.8921296296296296 0.14973958333333334
2 0.7625 0.4901041666666667 0.7509259259259259 0.48723958333333334 0.7467592592592592 0.48541666666666666 0.7425925925925926 0.48463541666666665 0.7393518518518518 0.48463541666666665 0.7351851851851852 0.4856770833333333 0.7282407407407407 0.4901041666666667 0.7310185185185185 0.4921875 0.7337962962962963 0.49635416666666665 0.7342592592592593 0.4979166666666667 0.7319444444444444 0.5020833333333333 0.7245370370370371 0.5078125 0.7212962962962963 0.51171875 0.7166666666666667 0.5145833333333333 0.7046296296296296 0.5263020833333333 0.6851851851851852 0.5427083333333333 0.6759259259259259 0.5515625 0.6699074074074074 0.5559895833333334 0.6643518518518519 0.56171875 0.6611111111111111 0.5638020833333334 0.6574074074074074 0.5682291666666667 0.6537037037037037 0.5708333333333333 0.6509259259259259 0.57421875 0.638425925925926 0.5854166666666667 0.6370370370370371 0.5875 0.6365740740740741 0.5916666666666667 0.638425925925926 0.59296875 0.6444444444444445 0.5953125 0.6476851851851851 0.5958333333333333 0.6518518518518519 0.5955729166666667 0.6583333333333333 0.5924479166666666 0.6694444444444444 0.5830729166666667 0.6782407407407407 0.57421875 0.6856481481481481 0.5682291666666667 0.6898148148148148 0.5638020833333334 0.7023148148148148 0.553125 0.7041666666666667 0.55078125 0.7129629629629629 0.54375 0.7240740740740741 0.5330729166666667 0.7296296296296296 0.52890625 0.7328703703703704 0.5252604166666667 0.7449074074074075 0.5151041666666667 0.7537037037037037 0.509375 0.7592592592592593 0.5065104166666666 0.7680555555555556 0.5052083333333334 0.7712962962962963 0.5041666666666667 0.7736111111111111 0.5018229166666667 0.7754629629629629 0.4979166666666667 0.7717592592592593 0.49453125
3 0.7134259259259259 0.62890625 0.7083333333333334 0.62890625 0.7078703703703704 0.6291666666666667 0.7064814814814815 0.6291666666666667 0.7013888888888888 0.63046875 0.700462962962963 0.6309895833333333 0.6995370370370371 0.63203125 0.6972222222222222 0.6333333333333333 0.6907407407407408 0.640625 0.6888888888888889 0.6419270833333334 0.687037037037037 0.6455729166666667 0.6842592592592592 0.6486979166666667 0.6833333333333333 0.64921875 0.6796296296296296 0.6536458333333334 0.6768518518518518 0.6557291666666667 0.6717592592592593 0.6583333333333333 0.6694444444444444 0.6591145833333333 0.6652777777777777 0.6591145833333333 0.6625 0.6598958333333333 0.6615740740740741 0.6598958333333333 0.6574074074074074 0.6619791666666667 0.6532407407407408 0.665625 0.6527777777777778 0.66796875 0.6518518518518519 0.66953125 0.6537037037037037 0.6739583333333333 0.6611111111111111 0.6783854166666666 0.675 0.6833333333333333 0.6787037037037037 0.68515625 0.6814814814814815 0.6856770833333333 0.6856481481481481 0.6869791666666667 0.687037037037037 0.6869791666666667 0.6884259259259259 0.6875 0.6893518518518519 0.6875 0.6902777777777778 0.6880208333333333 0.6949074074074074 0.6893229166666667 0.6981481481481482 0.6895833333333333 0.6986111111111111 0.68984375 0.7055555555555556 0.68984375 0.7078703703703704 0.6893229166666667 0.7129629629629629 0.6854166666666667 0.7143518518518519 0.68359375 0.7157407407407408 0.6799479166666667 0.7162037037037037 0.6796875 0.7162037037037037 0.6783854166666666 0.7166666666666667 0.678125 0.7166666666666667 0.6729166666666667 0.7152777777777778 0.6703125 0.7148148148148148 0.6658854166666667 0.7171296296296297 0.6619791666666667 0.7203703703703703 0.65859375 0.7217592592592592 0.6559895833333333 0.7263888888888889 0.6505208333333333 0.7268518518518519 0.64921875 0.7296296296296296 0.6455729166666667 0.7296296296296296 0.6447916666666667 0.7319444444444444 0.64140625 0.7324074074074074 0.6393229166666666 0.7328703703703704 0.6390625 0.7328703703703704 0.63828125 0.7305555555555555 0.6354166666666666 0.7305555555555555 0.6348958333333333 0.7273148148148149 0.6330729166666667 0.7236111111111111 0.6315104166666666 0.7194444444444444 0.63046875 0.7185185185185186 0.6299479166666667
4 0.7962962962962963 0.40338541666666666 0.7944444444444444 0.4044270833333333 0.7939814814814815 0.40520833333333334 0.7907407407407407 0.40677083333333336 0.7888888888888889 0.4080729166666667 0.788425925925926 0.4088541666666667 0.7865740740740741 0.40989583333333335 0.7842592592592592 0.4119791666666667 0.7837962962962963 0.41354166666666664 0.7824074074074074 0.4153645833333333 0.7824074074074074 0.4161458333333333 0.7851851851851852 0.4192708333333333 0.7907407407407407 0.421875 0.7949074074074074 0.42265625 0.799074074074074 0.42291666666666666 0.8027777777777778 0.4239583333333333 0.8050925925925926 0.4239583333333333 0.8111111111111111 0.42552083333333335 0.8185185185185185 0.4296875 0.825462962962963 0.43307291666666664 0.8310185185185185 0.43671875 0.8361111111111111 0.4388020833333333 0.8384259259259259 0.4401041666666667 0.8416666666666667 0.44296875 0.8518518518518519 0.44869791666666664 0.8541666666666666 0.44947916666666665 0.8574074074074074 0.4513020833333333 0.862037037037037 0.45286458333333335 0.8629629629629629 0.45286458333333335 0.8694444444444445 0.4544270833333333 0.8722222222222222 0.4544270833333333 0.8726851851851852 0.4546875 0.875 0.45390625 0.8768518518518519 0.45364583333333336 0.8810185185185185 0.4513020833333333 0.8814814814814815 0.44973958333333336 0.8819444444444444 0.44947916666666665 0.8819444444444444 0.4484375 0.8824074074074074 0.44817708333333334 0.8824074074074074 0.446875 0.8791666666666667 0.4432291666666667 0.874537037037037 0.44088541666666664 0.8671296296296296 0.4354166666666667 0.8583333333333333 0.43046875 0.8546296296296296 0.42890625 0.8495370370370371 0.42604166666666665 0.8495370370370371 0.42578125 0.8490740740740741 0.42578125 0.8449074074074074 0.4231770833333333 0.8384259259259259 0.4197916666666667 0.8351851851851851 0.41744791666666664 0.8310185185185185 0.41510416666666666 0.8296296296296296 0.41380208333333335 0.8263888888888888 0.4119791666666667 0.8263888888888888 0.4080729166666667 0.8268518518518518 0.4078125 0.8268518518518518 0.4046875 0.8273148148148148 0.4041666666666667 0.825925925925926 0.40182291666666664 0.8240740740740741 0.4005208333333333 0.8212962962962963 0.3997395833333333 0.8185185185185185 0.3984375 0.812037037037037 0.3984375 0.8115740740740741 0.39869791666666665 0.8074074074074075 0.39895833333333336 0.8046296296296296 0.3997395833333333
2 0.8310185185185185 0.4515625 0.825925925925926 0.44635416666666666 0.8203703703703704 0.4432291666666667 0.8143518518518519 0.44166666666666665 0.8106481481481481 0.44166666666666665 0.8046296296296296 0.4434895833333333 0.8018518518518518 0.44505208333333335 0.8 0.446875 0.7986111111111112 0.4513020833333333 0.7958333333333333 0.453125 0.7912037037037037 0.4549479166666667 0.7824074074074074 0.45729166666666665 0.7791666666666667 0.45755208333333336 0.7717592592592593 0.4596354166666667 0.7569444444444444 0.4627604166666667 0.7486111111111111 0.46536458333333336 0.7416666666666667 0.4666666666666667 0.7347222222222223 0.46901041666666665 0.7282407407407407 0.4700520833333333 0.6990740740740741 0.47760416666666666 0.6935185185185185 0.4783854166666667 0.6814814814814815 0.48203125 0.6694444444444444 0.48411458333333335 0.6425925925925926 0.490625 0.6388888888888888 0.4921875 0.6310185185185185 0.4942708333333333 0.6268518518518519 0.4979166666666667 0.6287037037037037 0.5018229166666667 0.6342592592592593 0.5057291666666667 0.6462962962962963 0.5059895833333333 0.6486111111111111 0.5052083333333334 0.6541666666666667 0.5044270833333333 0.6578703703703703 0.503125 0.6689814814814815 0.5010416666666667 0.6731481481481482 0.49921875 0.6856481481481481 0.49609375 0.6884259259259259 0.4947916666666667 0.6958333333333333 0.4934895833333333 0.7050925925925926 0.4908854166666667 0.7162037037037037 0.4890625 0.7273148148148149 0.48854166666666665 0.7314814814814815 0.48723958333333334 0.736574074074074 0.484375 0.7449074074074075 0.4828125 0.7462962962962963 0.48203125 0.7537037037037037 0.48046875 0.7671296296296296 0.47630208333333335 0.7712962962962963 0.47578125 0.775 0.4744791666666667 0.7791666666666667 0.4739583333333333 0.7898148148148149 0.47109375 0.7953703703703704 0.4705729166666667 0.8060185185185185 0.46848958333333335 0.8134259259259259 0.46901041666666665 0.8175925925925925 0.46979166666666666 0.825925925925926 0.46953125 0.8296296296296296 0.46848958333333335 0.8328703703703704 0.4666666666666667 0.8347222222222223 0.46328125 0.8337962962962963 0.45598958333333334
5 0.8018518518518518 0.5645833333333333 0.8013888888888889 0.56484375 0.7986111111111112 0.56484375 0.7949074074074074 0.5661458333333333 0.7930555555555555 0.5677083333333334 0.7921296296296296 0.5703125 0.7902777777777777 0.5729166666666666 0.7902777777777777 0.5739583333333333 0.7898148148148149 0.57421875 0.7898148148148149 0.575 0.7893518518518519 0.5752604166666667 0.7893518518518519 0.5760416666666667 0.7888888888888889 0.5763020833333333 0.7888888888888889 0.5770833333333333 0.788425925925926 0.57734375 0.788425925925926 0.578125 0.787962962962963 0.5783854166666667 0.787962962962963 0.5791666666666667 0.7875 0.5794270833333334 0.7875 0.5802083333333333 0.7861111111111111 0.5825520833333333 0.7861111111111111 0.58359375 0.7856481481481481 0.5838541666666667 0.7856481481481481 0.5846354166666666 0.7851851851851852 0.5848958333333333 0.7851851851851852 0.5856770833333333 0.7837962962962963 0.5880208333333333 0.7837962962962963 0.5890625 0.7833333333333333 0.5893229166666667 0.7828703703703703 0.5911458333333334 0.7800925925925926 0.5947916666666667 0.7787037037037037 0.5955729166666667 0.7759259259259259 0.5958333333333333 0.7675925925925926 0.5973958333333333 0.7652777777777777 0.5986979166666667 0.7638888888888888 0.6 0.762962962962963 0.6020833333333333 0.7615740740740741 0.6033854166666667 0.7611111111111111 0.6080729166666666 0.762962962962963 0.6106770833333334 0.7652777777777777 0.6125 0.7666666666666667 0.61328125 0.7689814814814815 0.6138020833333333 0.7717592592592593 0.61484375 0.7759259259259259 0.6153645833333333 0.7828703703703703 0.6174479166666667 0.7875 0.6182291666666667 0.7888888888888889 0.61875 0.7916666666666666 0.6192708333333333 0.7930555555555555 0.6192708333333333 0.7935185185185185 0.61953125 0.7949074074074074 0.61953125 0.7953703703703704 0.6197916666666666 0.7967592592592593 0.6197916666666666 0.7986111111111112 0.6203125 0.8004629629629629 0.6203125 0.8009259259259259 0.6205729166666667 0.8101851851851852 0.6205729166666667 0.8134259259259259 0.6190104166666667 0.8189814814814815 0.6177083333333333 0.8217592592592593 0.61640625 0.8231481481481482 0.6153645833333333 0.8236111111111111 0.6135416666666667 0.8240740740740741 0.61328125 0.8240740740740741 0.6122395833333333 0.8245370370370371 0.6119791666666666 0.8240740740740741 0.6072916666666667 0.8222222222222222 0.6041666666666666 0.8180555555555555 0.5997395833333333 0.8180555555555555 0.5966145833333333 0.8185185185185185 0.5963541666666666 0.8185185185185185 0.5942708333333333 0.8189814814814815 0.5940104166666667 0.8199074074074074 0.5895833333333333 0.8203703703703704 0.5893229166666667 0.8203703703703704 0.58828125 0.8212962962962963 0.58671875 0.8212962962962963 0.5854166666666667 0.8217592592592593 0.58515625 0.8222222222222222 0.5822916666666667 0.8231481481481482 0.5807291666666666 0.8236111111111111 0.5778645833333333 0.8240740740740741 0.5776041666666667 0.8245370370370371 0.5755208333333334 0.825 0.5752604166666667 0.825462962962963 0.5705729166666667 0.825 0.5703125 0.8245370370370371 0.5682291666666667 0.8185185185185185 0.56640625 0.8157407407407408 0.5661458333333333 0.812962962962963 0.5653645833333333 0.8092592592592592 0.5651041666666666 0.8087962962962963 0.56484375
6 0.8064814814814815 0.6510416666666666 0.8055555555555556 0.6513020833333333 0.8041666666666667 0.6520833333333333 0.8037037037037037 0.6520833333333333 0.8018518518518518 0.653125 0.8013888888888889 0.653125 0.7986111111111112 0.6546875 0.7986111111111112 0.6549479166666666 0.7958333333333333 0.65703125 0.7953703703703704 0.6578125 0.7925925925925926 0.6598958333333333 0.7921296296296296 0.6606770833333333 0.7902777777777777 0.6619791666666667 0.7902777777777777 0.6625 0.7893518518518519 0.66328125 0.7893518518518519 0.6638020833333333 0.7888888888888889 0.6640625 0.7888888888888889 0.66484375 0.788425925925926 0.6651041666666667 0.788425925925926 0.66796875 0.7888888888888889 0.6682291666666667 0.7888888888888889 0.6697916666666667 0.7893518518518519 0.6700520833333333 0.7893518518518519 0.67109375 0.7898148148148149 0.6713541666666667 0.7898148148148149 0.6723958333333333 0.7902777777777777 0.67265625 0.7902777777777777 0.6736979166666667 0.7907407407407407 0.6739583333333333 0.7907407407407407 0.6744791666666666 0.7916666666666666 0.675 0.7921296296296296 0.67578125 0.7930555555555555 0.6763020833333333 0.7939814814814815 0.6778645833333333 0.8004629629629629 0.6817708333333333 0.8009259259259259 0.6817708333333333 0.8027777777777778 0.6825520833333333 0.8037037037037037 0.6825520833333333 0.8050925925925926 0.6830729166666667 0.8060185185185185 0.6830729166666667 0.8087962962962963 0.6838541666666667 0.8106481481481481 0.6846354166666667 0.812037037037037 0.6846354166666667 0.8125 0.6848958333333334 0.8134259259259259 0.6848958333333334 0.8138888888888889 0.68515625 0.8148148148148148 0.68515625 0.8152777777777778 0.6854166666666667 0.8162037037037037 0.6854166666666667 0.8180555555555555 0.6859375 0.8208333333333333 0.6859375 0.8212962962962963 0.6861979166666666 0.8231481481481482 0.6861979166666666 0.8236111111111111 0.6864583333333333 0.825462962962963 0.6864583333333333 0.825925925925926 0.68671875 0.8347222222222223 0.68671875 0.8351851851851851 0.6864583333333333 0.8361111111111111 0.6864583333333333 0.837037037037037 0.6861979166666666 0.8384259259259259 0.6854166666666667 0.8393518518518519 0.684375 0.8416666666666667 0.6828125 0.8421296296296297 0.6822916666666666 0.8421296296296297 0.6817708333333333 0.8444444444444444 0.6791666666666667 0.8453703703703703 0.6786458333333333 0.8467592592592592 0.6770833333333334 0.8467592592592592 0.6765625 0.8495370370370371 0.6736979166666667 0.8495370370370371 0.6729166666666667 0.85 0.67265625 0.850462962962963 0.6713541666666667 0.8518518518518519 0.6697916666666667 0.8518518518518519 0.66875 0.8513888888888889 0.6684895833333333 0.8513888888888889 0.6658854166666667 0.850925925925926 0.665625 0.850925925925926 0.66484375 0.850462962962963 0.6645833333333333 0.850462962962963 0.6640625 0.85 0.6638020833333333 0.8495370370370371 0.6625 0.8486111111111111 0.66171875 0.8486111111111111 0.6611979166666667 0.8467592592592592 0.659375 0.8462962962962963 0.6580729166666667 0.8453703703703703 0.65703125 0.8425925925925926 0.6552083333333333 0.8416666666666667 0.6541666666666667 0.8412037037037037 0.6541666666666667 0.8402777777777778 0.6536458333333334 0.8398148148148148 0.6536458333333334 0.8388888888888889 0.653125 0.837037037037037 0.6526041666666667 0.8361111111111111 0.6526041666666667 0.8337962962962963 0.6518229166666667 0.8328703703703704 0.6518229166666667 0.8324074074074074 0.6515625 0.8314814814814815 0.6515625 0.8296296296296296 0.6510416666666666 0.8273148148148148 0.6510416666666666 0.8268518518518518 0.65078125 0.825 0.65078125 0.8245370370370371 0.6505208333333333 0.8222222222222222 0.6505208333333333 0.8217592592592593 0.6502604166666667 0.8101851851851852 0.6502604166666667 0.8087962962962963 0.65078125
2 0.9467592592592593 0.5260416666666666 0.9375 0.5260416666666666 0.9319444444444445 0.5268229166666667 0.9300925925925926 0.5286458333333334 0.9291666666666667 0.53359375 0.9337962962962963 0.5372395833333333 0.9365740740740741 0.5411458333333333 0.9361111111111111 0.55234375 0.9282407407407407 0.5796875 0.9259259259259259 0.5911458333333334 0.9212962962962963 0.6041666666666666 0.9120370370370371 0.6408854166666667 0.9120370370370371 0.6432291666666666 0.913425925925926 0.6466145833333333 0.9157407407407407 0.6481770833333333 0.9236111111111112 0.6502604166666667 0.9310185185185185 0.6502604166666667 0.9356481481481481 0.64765625 0.9384259259259259 0.6432291666666666 0.9430555555555555 0.62890625 0.9449074074074074 0.6200520833333333 0.9476851851851852 0.6135416666666667 0.9532407407407407 0.5872395833333334 0.9587962962962963 0.575 0.9601851851851851 0.5640625 0.9662037037037037 0.5434895833333333 0.9689814814814814 0.5411458333333333 0.9773148148148149 0.5393229166666667 0.9796296296296296 0.53671875 0.9800925925925926 0.5330729166666667 0.9787037037037037 0.53125 0.975925925925926 0.5299479166666666 0.9726851851851852 0.5291666666666667 0.9541666666666667 0.52734375
4 0.9592592592592593 0.3372395833333333 0.9587962962962963 0.3375 0.9583333333333334 0.3375 0.9550925925925926 0.33932291666666664 0.9550925925925926 0.33958333333333335 0.9546296296296296 0.33984375 0.9546296296296296 0.34010416666666665 0.9537037037037037 0.340625 0.9537037037037037 0.34088541666666666 0.9532407407407407 0.3411458333333333 0.9532407407407407 0.34140625 0.9527777777777777 0.3416666666666667 0.9518518518518518 0.34296875 0.950925925925926 0.34348958333333335 0.950925925925926 0.34401041666666665 0.950462962962963 0.34427083333333336 0.950462962962963 0.34453125 0.95 0.34479166666666666 0.95 0.3453125 0.9495370370370371 0.3455729166666667 0.9495370370370371 0.346875 0.9490740740740741 0.34713541666666664 0.9490740740740741 0.3489583333333333 0.9486111111111111 0.34921875 0.9486111111111111 0.3494791666666667 0.9490740740740741 0.3497395833333333 0.9490740740740741 0.35130208333333335 0.9495370370370371 0.3515625 0.9495370370370371 0.35260416666666666 0.95 0.3528645833333333 0.95 0.3536458333333333 0.950462962962963 0.35390625 0.950462962962963 0.35442708333333334 0.950925925925926 0.3546875 0.950925925925926 0.35546875 0.9518518518518518 0.35625 0.9518518518518518 0.3567708333333333 0.9523148148148148 0.35703125 0.9532407407407407 0.35833333333333334 0.9541666666666667 0.35885416666666664 0.9550925925925926 0.36015625 0.9560185185185185 0.3606770833333333 0.9564814814814815 0.3614583333333333 0.9592592592592593 0.36302083333333335 0.9597222222222223 0.36302083333333335 0.9629629629629629 0.3640625 0.9643518518518519 0.3640625 0.9648148148148148 0.36432291666666666 0.9666666666666667 0.36432291666666666 0.9671296296296297 0.3645833333333333 0.9694444444444444 0.3645833333333333 0.9699074074074074 0.36484375 0.9712962962962963 0.36484375 0.9717592592592592 0.3645833333333333 0.9745370370370371 0.3645833333333333 0.975 0.36432291666666666 0.9768518518518519 0.36432291666666666 0.9773148148148149 0.3640625 0.9791666666666666 0.3640625 0.9796296296296296 0.36380208333333336 0.9814814814814815 0.36380208333333336 0.9819444444444444 0.36354166666666665 0.9824074074074074 0.36354166666666665 0.9856481481481482 0.36171875 0.9856481481481482 0.3614583333333333 0.987037037037037 0.3606770833333333 0.987037037037037 0.36041666666666666 0.9912037037037037 0.3580729166666667 0.9916666666666667 0.3580729166666667 0.9925925925925926 0.3575520833333333 0.9930555555555556 0.3575520833333333 0.9949074074074075 0.35651041666666666 0.9949074074074075 0.35625 0.9953703703703703 0.35598958333333336 0.9958333333333333 0.35598958333333336 0.9976851851851852 0.35494791666666664 0.999537037037037 0.35494791666666664 0.999537037037037 0.3380208333333333 0.9976851851851852 0.3380208333333333 0.9972222222222222 0.33828125 0.9953703703703703 0.33828125 0.9949074074074075 0.3385416666666667 0.9925925925925926 0.3385416666666667 0.9921296296296296 0.33880208333333334 0.9907407407407407 0.33880208333333334 0.9902777777777778 0.3390625 0.9898148148148148 0.3390625 0.9884259259259259 0.3385416666666667 0.987037037037037 0.3385416666666667 0.986574074074074 0.33828125 0.9824074074074074 0.33828125 0.9819444444444444 0.3380208333333333 0.9800925925925926 0.3380208333333333 0.9796296296296296 0.3377604166666667 0.975925925925926 0.3377604166666667 0.975462962962963 0.3375 0.9717592592592592 0.3375 0.9712962962962963 0.3372395833333333
3 0.9662037037037037 0.56796875 0.9652777777777778 0.5684895833333333 0.9638888888888889 0.5700520833333333 0.9634259259259259 0.571875 0.9606481481481481 0.57578125 0.9606481481481481 0.5768229166666666 0.9611111111111111 0.5770833333333333 0.961574074074074 0.5786458333333333 0.9643518518518519 0.58125 0.9643518518518519 0.5817708333333333 0.9657407407407408 0.58359375 0.9662037037037037 0.5880208333333333 0.9657407407407408 0.58828125 0.9652777777777778 0.5908854166666667 0.962037037037037 0.5955729166666667 0.962037037037037 0.5963541666666666 0.9611111111111111 0.5973958333333333 0.9611111111111111 0.5981770833333333 0.9606481481481481 0.5984375 0.9601851851851851 0.5997395833333333 0.9583333333333334 0.6015625 0.9583333333333334 0.6020833333333333 0.9569444444444445 0.60390625 0.9569444444444445 0.6046875 0.9550925925925926 0.6072916666666667 0.9550925925925926 0.6080729166666666 0.9541666666666667 0.609375 0.9541666666666667 0.6104166666666667 0.9532407407407407 0.61171875 0.9527777777777777 0.6161458333333333 0.9532407407407407 0.61640625 0.9537037037037037 0.6190104166666667 0.9587962962962963 0.62109375 0.9606481481481481 0.62109375 0.9611111111111111 0.6213541666666667 0.9643518518518519 0.6216145833333333 0.9648148148148148 0.621875 0.9685185185185186 0.6223958333333334 0.9699074074074074 0.6229166666666667 0.9731481481481481 0.6229166666666667 0.9736111111111111 0.6231770833333333 0.975462962962963 0.6231770833333333 0.975925925925926 0.6229166666666667 0.9814814814814815 0.6229166666666667 0.9847222222222223 0.6221354166666667 0.9861111111111112 0.6213541666666667 0.9861111111111112 0.62109375 0.9902777777777778 0.6190104166666667 0.9912037037037037 0.61796875 0.9912037037037037 0.6174479166666667 0.9921296296296296 0.6169270833333333 0.9925925925925926 0.6161458333333333 0.9944444444444445 0.6151041666666667 0.9949074074074075 0.6143229166666667 0.9962962962962963 0.6135416666666667 0.999537037037037 0.61328125 0.999537037037037 0.5731770833333333 0.9976851851851852 0.5731770833333333 0.9958333333333333 0.5721354166666667 0.9921296296296296 0.5716145833333334 0.9884259259259259 0.5705729166666667 0.9861111111111112 0.5703125 0.9819444444444444 0.5690104166666666 0.9810185185185185 0.5690104166666666 0.9777777777777777 0.5682291666666667 0.975462962962963 0.5682291666666667 0.975 0.56796875 0.9722222222222222 0.56796875 0.9717592592592592 0.5682291666666667
1 0.9805555555555555 0.40286458333333336 0.9796296296296296 0.40338541666666666 0.9791666666666666 0.40338541666666666 0.9768518518518519 0.4046875 0.9768518518518519 0.4049479166666667 0.975925925925926 0.40546875 0.975925925925926 0.40572916666666664 0.975462962962963 0.40598958333333335 0.975462962962963 0.40625 0.975 0.40651041666666665 0.975 0.40703125 0.9745370370370371 0.40729166666666666 0.9745370370370371 0.4078125 0.9740740740740741 0.4080729166666667 0.9745370370370371 0.4083333333333333 0.9745370370370371 0.40859375 0.975 0.4088541666666667 0.975 0.40911458333333334 0.975462962962963 0.409375 0.975462962962963 0.40963541666666664 0.975925925925926 0.40989583333333335 0.975925925925926 0.41015625 0.9768518518518519 0.41067708333333336 0.9768518518518519 0.4109375 0.9787037037037037 0.4119791666666667 0.9791666666666666 0.4119791666666667 0.9814814814814815 0.41328125 0.9819444444444444 0.41328125 0.9842592592592593 0.41458333333333336 0.9847222222222223 0.41458333333333336 0.9898148148148148 0.41744791666666664 0.9902777777777778 0.41744791666666664 0.9944444444444445 0.4197916666666667 0.9949074074074075 0.4197916666666667 0.9953703703703703 0.4200520833333333 0.9958333333333333 0.4200520833333333 0.9962962962962963 0.4203125 0.9972222222222222 0.4203125 0.9976851851851852 0.4205729166666667 0.999537037037037 0.4205729166666667 0.999537037037037 0.40625 0.9976851851851852 0.40625 0.9972222222222222 0.40598958333333335 0.9967592592592592 0.40598958333333335 0.9953703703703703 0.40520833333333334 0.9953703703703703 0.4049479166666667 0.9944444444444445 0.4044270833333333 0.9944444444444445 0.4041666666666667 0.9939814814814815 0.4041666666666667 0.9935185185185185 0.40390625 0.9930555555555556 0.40390625 0.9925925925925926 0.4036458333333333 0.9921296296296296 0.4036458333333333 0.9916666666666667 0.40338541666666666 0.9912037037037037 0.40338541666666666 0.9902777777777778 0.40286458333333336 0.9898148148148148 0.40286458333333336 0.9893518518518518 0.40260416666666665 0.9888888888888889 0.40260416666666665 0.9879629629629629 0.40208333333333335 0.9875 0.40208333333333335 0.987037037037037 0.40182291666666664 0.986574074074074 0.40182291666666664 0.9861111111111112 0.4015625 0.9856481481481482 0.4015625 0.9851851851851852 0.40182291666666664 0.9847222222222223 0.40182291666666664 0.9842592592592593 0.40208333333333335 0.9833333333333333 0.40208333333333335 0.9828703703703704 0.40234375 0.9824074074074074 0.40234375 0.9819444444444444 0.40260416666666665 0.9814814814814815 0.40260416666666665 0.9810185185185185 0.40286458333333336
4 0.9976851851851852 0.23203125 0.9972222222222222 0.23229166666666667 0.9962962962962963 0.23229166666666667 0.9944444444444445 0.23333333333333334 0.9939814814814815 0.23333333333333334 0.9935185185185185 0.23359375 0.9935185185185185 0.23385416666666667 0.9921296296296296 0.23463541666666668 0.9921296296296296 0.23489583333333333 0.9902777777777778 0.2359375 0.9902777777777778 0.23619791666666667 0.9898148148148148 0.23645833333333333 0.9898148148148148 0.23671875 0.9893518518518518 0.23697916666666666 0.9893518518518518 0.23723958333333334 0.9888888888888889 0.2375 0.9888888888888889 0.23776041666666667 0.9884259259259259 0.23802083333333332 0.9884259259259259 0.23828125 0.9879629629629629 0.23854166666666668 0.9879629629629629 0.23880208333333333 0.987037037037037 0.23932291666666666 0.987037037037037 0.23958333333333334 0.9861111111111112 0.24036458333333333 0.9861111111111112 0.24088541666666666 0.9856481481481482 0.24114583333333334 0.9856481481481482 0.24140625 0.9851851851851852 0.24166666666666667 0.9851851851851852 0.24192708333333332 0.9847222222222223 0.2421875 0.9847222222222223 0.24244791666666668 0.9842592592592593 0.24270833333333333 0.9842592592592593 0.24296875 0.9828703703703704 0.24375 0.9828703703703704 0.24401041666666667 0.9824074074074074 0.24427083333333333 0.9824074074074074 0.24505208333333334 0.9819444444444444 0.2453125 0.9819444444444444 0.246875 0.9814814814814815 0.24713541666666666 0.9814814814814815 0.24895833333333334 0.9810185185185185 0.24921875 0.9810185185185185 0.2557291666666667 0.9814814814814815 0.2559895833333333 0.9814814814814815 0.25677083333333334 0.9819444444444444 0.25703125 0.9819444444444444 0.25755208333333335 0.9824074074074074 0.2578125 0.9824074074074074 0.25807291666666665 0.9837962962962963 0.25885416666666666 0.9842592592592593 0.25885416666666666 0.9856481481481482 0.2596354166666667 0.986574074074074 0.2596354166666667 0.987037037037037 0.2598958333333333 0.9879629629629629 0.2598958333333333 0.9884259259259259 0.26015625 0.9893518518518518 0.26015625 0.9898148148148148 0.2604166666666667 0.9912037037037037 0.2604166666666667 0.9916666666666667 0.26067708333333334 0.9925925925925926 0.26067708333333334 0.9930555555555556 0.2609375 0.9939814814814815 0.2609375 0.9944444444444445 0.26119791666666664 0.9958333333333333 0.26119791666666664 0.9962962962962963 0.26145833333333335 0.9976851851851852 0.26145833333333335 0.9981481481481481 0.26171875 0.999537037037037 0.26171875 0.999537037037037 0.23203125
