1 0.5902777777777778 0.4356770833333333 0.5902777777777778 0.43645833333333334 0.5898148148148148 0.43671875 0.5898148148148148 0.43723958333333335 0.5893518518518519 0.4375 0.5893518518518519 0.43802083333333336 0.5884259259259259 0.4390625 0.5884259259259259 0.43984375 0.5888888888888889 0.4401041666666667 0.5888888888888889 0.440625 0.5893518518518519 0.44088541666666664 0.5893518518518519 0.44140625 0.5902777777777778 0.44244791666666666 0.5916666666666667 0.4432291666666667 0.5925925925925926 0.4434895833333333 0.5939814814814814 0.4434895833333333 0.5958333333333333 0.4440104166666667 0.5967592592592592 0.4440104166666667 0.6027777777777777 0.44583333333333336 0.6037037037037037 0.44583333333333336 0.6055555555555555 0.44635416666666666 0.6069444444444444 0.44635416666666666 0.6074074074074074 0.4466145833333333 0.6083333333333333 0.4466145833333333 0.6087962962962963 0.446875 0.6097222222222223 0.446875 0.6101851851851852 0.4471354166666667 0.6111111111111112 0.4471354166666667 0.611574074074074 0.4473958333333333 0.6125 0.4473958333333333 0.6129629629629629 0.44765625 0.6138888888888889 0.44765625 0.6143518518518518 0.4479166666666667 0.6152777777777778 0.4479166666666667 0.6171296296296296 0.4484375 0.6185185185185185 0.4484375 0.6189814814814815 0.44869791666666664 0.6199074074074075 0.44869791666666664 0.6203703703703703 0.44895833333333335 0.6212962962962963 0.44895833333333335 0.6217592592592592 0.44921875 0.6226851851851852 0.44921875 0.6236111111111111 0.44947916666666665 0.6263888888888889 0.4510416666666667 0.6268518518518519 0.4518229166666667 0.6277777777777778 0.45234375 0.6282407407407408 0.453125 0.6291666666666667 0.45364583333333336 0.6300925925925925 0.4546875 0.6310185185185185 0.4552083333333333 0.6314814814814815 0.4552083333333333 0.6347222222222222 0.45703125 0.6356481481481482 0.45703125 0.6361111111111111 0.45729166666666665 0.6370370370370371 0.45729166666666665 0.6375 0.45755208333333336 0.638425925925926 0.45755208333333336 0.6388888888888888 0.4578125 0.6398148148148148 0.4578125 0.6416666666666667 0.4583333333333333 0.6435185185185185 0.4583333333333333 0.6439814814814815 0.45859375 0.6453703703703704 0.45859375 0.6458333333333334 0.4588541666666667 0.649074074074074 0.4588541666666667 0.649537037037037 0.4591145833333333 0.6541666666666667 0.4591145833333333 0.6587962962962963 0.45598958333333334 0.6597222222222222 0.4549479166666667 0.6601851851851852 0.45364583333333336 0.6611111111111111 0.45260416666666664 0.6620370370370371 0.45208333333333334 0.6620370370370371 0.4515625 0.663425925925926 0.45026041666666666 0.663425925925926 0.44973958333333336 0.6638888888888889 0.44947916666666665 0.6638888888888889 0.44895833333333335 0.6643518518518519 0.44869791666666664 0.6643518518518519 0.44817708333333334 0.6652777777777777 0.4471354166666667 0.6652777777777777 0.44635416666666666 0.6657407407407407 0.44609375 0.6657407407407407 0.44479166666666664 0.6662037037037037 0.44453125 0.6662037037037037 0.44296875 0.6648148148148149 0.44192708333333336 0.6643518518518519 0.44192708333333336 0.6625 0.44114583333333335 0.6574074074074074 0.44088541666666664 0.6564814814814814 0.44036458333333334 0.6550925925925926 0.4401041666666667 0.6541666666666667 0.4395833333333333 0.6532407407407408 0.4393229166666667 0.6523148148148148 0.4393229166666667 0.6486111111111111 0.43828125 0.6458333333333334 0.43697916666666664 0.6444444444444445 0.43697916666666664 0.6439814814814815 0.43671875 0.6416666666666667 0.43671875 0.6412037037037037 0.43697916666666664 0.6388888888888888 0.43723958333333335 0.637962962962963 0.43776041666666665 0.6342592592592593 0.4388020833333333 0.6337962962962963 0.43854166666666666 0.6310185185185185 0.43854166666666666 0.6305555555555555 0.43828125 0.6263888888888889 0.43802083333333336 0.625 0.4375 0.6240740740740741 0.4375 0.6222222222222222 0.43697916666666664 0.6199074074074075 0.43697916666666664 0.6194444444444445 0.43671875 0.6185185185185185 0.43671875 0.6162037037037037 0.4359375 0.6152777777777778 0.4359375 0.6134259259259259 0.4354166666666667 0.6106481481481482 0.4354166666666667 0.6101851851851852 0.43515625 0.6078703703703704 0.43515625 0.6074074074074074 0.4348958333333333 0.6060185185185185 0.4348958333333333 0.6055555555555555 0.43463541666666666 0.6037037037037037 0.43463541666666666 0.6032407407407407 0.434375 0.6018518518518519 0.434375 0.6 0.43385416666666665 0.5949074074074074 0.43385416666666665 0.5944444444444444 0.43411458333333336 0.5935185185185186 0.43411458333333336 0.5916666666666667 0.43463541666666666
3 0.5837962962962963 0.20572916666666666 0.5796296296296296 0.20494791666666667 0.5736111111111111 0.20651041666666667 0.5726851851851852 0.20651041666666667 0.5666666666666667 0.20833333333333334 0.5657407407407408 0.20885416666666667 0.5638888888888889 0.21145833333333333 0.5634259259259259 0.21432291666666667 0.562962962962963 0.21458333333333332 0.5625 0.21640625 0.5606481481481481 0.2171875 0.5578703703703703 0.21901041666666668 0.5555555555555556 0.21979166666666666 0.5523148148148148 0.22005208333333334 0.5504629629629629 0.22057291666666667 0.5462962962962963 0.22239583333333332 0.5430555555555555 0.22317708333333333 0.5421296296296296 0.22369791666666666 0.5342592592592592 0.22604166666666667 0.5333333333333333 0.2265625 0.525 0.22890625 0.5166666666666667 0.23203125 0.5148148148148148 0.23229166666666667 0.513425925925926 0.23307291666666666 0.5115740740740741 0.2359375 0.5120370370370371 0.23776041666666667 0.5125 0.23802083333333332 0.5125 0.2390625 0.512962962962963 0.23932291666666666 0.512962962962963 0.24036458333333333 0.5175925925925926 0.24427083333333333 0.5208333333333334 0.24791666666666667 0.5212962962962963 0.24895833333333334 0.525 0.2515625 0.5277777777777778 0.2515625 0.5291666666666667 0.2518229166666667 0.5333333333333333 0.25078125 0.5342592592592592 0.25078125 0.5356481481481481 0.25026041666666665 0.5365740740740741 0.25026041666666665 0.5402777777777777 0.24921875 0.5435185185185185 0.24791666666666667 0.5462962962962963 0.24713541666666666 0.5472222222222223 0.24713541666666666 0.5527777777777778 0.2453125 0.5537037037037037 0.2453125 0.5583333333333333 0.24348958333333334 0.5601851851851852 0.24322916666666666 0.5643518518518519 0.24192708333333332 0.5657407407407408 0.24192708333333332 0.5680555555555555 0.24140625 0.5699074074074074 0.24140625 0.5703703703703704 0.24114583333333334 0.5722222222222222 0.24114583333333334 0.5726851851851852 0.24088541666666666 0.5745370370370371 0.24088541666666666 0.575 0.240625 0.5791666666666667 0.240625 0.5796296296296296 0.24036458333333333 0.5833333333333334 0.24140625 0.5847222222222223 0.24140625 0.587037037037037 0.24192708333333332 0.5916666666666667 0.24192708333333332 0.5921296296296297 0.24166666666666667 0.5944444444444444 0.24166666666666667 0.5949074074074074 0.24140625 0.5995370370370371 0.24088541666666666 0.6032407407407407 0.23880208333333333 0.6060185185185185 0.23619791666666667 0.6064814814814815 0.23333333333333334 0.6069444444444444 0.23307291666666666 0.6069444444444444 0.23151041666666666 0.6064814814814815 0.23125 0.6060185185185185 0.22838541666666667 0.6041666666666666 0.22552083333333334 0.6041666666666666 0.22473958333333333 0.6027777777777777 0.22317708333333333 0.6013888888888889 0.22005208333333334 0.6 0.21875 0.5981481481481481 0.21770833333333334 0.5907407407407408 0.209375
4 0.5421296296296296 0.44244791666666666 0.5402777777777777 0.4440104166666667 0.537962962962963 0.4471354166666667 0.5393518518518519 0.45078125 0.5421296296296296 0.45234375 0.5486111111111112 0.4546875 0.5550925925925926 0.45625 0.5560185185185185 0.45625 0.562962962962963 0.4583333333333333 0.5638888888888889 0.4588541666666667 0.5699074074074074 0.46041666666666664 0.5708333333333333 0.4609375 0.575 0.46197916666666666 0.575925925925926 0.46197916666666666 0.5787037037037037 0.4635416666666667 0.5810185185185185 0.46432291666666664 0.5879629629629629 0.465625 0.5907407407407408 0.46640625 0.5912037037037037 0.4669270833333333 0.5925925925925926 0.4674479166666667 0.5986111111111111 0.46848958333333335 0.6018518518518519 0.46953125 0.6060185185185185 0.4703125 0.6078703703703704 0.47109375 0.6111111111111112 0.4713541666666667 0.6134259259259259 0.47239583333333335 0.6148148148148148 0.47265625 0.6180555555555556 0.4744791666666667 0.6199074074074075 0.4786458333333333 0.6240740740740741 0.4822916666666667 0.625462962962963 0.4825520833333333 0.6291666666666667 0.4825520833333333 0.6305555555555555 0.4822916666666667 0.6365740740740741 0.4783854166666667 0.6375 0.47708333333333336 0.6421296296296296 0.47317708333333336 0.6481481481481481 0.4669270833333333 0.6481481481481481 0.465625 0.6486111111111111 0.46536458333333336 0.6486111111111111 0.4622395833333333 0.6462962962962963 0.46067708333333335 0.6416666666666667 0.4591145833333333 0.6370370370370371 0.4588541666666667 0.6310185185185185 0.46067708333333335 0.6268518518518519 0.46041666666666664 0.6199074074074075 0.4583333333333333 0.6175925925925926 0.45807291666666666 0.6092592592592593 0.45598958333333334 0.6083333333333333 0.45546875 0.6032407407407407 0.45416666666666666 0.5995370370370371 0.45260416666666664 0.5944444444444444 0.4510416666666667 0.5847222222222223 0.44921875 0.5768518518518518 0.446875 0.575925925925926 0.446875 0.5699074074074074 0.44479166666666664 0.5634259259259259 0.4432291666666667 0.5578703703703703 0.4421875 0.5564814814814815 0.4421875 0.5523148148148148 0.44114583333333335 0.549537037037037 0.44114583333333335 0.549074074074074 0.44088541666666664 0.5476851851851852 0.44114583333333335 0.5449074074074074 0.44114583333333335
4 0.5925925925925926 0.4747395833333333 0.5916666666666667 0.47369791666666666 0.5879629629629629 0.47161458333333334 0.5861111111111111 0.4713541666666667 0.5837962962962963 0.4705729166666667 0.5833333333333334 0.4708333333333333 0.5800925925925926 0.47109375 0.5791666666666667 0.4713541666666667 0.5763888888888888 0.47317708333333336 0.575462962962963 0.475 0.575 0.4783854166666667 0.5712962962962963 0.47994791666666664 0.5638888888888889 0.48203125 0.5597222222222222 0.4822916666666667 0.5569444444444445 0.48333333333333334 0.5523148148148148 0.48359375 0.5467592592592593 0.48489583333333336 0.5449074074074074 0.48489583333333336 0.5421296296296296 0.4856770833333333 0.5365740740740741 0.4864583333333333 0.5351851851851852 0.4869791666666667 0.5328703703703703 0.48723958333333334 0.5287037037037037 0.48828125 0.5222222222222223 0.4890625 0.5180555555555556 0.4901041666666667 0.513425925925926 0.4903645833333333 0.5092592592592593 0.49140625 0.5023148148148148 0.4921875 0.4986111111111111 0.4934895833333333 0.49444444444444446 0.4942708333333333 0.4912037037037037 0.4953125 0.49027777777777776 0.4953125 0.48564814814814816 0.49765625 0.48518518518518516 0.5013020833333334 0.4847222222222222 0.5018229166666667 0.4888888888888889 0.5057291666666667 0.49027777777777776 0.50625 0.49166666666666664 0.50625 0.49398148148148147 0.5067708333333333 0.49675925925925923 0.5067708333333333 0.49722222222222223 0.50703125 0.5064814814814815 0.50703125 0.5083333333333333 0.5065104166666666 0.512962962962963 0.50625 0.5175925925925926 0.5052083333333334 0.5194444444444445 0.5052083333333334 0.525 0.5041666666666667 0.5282407407407408 0.50390625 0.5333333333333333 0.5026041666666666 0.5412037037037037 0.5018229166666667 0.5439814814814815 0.5013020833333334 0.55 0.49947916666666664 0.5513888888888889 0.49947916666666664 0.5560185185185185 0.4984375 0.5689814814814815 0.4979166666666667 0.5694444444444444 0.49765625 0.5745370370370371 0.49765625 0.575925925925926 0.4979166666666667 0.5791666666666667 0.496875 0.5800925925925926 0.496875 0.5824074074074074 0.4979166666666667 0.5875 0.49895833333333334 0.5902777777777778 0.49895833333333334 0.5907407407407408 0.49921875 0.5958333333333333 0.49895833333333334 0.5990740740740741 0.4979166666666667 0.5995370370370371 0.4973958333333333 0.6 0.4953125 0.600462962962963 0.49505208333333334 0.600462962962963 0.4895833333333333 0.6 0.48932291666666666 0.5995370370370371 0.4859375 0.5976851851851852 0.48333333333333334 0.5976851851851852 0.4825520833333333 0.5949074074074074 0.4778645833333333 0.5935185185185186 0.4765625
4 0.35555555555555557 0.33359375 0.35462962962962963 0.33697916666666666 0.3541666666666667 0.3372395833333333 0.3541666666666667 0.3416666666666667 0.3574074074074074 0.34375 0.36203703703703705 0.3453125 0.3680555555555556 0.34609375 0.3685185185185185 0.3463541666666667 0.3726851851851852 0.34661458333333334 0.3768518518518518 0.34739583333333335 0.3787037037037037 0.34739583333333335 0.37916666666666665 0.34765625 0.38101851851851853 0.34765625 0.3837962962962963 0.34817708333333336 0.3888888888888889 0.3484375 0.38935185185185184 0.34869791666666666 0.39305555555555555 0.3489583333333333 0.39537037037037037 0.3494791666666667 0.4013888888888889 0.3497395833333333 0.4060185185185185 0.35052083333333334 0.4125 0.35104166666666664 0.4148148148148148 0.3515625 0.4166666666666667 0.3515625 0.41712962962962963 0.35182291666666665 0.4222222222222222 0.35234375 0.42407407407407405 0.3528645833333333 0.4273148148148148 0.3528645833333333 0.4310185185185185 0.3536458333333333 0.4324074074074074 0.3536458333333333 0.43287037037037035 0.35390625 0.4388888888888889 0.3546875 0.44351851851851853 0.35703125 0.44351851851851853 0.3575520833333333 0.4462962962962963 0.3611979166666667 0.45046296296296295 0.36223958333333334 0.45231481481481484 0.36223958333333334 0.4527777777777778 0.3625 0.45787037037037037 0.36223958333333334 0.4597222222222222 0.36171875 0.4615740740740741 0.3606770833333333 0.4634259259259259 0.35885416666666664 0.4648148148148148 0.35546875 0.4652777777777778 0.35520833333333335 0.4652777777777778 0.3541666666666667 0.4666666666666667 0.35182291666666665 0.4666666666666667 0.35052083333333334 0.4671296296296296 0.3502604166666667 0.4671296296296296 0.3489583333333333 0.4675925925925926 0.34869791666666666 0.4685185185185185 0.340625 0.46805555555555556 0.34036458333333336 0.4675925925925926 0.3377604166666667 0.4666666666666667 0.33671875 0.46296296296296297 0.33541666666666664 0.46111111111111114 0.33541666666666664 0.46064814814814814 0.33515625 0.4546296296296296 0.33515625 0.44907407407407407 0.3385416666666667 0.4476851851851852 0.3390625 0.44537037037037036 0.3390625 0.4449074074074074 0.33880208333333334 0.4425925925925926 0.33880208333333334 0.43796296296296294 0.3380208333333333 0.43425925925925923 0.3380208333333333 0.43148148148148147 0.3375 0.42407407407407405 0.33697916666666666 0.4236111111111111 0.33671875 0.4222222222222222 0.33671875 0.4217592592592593 0.33645833333333336 0.4203703703703704 0.33645833333333336 0.41435185185185186 0.33541666666666664 0.4125 0.33541666666666664 0.41203703703703703 0.33515625 0.40925925925925927 0.33515625 0.40879629629629627 0.33489583333333334 0.4064814814814815 0.33489583333333334 0.4060185185185185 0.3346354166666667 0.4041666666666667 0.3346354166666667 0.40370370370370373 0.334375 0.40185185185185185 0.334375 0.3990740740740741 0.3338541666666667 0.3921296296296296 0.33359375 0.39166666666666666 0.3333333333333333 0.38935185185185184 0.3333333333333333 0.3888888888888889 0.33307291666666666 0.38657407407407407 0.33307291666666666 0.3861111111111111 0.3328125 0.3837962962962963 0.3328125 0.38333333333333336 0.33255208333333336 0.38101851851851853 0.33255208333333336 0.38055555555555554 0.33229166666666665 0.37546296296296294 0.33203125 0.375 0.33177083333333335 0.3726851851851852 0.33177083333333335 0.37222222222222223 0.33151041666666664 0.3662037037037037 0.33125 0.36574074074074076 0.33098958333333334 0.362962962962963 0.33098958333333334 0.3625 0.33125 0.36018518518518516 0.33125 0.3574074074074074 0.33177083333333335
5 0.7171296296296297 0.3770833333333333 0.711574074074074 0.3770833333333333 0.7101851851851851 0.3776041666666667 0.7092592592592593 0.3776041666666667 0.7064814814814815 0.37916666666666665 0.7041666666666667 0.38125 0.7041666666666667 0.38177083333333334 0.7027777777777777 0.38359375 0.7027777777777777 0.384375 0.7023148148148148 0.3846354166666667 0.7027777777777777 0.3848958333333333 0.7037037037037037 0.38697916666666665 0.7069444444444445 0.38984375 0.7069444444444445 0.39036458333333335 0.7078703703703704 0.39140625 0.7078703703703704 0.3921875 0.7083333333333334 0.3924479166666667 0.7074074074074074 0.39375 0.7069444444444445 0.39609375 0.7046296296296296 0.39869791666666665 0.7037037037037037 0.4005208333333333 0.700925925925926 0.4036458333333333 0.7 0.4041666666666667 0.6995370370370371 0.40520833333333334 0.6972222222222222 0.40703125 0.6953703703703704 0.409375 0.6930555555555555 0.4109375 0.6898148148148148 0.41484375 0.6888888888888889 0.4153645833333333 0.6851851851851852 0.41953125 0.6856481481481481 0.42135416666666664 0.6865740740740741 0.42213541666666665 0.6865740740740741 0.42265625 0.6875 0.4236979166666667 0.6884259259259259 0.42421875 0.6976851851851852 0.4270833333333333 0.6990740740740741 0.4270833333333333 0.7013888888888888 0.4276041666666667 0.7060185185185185 0.4276041666666667 0.7087962962962963 0.42682291666666666 0.7143518518518519 0.4236979166666667 0.7185185185185186 0.4205729166666667 0.7212962962962963 0.41692708333333334 0.7236111111111111 0.41510416666666666 0.725 0.41328125 0.7268518518518519 0.4119791666666667 0.7273148148148149 0.41119791666666666 0.7287037037037037 0.41041666666666665 0.7305555555555555 0.40859375 0.7361111111111112 0.40546875 0.736574074074074 0.40546875 0.7416666666666667 0.40260416666666665 0.7444444444444445 0.4015625 0.7476851851851852 0.40130208333333334 0.7486111111111111 0.40182291666666664 0.7513888888888889 0.40260416666666665 0.7555555555555555 0.4015625 0.7606481481481482 0.3966145833333333 0.7611111111111111 0.3924479166666667 0.7592592592592593 0.39036458333333335 0.750462962962963 0.3859375 0.7486111111111111 0.3854166666666667 0.7439814814814815 0.38333333333333336 0.7421296296296296 0.38307291666666665 0.7412037037037037 0.38255208333333335 0.7384259259259259 0.38177083333333334 0.7375 0.38177083333333334 0.7342592592592593 0.3807291666666667 0.7333333333333333 0.3807291666666667 0.7287037037037037 0.37942708333333336 0.725462962962963 0.37916666666666665 0.7208333333333333 0.3776041666666667 0.7175925925925926 0.37734375
3 0.7217592592592592 0.4510416666666667 0.7203703703703703 0.4510416666666667 0.7199074074074074 0.45078125 0.7162037037037037 0.45078125 0.7157407407407408 0.4510416666666667 0.7143518518518519 0.4510416666666667 0.7074074074074074 0.4544270833333333 0.7064814814814815 0.4557291666666667 0.7055555555555556 0.4591145833333333 0.7087962962962963 0.4625 0.7087962962962963 0.4669270833333333 0.7083333333333334 0.4671875 0.7083333333333334 0.46770833333333334 0.7055555555555556 0.4700520833333333 0.7037037037037037 0.47239583333333335 0.7 0.4744791666666667 0.6930555555555555 0.47994791666666664 0.6837962962962963 0.48541666666666666 0.6814814814814815 0.48723958333333334 0.6810185185185185 0.48802083333333335 0.6773148148148148 0.4901041666666667 0.6773148148148148 0.490625 0.6763888888888889 0.49166666666666664 0.6763888888888889 0.49244791666666665 0.6759259259259259 0.49270833333333336 0.6759259259259259 0.4934895833333333 0.6754629629629629 0.49375 0.6759259259259259 0.49453125 0.6814814814814815 0.4979166666666667 0.6842592592592592 0.4986979166666667 0.6893518518518519 0.5018229166666667 0.6907407407407408 0.5018229166666667 0.6912037037037037 0.5020833333333333 0.6935185185185185 0.50234375 0.6939814814814815 0.5020833333333333 0.6981481481481482 0.5018229166666667 0.700462962962963 0.5010416666666667 0.7013888888888888 0.5010416666666667 0.7032407407407407 0.5005208333333333 0.7097222222222223 0.4973958333333333 0.7097222222222223 0.49713541666666666 0.7171296296296297 0.49270833333333336 0.7212962962962963 0.4895833333333333 0.7324074074074074 0.4830729166666667 0.7356481481481482 0.4822916666666667 0.7398148148148148 0.48046875 0.7462962962962963 0.48046875 0.7467592592592592 0.48072916666666665 0.7481481481481481 0.48072916666666665 0.750462962962963 0.48151041666666666 0.7527777777777778 0.48151041666666666 0.7564814814814815 0.48020833333333335 0.7597222222222222 0.4783854166666667 0.7601851851851852 0.47734375 0.7611111111111111 0.4765625 0.7611111111111111 0.47604166666666664 0.762962962962963 0.47421875 0.762962962962963 0.47109375 0.763425925925926 0.4705729166666667 0.762962962962963 0.4705729166666667 0.7606481481481482 0.46927083333333336 0.7578703703703704 0.4669270833333333 0.7523148148148148 0.46458333333333335 0.7486111111111111 0.4625 0.7481481481481481 0.4625 0.7444444444444445 0.46015625 0.7425925925925926 0.4596354166666667 0.7282407407407407 0.453125 0.7226851851851852 0.4515625
4 0.8027777777777778 0.13854166666666667 0.7986111111111112 0.14192708333333334 0.7986111111111112 0.14635416666666667 0.8032407407407407 0.15078125 0.8097222222222222 0.15442708333333333 0.8097222222222222 0.1546875 0.8138888888888889 0.15677083333333333 0.8180555555555555 0.15963541666666667 0.8185185185185185 0.15963541666666667 0.8263888888888888 0.16458333333333333 0.8273148148148148 0.16588541666666667 0.8291666666666667 0.1671875 0.8296296296296296 0.16796875 0.8324074074074074 0.16953125 0.8324074074074074 0.16979166666666667 0.8351851851851851 0.17083333333333334 0.8439814814814814 0.17604166666666668 0.8453703703703703 0.17786458333333333 0.8453703703703703 0.18072916666666666 0.8458333333333333 0.18098958333333334 0.8458333333333333 0.18177083333333333 0.8453703703703703 0.18203125 0.8453703703703703 0.18463541666666666 0.8449074074074074 0.18541666666666667 0.8481481481481481 0.18958333333333333 0.8537037037037037 0.1921875 0.8550925925925926 0.1921875 0.8574074074074074 0.19270833333333334 0.861574074074074 0.19192708333333333 0.8638888888888889 0.19088541666666667 0.8699074074074075 0.1890625 0.8787037037037037 0.18463541666666666 0.8828703703703704 0.18177083333333333 0.8833333333333333 0.18098958333333334 0.8870370370370371 0.17786458333333333 0.8870370370370371 0.17369791666666667 0.8842592592592593 0.17109375 0.8824074074074074 0.16979166666666667 0.8777777777777778 0.16875 0.875462962962963 0.16875 0.8722222222222222 0.16979166666666667 0.8708333333333333 0.16979166666666667 0.8689814814814815 0.1703125 0.8675925925925926 0.16979166666666667 0.8652777777777778 0.16953125 0.8606481481481482 0.16692708333333334 0.8597222222222223 0.16588541666666667 0.8550925925925926 0.16302083333333334 0.8541666666666666 0.16197916666666667 0.8527777777777777 0.16145833333333334 0.8458333333333333 0.15729166666666666 0.8412037037037037 0.15390625 0.8384259259259259 0.15234375 0.8342592592592593 0.14895833333333333 0.8273148148148148 0.14479166666666668 0.825925925925926 0.14348958333333334 0.8208333333333333 0.14036458333333332 0.8203703703703704 0.14036458333333332 0.8171296296296297 0.13854166666666667 0.812962962962963 0.1375 0.8106481481481481 0.1375 0.8101851851851852 0.13723958333333333 0.8097222222222222 0.1375 0.8060185185185185 0.1375
1 0.7453703703703703 0.4901041666666667 0.7449074074074075 0.4908854166666667 0.7439814814814815 0.49140625 0.7430555555555556 0.49244791666666665 0.7430555555555556 0.49296875 0.7421296296296296 0.49375 0.7421296296296296 0.4942708333333333 0.7439814814814815 0.49635416666666665 0.7449074074074075 0.496875 0.7458333333333333 0.4979166666666667 0.7490740740740741 0.49973958333333335 0.7490740740740741 0.5 0.75 0.5005208333333333 0.7518518518518519 0.5028645833333333 0.7550925925925925 0.5046875 0.7550925925925925 0.5049479166666667 0.7564814814814815 0.5057291666666667 0.7564814814814815 0.5059895833333333 0.7574074074074074 0.5065104166666666 0.7583333333333333 0.5075520833333333 0.7620370370370371 0.5098958333333333 0.7625 0.5106770833333333 0.763425925925926 0.5111979166666667 0.7648148148148148 0.5127604166666667 0.7648148148148148 0.5135416666666667 0.7652777777777777 0.5138020833333333 0.7652777777777777 0.5151041666666667 0.7657407407407407 0.5153645833333333 0.7657407407407407 0.5171875 0.7662037037037037 0.5174479166666667 0.7662037037037037 0.51796875 0.7671296296296296 0.51875 0.7671296296296296 0.5192708333333333 0.7675925925925926 0.5197916666666667 0.7708333333333334 0.521875 0.7712962962962963 0.521875 0.7736111111111111 0.5231770833333333 0.774074074074074 0.5231770833333333 0.7754629629629629 0.5239583333333333 0.7759259259259259 0.5239583333333333 0.7791666666666667 0.52578125 0.7796296296296297 0.52578125 0.7814814814814814 0.5265625 0.7837962962962963 0.5268229166666667 0.7842592592592592 0.5265625 0.7865740740740741 0.5265625 0.7870370370370371 0.5263020833333333 0.788425925925926 0.5263020833333333 0.7888888888888889 0.5260416666666666 0.7898148148148149 0.5260416666666666 0.7902777777777777 0.52578125 0.7925925925925926 0.5255208333333333 0.7944444444444444 0.5247395833333334 0.7986111111111112 0.5236979166666667 0.8032407407407407 0.5213541666666667 0.8032407407407407 0.52109375 0.8041666666666667 0.5205729166666667 0.8050925925925926 0.51953125 0.8064814814814815 0.51875 0.8074074074074075 0.5177083333333333 0.8074074074074075 0.5169270833333334 0.8069444444444445 0.5166666666666667 0.8069444444444445 0.515625 0.8064814814814815 0.5153645833333333 0.8064814814814815 0.5145833333333333 0.8050925925925926 0.5130208333333334 0.799537037037037 0.51015625 0.799074074074074 0.5096354166666667 0.799074074074074 0.5091145833333334 0.7986111111111112 0.5088541666666667 0.7986111111111112 0.5083333333333333 0.7981481481481482 0.5080729166666667 0.7981481481481482 0.5075520833333333 0.7967592592592593 0.5059895833333333 0.7958333333333333 0.50546875 0.7939814814814815 0.5049479166666667 0.7925925925925926 0.5049479166666667 0.7921296296296296 0.5046875 0.7902777777777777 0.5046875 0.7898148148148149 0.5044270833333333 0.7851851851851852 0.5044270833333333 0.7847222222222222 0.5041666666666667 0.7828703703703703 0.5041666666666667 0.7796296296296297 0.50234375 0.7796296296296297 0.5020833333333333 0.7754629629629629 0.49973958333333335 0.775 0.49973958333333335 0.774537037037037 0.49921875 0.7694444444444445 0.49635416666666665 0.7694444444444445 0.49609375 0.7675925925925926 0.49505208333333334 0.7666666666666667 0.4940104166666667 0.7597222222222222 0.4901041666666667 0.7578703703703704 0.4895833333333333 0.7560185185185185 0.48854166666666665 0.7550925925925925 0.48854166666666665 0.7546296296296297 0.48828125 0.7523148148148148 0.48828125 0.7518518518518519 0.48802083333333335 0.7486111111111111 0.4890625 0.7476851851851852 0.4890625 0.7458333333333333 0.4901041666666667
4 0.799074074074074 0.678125 0.7828703703703703 0.6682291666666667 0.7805555555555556 0.6677083333333333 0.7796296296296297 0.6671875 0.775 0.6674479166666667 0.7699074074074074 0.6697916666666667 0.7685185185185185 0.6721354166666667 0.7680555555555556 0.6739583333333333 0.7671296296296296 0.675 0.7671296296296296 0.67578125 0.7648148148148148 0.67890625 0.7574074074074074 0.6833333333333333 0.7550925925925925 0.6841145833333333 0.749537037037037 0.6872395833333333 0.7439814814814815 0.6893229166666667 0.7356481481481482 0.6932291666666667 0.7319444444444444 0.6942708333333333 0.7287037037037037 0.69609375 0.725462962962963 0.6971354166666667 0.7194444444444444 0.6997395833333333 0.7148148148148148 0.7010416666666667 0.711574074074074 0.7028645833333333 0.7055555555555556 0.7049479166666667 0.6986111111111111 0.70859375 0.6972222222222222 0.7104166666666667 0.6967592592592593 0.7125 0.6962962962962963 0.7127604166666667 0.6976851851851852 0.7145833333333333 0.7013888888888888 0.7171875 0.7046296296296296 0.71796875 0.7106481481481481 0.71796875 0.7111111111111111 0.7177083333333333 0.7138888888888889 0.7174479166666666 0.7180555555555556 0.7161458333333334 0.7208333333333333 0.7158854166666667 0.7245370370370371 0.71484375 0.7273148148148149 0.7135416666666666 0.7287037037037037 0.71328125 0.7333333333333333 0.7114583333333333 0.7361111111111112 0.7098958333333333 0.7388888888888889 0.7091145833333333 0.7421296296296296 0.7075520833333333 0.7472222222222222 0.7057291666666666 0.7532407407407408 0.7026041666666667 0.7560185185185185 0.7018229166666666 0.7657407407407407 0.6979166666666666 0.7671296296296296 0.69765625 0.7787037037037037 0.6934895833333333 0.7870370370370371 0.6919270833333333 0.7953703703703704 0.6919270833333333 0.7958333333333333 0.6916666666666667 0.7981481481481482 0.6916666666666667 0.8055555555555556 0.6893229166666667 0.8060185185185185 0.6888020833333334 0.8064814814814815 0.6854166666666667
5 0.9708333333333333 0.6260416666666667 0.9703703703703703 0.62578125 0.9703703703703703 0.62421875 0.9699074074074074 0.6239583333333333 0.9699074074074074 0.62265625 0.9689814814814814 0.6213541666666667 0.9689814814814814 0.6203125 0.9675925925925926 0.6182291666666667 0.9666666666666667 0.6174479166666667 0.9634259259259259 0.6171875 0.9629629629629629 0.6169270833333333 0.9611111111111111 0.6169270833333333 0.9606481481481481 0.6166666666666667 0.9560185185185185 0.6166666666666667 0.9550925925925926 0.61640625 0.950925925925926 0.6174479166666667 0.9481481481481482 0.6177083333333333 0.9425925925925925 0.6205729166666667 0.9393518518518519 0.6216145833333333 0.9342592592592592 0.6216145833333333 0.9314814814814815 0.62109375 0.9287037037037037 0.62109375 0.9282407407407407 0.6208333333333333 0.9226851851851852 0.6205729166666667 0.9222222222222223 0.6203125 0.9189814814814815 0.6203125 0.9185185185185185 0.6200520833333333 0.9138888888888889 0.6197916666666666 0.913425925925926 0.61953125 0.9106481481481481 0.61953125 0.9101851851851852 0.6192708333333333 0.9078703703703703 0.6192708333333333 0.9074074074074074 0.6190104166666667 0.9037037037037037 0.6190104166666667 0.9018518518518519 0.6184895833333334 0.8981481481481481 0.6182291666666667 0.8939814814814815 0.6174479166666667 0.8805555555555555 0.6171875 0.875 0.6190104166666667 0.8726851851851852 0.6205729166666667 0.8722222222222222 0.6221354166666667 0.8717592592592592 0.6223958333333334 0.8712962962962963 0.6276041666666666 0.8717592592592592 0.6278645833333333 0.8722222222222222 0.6309895833333333 0.8763888888888889 0.63359375 0.8796296296296297 0.6341145833333334 0.8810185185185185 0.6346354166666667 0.8824074074074074 0.6346354166666667 0.8842592592592593 0.63515625 0.888425925925926 0.6354166666666666 0.8930555555555556 0.6364583333333333 0.8953703703703704 0.6364583333333333 0.8958333333333334 0.63671875 0.9 0.6369791666666667 0.9083333333333333 0.6385416666666667 0.9101851851851852 0.6385416666666667 0.9106481481481481 0.6388020833333333 0.9125 0.6388020833333333 0.912962962962963 0.6390625 0.9199074074074074 0.63984375 0.924074074074074 0.6408854166666667 0.925 0.6408854166666667 0.9263888888888889 0.64140625 0.9273148148148148 0.64140625 0.9314814814814815 0.6427083333333333 0.9347222222222222 0.6447916666666667 0.9375 0.64765625 0.9375 0.6481770833333333 0.9393518518518519 0.6502604166666667 0.9430555555555555 0.6513020833333333 0.9444444444444444 0.6513020833333333 0.9467592592592593 0.6518229166666667 0.9537037037037037 0.6518229166666667 0.9569444444444445 0.6510416666666666 0.9601851851851851 0.6494791666666667 0.9629629629629629 0.6473958333333333 0.9648148148148148 0.6450520833333333 0.9648148148148148 0.64453125 0.9657407407407408 0.64375 0.9657407407407408 0.6432291666666666 0.9666666666666667 0.6424479166666667 0.9671296296296297 0.6403645833333333 0.9689814814814814 0.6377604166666667 0.9689814814814814 0.6361979166666667 0.9694444444444444 0.6359375 0.9694444444444444 0.634375 0.9699074074074074 0.6341145833333334 0.9699074074074074 0.6325520833333333 0.9703703703703703 0.6322916666666667 0.9703703703703703 0.6299479166666667 0.9708333333333333 0.6296875
2 0.924537037037037 0.2708333333333333 0.9222222222222223 0.2713541666666667 0.9203703703703704 0.27239583333333334 0.9175925925925926 0.2752604166666667 0.9171296296296296 0.28125 0.9199074074074074 0.31015625 0.9212962962962963 0.3143229166666667 0.9222222222222223 0.3265625 0.9236111111111112 0.33046875 0.924537037037037 0.3390625 0.9254629629629629 0.34140625 0.9263888888888889 0.3533854166666667 0.9277777777777778 0.3619791666666667 0.9287037037037037 0.36354166666666665 0.9287037037037037 0.36692708333333335 0.9268518518518518 0.3697916666666667 0.925 0.37083333333333335 0.9199074074074074 0.37213541666666666 0.9185185185185185 0.3729166666666667 0.9171296296296296 0.37578125 0.9171296296296296 0.378125 0.9189814814814815 0.38229166666666664 0.9203703703703704 0.38333333333333336 0.9236111111111112 0.3846354166666667 0.9337962962962963 0.38515625 0.9365740740740741 0.3846354166666667 0.9430555555555555 0.3846354166666667 0.9444444444444444 0.38385416666666666 0.950925925925926 0.38203125 0.9555555555555556 0.38203125 0.9592592592592593 0.3815104166666667 0.9634259259259259 0.3796875 0.9652777777777778 0.37734375 0.9652777777777778 0.3763020833333333 0.9638888888888889 0.37421875 0.9625 0.3697916666666667 0.961574074074074 0.3690104166666667 0.9555555555555556 0.36744791666666665 0.9527777777777777 0.3653645833333333 0.950462962962963 0.34817708333333336 0.9486111111111111 0.3419270833333333 0.9472222222222222 0.33255208333333336 0.9458333333333333 0.3143229166666667 0.9435185185185185 0.3 0.9435185185185185 0.29453125 0.9402777777777778 0.2752604166666667 0.9393518518518519 0.27369791666666665 0.9365740740740741 0.2713541666666667 0.9351851851851852 0.2708333333333333
4 0.999537037037037 0.3734375 0.9981481481481481 0.3734375 0.9972222222222222 0.37395833333333334 0.9967592592592592 0.37395833333333334 0.9935185185185185 0.37578125 0.9925925925925926 0.37578125 0.9921296296296296 0.37604166666666666 0.9898148148148148 0.3763020833333333 0.9856481481481482 0.37838541666666664 0.9773148148148149 0.3807291666666667 0.9763888888888889 0.3807291666666667 0.9708333333333333 0.38307291666666665 0.9699074074074074 0.38307291666666665 0.9694444444444444 0.38333333333333336 0.9680555555555556 0.38333333333333336 0.9675925925925926 0.38359375 0.9652777777777778 0.38359375 0.9648148148148148 0.38333333333333336 0.9629629629629629 0.38333333333333336 0.9625 0.38307291666666665 0.950462962962963 0.38307291666666665 0.9490740740740741 0.38359375 0.9481481481481482 0.38359375 0.9462962962962963 0.3841145833333333 0.9435185185185185 0.3854166666666667 0.9421296296296297 0.3854166666666667 0.9416666666666667 0.38567708333333334 0.9393518518518519 0.38567708333333334 0.937037037037037 0.38697916666666665 0.937037037037037 0.38723958333333336 0.9361111111111111 0.38776041666666666 0.9347222222222222 0.3893229166666667 0.9347222222222222 0.39010416666666664 0.9342592592592592 0.39036458333333335 0.9342592592592592 0.39114583333333336 0.9337962962962963 0.39140625 0.9337962962962963 0.39348958333333334 0.9342592592592592 0.39375 0.9342592592592592 0.3953125 0.9347222222222222 0.39557291666666666 0.9347222222222222 0.396875 0.9361111111111111 0.3984375 0.9361111111111111 0.39895833333333336 0.937037037037037 0.3997395833333333 0.937037037037037 0.4002604166666667 0.9384259259259259 0.40182291666666664 0.9393518518518519 0.40234375 0.9393518518518519 0.40260416666666665 0.9402777777777778 0.403125 0.9407407407407408 0.40390625 0.9421296296296297 0.4046875 0.9421296296296297 0.4049479166666667 0.9430555555555555 0.40546875 0.9435185185185185 0.40546875 0.9472222222222222 0.4075520833333333 0.9476851851851852 0.4075520833333333 0.95 0.40859375 0.9518518518518518 0.40911458333333334 0.9532407407407407 0.40911458333333334 0.9537037037037037 0.409375 0.9550925925925926 0.409375 0.9555555555555556 0.40963541666666664 0.9574074074074074 0.40963541666666664 0.9578703703703704 0.40989583333333335 0.9643518518518519 0.40989583333333335 0.9648148148148148 0.40963541666666664 0.9666666666666667 0.40963541666666664 0.9703703703703703 0.40859375 0.975 0.40598958333333335 0.9768518518518519 0.40390625 0.9768518518518519 0.403125 0.9773148148148149 0.40286458333333336 0.9773148148148149 0.40234375 0.9777777777777777 0.40208333333333335 0.9777777777777777 0.4015625 0.9782407407407407 0.40130208333333334 0.9787037037037037 0.4 0.9805555555555555 0.39791666666666664 0.9856481481481482 0.39505208333333336 0.9861111111111112 0.39505208333333336 0.987037037037037 0.39453125 0.9916666666666667 0.3932291666666667 0.9976851851851852 0.39088541666666665 0.999537037037037 0.39088541666666665
2 0.999537037037037 0.496875 0.9976851851851852 0.496875 0.9939814814814815 0.4979166666666667 0.9916666666666667 0.49921875 0.9898148148148148 0.49973958333333335 0.9875 0.5010416666666667 0.987037037037037 0.5010416666666667 0.9833333333333333 0.503125 0.9828703703703704 0.503125 0.9800925925925926 0.5044270833333333 0.9763888888888889 0.50546875 0.9712962962962963 0.5080729166666667 0.9708333333333333 0.5080729166666667 0.9680555555555556 0.509375 0.9666666666666667 0.5096354166666667 0.962037037037037 0.5119791666666667 0.961574074074074 0.5119791666666667 0.9592592592592593 0.5130208333333334 0.9569444444444445 0.5135416666666667 0.9569444444444445 0.5138020833333333 0.9546296296296296 0.5151041666666667 0.9541666666666667 0.5151041666666667 0.9523148148148148 0.5161458333333333 0.950462962962963 0.5166666666666667 0.9453703703703704 0.5192708333333333 0.9449074074074074 0.5192708333333333 0.9416666666666667 0.5208333333333334 0.9398148148148148 0.5213541666666667 0.9333333333333333 0.5247395833333334 0.9328703703703703 0.5247395833333334 0.9259259259259259 0.5278645833333333 0.924074074074074 0.5283854166666667 0.9226851851851852 0.5294270833333333 0.9222222222222223 0.5309895833333333 0.9217592592592593 0.53125 0.9217592592592593 0.53203125 0.9212962962962963 0.5322916666666667 0.9212962962962963 0.53359375 0.9222222222222223 0.534375 0.9222222222222223 0.5348958333333333 0.9236111111111112 0.5364583333333334 0.9268518518518518 0.5380208333333333 0.9287037037037037 0.53828125 0.9291666666666667 0.5385416666666667 0.9300925925925926 0.5385416666666667 0.9305555555555556 0.5388020833333333 0.9351851851851852 0.5385416666666667 0.9375 0.5377604166666666 0.9384259259259259 0.5377604166666666 0.9398148148148148 0.5372395833333333 0.9407407407407408 0.5372395833333333 0.9412037037037037 0.5369791666666667 0.9430555555555555 0.53671875 0.9439814814814815 0.5361979166666667 0.9481481481481482 0.53515625 0.9527777777777777 0.5333333333333333 0.9541666666666667 0.5330729166666667 0.9569444444444445 0.5317708333333333 0.9583333333333334 0.5315104166666667 0.962037037037037 0.5296875 0.9625 0.5296875 0.9652777777777778 0.5283854166666667 0.9657407407407408 0.5283854166666667 0.9708333333333333 0.5252604166666667 0.975462962962963 0.5236979166666667 0.9787037037037037 0.5221354166666666 0.9800925925925926 0.521875 0.9810185185185185 0.5213541666666667 0.9828703703703704 0.5208333333333334 0.986574074074074 0.5190104166666667 0.9912037037037037 0.5174479166666667 0.9967592592592592 0.51484375 0.9972222222222222 0.51484375 0.9981481481481481 0.5143229166666666 0.999537037037037 0.5143229166666666
2 0.999537037037037 0.5622395833333333 0.9981481481481481 0.5622395833333333 0.9976851851851852 0.5625 0.9962962962962963 0.5653645833333333 0.9935185185185185 0.56796875 0.9935185185185185 0.5684895833333333 0.9925925925925926 0.56953125 0.9925925925925926 0.5703125 0.9902777777777778 0.5729166666666666 0.9902777777777778 0.5734375 0.9898148148148148 0.5736979166666667 0.9898148148148148 0.57421875 0.9884259259259259 0.5760416666666667 0.9884259259259259 0.5770833333333333 0.9879629629629629 0.57734375 0.9875 0.5791666666666667 0.986574074074074 0.5799479166666667 0.986574074074074 0.58046875 0.9861111111111112 0.5807291666666666 0.9861111111111112 0.58125 0.9856481481481482 0.5815104166666667 0.9842592592592593 0.584375 0.9833333333333333 0.58515625 0.9833333333333333 0.5856770833333333 0.9824074074074074 0.5864583333333333 0.9824074074074074 0.5869791666666667 0.9810185185185185 0.5888020833333333 0.9810185185185185 0.5895833333333333 0.9805555555555555 0.58984375 0.9805555555555555 0.5903645833333333 0.9791666666666666 0.5921875 0.9791666666666666 0.5932291666666667 0.9782407407407407 0.5942708333333333 0.9782407407407407 0.5950520833333334 0.9777777777777777 0.5953125 0.9777777777777777 0.5963541666666666 0.9768518518518519 0.5973958333333333 0.9768518518518519 0.5981770833333333 0.9763888888888889 0.5984375 0.975925925925926 0.5997395833333333 0.975 0.6005208333333333 0.975 0.6010416666666667 0.9740740740740741 0.6018229166666667 0.9740740740740741 0.60234375 0.9731481481481481 0.6033854166666667 0.9731481481481481 0.6041666666666666 0.9726851851851852 0.6044270833333333 0.9726851851851852 0.6052083333333333 0.9722222222222222 0.60546875 0.9722222222222222 0.60625 0.9717592592592592 0.6065104166666667 0.9717592592592592 0.60703125 0.9712962962962963 0.6072916666666667 0.9712962962962963 0.6078125 0.9708333333333333 0.6080729166666666 0.9708333333333333 0.60859375 0.9694444444444444 0.6104166666666667 0.9694444444444444 0.6111979166666667 0.9689814814814814 0.6114583333333333 0.9689814814814814 0.6145833333333334 0.9685185185185186 0.61484375 0.9685185185185186 0.6153645833333333 0.9689814814814814 0.615625 0.9689814814814814 0.6174479166666667 0.9694444444444444 0.6177083333333333 0.9694444444444444 0.6190104166666667 0.9699074074074074 0.6192708333333333 0.9703703703703703 0.6205729166666667 0.9717592592592592 0.6213541666666667 0.9736111111111111 0.621875 0.975 0.621875 0.975462962962963 0.6221354166666667 0.9768518518518519 0.6221354166666667 0.9773148148148149 0.6223958333333334 0.9791666666666666 0.6223958333333334 0.9796296296296296 0.62265625 0.9828703703703704 0.62265625 0.9842592592592593 0.6221354166666667 0.9861111111111112 0.621875 0.9902777777777778 0.6192708333333333 0.9902777777777778 0.61875 0.9925925925925926 0.6161458333333333 0.9939814814814815 0.6151041666666667 0.9939814814814815 0.6145833333333334 0.9944444444444445 0.6143229166666667 0.9944444444444445 0.6138020833333333 0.9949074074074075 0.6135416666666667 0.9949074074074075 0.6130208333333333 0.9962962962962963 0.6111979166666667 0.9962962962962963 0.6104166666666667 0.9967592592592592 0.61015625 0.9972222222222222 0.60859375 0.9981481481481481 0.6080729166666666 0.999537037037037 0.6080729166666666
3 0.9981481481481481 0.18072916666666666 0.9976851851851852 0.18098958333333334 0.9972222222222222 0.18098958333333334 0.9967592592592592 0.18125 0.9962962962962963 0.18125 0.9958333333333333 0.18151041666666667 0.9953703703703703 0.18151041666666667 0.9939814814814815 0.18229166666666666 0.9935185185185185 0.18229166666666666 0.9930555555555556 0.18255208333333334 0.9925925925925926 0.18255208333333334 0.9916666666666667 0.18307291666666667 0.9912037037037037 0.18307291666666667 0.9907407407407407 0.18333333333333332 0.9902777777777778 0.18333333333333332 0.9898148148148148 0.18359375 0.9893518518518518 0.18359375 0.9888888888888889 0.18385416666666668 0.9884259259259259 0.18385416666666668 0.9879629629629629 0.18411458333333333 0.9875 0.18411458333333333 0.987037037037037 0.184375 0.986574074074074 0.184375 0.9861111111111112 0.18463541666666666 0.9856481481481482 0.18463541666666666 0.9842592592592593 0.18541666666666667 0.9837962962962963 0.18541666666666667 0.9837962962962963 0.18567708333333333 0.9814814814814815 0.18697916666666667 0.9810185185185185 0.18697916666666667 0.9791666666666666 0.18802083333333333 0.9787037037037037 0.18802083333333333 0.9773148148148149 0.18880208333333334 0.9768518518518519 0.18880208333333334 0.975925925925926 0.18932291666666667 0.975462962962963 0.18932291666666667 0.975 0.18958333333333333 0.975 0.18984375 0.9740740740740741 0.19036458333333334 0.9740740740740741 0.19088541666666667 0.9736111111111111 0.19114583333333332 0.9736111111111111 0.19140625 0.9731481481481481 0.19166666666666668 0.9731481481481481 0.1921875 0.9726851851851852 0.19244791666666666 0.9726851851851852 0.19270833333333334 0.9722222222222222 0.19296875 0.9722222222222222 0.19427083333333334 0.9726851851851852 0.19453125 0.9726851851851852 0.19609375 0.9731481481481481 0.19635416666666666 0.9731481481481481 0.19713541666666667 0.9736111111111111 0.19739583333333333 0.9736111111111111 0.19765625 0.9740740740740741 0.19791666666666666 0.9740740740740741 0.19817708333333334 0.9791666666666666 0.20104166666666667 0.9796296296296296 0.20104166666666667 0.9800925925925926 0.20130208333333333 0.9805555555555555 0.20130208333333333 0.9810185185185185 0.2015625 0.9814814814814815 0.2015625 0.9819444444444444 0.20182291666666666 0.9842592592592593 0.20182291666666666 0.9847222222222223 0.20208333333333334 0.987037037037037 0.20208333333333334 0.9875 0.20234375 0.9893518518518518 0.20234375 0.9921296296296296 0.20390625 0.9921296296296296 0.20416666666666666 0.9930555555555556 0.2046875 0.9930555555555556 0.20494791666666667 0.9935185185185185 0.20494791666666667 0.9939814814814815 0.20520833333333333 0.9944444444444445 0.20520833333333333 0.9949074074074075 0.20546875 0.9958333333333333 0.20546875 0.9962962962962963 0.20572916666666666 0.9972222222222222 0.20572916666666666 0.9976851851851852 0.20598958333333334 0.999537037037037 0.20598958333333334 0.999537037037037 0.18072916666666666
