1 0.21481481481481482 0.4002604166666667 0.21388888888888888 0.40130208333333334 0.21388888888888888 0.40182291666666664 0.21296296296296297 0.40260416666666665 0.21296296296296297 0.403125 0.2125 0.40338541666666666 0.2125 0.40572916666666664 0.21296296296296297 0.40598958333333335 0.21296296296296297 0.40651041666666665 0.21388888888888888 0.4075520833333333 0.2152777777777778 0.4083333333333333 0.22083333333333333 0.40989583333333335 0.22175925925925927 0.41041666666666665 0.22453703703703703 0.41119791666666666 0.22546296296296298 0.41171875 0.2324074074074074 0.41354166666666664 0.23333333333333334 0.4140625 0.23657407407407408 0.41484375 0.2375 0.4153645833333333 0.2388888888888889 0.415625 0.23981481481481481 0.4161458333333333 0.24166666666666667 0.4166666666666667 0.24444444444444444 0.41822916666666665 0.24537037037037038 0.4192708333333333 0.24537037037037038 0.4197916666666667 0.24583333333333332 0.4200520833333333 0.24583333333333332 0.42109375 0.2462962962962963 0.42135416666666664 0.2462962962962963 0.42213541666666665 0.24675925925925926 0.42239583333333336 0.24722222222222223 0.4236979166666667 0.25092592592592594 0.42552083333333335 0.2513888888888889 0.42552083333333335 0.25277777777777777 0.42630208333333336 0.25324074074074077 0.42630208333333336 0.25555555555555554 0.4276041666666667 0.2564814814814815 0.4276041666666667 0.2569444444444444 0.42734375 0.26064814814814813 0.42734375 0.2611111111111111 0.4276041666666667 0.26296296296296295 0.4276041666666667 0.2657407407407407 0.4283854166666667 0.26666666666666666 0.4283854166666667 0.2671296296296296 0.42864583333333334 0.2689814814814815 0.42864583333333334 0.26944444444444443 0.42890625 0.2712962962962963 0.42890625 0.27175925925925926 0.42864583333333334 0.2726851851851852 0.42864583333333334 0.27546296296296297 0.4278645833333333 0.27685185185185185 0.4270833333333333 0.2773148148148148 0.4270833333333333 0.27824074074074073 0.4265625 0.2800925925925926 0.42604166666666665 0.28194444444444444 0.425 0.2828703703703704 0.42473958333333334 0.2851851851851852 0.42213541666666665 0.2861111111111111 0.42161458333333335 0.2861111111111111 0.42135416666666664 0.28703703703703703 0.42083333333333334 0.287962962962963 0.4197916666666667 0.287962962962963 0.4192708333333333 0.28888888888888886 0.41822916666666665 0.28888888888888886 0.4171875 0.28935185185185186 0.41692708333333334 0.28935185185185186 0.41510416666666666 0.28888888888888886 0.41484375 0.28888888888888886 0.41380208333333335 0.2884259259259259 0.41354166666666664 0.2884259259259259 0.41302083333333334 0.2875 0.4119791666666667 0.2865740740740741 0.4114583333333333 0.2800925925925926 0.40963541666666664 0.2791666666666667 0.40911458333333334 0.2777777777777778 0.40911458333333334 0.2773148148148148 0.4088541666666667 0.275 0.40859375 0.274537037037037 0.4080729166666667 0.2712962962962963 0.40625 0.2708333333333333 0.40625 0.2671296296296296 0.4046875 0.2657407407407407 0.4046875 0.2652777777777778 0.4044270833333333 0.26296296296296295 0.4044270833333333 0.25925925925925924 0.40546875 0.2537037037037037 0.40546875 0.25092592592592594 0.4046875 0.24768518518518517 0.4044270833333333 0.24027777777777778 0.40234375 0.23935185185185184 0.40234375 0.2388888888888889 0.40208333333333335 0.23657407407407408 0.40182291666666664 0.22962962962962963 0.3997395833333333 0.22870370370370371 0.3997395833333333 0.22407407407407406 0.3984375 0.2199074074074074 0.3984375 0.21944444444444444 0.39869791666666665 0.21851851851851853 0.39869791666666665 0.21666666666666667 0.39921875
3 0.2638888888888889 0.17239583333333333 0.26296296296296295 0.17213541666666668 0.2550925925925926 0.17213541666666668 0.25092592592592594 0.17317708333333334 0.24722222222222223 0.17369791666666667 0.2439814814814815 0.17578125 0.24259259259259258 0.17760416666666667 0.24166666666666667 0.18020833333333333 0.23981481481481481 0.18203125 0.23287037037037037 0.18515625 0.23055555555555557 0.18567708333333333 0.22777777777777777 0.18697916666666667 0.22453703703703703 0.18723958333333332 0.21712962962962962 0.18932291666666667 0.2111111111111111 0.19036458333333334 0.2023148148148148 0.19270833333333334 0.1986111111111111 0.19322916666666667 0.1962962962962963 0.19401041666666666 0.19305555555555556 0.19453125 0.19074074074074074 0.19583333333333333 0.18935185185185185 0.19713541666666667 0.18981481481481483 0.20130208333333333 0.1912037037037037 0.20260416666666667 0.1912037037037037 0.203125 0.1925925925925926 0.20442708333333334 0.1925925925925926 0.20494791666666667 0.19490740740740742 0.20677083333333332 0.19675925925925927 0.20911458333333333 0.19907407407407407 0.21041666666666667 0.2013888888888889 0.21223958333333334 0.2023148148148148 0.21223958333333334 0.2050925925925926 0.21302083333333333 0.20601851851851852 0.21302083333333333 0.2064814814814815 0.21276041666666667 0.21203703703703702 0.21276041666666667 0.21481481481481482 0.21197916666666666 0.2162037037037037 0.21197916666666666 0.2175925925925926 0.21145833333333333 0.22361111111111112 0.21041666666666667 0.22777777777777777 0.20911458333333333 0.22962962962962963 0.20885416666666667 0.23148148148148148 0.20807291666666666 0.2361111111111111 0.20807291666666666 0.23935185185185184 0.20703125 0.24027777777777778 0.20703125 0.24212962962962964 0.20651041666666667 0.24351851851851852 0.20651041666666667 0.24675925925925926 0.20572916666666666 0.2564814814814815 0.20625 0.2569444444444444 0.20651041666666667 0.25972222222222224 0.20677083333333332 0.26064814814814813 0.20729166666666668 0.26435185185185184 0.20833333333333334 0.2657407407407407 0.20833333333333334 0.2662037037037037 0.20859375 0.26944444444444443 0.20859375 0.26990740740740743 0.20885416666666667 0.2796296296296296 0.2078125 0.2833333333333333 0.20651041666666667 0.2851851851851852 0.20494791666666667 0.2847222222222222 0.2046875 0.2847222222222222 0.20052083333333334 0.28379629629629627 0.19921875 0.2833333333333333 0.19713541666666667 0.28194444444444444 0.19557291666666668 0.28194444444444444 0.19505208333333332 0.2796296296296296 0.19166666666666668 0.2791666666666667 0.18984375 0.2763888888888889 0.1875 0.2759259259259259 0.18541666666666667 0.275 0.18463541666666666 0.275 0.18411458333333333 0.2740740740740741 0.18359375 0.2712962962962963 0.18046875 0.2712962962962963 0.17994791666666668 0.26944444444444443 0.17760416666666667 0.2675925925925926 0.17630208333333333 0.2657407407407407 0.17369791666666667
4 0.15925925925925927 0.40390625 0.1574074074074074 0.40729166666666666 0.1574074074074074 0.4083333333333333 0.16064814814814815 0.4119791666666667 0.16342592592592592 0.41302083333333334 0.16620370370370371 0.41458333333333336 0.16944444444444445 0.415625 0.17407407407407408 0.41822916666666665 0.17592592592592593 0.41875 0.17824074074074073 0.4200520833333333 0.18518518518518517 0.42265625 0.18981481481481483 0.42552083333333335 0.1912037037037037 0.42578125 0.19768518518518519 0.4283854166666667 0.20092592592592592 0.42916666666666664 0.2037037037037037 0.43046875 0.20833333333333334 0.4317708333333333 0.21064814814814814 0.4328125 0.2125 0.43307291666666664 0.21574074074074073 0.434375 0.21898148148148147 0.43515625 0.22083333333333333 0.4361979166666667 0.22453703703703703 0.43723958333333335 0.22824074074074074 0.4393229166666667 0.22824074074074074 0.4440104166666667 0.22870370370370371 0.44427083333333334 0.22870370370370371 0.4453125 0.22962962962962963 0.446875 0.2361111111111111 0.44973958333333336 0.2439814814814815 0.44921875 0.2518518518518518 0.44765625 0.25555555555555554 0.44583333333333336 0.2587962962962963 0.4434895833333333 0.26296296296296295 0.4395833333333333 0.2638888888888889 0.4393229166666667 0.2671296296296296 0.4356770833333333 0.26805555555555555 0.4317708333333333 0.26851851851851855 0.4315104166666667 0.26805555555555555 0.43125 0.2675925925925926 0.4283854166666667 0.26666666666666666 0.4276041666666667 0.2638888888888889 0.4270833333333333 0.2611111111111111 0.4270833333333333 0.26064814814814813 0.42682291666666666 0.2550925925925926 0.42682291666666666 0.24768518518518517 0.425 0.24444444444444444 0.42604166666666665 0.23981481481481481 0.42604166666666665 0.23472222222222222 0.4239583333333333 0.2337962962962963 0.4231770833333333 0.2300925925925926 0.42213541666666665 0.2273148148148148 0.42083333333333334 0.22453703703703703 0.4200520833333333 0.22268518518518518 0.41901041666666666 0.2162037037037037 0.4171875 0.21388888888888888 0.4158854166666667 0.20833333333333334 0.4140625 0.2037037037037037 0.4119791666666667 0.20277777777777778 0.4119791666666667 0.19074074074074074 0.4080729166666667 0.18518518518518517 0.40520833333333334 0.17453703703703705 0.40234375 0.1699074074074074 0.40182291666666664 0.16944444444444445 0.4015625 0.16574074074074074 0.4015625 0.16342592592592592 0.40234375 0.1625 0.40234375
4 0.2050925925925926 0.44375 0.2023148148148148 0.43854166666666666 0.19814814814814816 0.43463541666666666 0.19722222222222222 0.43411458333333336 0.19537037037037036 0.43411458333333336 0.19490740740740742 0.43385416666666665 0.19074074074074074 0.43385416666666665 0.19027777777777777 0.43411458333333336 0.18888888888888888 0.43411458333333336 0.18472222222222223 0.4354166666666667 0.18009259259259258 0.43984375 0.17731481481481481 0.44140625 0.1699074074074074 0.4434895833333333 0.16527777777777777 0.44375 0.1625 0.44427083333333334 0.1597222222222222 0.44427083333333334 0.15925925925925927 0.44453125 0.15 0.44479166666666664 0.14444444444444443 0.44583333333333336 0.1412037037037037 0.44583333333333336 0.13842592592592592 0.44635416666666666 0.13425925925925927 0.44635416666666666 0.1337962962962963 0.4466145833333333 0.125 0.4473958333333333 0.12268518518518519 0.4479166666666667 0.11898148148148148 0.4479166666666667 0.11851851851851852 0.44817708333333334 0.1162037037037037 0.44817708333333334 0.11574074074074074 0.4484375 0.11388888888888889 0.4484375 0.1111111111111111 0.44895833333333335 0.10231481481481482 0.44947916666666665 0.09583333333333334 0.4505208333333333 0.0912037037037037 0.45078125 0.08703703703703704 0.45234375 0.08518518518518518 0.45416666666666666 0.08472222222222223 0.45546875 0.08518518518518518 0.4557291666666667 0.08611111111111111 0.4588541666666667 0.0875 0.46041666666666664 0.08888888888888889 0.46119791666666665 0.0912037037037037 0.46197916666666666 0.09537037037037037 0.4627604166666667 0.09861111111111111 0.4627604166666667 0.09907407407407408 0.4630208333333333 0.11342592592592593 0.4627604166666667 0.11388888888888889 0.4625 0.11712962962962963 0.4625 0.1175925925925926 0.4622395833333333 0.11990740740740741 0.4622395833333333 0.12037037037037036 0.46197916666666666 0.12268518518518519 0.46197916666666666 0.1259259259259259 0.46145833333333336 0.13055555555555556 0.46145833333333336 0.1310185185185185 0.46119791666666665 0.13287037037037036 0.46119791666666665 0.13564814814814816 0.46067708333333335 0.13796296296296295 0.46067708333333335 0.14212962962962963 0.45989583333333334 0.14583333333333334 0.45989583333333334 0.14629629629629629 0.4596354166666667 0.15138888888888888 0.459375 0.15185185185185185 0.4591145833333333 0.15555555555555556 0.4591145833333333 0.15601851851851853 0.4588541666666667 0.16620370370370371 0.4588541666666667 0.16666666666666666 0.45859375 0.17777777777777778 0.45859375 0.18564814814814815 0.45989583333333334 0.18935185185185185 0.4622395833333333 0.19212962962962962 0.4630208333333333 0.20046296296296295 0.4627604166666667 0.20462962962962963 0.45989583333333334 0.20555555555555555 0.4588541666666667 0.20555555555555555 0.45729166666666665 0.20601851851851852 0.45703125 0.20601851851851852 0.45546875 0.2064814814814815 0.4552083333333333 0.2064814814814815 0.4505208333333333 0.20601851851851852 0.45026041666666666 0.20601851851851852 0.446875 0.20555555555555555 0.4466145833333333
4 0.0 0.2791666666666667 0.0 0.28854166666666664 0.001851851851851852 0.28854166666666664 0.004629629629629629 0.2903645833333333 0.006944444444444444 0.2911458333333333 0.00787037037037037 0.2911458333333333 0.010185185185185186 0.29192708333333334 0.013425925925925926 0.2921875 0.014351851851851852 0.29270833333333335 0.024537037037037038 0.2953125 0.025925925925925925 0.2953125 0.03009259259259259 0.29609375 0.03333333333333333 0.29713541666666665 0.034722222222222224 0.29713541666666665 0.040740740740740744 0.2986979166666667 0.046296296296296294 0.2994791666666667 0.04861111111111111 0.30026041666666664 0.050462962962962966 0.30026041666666664 0.059722222222222225 0.30182291666666666 0.062037037037037036 0.3026041666666667 0.06805555555555555 0.30364583333333334 0.07546296296296297 0.30572916666666666 0.07962962962962963 0.30625 0.08194444444444444 0.30833333333333335 0.0837962962962963 0.3125 0.08564814814814815 0.3140625 0.0875 0.31484375 0.09305555555555556 0.31588541666666664 0.09537037037037037 0.31666666666666665 0.1 0.31640625 0.10787037037037037 0.3143229166666667 0.10925925925925926 0.31328125 0.1111111111111111 0.31276041666666665 0.11388888888888889 0.3098958333333333 0.11388888888888889 0.309375 0.11574074074074074 0.3072916666666667 0.1162037037037037 0.30494791666666665 0.1175925925925926 0.3026041666666667 0.11712962962962963 0.2947916666666667 0.11574074074074074 0.29296875 0.11481481481481481 0.2908854166666667 0.10972222222222222 0.28984375 0.10277777777777777 0.28958333333333336 0.09907407407407408 0.28880208333333335 0.09490740740740741 0.28880208333333335 0.08796296296296297 0.2908854166666667 0.0837962962962963 0.290625 0.08009259259259259 0.28984375 0.07592592592592592 0.28958333333333336 0.07361111111111111 0.28880208333333335 0.06712962962962964 0.2877604166666667 0.06481481481481481 0.2869791666666667 0.060648148148148145 0.28671875 0.05138888888888889 0.28489583333333335 0.05 0.28489583333333335 0.044444444444444446 0.2833333333333333 0.0375 0.2825520833333333 0.03333333333333333 0.28177083333333336 0.029166666666666667 0.28046875 0.027777777777777776 0.28046875 0.022685185185185187 0.2794270833333333 0.016666666666666666 0.27890625 0.014814814814814815 0.27838541666666666 0.011111111111111112 0.27838541666666666 0.010648148148148148 0.278125 0.006481481481481481 0.278125 0.0060185185185185185 0.27838541666666666 0.004166666666666667 0.27838541666666666 0.001851851851851852 0.2791666666666667
5 0.35324074074074074 0.35234375 0.34953703703703703 0.35234375 0.3476851851851852 0.3528645833333333 0.3449074074074074 0.3541666666666667 0.3439814814814815 0.35520833333333335 0.3421296296296296 0.35625 0.34120370370370373 0.3572916666666667 0.34120370370370373 0.3614583333333333 0.34444444444444444 0.3651041666666667 0.34444444444444444 0.36796875 0.3439814814814815 0.36822916666666666 0.3439814814814815 0.3692708333333333 0.3416666666666667 0.37057291666666664 0.3402777777777778 0.37213541666666666 0.33935185185185185 0.37265625 0.33935185185185185 0.3731770833333333 0.3365740740740741 0.3763020833333333 0.3333333333333333 0.378125 0.33055555555555555 0.3807291666666667 0.3282407407407407 0.38203125 0.32592592592592595 0.38385416666666666 0.324537037037037 0.38567708333333334 0.3212962962962963 0.38828125 0.32083333333333336 0.3890625 0.3199074074074074 0.38958333333333334 0.31712962962962965 0.3924479166666667 0.31712962962962965 0.39375 0.31666666666666665 0.39401041666666664 0.3162037037037037 0.3966145833333333 0.31805555555555554 0.39869791666666665 0.3199074074074074 0.39947916666666666 0.324537037037037 0.40078125 0.32546296296296295 0.40078125 0.3277777777777778 0.40182291666666664 0.3333333333333333 0.403125 0.33564814814814814 0.40286458333333336 0.3384259259259259 0.40208333333333335 0.3421296296296296 0.4002604166666667 0.34305555555555556 0.39921875 0.3490740740740741 0.39557291666666666 0.3490740740740741 0.3953125 0.35138888888888886 0.39401041666666664 0.3523148148148148 0.39296875 0.35833333333333334 0.38958333333333334 0.3611111111111111 0.38723958333333336 0.36574074074074076 0.384375 0.36712962962962964 0.38307291666666665 0.3726851851851852 0.37994791666666666 0.3787037037037037 0.37994791666666666 0.37916666666666665 0.3796875 0.3861111111111111 0.3796875 0.38657407407407407 0.37942708333333336 0.3888888888888889 0.37942708333333336 0.38981481481481484 0.37890625 0.3912037037037037 0.37864583333333335 0.39444444444444443 0.3768229166666667 0.39444444444444443 0.3763020833333333 0.3958333333333333 0.37447916666666664 0.3958333333333333 0.3734375 0.3962962962962963 0.3729166666666667 0.3925925925925926 0.3690104166666667 0.38935185185185184 0.36744791666666665 0.387037037037037 0.36666666666666664 0.38425925925925924 0.3651041666666667 0.3819444444444444 0.36432291666666666 0.37777777777777777 0.3611979166666667 0.3773148148148148 0.3611979166666667 0.3731481481481482 0.35885416666666664 0.37037037037037035 0.3580729166666667 0.36944444444444446 0.3572916666666667 0.36712962962962964 0.3567708333333333 0.3648148148148148 0.35572916666666665 0.36342592592592593 0.35546875 0.3578703703703704 0.3533854166666667
3 0.3365740740740741 0.42552083333333335 0.33564814814814814 0.42552083333333335 0.3337962962962963 0.425 0.33287037037037037 0.42526041666666664 0.3296296296296296 0.42526041666666664 0.324537037037037 0.4276041666666667 0.32314814814814813 0.42916666666666664 0.32222222222222224 0.4296875 0.32083333333333336 0.4315104166666667 0.3212962962962963 0.4317708333333333 0.3212962962962963 0.43333333333333335 0.32175925925925924 0.43359375 0.32222222222222224 0.4361979166666667 0.3226851851851852 0.43645833333333334 0.32314814814814813 0.43828125 0.32407407407407407 0.4393229166666667 0.31574074074074077 0.44375 0.3143518518518518 0.44505208333333335 0.3055555555555556 0.45026041666666666 0.30277777777777776 0.4510416666666667 0.29814814814814816 0.45364583333333336 0.2949074074074074 0.4549479166666667 0.2865740740740741 0.459375 0.2865740740740741 0.4596354166666667 0.28194444444444444 0.4625 0.28194444444444444 0.46536458333333336 0.2824074074074074 0.465625 0.2824074074074074 0.4666666666666667 0.2861111111111111 0.46875 0.2884259259259259 0.46953125 0.28935185185185186 0.4703125 0.29444444444444445 0.47291666666666665 0.29814814814814816 0.4739583333333333 0.30324074074074076 0.4744791666666667 0.3037037037037037 0.47421875 0.30694444444444446 0.4739583333333333 0.3143518518518518 0.47239583333333335 0.31851851851851853 0.4708333333333333 0.3212962962962963 0.46875 0.3236111111111111 0.4674479166666667 0.32407407407407407 0.4674479166666667 0.3300925925925926 0.46380208333333334 0.33287037037037037 0.4627604166666667 0.3388888888888889 0.4596354166666667 0.3453703703703704 0.45703125 0.3490740740740741 0.45598958333333334 0.35324074074074074 0.45625 0.35833333333333334 0.45755208333333336 0.36203703703703705 0.4578125 0.3625 0.45755208333333336 0.36527777777777776 0.45729166666666665 0.36898148148148147 0.4552083333333333 0.3726851851851852 0.45364583333333336 0.3726851851851852 0.453125 0.37407407407407406 0.4513020833333333 0.3726851851851852 0.4479166666666667 0.37175925925925923 0.446875 0.3685185185185185 0.44453125 0.3680555555555556 0.4434895833333333 0.3662037037037037 0.4421875 0.3648148148148148 0.440625 0.36157407407407405 0.43828125 0.35462962962962963 0.434375 0.3523148148148148 0.43359375 0.3490740740740741 0.4315104166666667 0.34444444444444444 0.42994791666666665 0.34305555555555556 0.42916666666666664 0.3421296296296296 0.4278645833333333 0.3402777777777778 0.42682291666666666
4 0.5212962962962963 0.12421875 0.5175925925925926 0.12526041666666668 0.5148148148148148 0.12682291666666667 0.5143518518518518 0.12890625 0.513425925925926 0.13020833333333334 0.513425925925926 0.13125 0.5138888888888888 0.13151041666666666 0.5148148148148148 0.13489583333333333 0.5175925925925926 0.13802083333333334 0.5254629629629629 0.14479166666666668 0.5291666666666667 0.14921875 0.5300925925925926 0.14973958333333334 0.5300925925925926 0.15026041666666667 0.5310185185185186 0.15078125 0.5328703703703703 0.15286458333333333 0.5347222222222222 0.15416666666666667 0.5365740740740741 0.15625 0.5407407407407407 0.15911458333333334 0.5412037037037037 0.15989583333333332 0.5430555555555555 0.16119791666666666 0.5467592592592593 0.16588541666666667 0.5467592592592593 0.16666666666666666 0.5462962962962963 0.16692708333333334 0.5462962962962963 0.16927083333333334 0.5449074074074074 0.17083333333333334 0.5449074074074074 0.17161458333333332 0.5439814814814815 0.17291666666666666 0.5439814814814815 0.17447916666666666 0.5444444444444444 0.17473958333333334 0.5453703703703704 0.17760416666666667 0.5486111111111112 0.18020833333333333 0.549074074074074 0.18020833333333333 0.5509259259259259 0.18151041666666667 0.5555555555555556 0.18359375 0.5583333333333333 0.18411458333333333 0.5625 0.18411458333333333 0.562962962962963 0.184375 0.5643518518518519 0.184375 0.5652777777777778 0.18385416666666668 0.5699074074074074 0.18255208333333334 0.5708333333333333 0.18255208333333334 0.5731481481481482 0.18177083333333333 0.575925925925926 0.18125 0.5842592592592593 0.17682291666666666 0.5879629629629629 0.17369791666666667 0.5888888888888889 0.17161458333333332 0.5902777777777778 0.17005208333333333 0.5902777777777778 0.16901041666666666 0.5888888888888889 0.16692708333333334 0.5888888888888889 0.16614583333333333 0.5842592592592593 0.16328125 0.5824074074074074 0.16119791666666666 0.5791666666666667 0.159375 0.5763888888888888 0.15859375 0.5717592592592593 0.15885416666666666 0.5662037037037037 0.15625 0.5643518518518519 0.1546875 0.5643518518518519 0.15416666666666667 0.5611111111111111 0.15208333333333332 0.5560185185185185 0.14661458333333333 0.5532407407407407 0.14479166666666668 0.5523148148148148 0.14348958333333334 0.5513888888888889 0.14296875 0.5481481481481482 0.13958333333333334 0.5435185185185185 0.1359375 0.5412037037037037 0.13307291666666668 0.5370370370370371 0.1296875 0.5347222222222222 0.12838541666666667 0.5337962962962963 0.12734375 0.5291666666666667 0.125
1 0.35648148148148145 0.46588541666666666 0.35509259259259257 0.4666666666666667 0.35509259259259257 0.4669270833333333 0.35462962962962963 0.4671875 0.35462962962962963 0.46770833333333334 0.3541666666666667 0.46796875 0.3541666666666667 0.46875 0.3537037037037037 0.46901041666666665 0.3537037037037037 0.4703125 0.35324074074074074 0.4705729166666667 0.35462962962962963 0.47161458333333334 0.35462962962962963 0.471875 0.35509259259259257 0.47213541666666664 0.35509259259259257 0.47265625 0.35555555555555557 0.47291666666666665 0.35694444444444445 0.4747395833333333 0.3592592592592593 0.47630208333333335 0.36203703703703705 0.4796875 0.362962962962963 0.48020833333333335 0.362962962962963 0.48046875 0.36342592592592593 0.48072916666666665 0.36342592592592593 0.48125 0.36435185185185187 0.48203125 0.36435185185185187 0.4825520833333333 0.3648148148148148 0.4828125 0.3648148148148148 0.4830729166666667 0.36666666666666664 0.48489583333333336 0.36666666666666664 0.48541666666666666 0.3675925925925926 0.4861979166666667 0.3675925925925926 0.4864583333333333 0.36712962962962964 0.48671875 0.36712962962962964 0.49453125 0.3680555555555556 0.4953125 0.3680555555555556 0.49583333333333335 0.3685185185185185 0.49609375 0.3685185185185185 0.49635416666666665 0.37037037037037035 0.4973958333333333 0.37037037037037035 0.49765625 0.37083333333333335 0.4979166666666667 0.3712962962962963 0.4979166666666667 0.37453703703703706 0.49973958333333335 0.37453703703703706 0.5 0.37592592592592594 0.5013020833333334 0.37592592592592594 0.5018229166666667 0.3763888888888889 0.5020833333333333 0.3768518518518518 0.5028645833333333 0.3800925925925926 0.5046875 0.38287037037037036 0.5046875 0.38333333333333336 0.5044270833333333 0.3851851851851852 0.5044270833333333 0.38564814814814813 0.5041666666666667 0.387037037037037 0.5041666666666667 0.3875 0.50390625 0.38981481481481484 0.50390625 0.3902777777777778 0.5041666666666667 0.39305555555555555 0.5041666666666667 0.39351851851851855 0.50390625 0.3958333333333333 0.5036458333333333 0.3962962962962963 0.5033854166666667 0.4013888888888889 0.5020833333333333 0.4078703703703704 0.4981770833333333 0.4078703703703704 0.4973958333333333 0.40694444444444444 0.496875 0.40694444444444444 0.49661458333333336 0.4060185185185185 0.49583333333333335 0.4060185185185185 0.4953125 0.40555555555555556 0.49505208333333334 0.40555555555555556 0.49453125 0.4050925925925926 0.4942708333333333 0.4050925925925926 0.49375 0.4046296296296296 0.4934895833333333 0.4041666666666667 0.4921875 0.40324074074074073 0.49140625 0.40324074074074073 0.4908854166666667 0.4027777777777778 0.490625 0.4027777777777778 0.48984375 0.4023148148148148 0.4895833333333333 0.4023148148148148 0.48854166666666665 0.40185185185185185 0.48828125 0.40185185185185185 0.48723958333333334 0.4013888888888889 0.4869791666666667 0.4013888888888889 0.4861979166666667 0.4009259259259259 0.4859375 0.4009259259259259 0.4856770833333333 0.39861111111111114 0.48463541666666665 0.39814814814814814 0.48463541666666665 0.3958333333333333 0.48385416666666664 0.3939814814814815 0.48385416666666664 0.39351851851851855 0.48359375 0.3921296296296296 0.48359375 0.39166666666666666 0.48333333333333334 0.3907407407407407 0.48333333333333334 0.38935185185185184 0.4828125 0.38842592592592595 0.4828125 0.3861111111111111 0.48151041666666666 0.3861111111111111 0.48125 0.38472222222222224 0.48046875 0.38472222222222224 0.48020833333333335 0.38333333333333336 0.47890625 0.38333333333333336 0.4783854166666667 0.3819444444444444 0.47760416666666666 0.3814814814814815 0.47682291666666665 0.37777777777777777 0.4739583333333333 0.3773148148148148 0.47317708333333336 0.37453703703703706 0.4713541666666667 0.3726851851851852 0.46901041666666665 0.3712962962962963 0.46822916666666664 0.37037037037037035 0.4669270833333333 0.36898148148148147 0.4661458333333333 0.36666666666666664 0.465625 0.36574074074074076 0.46510416666666665 0.36342592592592593 0.46510416666666665 0.362962962962963 0.46484375 0.3611111111111111 0.46484375 0.3597222222222222 0.46536458333333336 0.3587962962962963 0.46536458333333336 0.35833333333333334 0.465625 0.3574074074074074 0.465625 0.35694444444444445 0.46588541666666666
4 0.3398148148148148 0.6463541666666667 0.3347222222222222 0.6434895833333333 0.3337962962962963 0.6424479166666667 0.3300925925925926 0.6411458333333333 0.3287037037037037 0.6408854166666667 0.32546296296296295 0.6408854166666667 0.32083333333333336 0.6424479166666667 0.3199074074074074 0.6432291666666666 0.31851851851851853 0.6458333333333334 0.3175925925925926 0.6502604166666667 0.3138888888888889 0.6528645833333333 0.3074074074074074 0.6552083333333333 0.3023148148148148 0.65625 0.29305555555555557 0.6596354166666667 0.2828703703703704 0.6625 0.2773148148148148 0.6645833333333333 0.26481481481481484 0.6682291666666667 0.262037037037037 0.66875 0.25925925925925924 0.6697916666666667 0.2574074074074074 0.6700520833333333 0.25092592592592594 0.67265625 0.24768518518518517 0.6736979166666667 0.24583333333333332 0.6739583333333333 0.24074074074074073 0.67578125 0.23657407407407408 0.678125 0.23425925925925925 0.68125 0.2361111111111111 0.684375 0.2375 0.6854166666666667 0.24027777777777778 0.68671875 0.24305555555555555 0.6872395833333333 0.24814814814814815 0.6872395833333333 0.2513888888888889 0.6864583333333333 0.25462962962962965 0.6861979166666666 0.26064814814814813 0.6848958333333334 0.26157407407407407 0.684375 0.27314814814814814 0.68125 0.2740740740740741 0.6807291666666667 0.2800925925925926 0.6791666666666667 0.2861111111111111 0.6770833333333334 0.29814814814814816 0.6736979166666667 0.29907407407407405 0.6736979166666667 0.30648148148148147 0.6713541666666667 0.30972222222222223 0.6708333333333333 0.3143518518518518 0.6692708333333334 0.32592592592592595 0.6671875 0.3287037037037037 0.6671875 0.32916666666666666 0.6674479166666667 0.33055555555555555 0.6674479166666667 0.33101851851851855 0.6671875 0.3375 0.6671875 0.3416666666666667 0.6658854166666667 0.34444444444444444 0.6653645833333334 0.3453703703703704 0.66484375 0.3472222222222222 0.6622395833333333 0.3472222222222222 0.6580729166666667 0.34629629629629627 0.6565104166666667 0.3458333333333333 0.65390625 0.3435185185185185 0.6518229166666667 0.34305555555555556 0.6505208333333333 0.3398148148148148 0.646875
5 0.44583333333333336 0.6026041666666667 0.4412037037037037 0.6072916666666667 0.44074074074074077 0.6088541666666667 0.4393518518518518 0.6106770833333334 0.4398148148148148 0.6143229166666667 0.44074074074074077 0.6153645833333333 0.44351851851851853 0.61640625 0.4444444444444444 0.61640625 0.4486111111111111 0.6177083333333333 0.45185185185185184 0.6182291666666667 0.4537037037037037 0.6190104166666667 0.4587962962962963 0.6197916666666666 0.4615740740740741 0.6205729166666667 0.4625 0.62109375 0.46620370370370373 0.6213541666666667 0.4708333333333333 0.6231770833333333 0.4740740740740741 0.6234375 0.47685185185185186 0.62421875 0.48194444444444445 0.625 0.4847222222222222 0.62578125 0.4861111111111111 0.6265625 0.4898148148148148 0.62734375 0.4930555555555556 0.6291666666666667 0.4949074074074074 0.63125 0.49722222222222223 0.6361979166666667 0.49953703703703706 0.6385416666666667 0.5013888888888889 0.6390625 0.5032407407407408 0.6390625 0.5037037037037037 0.6393229166666666 0.5097222222222222 0.6393229166666666 0.5125 0.63828125 0.5199074074074074 0.6307291666666667 0.5199074074074074 0.6302083333333334 0.5217592592592593 0.6276041666666666 0.5226851851851851 0.6239583333333333 0.525 0.6213541666666667 0.5273148148148148 0.61640625 0.5296296296296297 0.6143229166666667 0.5296296296296297 0.6138020833333333 0.5310185185185186 0.6119791666666666 0.5310185185185186 0.61015625 0.5305555555555556 0.6098958333333333 0.5305555555555556 0.60859375 0.5300925925925926 0.6083333333333333 0.5300925925925926 0.6072916666666667 0.5296296296296297 0.60703125 0.5236111111111111 0.60546875 0.5171296296296296 0.6049479166666667 0.5120370370370371 0.6072916666666667 0.5115740740740741 0.6080729166666666 0.5092592592592593 0.6096354166666667 0.5078703703703704 0.6096354166666667 0.5074074074074074 0.6098958333333333 0.5041666666666667 0.6098958333333333 0.5037037037037037 0.6096354166666667 0.5013888888888889 0.6096354166666667 0.5009259259259259 0.609375 0.49537037037037035 0.6091145833333333 0.4949074074074074 0.6088541666666667 0.49398148148148147 0.6088541666666667 0.4898148148148148 0.6072916666666667 0.48194444444444445 0.6065104166666667 0.48148148148148145 0.60625 0.4722222222222222 0.6046875 0.46944444444444444 0.60390625 0.4685185185185185 0.6033854166666667 0.4675925925925926 0.6033854166666667 0.4652777777777778 0.6026041666666667 0.46435185185185185 0.6026041666666667 0.4625 0.6020833333333333 0.46111111111111114 0.6020833333333333 0.45925925925925926 0.6015625 0.45787037037037037 0.6015625 0.45740740740740743 0.6013020833333333 0.45555555555555555 0.6013020833333333 0.4550925925925926 0.6010416666666667 0.45046296296296295 0.6010416666666667 0.44907407407407407 0.6015625 0.44722222222222224 0.6018229166666667
2 0.5995370370370371 0.26588541666666665 0.5953703703703703 0.2677083333333333 0.5930555555555556 0.27109375 0.5916666666666667 0.2752604166666667 0.5907407407407408 0.2825520833333333 0.5851851851851851 0.30546875 0.5833333333333334 0.3184895833333333 0.5787037037037037 0.33671875 0.5777777777777777 0.3463541666666667 0.575925925925926 0.35182291666666665 0.5745370370370371 0.3611979166666667 0.5699074074074074 0.36354166666666665 0.5643518518518519 0.3651041666666667 0.5606481481481481 0.36692708333333335 0.5592592592592592 0.3690104166666667 0.5601851851851852 0.3729166666666667 0.5675925925925925 0.3770833333333333 0.5763888888888888 0.37942708333333336 0.5819444444444445 0.37942708333333336 0.5875 0.37786458333333334 0.5958333333333333 0.37786458333333334 0.5995370370370371 0.37604166666666666 0.6027777777777777 0.37526041666666665 0.6055555555555555 0.3729166666666667 0.600925925925926 0.3651041666666667 0.5967592592592592 0.3609375 0.5981481481481481 0.35859375 0.6 0.3453125 0.6018518518518519 0.3390625 0.6041666666666666 0.32083333333333336 0.6069444444444444 0.31015625 0.6111111111111112 0.284375 0.6138888888888889 0.27630208333333334 0.6143518518518518 0.2713541666666667 0.611574074074074 0.2674479166666667 0.6074074074074074 0.26614583333333336
4 0.6819444444444445 0.36822916666666666 0.6805555555555556 0.36744791666666665 0.6777777777777778 0.36666666666666664 0.6689814814814815 0.36666666666666664 0.6675925925925926 0.3671875 0.6620370370370371 0.36822916666666666 0.6569444444444444 0.3697916666666667 0.6541666666666667 0.37005208333333334 0.6513888888888889 0.37083333333333335 0.6462962962962963 0.37161458333333336 0.6453703703703704 0.37213541666666666 0.6416666666666667 0.3731770833333333 0.6388888888888888 0.3734375 0.6342592592592593 0.375 0.6300925925925925 0.37526041666666665 0.6259259259259259 0.3765625 0.6236111111111111 0.3768229166666667 0.6189814814814815 0.378125 0.6157407407407407 0.37838541666666664 0.6111111111111112 0.37942708333333336 0.6069444444444444 0.37916666666666665 0.6046296296296296 0.3796875 0.5986111111111111 0.3796875 0.5953703703703703 0.37890625 0.5875 0.37864583333333335 0.5861111111111111 0.37916666666666665 0.5796296296296296 0.3802083333333333 0.5777777777777777 0.3807291666666667 0.575925925925926 0.38203125 0.575925925925926 0.38359375 0.575462962962963 0.38385416666666666 0.575462962962963 0.3885416666666667 0.5800925925925926 0.3963541666666667 0.5810185185185185 0.396875 0.5824074074074074 0.39869791666666665 0.5875 0.403125 0.5916666666666667 0.4049479166666667 0.5921296296296297 0.4046875 0.6 0.4046875 0.6046296296296296 0.40338541666666666 0.6069444444444444 0.40182291666666664 0.6092592592592593 0.3958333333333333 0.611574074074074 0.39427083333333335 0.6143518518518518 0.39375 0.6166666666666667 0.39296875 0.6175925925925926 0.39296875 0.6212962962962963 0.39166666666666666 0.6273148148148148 0.390625 0.6342592592592593 0.3888020833333333 0.638425925925926 0.3885416666666667 0.6412037037037037 0.3875 0.6453703703703704 0.38697916666666665 0.65 0.38567708333333334 0.6532407407407408 0.38515625 0.6601851851851852 0.38307291666666665 0.6611111111111111 0.38307291666666665 0.6666666666666666 0.38125 0.6726851851851852 0.3802083333333333 0.674537037037037 0.37942708333333336 0.6777777777777778 0.37864583333333335 0.6800925925925926 0.3776041666666667 0.6814814814814815 0.3765625 0.6824074074074075 0.37421875 0.6828703703703703 0.37395833333333334 0.6828703703703703 0.3731770833333333 0.6833333333333333 0.3729166666666667 0.6828703703703703 0.3723958333333333 0.6828703703703703 0.36953125
3 0.7212962962962963 0.17578125 0.7157407407407408 0.17604166666666668 0.7152777777777778 0.17630208333333333 0.7125 0.17630208333333333 0.7092592592592593 0.17734375 0.7069444444444445 0.17760416666666667 0.7027777777777777 0.17890625 0.7018518518518518 0.17890625 0.7 0.17942708333333332 0.6972222222222222 0.18072916666666666 0.6916666666666667 0.18151041666666667 0.6875 0.18333333333333332 0.6851851851851852 0.18385416666666668 0.6842592592592592 0.184375 0.6833333333333333 0.184375 0.6796296296296296 0.18541666666666667 0.674074074074074 0.18776041666666668 0.6708333333333333 0.18958333333333333 0.6708333333333333 0.19166666666666668 0.6703703703703704 0.19192708333333333 0.6703703703703704 0.19348958333333333 0.6717592592592593 0.19479166666666667 0.6726851851851852 0.19661458333333334 0.6736111111111112 0.19765625 0.6763888888888889 0.19921875 0.6773148148148148 0.20026041666666666 0.6791666666666667 0.20104166666666667 0.6800925925925926 0.20104166666666667 0.6814814814814815 0.2015625 0.6851851851851852 0.20208333333333334 0.6893518518518519 0.203125 0.6916666666666667 0.2046875 0.6953703703703704 0.20807291666666666 0.6953703703703704 0.20859375 0.7 0.21354166666666666 0.7 0.2140625 0.7013888888888888 0.21536458333333333 0.7013888888888888 0.21588541666666666 0.7074074074074074 0.22239583333333332 0.7074074074074074 0.22291666666666668 0.7083333333333334 0.22369791666666666 0.7087962962962963 0.22473958333333333 0.711574074074074 0.22682291666666668 0.7125 0.228125 0.7166666666666667 0.23020833333333332 0.7226851851851852 0.22994791666666667 0.7231481481481481 0.2296875 0.725925925925926 0.22942708333333334 0.7273148148148149 0.22890625 0.7282407407407407 0.22890625 0.7319444444444444 0.22734375 0.7347222222222223 0.2265625 0.7356481481481482 0.2265625 0.7379629629629629 0.22552083333333334 0.7393518518518518 0.22526041666666666 0.7412037037037037 0.22421875 0.7439814814814815 0.22083333333333333 0.7439814814814815 0.2203125 0.7435185185185185 0.22005208333333334 0.7435185185185185 0.21875 0.7430555555555556 0.21848958333333332 0.7430555555555556 0.2171875 0.7425925925925926 0.21692708333333333 0.7421296296296296 0.215625 0.7398148148148148 0.21302083333333333 0.7398148148148148 0.2125 0.736574074074074 0.20859375 0.736574074074074 0.20807291666666666 0.7347222222222223 0.20625 0.7333333333333333 0.20338541666666668 0.7305555555555555 0.20078125 0.7305555555555555 0.20026041666666666 0.7282407407407407 0.196875 0.7282407407407407 0.19192708333333333 0.7287037037037037 0.19166666666666668 0.7291666666666666 0.18932291666666667 0.7310185185185185 0.18723958333333332 0.7314814814814815 0.18515625 0.7300925925925926 0.18333333333333332 0.7296296296296296 0.18151041666666667 0.7277777777777777 0.17942708333333332 0.7268518518518519 0.17890625 0.725925925925926 0.17734375 0.7245370370370371 0.17630208333333333 0.7236111111111111 0.17604166666666668 0.7217592592592592 0.17604166666666668
2 0.649537037037037 0.5096354166666667 0.6268518518518519 0.5041666666666667 0.624537037037037 0.5041666666666667 0.6208333333333333 0.5049479166666667 0.6152777777777778 0.5083333333333333 0.6152777777777778 0.5104166666666666 0.6189814814814815 0.5125 0.6212962962962963 0.5145833333333333 0.6212962962962963 0.5184895833333333 0.6064814814814815 0.53515625 0.6037037037037037 0.5372395833333333 0.5930555555555556 0.5497395833333333 0.5875 0.5544270833333333 0.5810185185185185 0.5622395833333333 0.575925925925926 0.5669270833333333 0.5740740740740741 0.5697916666666667 0.5685185185185185 0.5752604166666667 0.5625 0.5825520833333333 0.5606481481481481 0.5838541666666667 0.5560185185185185 0.58984375 0.5532407407407407 0.5919270833333333 0.5486111111111112 0.5979166666666667 0.5439814814814815 0.6018229166666667 0.5407407407407407 0.6078125 0.5421296296296296 0.6098958333333333 0.5486111111111112 0.6127604166666667 0.5513888888888889 0.61328125 0.5569444444444445 0.6127604166666667 0.5597222222222222 0.61171875 0.562037037037037 0.6098958333333333 0.5791666666666667 0.5901041666666667 0.5842592592592593 0.58515625 0.5861111111111111 0.5822916666666667 0.5916666666666667 0.57734375 0.6018518518518519 0.5651041666666666 0.6069444444444444 0.5604166666666667 0.6138888888888889 0.5515625 0.6263888888888889 0.5393229166666667 0.6337962962962963 0.5309895833333333 0.6361111111111111 0.5294270833333333 0.6398148148148148 0.5247395833333334 0.6430555555555556 0.52265625 0.65 0.5213541666666667 0.6541666666666667 0.5213541666666667 0.6578703703703703 0.5200520833333333 0.6597222222222222 0.5174479166666667 0.6583333333333333 0.5138020833333333
3 0.6185185185185185 0.6419270833333334 0.6143518518518518 0.6419270833333334 0.6138888888888889 0.6421875 0.6111111111111112 0.6424479166666667 0.6060185185185185 0.6458333333333334 0.6032407407407407 0.6494791666666667 0.6023148148148149 0.6515625 0.5995370370370371 0.6544270833333333 0.5986111111111111 0.6565104166666667 0.5962962962962963 0.6591145833333333 0.5953703703703703 0.6611979166666667 0.5939814814814814 0.6625 0.5939814814814814 0.6630208333333333 0.5916666666666667 0.66484375 0.5898148148148148 0.6684895833333333 0.5879629629629629 0.6703125 0.587037037037037 0.671875 0.5837962962962963 0.6736979166666667 0.5833333333333334 0.6734375 0.5796296296296296 0.6731770833333334 0.5791666666666667 0.6734375 0.5722222222222222 0.67421875 0.5666666666666667 0.6776041666666667 0.5666666666666667 0.6783854166666666 0.5652777777777778 0.6807291666666667 0.5652777777777778 0.684375 0.5657407407407408 0.6846354166666667 0.5657407407407408 0.6854166666666667 0.5685185185185185 0.6875 0.5699074074074074 0.6877604166666667 0.5722222222222222 0.6893229166666667 0.5800925925925926 0.69140625 0.5837962962962963 0.69296875 0.586574074074074 0.6934895833333333 0.5898148148148148 0.69453125 0.5907407407407408 0.69453125 0.6037037037037037 0.6984375 0.6046296296296296 0.6984375 0.6106481481481482 0.7 0.6143518518518518 0.7002604166666667 0.6148148148148148 0.7005208333333334 0.6152777777777778 0.7002604166666667 0.6175925925925926 0.7002604166666667 0.6180555555555556 0.7 0.6199074074074075 0.7 0.6226851851851852 0.6994791666666667 0.625 0.6979166666666666 0.6282407407407408 0.69375 0.6291666666666667 0.6890625 0.6268518518518519 0.6864583333333333 0.6268518518518519 0.6859375 0.6226851851851852 0.6815104166666667 0.6231481481481481 0.6809895833333334 0.6231481481481481 0.67734375 0.6236111111111111 0.6770833333333334 0.625 0.6721354166666667 0.6282407407407408 0.6669270833333333 0.6282407407407408 0.6661458333333333 0.6300925925925925 0.6630208333333333 0.6310185185185185 0.6622395833333333 0.6310185185185185 0.66171875 0.6342592592592593 0.6580729166666667 0.6347222222222222 0.65625 0.6361111111111111 0.6546875 0.6375 0.65234375 0.6375 0.6515625 0.638425925925926 0.6505208333333333 0.637962962962963 0.6497395833333334 0.6337962962962963 0.6463541666666667 0.6287037037037037 0.6447916666666667 0.6259259259259259 0.6434895833333333 0.6222222222222222 0.6424479166666667 0.6189814814814815 0.6421875
4 0.6763888888888889 0.41953125 0.6694444444444444 0.4236979166666667 0.6685185185185185 0.425 0.6652777777777777 0.42682291666666666 0.6625 0.42916666666666664 0.6601851851851852 0.4317708333333333 0.6601851851851852 0.4322916666666667 0.6574074074074074 0.4348958333333333 0.6574074074074074 0.43671875 0.6578703703703703 0.43697916666666664 0.6583333333333333 0.4393229166666667 0.6652777777777777 0.44114583333333335 0.6680555555555555 0.44114583333333335 0.6736111111111112 0.4401041666666667 0.674074074074074 0.44036458333333334 0.6768518518518518 0.44036458333333334 0.6851851851851852 0.4427083333333333 0.6865740740740741 0.4434895833333333 0.687962962962963 0.44375 0.6949074074074074 0.4466145833333333 0.6953703703703704 0.4471354166666667 0.6986111111111111 0.4484375 0.7041666666666667 0.4513020833333333 0.7101851851851851 0.45338541666666665 0.7185185185185186 0.4578125 0.7263888888888889 0.46119791666666665 0.7287037037037037 0.4627604166666667 0.7384259259259259 0.4666666666666667 0.7412037037037037 0.4671875 0.7435185185185185 0.4671875 0.7439814814814815 0.4674479166666667 0.7486111111111111 0.4674479166666667 0.7518518518518519 0.4666666666666667 0.7546296296296297 0.46510416666666665 0.7564814814814815 0.4627604166666667 0.7555555555555555 0.45859375 0.7518518518518519 0.45598958333333334 0.7476851851851852 0.4549479166666667 0.7425925925925926 0.4518229166666667 0.7375 0.44947916666666665 0.7342592592592593 0.4484375 0.7277777777777777 0.44479166666666664 0.7263888888888889 0.44453125 0.7231481481481481 0.44296875 0.7199074074074074 0.44192708333333336 0.7143518518518519 0.4388020833333333 0.7106481481481481 0.4375 0.7055555555555556 0.43463541666666666 0.7037037037037037 0.43411458333333336 0.6990740740740741 0.4317708333333333 0.6990740740740741 0.4315104166666667 0.6958333333333333 0.4296875 0.6935185185185185 0.4276041666666667 0.6935185185185185 0.42265625 0.6925925925925925 0.42135416666666664 0.6902777777777778 0.4197916666666667 0.687037037037037 0.41953125 0.6851851851851852 0.41901041666666666 0.6824074074074075 0.41901041666666666 0.6819444444444445 0.41875
2 0.7013888888888888 0.46458333333333335 0.6986111111111111 0.4625 0.6935185185185185 0.46015625 0.6893518518518519 0.459375 0.6851851851851852 0.459375 0.6777777777777778 0.4627604166666667 0.6773148148148148 0.46848958333333335 0.6759259259259259 0.4705729166666667 0.6736111111111112 0.47161458333333334 0.6592592592592592 0.47552083333333334 0.6439814814814815 0.48098958333333336 0.6370370370370371 0.4822916666666667 0.6347222222222222 0.48359375 0.6300925925925925 0.48463541666666665 0.6199074074074075 0.48828125 0.6148148148148148 0.48932291666666666 0.6111111111111112 0.4908854166666667 0.6013888888888889 0.49322916666666666 0.5962962962962963 0.4953125 0.5833333333333334 0.4986979166666667 0.5717592592592593 0.503125 0.5634259259259259 0.5057291666666667 0.5597222222222222 0.50625 0.5435185185185185 0.51171875 0.5351851851851852 0.5138020833333333 0.5259259259259259 0.5171875 0.5203703703703704 0.5208333333333334 0.5212962962962963 0.5244791666666667 0.5254629629629629 0.5283854166666667 0.5282407407407408 0.5291666666666667 0.5375 0.5291666666666667 0.5527777777777778 0.5247395833333334 0.5560185185185185 0.5231770833333333 0.5615740740740741 0.521875 0.5722222222222222 0.51796875 0.5916666666666667 0.5125 0.5972222222222222 0.5104166666666666 0.6111111111111112 0.50703125 0.6148148148148148 0.50703125 0.6180555555555556 0.5052083333333334 0.6222222222222222 0.50390625 0.6268518518518519 0.503125 0.6305555555555555 0.5033854166666667 0.6324074074074074 0.5028645833333333 0.6337962962962963 0.5015625 0.6365740740740741 0.5002604166666667 0.638425925925926 0.49765625 0.6537037037037037 0.49322916666666666 0.6578703703703703 0.49114583333333334 0.6638888888888889 0.48984375 0.6736111111111112 0.4864583333333333 0.6856481481481481 0.484375 0.6902777777777778 0.484375 0.6976851851851852 0.48541666666666666 0.7055555555555556 0.48541666666666666 0.7087962962962963 0.48463541666666665 0.7106481481481481 0.4828125 0.711574074074074 0.4783854166666667 0.7087962962962963 0.47291666666666665
5 0.6935185185185185 0.5763020833333333 0.6898148148148148 0.578125 0.6884259259259259 0.5799479166666667 0.6884259259259259 0.5809895833333333 0.687962962962963 0.58125 0.687962962962963 0.5822916666666667 0.6875 0.5825520833333333 0.6875 0.58359375 0.687037037037037 0.5838541666666667 0.687037037037037 0.5854166666666667 0.6865740740740741 0.5856770833333333 0.6861111111111111 0.5880208333333333 0.6856481481481481 0.58828125 0.6851851851851852 0.5903645833333333 0.6847222222222222 0.590625 0.6842592592592592 0.59375 0.6837962962962963 0.5940104166666667 0.6833333333333333 0.5963541666666666 0.6828703703703703 0.5966145833333333 0.6828703703703703 0.5973958333333333 0.6824074074074075 0.59765625 0.6824074074074075 0.5984375 0.6814814814814815 0.5997395833333333 0.6810185185185185 0.6036458333333333 0.6805555555555556 0.60390625 0.6800925925925926 0.6057291666666667 0.6787037037037037 0.6072916666666667 0.6773148148148148 0.6080729166666666 0.6754629629629629 0.6083333333333333 0.674074074074074 0.6088541666666667 0.6717592592592593 0.6088541666666667 0.6712962962962963 0.6091145833333333 0.6694444444444444 0.6091145833333333 0.6675925925925926 0.6096354166666667 0.6662037037037037 0.6096354166666667 0.663425925925926 0.6109375 0.6620370370370371 0.6130208333333333 0.6620370370370371 0.6143229166666667 0.6615740740740741 0.6145833333333334 0.6615740740740741 0.6177083333333333 0.6620370370370371 0.61796875 0.6620370370370371 0.6192708333333333 0.6638888888888889 0.6203125 0.6652777777777777 0.6216145833333333 0.6675925925925926 0.62265625 0.6675925925925926 0.6229166666666667 0.6708333333333333 0.6234375 0.6731481481481482 0.62421875 0.6759259259259259 0.6244791666666667 0.6763888888888889 0.6247395833333333 0.6856481481481481 0.6263020833333334 0.687037037037037 0.6268229166666667 0.6925925925925925 0.6270833333333333 0.6930555555555555 0.62734375 0.6986111111111111 0.62734375 0.6990740740740741 0.6276041666666666 0.7101851851851851 0.62734375 0.7106481481481481 0.6270833333333333 0.7166666666666667 0.6268229166666667 0.7203703703703703 0.6247395833333333 0.7203703703703703 0.62421875 0.7208333333333333 0.6239583333333333 0.7208333333333333 0.6231770833333333 0.7212962962962963 0.6229166666666667 0.7212962962962963 0.6184895833333334 0.7208333333333333 0.6182291666666667 0.7208333333333333 0.6174479166666667 0.7199074074074074 0.6161458333333333 0.7175925925925926 0.6145833333333334 0.7157407407407408 0.6127604166666667 0.7125 0.6109375 0.7125 0.61015625 0.712037037037037 0.6098958333333333 0.712037037037037 0.6078125 0.711574074074074 0.6072916666666667 0.712037037037037 0.60703125 0.712037037037037 0.60546875 0.7125 0.6052083333333333 0.7125 0.603125 0.7129629629629629 0.6028645833333334 0.7134259259259259 0.5989583333333334 0.7138888888888889 0.5986979166666667 0.7148148148148148 0.5950520833333334 0.7152777777777778 0.5947916666666667 0.7152777777777778 0.5940104166666667 0.7157407407407408 0.59375 0.7157407407407408 0.59296875 0.7166666666666667 0.5916666666666667 0.7171296296296297 0.5885416666666666 0.7175925925925926 0.58828125 0.7175925925925926 0.58671875 0.7180555555555556 0.5864583333333333 0.7180555555555556 0.5854166666666667 0.7185185185185186 0.58515625 0.7185185185185186 0.5841145833333333 0.7189814814814814 0.5838541666666667 0.7189814814814814 0.5833333333333334 0.7185185185185186 0.5830729166666667 0.7185185185185186 0.5796875 0.7162037037037037 0.5778645833333333 0.7125 0.5770833333333333 0.7069444444444445 0.5768229166666666 0.7064814814814815 0.5765625 0.7041666666666667 0.5765625 0.7037037037037037 0.5763020833333333 0.7 0.5763020833333333 0.6995370370370371 0.5760416666666667 0.6958333333333333 0.5760416666666667 0.6953703703703704 0.5763020833333333
6 0.7129629629629629 0.6580729166666667 0.7125 0.6583333333333333 0.712037037037037 0.6583333333333333 0.7106481481481481 0.6591145833333333 0.7101851851851851 0.6591145833333333 0.7069444444444445 0.6611979166666667 0.7069444444444445 0.6614583333333334 0.7050925925925926 0.6627604166666666 0.7046296296296296 0.6635416666666667 0.7027777777777777 0.66484375 0.7018518518518518 0.6661458333333333 0.700925925925926 0.6666666666666666 0.700462962962963 0.6674479166666667 0.6995370370370371 0.66796875 0.6995370370370371 0.6682291666666667 0.6976851851851852 0.6700520833333333 0.6976851851851852 0.67109375 0.6972222222222222 0.6713541666666667 0.6972222222222222 0.6723958333333333 0.6967592592592593 0.67265625 0.6967592592592593 0.6739583333333333 0.6972222222222222 0.67421875 0.6986111111111111 0.6760416666666667 0.700462962962963 0.6770833333333334 0.700462962962963 0.67734375 0.7013888888888888 0.6778645833333333 0.7013888888888888 0.678125 0.7018518518518518 0.6783854166666666 0.7018518518518518 0.67890625 0.7023148148148148 0.6791666666666667 0.7041666666666667 0.6815104166666667 0.7069444444444445 0.6833333333333333 0.7069444444444445 0.68359375 0.7083333333333334 0.6846354166666667 0.7083333333333334 0.6848958333333334 0.7111111111111111 0.6864583333333333 0.711574074074074 0.6864583333333333 0.7125 0.6869791666666667 0.7129629629629629 0.6869791666666667 0.7171296296296297 0.68828125 0.7203703703703703 0.68828125 0.7208333333333333 0.6885416666666667 0.7217592592592592 0.6885416666666667 0.7222222222222222 0.6888020833333334 0.7226851851851852 0.6888020833333334 0.7231481481481481 0.6890625 0.7240740740740741 0.6890625 0.7245370370370371 0.6893229166666667 0.737037037037037 0.6893229166666667 0.7375 0.6890625 0.7393518518518518 0.6890625 0.7398148148148148 0.6888020833333334 0.7402777777777778 0.6888020833333334 0.7407407407407407 0.6885416666666667 0.7416666666666667 0.6885416666666667 0.7439814814814815 0.6877604166666667 0.7449074074074075 0.6877604166666667 0.7458333333333333 0.6872395833333333 0.7462962962962963 0.6872395833333333 0.7472222222222222 0.68671875 0.7476851851851852 0.68671875 0.7476851851851852 0.6864583333333333 0.7486111111111111 0.6859375 0.7486111111111111 0.6856770833333333 0.750462962962963 0.6846354166666667 0.750462962962963 0.684375 0.7513888888888889 0.6838541666666667 0.7513888888888889 0.6833333333333333 0.7518518518518519 0.6830729166666667 0.7518518518518519 0.6825520833333333 0.7523148148148148 0.6822916666666666 0.7523148148148148 0.6815104166666667 0.7527777777777778 0.68125 0.7527777777777778 0.6802083333333333 0.7532407407407408 0.6799479166666667 0.7532407407407408 0.6791666666666667 0.7537037037037037 0.67890625 0.7537037037037037 0.6783854166666666 0.7541666666666667 0.678125 0.7541666666666667 0.6776041666666667 0.7546296296296297 0.67734375 0.7546296296296297 0.6760416666666667 0.7550925925925925 0.67578125 0.7550925925925925 0.6747395833333333 0.7555555555555555 0.6744791666666666 0.7555555555555555 0.6721354166666667 0.7550925925925925 0.671875 0.7550925925925925 0.6700520833333333 0.7546296296296297 0.6697916666666667 0.7546296296296297 0.6692708333333334 0.7527777777777778 0.6674479166666667 0.7527777777777778 0.6669270833333333 0.7523148148148148 0.6666666666666666 0.7518518518518519 0.6658854166666667 0.750462962962963 0.6651041666666667 0.750462962962963 0.66484375 0.7490740740740741 0.6635416666666667 0.7490740740740741 0.6630208333333333 0.7486111111111111 0.6627604166666666 0.7486111111111111 0.6622395833333333 0.7481481481481481 0.6619791666666667 0.7481481481481481 0.66171875 0.7444444444444445 0.6596354166666667 0.7444444444444445 0.659375 0.7439814814814815 0.6591145833333333 0.7425925925925926 0.6588541666666666 0.7416666666666667 0.6583333333333333 0.7412037037037037 0.6583333333333333 0.7398148148148148 0.6578125 0.7384259259259259 0.6578125 0.7379629629629629 0.6575520833333334 0.736574074074074 0.6575520833333334 0.7361111111111112 0.6572916666666667 0.7231481481481481 0.6572916666666667 0.7226851851851852 0.6575520833333334 0.7162037037037037 0.6575520833333334 0.7157407407407408 0.6578125 0.7143518518518519 0.6578125 0.7138888888888889 0.6580729166666667
2 0.8180555555555555 0.5328125 0.8152777777777778 0.5341145833333333 0.812962962962963 0.5369791666666667 0.8134259259259259 0.540625 0.8148148148148148 0.54140625 0.8208333333333333 0.5427083333333333 0.8245370370370371 0.5447916666666667 0.8217592592592593 0.5721354166666667 0.8194444444444444 0.5859375 0.8194444444444444 0.5919270833333333 0.8180555555555555 0.5981770833333333 0.8175925925925925 0.6083333333333333 0.8157407407407408 0.6174479166666667 0.8157407407407408 0.6244791666666667 0.8134259259259259 0.6401041666666667 0.8134259259259259 0.6466145833333333 0.8143518518518519 0.6479166666666667 0.8185185185185185 0.6502604166666667 0.8300925925925926 0.6513020833333333 0.8337962962962963 0.6502604166666667 0.836574074074074 0.6473958333333333 0.8375 0.6450520833333333 0.8416666666666667 0.5979166666666667 0.8430555555555556 0.5921875 0.8444444444444444 0.5765625 0.8467592592592592 0.56796875 0.8486111111111111 0.5473958333333333 0.850462962962963 0.5450520833333333 0.8611111111111112 0.54296875 0.862037037037037 0.54140625 0.862037037037037 0.5385416666666667 0.8611111111111112 0.5364583333333334 0.8537037037037037 0.5346354166666667 0.8342592592592593 0.5330729166666667
4 0.9171296296296296 0.3453125 0.9115740740740741 0.3419270833333333 0.9087962962962963 0.34140625 0.9046296296296297 0.34140625 0.9041666666666667 0.3411458333333333 0.9037037037037037 0.34140625 0.8986111111111111 0.3416666666666667 0.8972222222222223 0.3421875 0.8958333333333334 0.3421875 0.8907407407407407 0.34348958333333335 0.8870370370370371 0.34401041666666665 0.8837962962962963 0.3450520833333333 0.8791666666666667 0.3455729166666667 0.8763888888888889 0.3463541666666667 0.8726851851851852 0.346875 0.8662037037037037 0.34869791666666666 0.862037037037037 0.3494791666666667 0.8606481481481482 0.3494791666666667 0.8601851851851852 0.3497395833333333 0.8564814814814815 0.35 0.8495370370370371 0.35130208333333335 0.8444444444444444 0.35260416666666666 0.8412037037037037 0.3528645833333333 0.8347222222222223 0.3515625 0.8314814814814815 0.3515625 0.8310185185185185 0.35130208333333335 0.8296296296296296 0.3515625 0.8194444444444444 0.3515625 0.8189814814814815 0.35182291666666665 0.8152777777777778 0.35208333333333336 0.8125 0.3533854166666667 0.812037037037037 0.35442708333333334 0.8101851851851852 0.35625 0.8097222222222222 0.3578125 0.8092592592592592 0.3580729166666667 0.8087962962962963 0.3606770833333333 0.8083333333333333 0.3609375 0.8087962962962963 0.365625 0.8092592592592592 0.3658854166666667 0.8092592592592592 0.36666666666666664 0.8101851851851852 0.36822916666666666 0.8148148148148148 0.3731770833333333 0.8166666666666667 0.37447916666666664 0.8212962962962963 0.3768229166666667 0.8240740740740741 0.37734375 0.8337962962962963 0.37734375 0.836574074074074 0.3768229166666667 0.8416666666666667 0.375 0.8435185185185186 0.3729166666666667 0.8435185185185186 0.37213541666666666 0.8449074074074074 0.3697916666666667 0.8458333333333333 0.3692708333333333 0.8462962962962963 0.3684895833333333 0.8476851851851852 0.36770833333333336 0.8490740740740741 0.36744791666666665 0.8527777777777777 0.3658854166666667 0.8583333333333333 0.36432291666666666 0.8652777777777778 0.36302083333333335 0.8685185185185185 0.3619791666666667 0.8717592592592592 0.36171875 0.8787037037037037 0.36041666666666666 0.8800925925925925 0.36041666666666666 0.888425925925926 0.35859375 0.8916666666666667 0.35859375 0.8944444444444445 0.3580729166666667 0.9023148148148148 0.35572916666666665 0.9032407407407408 0.35572916666666665 0.9046296296296297 0.35520833333333335 0.9078703703703703 0.35494791666666664 0.9125 0.3533854166666667 0.9180555555555555 0.3494791666666667 0.9175925925925926 0.3489583333333333
3 0.8569444444444444 0.5705729166666667 0.8564814814814815 0.5708333333333333 0.8546296296296296 0.5708333333333333 0.85 0.571875 0.8490740740740741 0.5723958333333333 0.8490740740740741 0.5729166666666666 0.8476851851851852 0.5744791666666667 0.8472222222222222 0.5760416666666667 0.8467592592592592 0.5763020833333333 0.8467592592592592 0.5791666666666667 0.8462962962962963 0.5794270833333334 0.8462962962962963 0.5802083333333333 0.8467592592592592 0.58046875 0.8467592592592592 0.5822916666666667 0.8472222222222222 0.5825520833333333 0.8472222222222222 0.58359375 0.8476851851851852 0.5838541666666667 0.8476851851851852 0.5856770833333333 0.8481481481481481 0.5859375 0.8481481481481481 0.5872395833333334 0.8486111111111111 0.5875 0.8486111111111111 0.5890625 0.85 0.5908854166666667 0.85 0.596875 0.8495370370370371 0.5971354166666667 0.8495370370370371 0.5997395833333333 0.8481481481481481 0.6013020833333333 0.8472222222222222 0.6049479166666667 0.8453703703703703 0.6075520833333333 0.8453703703703703 0.6083333333333333 0.8449074074074074 0.60859375 0.8449074074074074 0.609375 0.8439814814814814 0.6106770833333334 0.8439814814814814 0.61171875 0.8435185185185186 0.6119791666666666 0.8435185185185186 0.6166666666666667 0.8439814814814814 0.6169270833333333 0.8439814814814814 0.6182291666666667 0.8444444444444444 0.6184895833333334 0.8444444444444444 0.6190104166666667 0.8486111111111111 0.6213541666666667 0.8513888888888889 0.6221354166666667 0.8574074074074074 0.62265625 0.8578703703703704 0.6229166666666667 0.8597222222222223 0.6229166666666667 0.8601851851851852 0.6231770833333333 0.862037037037037 0.6231770833333333 0.8625 0.6234375 0.8643518518518518 0.6234375 0.8648148148148148 0.6236979166666666 0.8731481481481481 0.6236979166666666 0.8768518518518519 0.6229166666666667 0.8819444444444444 0.6171875 0.8837962962962963 0.6135416666666667 0.8861111111111111 0.6111979166666667 0.8861111111111111 0.61015625 0.8865740740740741 0.6098958333333333 0.8865740740740741 0.6072916666666667 0.888425925925926 0.6046875 0.8888888888888888 0.6028645833333334 0.8912037037037037 0.5994791666666667 0.8912037037037037 0.5986979166666667 0.8916666666666667 0.5984375 0.8916666666666667 0.59765625 0.8921296296296296 0.5973958333333333 0.8921296296296296 0.5966145833333333 0.8930555555555556 0.5958333333333333 0.8930555555555556 0.5953125 0.8944444444444445 0.59375 0.8967592592592593 0.5924479166666666 0.9013888888888889 0.59140625 0.9037037037037037 0.59140625 0.9069444444444444 0.5903645833333333 0.9083333333333333 0.5895833333333333 0.9097222222222222 0.5877604166666667 0.9097222222222222 0.5864583333333333 0.9101851851851852 0.5861979166666667 0.9101851851851852 0.5848958333333333 0.9106481481481481 0.5846354166666666 0.9106481481481481 0.58125 0.9101851851851852 0.5809895833333333 0.9101851851851852 0.5799479166666667 0.9074074074074074 0.5783854166666667 0.9037037037037037 0.57734375 0.9004629629629629 0.5770833333333333 0.8981481481481481 0.5760416666666667 0.8958333333333334 0.57578125 0.8944444444444445 0.5752604166666667 0.8935185185185185 0.5752604166666667 0.8916666666666667 0.5747395833333333 0.8902777777777777 0.5747395833333333 0.8898148148148148 0.5744791666666667 0.888425925925926 0.5744791666666667 0.887962962962963 0.57421875 0.8870370370370371 0.57421875 0.8837962962962963 0.5734375 0.8824074074074074 0.5734375 0.8805555555555555 0.5729166666666666 0.8791666666666667 0.5729166666666666 0.8773148148148148 0.5723958333333333 0.8726851851851852 0.5723958333333333 0.8689814814814815 0.5713541666666667 0.8675925925925926 0.5713541666666667 0.8648148148148148 0.5705729166666667
4 0.8273148148148148 0.26328125 0.8268518518518518 0.26901041666666664 0.8273148148148148 0.26927083333333335 0.8273148148148148 0.27239583333333334 0.8287037037037037 0.2747395833333333 0.8300925925925926 0.2755208333333333 0.8319444444444445 0.27578125 0.8333333333333334 0.27630208333333334 0.8398148148148148 0.2765625 0.8402777777777778 0.27682291666666664 0.8495370370370371 0.2760416666666667 0.8523148148148149 0.2752604166666667 0.8560185185185185 0.27317708333333335 0.8606481481481482 0.271875 0.8675925925925926 0.271875 0.8680555555555556 0.2716145833333333 0.8736111111111111 0.271875 0.8740740740740741 0.2721354166666667 0.8796296296296297 0.27239583333333334 0.8800925925925925 0.27265625 0.8949074074074074 0.27291666666666664 0.8953703703703704 0.27317708333333335 0.8986111111111111 0.27317708333333335 0.899074074074074 0.2734375 0.9055555555555556 0.27369791666666665 0.9060185185185186 0.27395833333333336 0.9097222222222222 0.27395833333333336 0.9101851851851852 0.27421875 0.9138888888888889 0.27421875 0.9143518518518519 0.27447916666666666 0.9305555555555556 0.2747395833333333 0.9310185185185185 0.275 0.937037037037037 0.2713541666666667 0.937037037037037 0.27057291666666666 0.9388888888888889 0.2674479166666667 0.9388888888888889 0.26666666666666666 0.9384259259259259 0.26640625 0.9384259259259259 0.2635416666666667 0.937962962962963 0.2630208333333333 0.9356481481481481 0.26197916666666665 0.9314814814814815 0.26119791666666664 0.9263888888888889 0.2609375 0.9259259259259259 0.26067708333333334 0.924074074074074 0.26067708333333334 0.9212962962962963 0.26015625 0.9189814814814815 0.26015625 0.9162037037037037 0.2596354166666667 0.9125 0.2596354166666667 0.9120370370370371 0.259375 0.9004629629629629 0.259375 0.9 0.2591145833333333 0.8972222222222223 0.2591145833333333 0.8967592592592593 0.25885416666666666 0.8916666666666667 0.25859375 0.888425925925926 0.25755208333333335 0.8865740740740741 0.25755208333333335 0.8861111111111111 0.25729166666666664 0.8791666666666667 0.25703125 0.8787037037037037 0.25677083333333334 0.8759259259259259 0.25677083333333334 0.8731481481481481 0.25625 0.8680555555555556 0.2559895833333333 0.8634259259259259 0.2546875 0.8606481481481482 0.253125 0.8601851851851852 0.2520833333333333 0.8578703703703704 0.25052083333333336 0.8550925925925926 0.25 0.8532407407407407 0.25 0.8527777777777777 0.24973958333333332 0.8486111111111111 0.24973958333333332 0.8481481481481481 0.24947916666666667 0.8416666666666667 0.24947916666666667 0.8412037037037037 0.24973958333333332 0.8375 0.25 0.8337962962962963 0.2526041666666667 0.8314814814814815 0.25494791666666666 0.8287037037037037 0.2596354166666667 0.8277777777777777 0.2630208333333333
1 0.9574074074074074 0.5994791666666667 0.9532407407407407 0.5966145833333333 0.9532407407407407 0.5963541666666666 0.9523148148148148 0.5958333333333333 0.9513888888888888 0.5947916666666667 0.9476851851851852 0.59296875 0.9467592592592593 0.5916666666666667 0.9462962962962963 0.5916666666666667 0.9449074074074074 0.5908854166666667 0.9444444444444444 0.5908854166666667 0.9430555555555555 0.58984375 0.9412037037037037 0.5893229166666667 0.9402777777777778 0.5893229166666667 0.9398148148148148 0.5890625 0.9375 0.5890625 0.937037037037037 0.5893229166666667 0.9351851851851852 0.5893229166666667 0.9342592592592592 0.58984375 0.9305555555555556 0.5908854166666667 0.9236111111111112 0.59453125 0.9231481481481482 0.59453125 0.9222222222222223 0.5950520833333334 0.9203703703703704 0.5955729166666667 0.9199074074074074 0.5963541666666666 0.9189814814814815 0.596875 0.9166666666666666 0.5994791666666667 0.9157407407407407 0.6 0.9148148148148149 0.6010416666666667 0.9120370370370371 0.6026041666666667 0.9115740740740741 0.6026041666666667 0.9097222222222222 0.6036458333333333 0.9078703703703703 0.6041666666666666 0.9060185185185186 0.6052083333333333 0.9041666666666667 0.6057291666666667 0.9018518518518519 0.60703125 0.9013888888888889 0.60703125 0.8986111111111111 0.6088541666666667 0.8981481481481481 0.6088541666666667 0.8972222222222223 0.609375 0.8962962962962963 0.609375 0.8944444444444445 0.6104166666666667 0.8939814814814815 0.6104166666666667 0.8930555555555556 0.6109375 0.8916666666666667 0.6111979166666667 0.8902777777777777 0.6119791666666666 0.8875 0.6127604166666667 0.8842592592592593 0.6145833333333334 0.8837962962962963 0.6151041666666667 0.8837962962962963 0.6158854166666666 0.8833333333333333 0.6161458333333333 0.8833333333333333 0.6171875 0.8828703703703704 0.6174479166666667 0.8828703703703704 0.6184895833333334 0.8824074074074074 0.6190104166666667 0.8833333333333333 0.6200520833333333 0.888425925925926 0.62265625 0.8893518518518518 0.62265625 0.8898148148148148 0.6229166666666667 0.8939814814814815 0.6229166666666667 0.899537037037037 0.6213541666666667 0.9046296296296297 0.6192708333333333 0.9060185185185186 0.6190104166666667 0.9087962962962963 0.6177083333333333 0.9101851851851852 0.6174479166666667 0.9111111111111111 0.6169270833333333 0.9125 0.6166666666666667 0.913425925925926 0.6161458333333333 0.9138888888888889 0.6161458333333333 0.9148148148148149 0.615625 0.9166666666666666 0.6151041666666667 0.9185185185185185 0.6140625 0.924537037037037 0.6125 0.9277777777777778 0.6111979166666667 0.9287037037037037 0.6111979166666667 0.9310185185185185 0.6104166666666667 0.9333333333333333 0.6104166666666667 0.9337962962962963 0.61015625 0.9351851851851852 0.61015625 0.9384259259259259 0.6111979166666667 0.9430555555555555 0.6111979166666667 0.9439814814814815 0.61015625 0.9449074074074074 0.6096354166666667 0.9449074074074074 0.609375 0.9472222222222222 0.6080729166666666 0.9481481481481482 0.6078125 0.9490740740740741 0.6078125 0.9495370370370371 0.6075520833333333 0.950462962962963 0.6075520833333333 0.9523148148148148 0.6067708333333334 0.9546296296296296 0.60625 0.9583333333333334 0.6041666666666666 0.9587962962962963 0.6036458333333333 0.9587962962962963 0.60234375 0.9583333333333334 0.6020833333333333 0.9583333333333334 0.6013020833333333 0.9574074074074074 0.6002604166666666
1 0.8944444444444445 0.4236979166666667 0.8958333333333334 0.42473958333333334 0.8958333333333334 0.425 0.8967592592592593 0.42552083333333335 0.8967592592592593 0.42578125 0.8972222222222223 0.42604166666666665 0.8972222222222223 0.4265625 0.8976851851851851 0.42682291666666666 0.8976851851851851 0.42734375 0.9 0.42890625 0.9004629629629629 0.42890625 0.9009259259259259 0.42916666666666664 0.9018518518518519 0.42916666666666664 0.9023148148148148 0.42942708333333335 0.9032407407407408 0.42942708333333335 0.9037037037037037 0.4296875 0.9060185185185186 0.4296875 0.9064814814814814 0.42994791666666665 0.9078703703703703 0.42994791666666665 0.9097222222222222 0.43072916666666666 0.9101851851851852 0.43072916666666666 0.9111111111111111 0.43125 0.9115740740740741 0.43125 0.9120370370370371 0.4315104166666667 0.913425925925926 0.4315104166666667 0.9138888888888889 0.4317708333333333 0.9189814814814815 0.4317708333333333 0.9194444444444444 0.43203125 0.925 0.43203125 0.9254629629629629 0.4317708333333333 0.9282407407407407 0.4317708333333333 0.9287037037037037 0.4315104166666667 0.9300925925925926 0.43125 0.9314814814814815 0.43046875 0.9319444444444445 0.43046875 0.9324074074074075 0.43020833333333336 0.9333333333333333 0.43020833333333336 0.9347222222222222 0.4296875 0.9365740740740741 0.4296875 0.937037037037037 0.42994791666666665 0.9388888888888889 0.42994791666666665 0.9393518518518519 0.43020833333333336 0.9407407407407408 0.43020833333333336 0.9412037037037037 0.43046875 0.9425925925925925 0.43046875 0.9430555555555555 0.43072916666666666 0.9453703703703704 0.43072916666666666 0.9458333333333333 0.4309895833333333 0.9476851851851852 0.4309895833333333 0.9481481481481482 0.43125 0.9495370370370371 0.43125 0.95 0.4315104166666667 0.9523148148148148 0.4315104166666667 0.9527777777777777 0.4317708333333333 0.9587962962962963 0.4317708333333333 0.9592592592592593 0.43203125 0.9643518518518519 0.43203125 0.9648148148148148 0.4317708333333333 0.9666666666666667 0.4317708333333333 0.9671296296296297 0.4315104166666667 0.9685185185185186 0.4315104166666667 0.9689814814814814 0.43125 0.9699074074074074 0.43125 0.9712962962962963 0.43046875 0.9712962962962963 0.43020833333333336 0.9722222222222222 0.42942708333333335 0.9722222222222222 0.42890625 0.9726851851851852 0.42864583333333334 0.9726851851851852 0.4278645833333333 0.9731481481481481 0.4276041666666667 0.9731481481481481 0.42734375 0.9726851851851852 0.4270833333333333 0.9726851851851852 0.42578125 0.9722222222222222 0.42552083333333335 0.9722222222222222 0.4244791666666667 0.9717592592592592 0.42421875 0.9717592592592592 0.4236979166666667 0.9712962962962963 0.4236979166666667 0.9699074074074074 0.42291666666666666 0.9694444444444444 0.42291666666666666 0.9666666666666667 0.42161458333333335 0.9657407407407408 0.42161458333333335 0.9652777777777778 0.42135416666666664 0.9625 0.42135416666666664 0.962037037037037 0.42109375 0.9611111111111111 0.42109375 0.9606481481481481 0.42083333333333334 0.9597222222222223 0.42083333333333334 0.9592592592592593 0.4205729166666667 0.9574074074074074 0.4205729166666667 0.9569444444444445 0.4203125 0.9546296296296296 0.4203125 0.9541666666666667 0.4200520833333333 0.9532407407407407 0.4200520833333333 0.9527777777777777 0.4197916666666667 0.9518518518518518 0.4197916666666667 0.9513888888888888 0.41953125 0.9495370370370371 0.41953125 0.9490740740740741 0.4192708333333333 0.9472222222222222 0.4192708333333333 0.9467592592592593 0.41901041666666666 0.9444444444444444 0.41875 0.9425925925925925 0.41796875 0.9421296296296297 0.41796875 0.9412037037037037 0.41744791666666664 0.9412037037037037 0.4171875 0.9402777777777778 0.4166666666666667 0.9398148148148148 0.4158854166666667 0.937037037037037 0.41432291666666665 0.9365740740740741 0.41432291666666665 0.9351851851851852 0.41354166666666664 0.9342592592592592 0.41354166666666664 0.9337962962962963 0.41328125 0.9324074074074075 0.41328125 0.9319444444444445 0.41302083333333334 0.9296296296296296 0.41302083333333334 0.9291666666666667 0.4127604166666667 0.9259259259259259 0.4127604166666667 0.9254629629629629 0.41302083333333334 0.9226851851851852 0.41302083333333334 0.9222222222222223 0.4127604166666667 0.9212962962962963 0.4127604166666667 0.9208333333333333 0.4125 0.9199074074074074 0.4125 0.9194444444444444 0.4122395833333333 0.9171296296296296 0.4122395833333333 0.9166666666666666 0.4119791666666667 0.913425925925926 0.4119791666666667 0.912962962962963 0.41171875 0.9087962962962963 0.41171875 0.9083333333333333 0.4119791666666667 0.9050925925925926 0.4119791666666667 0.9046296296296297 0.4122395833333333 0.9041666666666667 0.4122395833333333 0.9013888888888889 0.41380208333333335 0.9013888888888889 0.4140625 0.9 0.41484375 0.9 0.41510416666666666 0.899074074074074 0.4158854166666667 0.8986111111111111 0.4171875 0.8981481481481481 0.41744791666666664 0.8981481481481481 0.41770833333333335 0.8976851851851851 0.41796875 0.8976851851851851 0.41848958333333336 0.8962962962962963 0.4197916666666667 0.8962962962962963 0.42109375 0.8958333333333334 0.42135416666666664 0.8958333333333334 0.42239583333333336 0.8953703703703704 0.42265625 0.8953703703703704 0.4231770833333333
1 0.8458333333333333 0.41302083333333334 0.8435185185185186 0.41458333333333336 0.8435185185185186 0.41484375 0.8416666666666667 0.4158854166666667 0.8416666666666667 0.41692708333333334 0.8412037037037037 0.4171875 0.8412037037037037 0.41875 0.8407407407407408 0.41901041666666666 0.8407407407407408 0.4200520833333333 0.8425925925925926 0.42135416666666664 0.8430555555555556 0.42135416666666664 0.8449074074074074 0.42239583333333336 0.8467592592592592 0.42291666666666666 0.8495370370370371 0.4244791666666667 0.85 0.4244791666666667 0.8537037037037037 0.42604166666666665 0.8569444444444444 0.42682291666666666 0.8597222222222223 0.4283854166666667 0.8611111111111112 0.42994791666666665 0.8652777777777778 0.4309895833333333 0.8680555555555556 0.4322916666666667 0.8685185185185185 0.4322916666666667 0.8703703703703703 0.43333333333333335 0.8703703703703703 0.43359375 0.8712962962962963 0.43411458333333336 0.8722222222222222 0.43515625 0.8722222222222222 0.43854166666666666 0.8726851851851852 0.4388020833333333 0.8726851851851852 0.4395833333333333 0.8819444444444444 0.44192708333333336 0.8842592592592593 0.4432291666666667 0.8861111111111111 0.44375 0.888425925925926 0.44505208333333335 0.8912037037037037 0.44583333333333336 0.8944444444444445 0.44583333333333336 0.8949074074074074 0.44557291666666665 0.8958333333333334 0.44557291666666665 0.8967592592592593 0.4453125 0.9 0.4434895833333333 0.9004629629629629 0.4434895833333333 0.9009259259259259 0.4427083333333333 0.9074074074074074 0.4390625 0.9078703703703703 0.43828125 0.9115740740740741 0.4354166666666667 0.9115740740740741 0.43333333333333335 0.9120370370370371 0.43307291666666664 0.9120370370370371 0.43125 0.9106481481481481 0.43020833333333336 0.9106481481481481 0.42994791666666665 0.9097222222222222 0.42942708333333335 0.9097222222222222 0.42916666666666664 0.9078703703703703 0.428125 0.9069444444444444 0.428125 0.9037037037037037 0.4270833333333333 0.9027777777777778 0.4270833333333333 0.9023148148148148 0.42682291666666666 0.9 0.4265625 0.8981481481481481 0.42526041666666664 0.8962962962962963 0.4231770833333333 0.8953703703703704 0.4234375 0.8930555555555556 0.4234375 0.8925925925925926 0.4236979166666667 0.8907407407407407 0.4236979166666667 0.8902777777777777 0.4239583333333333 0.888425925925926 0.4239583333333333 0.8847222222222222 0.425 0.8828703703703704 0.42421875 0.8824074074074074 0.42421875 0.8814814814814815 0.4236979166666667 0.8773148148148148 0.42265625 0.8731481481481481 0.4203125 0.8726851851851852 0.4203125 0.8717592592592592 0.4197916666666667 0.8699074074074075 0.4192708333333333 0.8680555555555556 0.41822916666666665 0.8675925925925926 0.41822916666666665 0.8662037037037037 0.41744791666666664 0.8657407407407407 0.41744791666666664 0.8629629629629629 0.4158854166666667 0.8625 0.4158854166666667 0.861574074074074 0.4153645833333333 0.8597222222222223 0.41484375 0.8574074074074074 0.41354166666666664 0.8541666666666666 0.4127604166666667 0.8532407407407407 0.4122395833333333 0.8490740740740741 0.4119791666666667 0.8472222222222222 0.4125 0.8462962962962963 0.41302083333333334
