1 0.27824074074074073 0.3223958333333333 0.27824074074074073 0.32317708333333334 0.2777777777777778 0.3234375 0.2777777777777778 0.32421875 0.2773148148148148 0.32447916666666665 0.2773148148148148 0.32578125 0.27685185185185185 0.3260416666666667 0.2773148148148148 0.3263020833333333 0.2773148148148148 0.3268229166666667 0.27870370370370373 0.32838541666666665 0.2824074074074074 0.3302083333333333 0.2851851851851852 0.33098958333333334 0.2861111111111111 0.33151041666666664 0.2884259259259259 0.33203125 0.28935185185185186 0.33255208333333336 0.2912037037037037 0.33307291666666666 0.29259259259259257 0.3338541666666667 0.2953703703703704 0.3346354166666667 0.29768518518518516 0.3359375 0.29814814814814816 0.3359375 0.29953703703703705 0.33671875 0.3013888888888889 0.3372395833333333 0.30277777777777776 0.3380208333333333 0.3060185185185185 0.33880208333333334 0.3074074074074074 0.33958333333333335 0.30787037037037035 0.33958333333333335 0.3101851851851852 0.3416666666666667 0.3101851851851852 0.3455729166666667 0.3111111111111111 0.34661458333333334 0.3125 0.34739583333333335 0.3125 0.34765625 0.3143518518518518 0.34869791666666666 0.31574074074074077 0.3489583333333333 0.31666666666666665 0.3494791666666667 0.31851851851851853 0.35 0.32083333333333336 0.3502604166666667 0.3212962962962963 0.35052083333333334 0.32592592592592595 0.35052083333333334 0.3282407407407407 0.3515625 0.3282407407407407 0.35182291666666665 0.33055555555555555 0.3533854166666667 0.33240740740740743 0.3536458333333333 0.33287037037037037 0.35390625 0.33425925925925926 0.35390625 0.3347222222222222 0.3536458333333333 0.33564814814814814 0.3536458333333333 0.3375 0.353125 0.33935185185185185 0.35208333333333336 0.3398148148148148 0.35208333333333336 0.34074074074074073 0.3515625 0.3425925925925926 0.35104166666666664 0.3439814814814815 0.3502604166666667 0.34444444444444444 0.3502604166666667 0.35138888888888886 0.34609375 0.35138888888888886 0.3458333333333333 0.35324074074074074 0.34453125 0.3537037037037037 0.34348958333333335 0.35462962962962963 0.34270833333333334 0.35462962962962963 0.3419270833333333 0.35509259259259257 0.3416666666666667 0.35509259259259257 0.3411458333333333 0.35462962962962963 0.34088541666666666 0.35462962962962963 0.33932291666666664 0.3541666666666667 0.3390625 0.3541666666666667 0.3377604166666667 0.35324074074074074 0.3372395833333333 0.35324074074074074 0.33697916666666666 0.3527777777777778 0.33697916666666666 0.34953703703703703 0.33541666666666664 0.34675925925925927 0.3346354166666667 0.3453703703703704 0.3338541666666667 0.3439814814814815 0.3338541666666667 0.3421296296296296 0.3333333333333333 0.3398148148148148 0.33203125 0.33796296296296297 0.3299479166666667 0.337037037037037 0.3294270833333333 0.3365740740740741 0.3294270833333333 0.3337962962962963 0.32786458333333335 0.32916666666666666 0.32786458333333335 0.3287037037037037 0.328125 0.32592592592592595 0.32838541666666665 0.32546296296296295 0.32864583333333336 0.324537037037037 0.32864583333333336 0.3226851851851852 0.32916666666666666 0.32037037037037036 0.32916666666666666 0.3199074074074074 0.32890625 0.31805555555555554 0.32890625 0.3175925925925926 0.32864583333333336 0.31527777777777777 0.32838541666666665 0.3143518518518518 0.328125 0.31157407407407406 0.3265625 0.3101851851851852 0.3263020833333333 0.30787037037037035 0.32526041666666666 0.30462962962962964 0.32447916666666665 0.3023148148148148 0.3234375 0.30092592592592593 0.32317708333333334 0.3 0.32265625 0.29814814814814816 0.3221354166666667 0.2967592592592593 0.32135416666666666 0.2962962962962963 0.32135416666666666 0.2949074074074074 0.32057291666666665 0.2935185185185185 0.3203125 0.29259259259259257 0.31979166666666664 0.29074074074074074 0.31927083333333334 0.2898148148148148 0.31927083333333334 0.28935185185185186 0.3190104166666667 0.2875 0.3190104166666667 0.28703703703703703 0.31875 0.2833333333333333 0.31875 0.2824074074074074 0.31927083333333334 0.2814814814814815 0.3203125
3 0.38055555555555554 0.0875 0.3768518518518518 0.0859375 0.37222222222222223 0.08619791666666667 0.37175925925925923 0.08645833333333333 0.36898148148148147 0.08645833333333333 0.36342592592592593 0.0875 0.36203703703703705 0.0875 0.36064814814814816 0.08802083333333334 0.36064814814814816 0.08854166666666667 0.3592592592592593 0.09010416666666667 0.3578703703703704 0.09557291666666666 0.35462962962962963 0.09739583333333333 0.3490740740740741 0.0984375 0.3453703703703704 0.09869791666666666 0.3449074074074074 0.09895833333333333 0.3375 0.09947916666666666 0.33425925925925926 0.10026041666666667 0.3300925925925926 0.10078125 0.32592592592592595 0.10182291666666667 0.32222222222222224 0.10208333333333333 0.31666666666666665 0.103125 0.3143518518518518 0.103125 0.3101851851851852 0.10442708333333334 0.3087962962962963 0.10442708333333334 0.2986111111111111 0.10651041666666666 0.29768518518518516 0.10729166666666666 0.29768518518518516 0.11171875 0.300462962962963 0.11614583333333334 0.3023148148148148 0.12083333333333333 0.30324074074074076 0.12161458333333333 0.3037037037037037 0.12291666666666666 0.30648148148148147 0.12578125 0.3101851851851852 0.1265625 0.3125 0.12604166666666666 0.3148148148148148 0.12604166666666666 0.31527777777777777 0.12578125 0.3194444444444444 0.12578125 0.3199074074074074 0.12552083333333333 0.3212962962962963 0.12552083333333333 0.32314814814814813 0.125 0.32592592592592595 0.12473958333333333 0.33101851851851855 0.1234375 0.33611111111111114 0.12291666666666666 0.3375 0.12239583333333333 0.3416666666666667 0.12239583333333333 0.34675925925925927 0.12135416666666667 0.35462962962962963 0.12135416666666667 0.35509259259259257 0.12109375 0.36064814814814816 0.12109375 0.3611111111111111 0.12083333333333333 0.36527777777777776 0.12083333333333333 0.36898148148148147 0.121875 0.3712962962962963 0.1234375 0.3768518518518518 0.12526041666666668 0.37824074074074077 0.12526041666666668 0.3787037037037037 0.125 0.38564814814814813 0.125 0.3861111111111111 0.12473958333333333 0.38796296296296295 0.12473958333333333 0.39166666666666666 0.12369791666666667 0.39305555555555555 0.12291666666666666 0.39351851851851855 0.11848958333333333 0.39305555555555555 0.11822916666666666 0.3921296296296296 0.11354166666666667 0.39166666666666666 0.11328125 0.3912037037037037 0.1109375 0.3907407407407407 0.11067708333333333 0.3902777777777778 0.10729166666666666 0.3888888888888889 0.10494791666666667 0.38842592592592595 0.10182291666666667 0.3875 0.10078125 0.38564814814814813 0.09557291666666666 0.3837962962962963 0.09296875 0.38287037037037036 0.090625 0.3819444444444444 0.08984375
4 0.22314814814814815 0.3190104166666667 0.22037037037037038 0.32057291666666665 0.21944444444444444 0.3221354166666667 0.21944444444444444 0.3255208333333333 0.21898148148148147 0.32578125 0.22037037037037038 0.32786458333333335 0.22268518518518518 0.3296875 0.22870370370370371 0.33229166666666665 0.23703703703703705 0.3375 0.2388888888888889 0.3380208333333333 0.24861111111111112 0.34375 0.25601851851851853 0.34609375 0.25972222222222224 0.34817708333333336 0.2675925925925926 0.35182291666666665 0.2824074074074074 0.3580729166666667 0.287962962962963 0.3611979166666667 0.287962962962963 0.36328125 0.2875 0.36354166666666665 0.2875 0.3658854166666667 0.2865740740740741 0.36770833333333336 0.2865740740740741 0.3692708333333333 0.2916666666666667 0.3729166666666667 0.29259259259259257 0.3729166666666667 0.29398148148148145 0.3734375 0.2986111111111111 0.3734375 0.30185185185185187 0.3729166666666667 0.3050925925925926 0.3729166666666667 0.30925925925925923 0.371875 0.3125 0.3697916666666667 0.3148148148148148 0.3690104166666667 0.31574074074074077 0.36796875 0.3189814814814815 0.36614583333333334 0.32314814814814813 0.36276041666666664 0.32592592592592595 0.3611979166666667 0.32731481481481484 0.35885416666666664 0.32916666666666666 0.3572916666666667 0.3287037037037037 0.35703125 0.3282407407407407 0.35390625 0.32592592592592595 0.35234375 0.32314814814814813 0.3515625 0.31805555555555554 0.35078125 0.31574074074074077 0.3497395833333333 0.3106481481481482 0.3484375 0.3055555555555556 0.3497395833333333 0.3023148148148148 0.3497395833333333 0.29398148148148145 0.34609375 0.2828703703703704 0.33984375 0.2796296296296296 0.3390625 0.26944444444444443 0.33359375 0.26481481481481484 0.33203125 0.26064814814814813 0.3299479166666667 0.25462962962962965 0.32760416666666664 0.2513888888888889 0.32578125 0.2490740740740741 0.32526041666666666 0.2462962962962963 0.32395833333333335 0.23842592592592593 0.31953125 0.23564814814814813 0.3184895833333333 0.2324074074074074 0.31796875 0.22685185185185186 0.31796875
4 0.2587962962962963 0.3578125 0.25555555555555554 0.35442708333333334 0.2518518518518518 0.35442708333333334 0.24814814814814815 0.35572916666666665 0.2449074074074074 0.35572916666666665 0.24027777777777778 0.3567708333333333 0.23703703703703705 0.36041666666666666 0.23564814814814813 0.3611979166666667 0.23287037037037037 0.3619791666666667 0.23055555555555557 0.3619791666666667 0.2300925925925926 0.36223958333333334 0.21481481481481482 0.36223958333333334 0.21435185185185185 0.3625 0.20972222222222223 0.3625 0.20925925925925926 0.36276041666666664 0.18055555555555555 0.36302083333333335 0.18009259259259258 0.36328125 0.16064814814814815 0.36328125 0.16018518518518518 0.36354166666666665 0.15231481481481482 0.36328125 0.15185185185185185 0.36354166666666665 0.1449074074074074 0.36380208333333336 0.13796296296296295 0.36484375 0.13657407407407407 0.365625 0.13472222222222222 0.3684895833333333 0.13564814814814816 0.3729166666666667 0.13796296296296295 0.37526041666666665 0.14212962962962963 0.3768229166666667 0.1439814814814815 0.3768229166666667 0.14675925925925926 0.37734375 0.15601851851851853 0.3776041666666667 0.15648148148148147 0.37786458333333334 0.17916666666666667 0.37786458333333334 0.17962962962962964 0.3776041666666667 0.19444444444444445 0.37786458333333334 0.19490740740740742 0.3776041666666667 0.2023148148148148 0.3776041666666667 0.20277777777777778 0.37734375 0.22037037037037038 0.37734375 0.22083333333333333 0.3776041666666667 0.23148148148148148 0.3776041666666667 0.23194444444444445 0.37786458333333334 0.23425925925925925 0.37786458333333334 0.23842592592592593 0.37890625 0.24074074074074073 0.3802083333333333 0.24212962962962964 0.38177083333333334 0.24444444444444444 0.38307291666666665 0.2513888888888889 0.3846354166666667 0.25555555555555554 0.384375 0.25833333333333336 0.38125 0.2587962962962963 0.378125 0.25925925925925924 0.37786458333333334 0.25925925925925924 0.37473958333333335 0.25972222222222224 0.37447916666666664 0.25972222222222224 0.36302083333333335 0.25925925925925924 0.36276041666666664 0.25925925925925924 0.3606770833333333 0.2587962962962963 0.36041666666666666
4 0.08101851851851852 0.18098958333333334 0.07962962962962963 0.18411458333333333 0.07962962962962963 0.18619791666666666 0.08101851851851852 0.1875 0.08194444444444444 0.18932291666666667 0.08425925925925926 0.190625 0.09444444444444444 0.19479166666666667 0.09814814814814815 0.19583333333333333 0.09907407407407408 0.19583333333333333 0.10185185185185185 0.19713541666666667 0.10740740740740741 0.1984375 0.1111111111111111 0.2 0.12222222222222222 0.20208333333333334 0.12731481481481483 0.20364583333333333 0.12962962962962962 0.20390625 0.13194444444444445 0.20494791666666667 0.14027777777777778 0.20703125 0.1449074074074074 0.20885416666666667 0.14583333333333334 0.20885416666666667 0.15416666666666667 0.21145833333333333 0.15833333333333333 0.21223958333333334 0.16064814814814815 0.21354166666666666 0.16203703703703703 0.21484375 0.16435185185185186 0.22057291666666667 0.16944444444444445 0.2234375 0.1726851851851852 0.22395833333333334 0.18333333333333332 0.22369791666666666 0.18518518518518517 0.2234375 0.18935185185185185 0.221875 0.1912037037037037 0.22057291666666667 0.19212962962962962 0.21927083333333333 0.19490740740740742 0.21692708333333333 0.19768518518518519 0.21223958333333334 0.19907407407407407 0.20911458333333333 0.19953703703703704 0.20625 0.2 0.20598958333333334 0.19953703703703704 0.20026041666666666 0.19722222222222222 0.19817708333333334 0.1935185185185185 0.19713541666666667 0.18935185185185185 0.19661458333333334 0.18564814814814815 0.1953125 0.1824074074074074 0.19479166666666667 0.17731481481481481 0.19479166666666667 0.1736111111111111 0.196875 0.17222222222222222 0.19713541666666667 0.1685185185185185 0.196875 0.16712962962962963 0.19635416666666666 0.16018518518518518 0.19505208333333332 0.15787037037037038 0.19427083333333334 0.15555555555555556 0.19401041666666666 0.14583333333333334 0.19140625 0.1449074074074074 0.19140625 0.13935185185185187 0.18984375 0.13842592592592592 0.18932291666666667 0.13425925925925927 0.18880208333333334 0.12638888888888888 0.18645833333333334 0.12407407407407407 0.18619791666666666 0.10925925925925926 0.18203125 0.10833333333333334 0.18151041666666667 0.10740740740740741 0.18151041666666667 0.09861111111111111 0.17890625 0.09212962962962963 0.17786458333333333 0.0875 0.17786458333333333 0.0837962962962963 0.17890625
5 0.4393518518518518 0.28098958333333335 0.43796296296296294 0.28098958333333335 0.4356481481481482 0.28046875 0.43287037037037035 0.28046875 0.4324074074074074 0.28072916666666664 0.42777777777777776 0.28098958333333335 0.42314814814814816 0.2830729166666667 0.4203703703703704 0.2869791666666667 0.4212962962962963 0.2875 0.42314814814814816 0.28958333333333336 0.4236111111111111 0.2908854166666667 0.42453703703703705 0.2916666666666667 0.42453703703703705 0.2921875 0.42592592592592593 0.29401041666666666 0.42592592592592593 0.2950520833333333 0.42407407407407405 0.29609375 0.42083333333333334 0.2989583333333333 0.4166666666666667 0.3015625 0.4148148148148148 0.303125 0.40879629629629627 0.3065104166666667 0.40879629629629627 0.3067708333333333 0.4027777777777778 0.3098958333333333 0.4 0.31223958333333335 0.3958333333333333 0.3145833333333333 0.39444444444444443 0.31588541666666664 0.3902777777777778 0.3182291666666667 0.38981481481481484 0.3182291666666667 0.38842592592592595 0.31953125 0.38842592592592595 0.32005208333333335 0.3875 0.32109375 0.3875 0.321875 0.387037037037037 0.3221354166666667 0.3888888888888889 0.32447916666666665 0.39305555555555555 0.32708333333333334 0.39537037037037037 0.32786458333333335 0.4 0.3302083333333333 0.4023148148148148 0.3307291666666667 0.40324074074074073 0.33125 0.4078703703703704 0.33151041666666664 0.41435185185185186 0.3294270833333333 0.41712962962962963 0.32786458333333335 0.4199074074074074 0.3268229166666667 0.42685185185185187 0.3216145833333333 0.4356481481481482 0.31614583333333335 0.4388888888888889 0.31484375 0.44305555555555554 0.3138020833333333 0.4476851851851852 0.3111979166666667 0.4486111111111111 0.3111979166666667 0.45092592592592595 0.3104166666666667 0.4513888888888889 0.3106770833333333 0.4550925925925926 0.3106770833333333 0.4583333333333333 0.31145833333333334 0.46064814814814814 0.31145833333333334 0.46111111111111114 0.3111979166666667 0.4666666666666667 0.3111979166666667 0.4689814814814815 0.3104166666666667 0.4726851851851852 0.30833333333333335 0.475 0.3065104166666667 0.475 0.3020833333333333 0.4708333333333333 0.29713541666666665 0.4675925925925926 0.2953125 0.4675925925925926 0.2950520833333333 0.4638888888888889 0.29322916666666665 0.4615740740740741 0.2908854166666667 0.4583333333333333 0.2890625 0.45787037037037037 0.2890625 0.4546296296296296 0.2869791666666667 0.45416666666666666 0.2869791666666667 0.4462962962962963 0.2830729166666667 0.4412037037037037 0.28177083333333336
3 0.40046296296296297 0.3536458333333333 0.3958333333333333 0.3541666666666667 0.3921296296296296 0.35520833333333335 0.38842592592592595 0.3572916666666667 0.3875 0.35911458333333335 0.38564814814814813 0.3611979166666667 0.38796296296296295 0.3651041666666667 0.3875 0.3653645833333333 0.3875 0.36692708333333335 0.387037037037037 0.3671875 0.387037037037037 0.3684895833333333 0.38657407407407407 0.3690104166666667 0.3837962962962963 0.37057291666666664 0.37916666666666665 0.3723958333333333 0.37592592592592594 0.37421875 0.37037037037037035 0.37604166666666666 0.36666666666666664 0.378125 0.3648148148148148 0.37864583333333335 0.3625 0.37994791666666666 0.3537037037037037 0.38333333333333336 0.34629629629629627 0.38671875 0.34120370370370373 0.3880208333333333 0.3398148148148148 0.3888020833333333 0.3384259259259259 0.39140625 0.3384259259259259 0.3921875 0.33796296296296297 0.3924479166666667 0.34074074074074073 0.3953125 0.34074074074074073 0.3958333333333333 0.34444444444444444 0.39817708333333335 0.34953703703703703 0.40260416666666665 0.35324074074074074 0.4046875 0.3574074074074074 0.40572916666666664 0.3578703703703704 0.40546875 0.3611111111111111 0.40546875 0.36157407407407405 0.40520833333333334 0.36527777777777776 0.40520833333333334 0.36898148148148147 0.4041666666666667 0.3712962962962963 0.403125 0.3726851851851852 0.40286458333333336 0.38055555555555554 0.4 0.38472222222222224 0.39765625 0.3902777777777778 0.3958333333333333 0.3939814814814815 0.39427083333333335 0.3976851851851852 0.3932291666666667 0.4013888888888889 0.39166666666666666 0.40555555555555556 0.39088541666666665 0.4083333333333333 0.38984375 0.4166666666666667 0.38984375 0.4203703703703704 0.39088541666666665 0.42453703703703705 0.39114583333333336 0.425 0.39088541666666665 0.42777777777777776 0.390625 0.4300925925925926 0.38984375 0.4310185185185185 0.38984375 0.43287037037037035 0.3893229166666667 0.43472222222222223 0.38828125 0.43703703703703706 0.38515625 0.43657407407407406 0.3807291666666667 0.4351851851851852 0.37916666666666665 0.4337962962962963 0.37838541666666664 0.4324074074074074 0.3765625 0.42962962962962964 0.37421875 0.425 0.37135416666666665 0.4203703703703704 0.36744791666666665 0.4152777777777778 0.36380208333333336 0.4078703703703704 0.35703125 0.40324074074074073 0.3546875
4 0.649537037037037 0.06015625 0.6462962962962963 0.061197916666666664 0.6435185185185185 0.0640625 0.6430555555555556 0.06848958333333334 0.6435185185185185 0.06875 0.6449074074074074 0.07213541666666666 0.6467592592592593 0.07421875 0.6476851851851851 0.07473958333333333 0.6486111111111111 0.07630208333333334 0.6578703703703703 0.08619791666666667 0.6578703703703703 0.08671875 0.6611111111111111 0.09010416666666667 0.6611111111111111 0.090625 0.6625 0.0921875 0.6671296296296296 0.09609375 0.6703703703703704 0.09973958333333334 0.6708333333333333 0.10104166666666667 0.6726851851851852 0.10338541666666666 0.6717592592592593 0.10729166666666666 0.6694444444444444 0.10859375 0.6671296296296296 0.11119791666666666 0.6680555555555555 0.11536458333333334 0.6694444444444444 0.11692708333333333 0.6694444444444444 0.11744791666666667 0.6736111111111112 0.12109375 0.675 0.121875 0.6754629629629629 0.12265625 0.6773148148148148 0.12369791666666667 0.6851851851851852 0.12369791666666667 0.6888888888888889 0.12291666666666666 0.6912037037037037 0.12291666666666666 0.6962962962962963 0.12161458333333333 0.6972222222222222 0.12161458333333333 0.7046296296296296 0.11848958333333333 0.7106481481481481 0.11484375 0.711574074074074 0.11380208333333333 0.7129629629629629 0.11302083333333333 0.7148148148148148 0.11119791666666666 0.7148148148148148 0.10703125 0.7087962962962963 0.10052083333333334 0.7069444444444445 0.09947916666666666 0.7032407407407407 0.09869791666666666 0.6972222222222222 0.09869791666666666 0.6962962962962963 0.0984375 0.6935185185185185 0.096875 0.6930555555555555 0.09583333333333334 0.6907407407407408 0.09453125 0.6893518518518519 0.09244791666666667 0.6893518518518519 0.09166666666666666 0.6865740740740741 0.08932291666666667 0.6861111111111111 0.08802083333333334 0.6833333333333333 0.08515625 0.6828703703703703 0.08385416666666666 0.6796296296296296 0.08072916666666667 0.6787037037037037 0.07890625 0.674537037037037 0.07473958333333333 0.6731481481481482 0.07239583333333334 0.6689814814814815 0.06770833333333333 0.6680555555555555 0.0671875 0.6643518518518519 0.06328125 0.6620370370370371 0.06171875 0.6574074074074074 0.06015625 0.6560185185185186 0.06015625 0.6555555555555556 0.059895833333333336
1 0.41574074074074074 0.39895833333333336 0.41203703703703703 0.40078125 0.4111111111111111 0.40182291666666664 0.4111111111111111 0.40234375 0.41064814814814815 0.40260416666666665 0.41064814814814815 0.4036458333333333 0.4101851851851852 0.40390625 0.4101851851851852 0.4044270833333333 0.41064814814814815 0.4046875 0.41064814814814815 0.40520833333333334 0.4111111111111111 0.40546875 0.4111111111111111 0.40598958333333335 0.4115740740740741 0.40625 0.41203703703703703 0.4075520833333333 0.4148148148148148 0.41067708333333336 0.4152777777777778 0.4119791666666667 0.41805555555555557 0.41484375 0.41805555555555557 0.4153645833333333 0.41898148148148145 0.4161458333333333 0.41898148148148145 0.4166666666666667 0.4203703703703704 0.41796875 0.4203703703703704 0.41848958333333336 0.4212962962962963 0.41953125 0.4212962962962963 0.42109375 0.4217592592592593 0.42135416666666664 0.4217592592592593 0.42265625 0.4222222222222222 0.42291666666666666 0.4222222222222222 0.4239583333333333 0.4217592592592593 0.42421875 0.4217592592592593 0.42473958333333334 0.4212962962962963 0.425 0.4212962962962963 0.42578125 0.4203703703703704 0.42682291666666666 0.4203703703703704 0.4317708333333333 0.42314814814814816 0.43385416666666665 0.4236111111111111 0.43463541666666666 0.4263888888888889 0.43645833333333334 0.4273148148148148 0.43776041666666665 0.4287037037037037 0.4388020833333333 0.4287037037037037 0.4393229166666667 0.4305555555555556 0.44036458333333334 0.4305555555555556 0.440625 0.4351851851851852 0.4432291666666667 0.43796296296296294 0.44244791666666666 0.44351851851851853 0.44244791666666666 0.4439814814814815 0.4421875 0.44675925925925924 0.4421875 0.44722222222222224 0.44192708333333336 0.4486111111111111 0.44192708333333336 0.44907407407407407 0.44166666666666665 0.4513888888888889 0.44140625 0.4550925925925926 0.44036458333333334 0.45601851851851855 0.43984375 0.45787037037037037 0.4393229166666667 0.45787037037037037 0.4390625 0.4597222222222222 0.43802083333333336 0.4597222222222222 0.43776041666666665 0.4625 0.4356770833333333 0.4625 0.43515625 0.462037037037037 0.4348958333333333 0.462037037037037 0.43411458333333336 0.4615740740740741 0.43385416666666665 0.4615740740740741 0.43333333333333335 0.46111111111111114 0.43307291666666664 0.46111111111111114 0.4322916666666667 0.46064814814814814 0.43203125 0.46064814814814814 0.43125 0.4601851851851852 0.4309895833333333 0.4601851851851852 0.43020833333333336 0.4597222222222222 0.42994791666666665 0.4597222222222222 0.42916666666666664 0.45925925925925926 0.42890625 0.45925925925925926 0.428125 0.4587962962962963 0.4278645833333333 0.4587962962962963 0.4239583333333333 0.45787037037037037 0.42291666666666666 0.4550925925925926 0.42109375 0.4550925925925926 0.42083333333333334 0.4532407407407407 0.4203125 0.45092592592592595 0.4200520833333333 0.449537037037037 0.41953125 0.4486111111111111 0.41953125 0.44583333333333336 0.41875 0.4449074074074074 0.41822916666666665 0.4444444444444444 0.41822916666666665 0.44166666666666665 0.41640625 0.44074074074074077 0.41510416666666666 0.4398148148148148 0.41458333333333336 0.43842592592592594 0.41302083333333334 0.43842592592592594 0.4125 0.43657407407407406 0.41041666666666665 0.43657407407407406 0.40989583333333335 0.4361111111111111 0.40963541666666664 0.4356481481481482 0.4083333333333333 0.43333333333333335 0.40651041666666665 0.4324074074074074 0.40546875 0.4324074074074074 0.4049479166666667 0.4310185185185185 0.40338541666666666 0.4300925925925926 0.40286458333333336 0.42962962962962964 0.40208333333333335 0.4287037037037037 0.4015625 0.42777777777777776 0.4002604166666667 0.4263888888888889 0.39947916666666666 0.42592592592592593 0.39947916666666666 0.42407407407407405 0.39869791666666665 0.41805555555555557 0.39869791666666665 0.41759259259259257 0.39895833333333336
4 0.3578703703703704 0.5799479166666667 0.35648148148148145 0.5791666666666667 0.3527777777777778 0.578125 0.35 0.578125 0.34953703703703703 0.5778645833333333 0.34675925925925927 0.5783854166666667 0.3435185185185185 0.5799479166666667 0.34305555555555556 0.5825520833333333 0.3425925925925926 0.5828125 0.3425925925925926 0.5848958333333333 0.34120370370370373 0.5877604166666667 0.3351851851851852 0.5903645833333333 0.33101851851851855 0.59140625 0.32546296296296295 0.5921875 0.32037037037037036 0.59375 0.3189814814814815 0.59375 0.3175925925925926 0.5942708333333333 0.31203703703703706 0.5953125 0.29953703703703705 0.5986979166666667 0.2935185185185185 0.5994791666666667 0.2828703703703704 0.6020833333333333 0.2722222222222222 0.60390625 0.2625 0.6065104166666667 0.25601851851851853 0.6078125 0.24768518518518517 0.6111979166666667 0.24722222222222223 0.615625 0.24953703703703703 0.61796875 0.25 0.6192708333333333 0.2523148148148148 0.6208333333333333 0.2537037037037037 0.62109375 0.2574074074074074 0.62109375 0.2625 0.6203125 0.26851851851851855 0.6200520833333333 0.2740740740740741 0.6190104166666667 0.2759259259259259 0.6182291666666667 0.2796296296296296 0.6177083333333333 0.28379629629629627 0.61640625 0.2912037037037037 0.6151041666666667 0.29444444444444445 0.6140625 0.29907407407407405 0.6135416666666667 0.3060185185185185 0.6114583333333333 0.3074074074074074 0.6114583333333333 0.3101851851851852 0.6106770833333334 0.31574074074074077 0.6096354166666667 0.31712962962962965 0.6096354166666667 0.32222222222222224 0.6083333333333333 0.33194444444444443 0.6075520833333333 0.3375 0.6065104166666667 0.3402777777777778 0.6065104166666667 0.34074074074074073 0.60625 0.3439814814814815 0.6059895833333333 0.34953703703703703 0.6044270833333333 0.350462962962963 0.6046875 0.36157407407407405 0.6046875 0.36527777777777776 0.6033854166666667 0.36712962962962964 0.6020833333333333 0.3685185185185185 0.6 0.3685185185185185 0.5989583333333334 0.3675925925925926 0.5973958333333333 0.3675925925925926 0.5958333333333333 0.36666666666666664 0.5950520833333334 0.3648148148148148 0.5919270833333333 0.3648148148148148 0.5911458333333334 0.36203703703703705 0.5872395833333334 0.3611111111111111 0.5838541666666667 0.35833333333333334 0.58125
5 0.4824074074074074 0.546875 0.47824074074074074 0.5489583333333333 0.4740740740740741 0.5528645833333333 0.4726851851851852 0.55546875 0.47175925925925927 0.55625 0.47175925925925927 0.5591145833333333 0.4722222222222222 0.559375 0.4722222222222222 0.5604166666666667 0.4777777777777778 0.5625 0.48194444444444445 0.5635416666666667 0.4837962962962963 0.5643229166666667 0.4861111111111111 0.5645833333333333 0.4898148148148148 0.565625 0.4925925925925926 0.5658854166666667 0.49675925925925923 0.5669270833333333 0.4976851851851852 0.5669270833333333 0.49907407407407406 0.5674479166666667 0.5 0.5674479166666667 0.5087962962962963 0.5705729166666667 0.513425925925926 0.5716145833333334 0.5171296296296296 0.5731770833333333 0.5212962962962963 0.5739583333333333 0.5226851851851851 0.5744791666666667 0.5259259259259259 0.5765625 0.5259259259259259 0.57734375 0.5268518518518519 0.5786458333333333 0.5268518518518519 0.5796875 0.5273148148148148 0.5799479166666667 0.5268518518518519 0.5802083333333333 0.5268518518518519 0.584375 0.5291666666666667 0.5875 0.5333333333333333 0.5895833333333333 0.5347222222222222 0.5895833333333333 0.5370370370370371 0.5901041666666667 0.538425925925926 0.5895833333333333 0.5407407407407407 0.5893229166666667 0.5439814814814815 0.5877604166666667 0.549074074074074 0.5822916666666667 0.5527777777777778 0.5796875 0.5532407407407407 0.5783854166666667 0.5550925925925926 0.5768229166666666 0.5615740740740741 0.5690104166666666 0.5643518518518519 0.5669270833333333 0.5671296296296297 0.5640625 0.5671296296296297 0.5630208333333333 0.5685185185185185 0.5606770833333333 0.5680555555555555 0.55703125 0.5675925925925925 0.5565104166666667 0.5643518518518519 0.55546875 0.562037037037037 0.5552083333333333 0.5569444444444445 0.55390625 0.5555555555555556 0.55390625 0.5550925925925926 0.5541666666666667 0.5532407407407407 0.5541666666666667 0.5523148148148148 0.5544270833333333 0.549537037037037 0.5565104166666667 0.5453703703703704 0.5588541666666667 0.5402777777777777 0.55859375 0.5398148148148149 0.5583333333333333 0.5370370370370371 0.5580729166666667 0.5324074074074074 0.5565104166666667 0.5291666666666667 0.55625 0.524074074074074 0.5541666666666667 0.5231481481481481 0.5541666666666667 0.5208333333333334 0.5533854166666666 0.5199074074074074 0.5533854166666666 0.5115740740740741 0.5513020833333333 0.5092592592592593 0.5510416666666667 0.5055555555555555 0.5497395833333333 0.5 0.5486979166666667 0.49675925925925923 0.54765625 0.49583333333333335 0.54765625 0.4898148148148148 0.54609375 0.48564814814814816 0.5458333333333333 0.4847222222222222 0.5463541666666667
2 0.7129629629629629 0.209375 0.7050925925925926 0.20911458333333333 0.700462962962963 0.21145833333333333 0.6967592592592593 0.21588541666666666 0.6953703703703704 0.2203125 0.6930555555555555 0.22395833333333334 0.6916666666666667 0.22916666666666666 0.6884259259259259 0.23515625 0.687962962962963 0.23802083333333332 0.6851851851851852 0.24375 0.6810185185185185 0.25625 0.6787037037037037 0.2604166666666667 0.6754629629629629 0.26953125 0.6736111111111112 0.2721354166666667 0.6620370370370371 0.30416666666666664 0.6611111111111111 0.30546875 0.6574074074074074 0.3072916666666667 0.6472222222222223 0.30963541666666666 0.6458333333333334 0.3106770833333333 0.6439814814814815 0.3143229166666667 0.6449074074074074 0.3177083333333333 0.6462962962962963 0.31953125 0.6513888888888889 0.3234375 0.6541666666666667 0.32473958333333336 0.6569444444444444 0.32526041666666666 0.6662037037037037 0.32526041666666666 0.6717592592592593 0.32421875 0.6754629629629629 0.32421875 0.6814814814814815 0.325 0.6856481481481481 0.32473958333333336 0.6912037037037037 0.32265625 0.6925925925925925 0.3216145833333333 0.6930555555555555 0.31744791666666666 0.6898148148148148 0.31302083333333336 0.6893518518518519 0.3104166666666667 0.6875 0.30859375 0.6865740740740741 0.30572916666666666 0.6925925925925925 0.290625 0.6976851851851852 0.27447916666666666 0.7027777777777777 0.2635416666666667 0.7203703703703703 0.21796875 0.7194444444444444 0.21276041666666667 0.7166666666666667 0.21041666666666667
4 0.7708333333333334 0.321875 0.7671296296296296 0.32005208333333335 0.7638888888888888 0.3190104166666667 0.7564814814814815 0.3190104166666667 0.7560185185185185 0.31927083333333334 0.7518518518518519 0.31953125 0.7472222222222222 0.32057291666666665 0.7421296296296296 0.32109375 0.7402777777777778 0.3216145833333333 0.7342592592592593 0.3221354166666667 0.7314814814814815 0.3229166666666667 0.7300925925925926 0.3229166666666667 0.7296296296296296 0.32317708333333334 0.7236111111111111 0.32395833333333335 0.7199074074074074 0.325 0.7162037037037037 0.32526041666666666 0.7157407407407408 0.3255208333333333 0.7134259259259259 0.3255208333333333 0.7129629629629629 0.32578125 0.7074074074074074 0.3260416666666667 0.7041666666666667 0.3268229166666667 0.6995370370370371 0.32734375 0.6967592592592593 0.328125 0.6884259259259259 0.328125 0.6861111111111111 0.32760416666666664 0.6828703703703703 0.3260416666666667 0.6773148148148148 0.3255208333333333 0.6768518518518518 0.32526041666666666 0.6685185185185185 0.32526041666666666 0.6662037037037037 0.32578125 0.6620370370370371 0.32578125 0.6611111111111111 0.3260416666666667 0.6597222222222222 0.32708333333333334 0.6578703703703703 0.3299479166666667 0.6574074074074074 0.33359375 0.6569444444444444 0.3338541666666667 0.6564814814814814 0.3375 0.6560185185185186 0.3377604166666667 0.6569444444444444 0.3390625 0.6574074074074074 0.3411458333333333 0.6592592592592592 0.34322916666666664 0.6601851851851852 0.3455729166666667 0.6652777777777777 0.35052083333333334 0.6694444444444444 0.35260416666666666 0.6717592592592593 0.3528645833333333 0.6731481481481482 0.3533854166666667 0.6787037037037037 0.3533854166666667 0.6847222222222222 0.35182291666666665 0.6875 0.3497395833333333 0.6884259259259259 0.346875 0.6902777777777778 0.34401041666666665 0.6925925925925925 0.34270833333333334 0.6967592592592593 0.34140625 0.7060185185185185 0.340625 0.711574074074074 0.33958333333333335 0.7138888888888889 0.33958333333333335 0.7166666666666667 0.3390625 0.7212962962962963 0.33880208333333334 0.7240740740740741 0.3380208333333333 0.725462962962963 0.3380208333333333 0.7305555555555555 0.33697916666666666 0.7333333333333333 0.33671875 0.7347222222222223 0.33619791666666665 0.7402777777777778 0.3359375 0.7435185185185185 0.33515625 0.7481481481481481 0.3346354166666667 0.7527777777777778 0.3333333333333333 0.7541666666666667 0.3333333333333333 0.7546296296296297 0.33307291666666666 0.7560185185185185 0.33307291666666666 0.7564814814814815 0.3328125 0.7578703703703704 0.3328125 0.7638888888888888 0.33177083333333335 0.7675925925925926 0.3299479166666667 0.7712962962962963 0.3260416666666667 0.7712962962962963 0.32317708333333334 0.7708333333333334 0.3229166666666667
3 0.8458333333333333 0.12630208333333334 0.8444444444444444 0.12630208333333334 0.8439814814814814 0.1265625 0.8361111111111111 0.1265625 0.8356481481481481 0.12682291666666667 0.8328703703703704 0.12682291666666667 0.8324074074074074 0.12708333333333333 0.8310185185185185 0.12708333333333333 0.8305555555555556 0.12734375 0.8291666666666667 0.12734375 0.825 0.128125 0.8212962962962963 0.12916666666666668 0.8180555555555555 0.12942708333333333 0.8152777777777778 0.13020833333333334 0.8106481481481481 0.13072916666666667 0.799074074074074 0.134375 0.7944444444444444 0.13723958333333333 0.7935185185185185 0.13828125 0.7935185185185185 0.14296875 0.7944444444444444 0.14453125 0.7962962962962963 0.14635416666666667 0.799074074074074 0.14791666666666667 0.8064814814814815 0.14895833333333333 0.8078703703703703 0.14947916666666666 0.8106481481481481 0.15130208333333334 0.8138888888888889 0.15755208333333334 0.8162037037037037 0.16015625 0.8171296296296297 0.16171875 0.8171296296296297 0.1625 0.8180555555555555 0.16354166666666667 0.8180555555555555 0.16432291666666668 0.8189814814814815 0.16510416666666666 0.8194444444444444 0.16640625 0.8203703703703704 0.1671875 0.8222222222222222 0.1703125 0.8226851851851852 0.17265625 0.825462962962963 0.17682291666666666 0.825462962962963 0.17760416666666667 0.8282407407407407 0.17994791666666668 0.8291666666666667 0.18125 0.8300925925925926 0.18177083333333333 0.8337962962962963 0.18255208333333334 0.8384259259259259 0.18229166666666666 0.8449074074074074 0.18046875 0.8472222222222222 0.17942708333333332 0.85 0.17864583333333334 0.8569444444444444 0.17760416666666667 0.8592592592592593 0.17604166666666668 0.8606481481481482 0.17395833333333333 0.8601851851851852 0.17239583333333333 0.8592592592592593 0.17135416666666667 0.8592592592592593 0.17057291666666666 0.8569444444444444 0.16666666666666666 0.8569444444444444 0.165625 0.8564814814814815 0.16536458333333334 0.8555555555555555 0.16197916666666667 0.8546296296296296 0.1609375 0.8546296296296296 0.16015625 0.8513888888888889 0.1546875 0.850462962962963 0.15390625 0.850462962962963 0.153125 0.85 0.15286458333333333 0.85 0.15208333333333332 0.8495370370370371 0.15182291666666667 0.8495370370370371 0.15104166666666666 0.8481481481481481 0.14869791666666668 0.8481481481481481 0.14739583333333334 0.8476851851851852 0.14713541666666666 0.8476851851851852 0.14505208333333333 0.8481481481481481 0.14479166666666668 0.8486111111111111 0.1421875 0.8555555555555555 0.13854166666666667 0.8555555555555555 0.134375 0.8541666666666666 0.13255208333333332 0.8532407407407407 0.12994791666666666 0.850462962962963 0.12734375 0.8486111111111111 0.1265625 0.8462962962962963 0.1265625
2 0.7078703703703704 0.4630208333333333 0.6907407407407408 0.45755208333333336 0.6865740740740741 0.45677083333333335 0.6833333333333333 0.45703125 0.6787037037037037 0.4583333333333333 0.6736111111111112 0.46145833333333336 0.6736111111111112 0.46510416666666665 0.674537037037037 0.4666666666666667 0.6777777777777778 0.46875 0.6791666666666667 0.4708333333333333 0.6662037037037037 0.4825520833333333 0.6421296296296296 0.5018229166666667 0.6199074074074075 0.5213541666666667 0.6050925925925926 0.5333333333333333 0.5944444444444444 0.5432291666666667 0.5824074074074074 0.55234375 0.5782407407407407 0.55625 0.5768518518518518 0.5604166666666667 0.5782407407407407 0.5622395833333333 0.5814814814814815 0.5643229166666667 0.5879629629629629 0.5658854166666667 0.5916666666666667 0.5658854166666667 0.5995370370370371 0.56328125 0.6185185185185185 0.5466145833333333 0.624537037037037 0.5424479166666667 0.6342592592592593 0.5330729166666667 0.6393518518518518 0.5294270833333333 0.6486111111111111 0.5203125 0.6527777777777778 0.5177083333333333 0.6652777777777777 0.5065104166666666 0.6759259259259259 0.4986979166666667 0.6824074074074075 0.49270833333333336 0.6865740740740741 0.48984375 0.6912037037037037 0.48515625 0.700925925925926 0.47942708333333334 0.7129629629629629 0.478125 0.7185185185185186 0.4752604166666667 0.7199074074074074 0.47317708333333336 0.7199074074074074 0.4703125 0.7152777777777778 0.4666666666666667
3 0.6504629629629629 0.5984375 0.6467592592592593 0.5984375 0.6462962962962963 0.5986979166666667 0.6425925925925926 0.5989583333333334 0.637962962962963 0.60078125 0.6347222222222222 0.603125 0.6319444444444444 0.6067708333333334 0.6310185185185185 0.6072916666666667 0.6282407407407408 0.6106770833333334 0.6263888888888889 0.6122395833333333 0.6263888888888889 0.6127604166666667 0.6240740740740741 0.6151041666666667 0.6236111111111111 0.6161458333333333 0.6203703703703703 0.61875 0.6162037037037037 0.6236979166666666 0.612037037037037 0.6260416666666667 0.6078703703703704 0.62734375 0.600462962962963 0.6278645833333333 0.5958333333333333 0.6291666666666667 0.5935185185185186 0.6307291666666667 0.5898148148148148 0.6341145833333334 0.5888888888888889 0.6372395833333333 0.5884259259259259 0.6375 0.5884259259259259 0.6393229166666666 0.5888888888888889 0.6395833333333333 0.5898148148148148 0.6424479166666667 0.5916666666666667 0.6440104166666667 0.5944444444444444 0.6450520833333333 0.5962962962962963 0.6463541666666667 0.5990740740740741 0.64765625 0.600462962962963 0.6479166666666667 0.6032407407407407 0.64921875 0.6078703703703704 0.65078125 0.6157407407407407 0.6544270833333333 0.6287037037037037 0.6580729166666667 0.6333333333333333 0.6588541666666666 0.6393518518518518 0.6588541666666666 0.6398148148148148 0.65859375 0.6421296296296296 0.65859375 0.6439814814814815 0.6578125 0.6481481481481481 0.6536458333333334 0.649537037037037 0.6497395833333334 0.6513888888888889 0.6466145833333333 0.6513888888888889 0.64453125 0.6518518518518519 0.6442708333333333 0.6518518518518519 0.63984375 0.6513888888888889 0.6395833333333333 0.6518518518518519 0.634375 0.6532407407407408 0.6328125 0.6532407407407408 0.6322916666666667 0.6578703703703703 0.62734375 0.6578703703703703 0.6268229166666667 0.6597222222222222 0.625 0.6597222222222222 0.6244791666666667 0.6620370370370371 0.6223958333333334 0.663425925925926 0.6200520833333333 0.6652777777777777 0.6182291666666667 0.6685185185185185 0.6127604166666667 0.6699074074074074 0.6114583333333333 0.6703703703703704 0.60703125 0.6666666666666666 0.6033854166666667 0.6620370370370371 0.6013020833333333 0.6597222222222222 0.60078125 0.6564814814814814 0.5994791666666667
4 0.7523148148148148 0.37473958333333335 0.7458333333333333 0.378125 0.7402777777777778 0.38046875 0.7342592592592593 0.3848958333333333 0.7342592592592593 0.3854166666666667 0.7314814814814815 0.3880208333333333 0.7314814814814815 0.3927083333333333 0.7361111111111112 0.3953125 0.7375 0.39557291666666666 0.7384259259259259 0.39609375 0.7402777777777778 0.3966145833333333 0.7476851851851852 0.39739583333333334 0.7527777777777778 0.39921875 0.7555555555555555 0.40078125 0.7592592592592593 0.40182291666666664 0.7717592592592593 0.40911458333333334 0.774074074074074 0.40989583333333335 0.7814814814814814 0.41380208333333335 0.7819444444444444 0.41380208333333335 0.7986111111111112 0.4236979166666667 0.8064814814814815 0.42734375 0.8101851851851852 0.42864583333333334 0.812037037037037 0.42864583333333334 0.8125 0.42890625 0.8171296296296297 0.42890625 0.8175925925925925 0.42916666666666664 0.8222222222222222 0.4283854166666667 0.8236111111111111 0.4278645833333333 0.8268518518518518 0.42604166666666665 0.8282407407407407 0.42421875 0.8282407407407407 0.42213541666666665 0.8277777777777777 0.421875 0.8277777777777777 0.4205729166666667 0.8268518518518518 0.4192708333333333 0.8226851851851852 0.4161458333333333 0.8203703703703704 0.41484375 0.8189814814814815 0.41354166666666664 0.812962962962963 0.41015625 0.8101851851851852 0.4078125 0.787962962962963 0.39505208333333336 0.7726851851851851 0.3848958333333333 0.7726851851851851 0.38177083333333334 0.7731481481481481 0.3815104166666667 0.7731481481481481 0.37994791666666666 0.7736111111111111 0.3796875 0.7736111111111111 0.37838541666666664 0.774074074074074 0.378125 0.774074074074074 0.3768229166666667 0.7736111111111111 0.3763020833333333 0.7685185185185185 0.3729166666666667 0.7675925925925926 0.37265625 0.7625 0.37265625 0.7620370370370371 0.3729166666666667 0.7606481481481482 0.3729166666666667 0.7587962962962963 0.3736979166666667 0.7555555555555555 0.37395833333333334 0.7532407407407408 0.37473958333333335
2 0.7768518518518519 0.4270833333333333 0.7717592592592593 0.42135416666666664 0.7662037037037037 0.41796875 0.7606481481481482 0.4158854166666667 0.7555555555555555 0.4161458333333333 0.7472222222222222 0.41901041666666666 0.7467592592592592 0.4236979166666667 0.7425925925925926 0.4265625 0.7291666666666666 0.43072916666666666 0.7236111111111111 0.4315104166666667 0.7212962962962963 0.43255208333333334 0.7143518518518519 0.43411458333333336 0.700925925925926 0.43645833333333334 0.6814814814814815 0.44140625 0.6578703703703703 0.44635416666666666 0.6546296296296297 0.44765625 0.6458333333333334 0.44973958333333336 0.637962962962963 0.4510416666666667 0.6106481481481482 0.45755208333333336 0.6027777777777777 0.4588541666666667 0.5930555555555556 0.46145833333333336 0.587037037037037 0.4625 0.5837962962962963 0.46380208333333334 0.575462962962963 0.46588541666666666 0.5736111111111111 0.4671875 0.5726851851851852 0.4705729166666667 0.575 0.4744791666666667 0.5796296296296296 0.47734375 0.587037037037037 0.47734375 0.5916666666666667 0.47682291666666665 0.5953703703703703 0.47552083333333334 0.5990740740740741 0.4752604166666667 0.6064814814814815 0.47369791666666666 0.637962962962963 0.465625 0.6425925925925926 0.46510416666666665 0.6652777777777777 0.46015625 0.6736111111111112 0.4596354166666667 0.6810185185185185 0.45703125 0.6888888888888889 0.45598958333333334 0.6916666666666667 0.4546875 0.700925925925926 0.45234375 0.7060185185185185 0.4505208333333333 0.7157407407407408 0.44869791666666664 0.7208333333333333 0.4471354166666667 0.7245370370370371 0.446875 0.7324074074074074 0.4453125 0.7361111111111112 0.4440104166666667 0.7439814814814815 0.4432291666666667 0.7472222222222222 0.4421875 0.7611111111111111 0.44375 0.7712962962962963 0.4432291666666667 0.775 0.44244791666666666 0.7791666666666667 0.4395833333333333 0.7796296296296297 0.43645833333333334 0.7791666666666667 0.4315104166666667
5 0.7449074074074075 0.53671875 0.7402777777777778 0.5369791666666667 0.7375 0.5380208333333333 0.7356481481481482 0.5393229166666667 0.7356481481481482 0.53984375 0.7342592592592593 0.54140625 0.7337962962962963 0.54296875 0.7324074074074074 0.5442708333333334 0.7291666666666666 0.5502604166666667 0.7282407407407407 0.5510416666666667 0.7282407407407407 0.5518229166666667 0.7277777777777777 0.5520833333333334 0.7277777777777777 0.5528645833333333 0.7273148148148149 0.553125 0.7273148148148149 0.55390625 0.7268518518518519 0.5541666666666667 0.7268518518518519 0.5549479166666667 0.7263888888888889 0.5552083333333333 0.725925925925926 0.5572916666666666 0.7245370370370371 0.559375 0.7240740740740741 0.5611979166666666 0.7236111111111111 0.5614583333333333 0.7231481481481481 0.5627604166666667 0.7217592592592592 0.5640625 0.7212962962962963 0.5658854166666667 0.7203703703703703 0.5669270833333333 0.7194444444444444 0.5674479166666667 0.7166666666666667 0.5682291666666667 0.7097222222222223 0.5684895833333333 0.7050925925925926 0.56953125 0.7023148148148148 0.5721354166666667 0.7023148148148148 0.5729166666666666 0.700462962962963 0.57578125 0.7013888888888888 0.5799479166666667 0.7032407407407407 0.58203125 0.7046296296296296 0.5830729166666667 0.7069444444444445 0.5841145833333333 0.7087962962962963 0.5846354166666666 0.7097222222222223 0.5846354166666666 0.7134259259259259 0.5859375 0.7166666666666667 0.5864583333333333 0.7208333333333333 0.5880208333333333 0.7236111111111111 0.58828125 0.7277777777777777 0.5893229166666667 0.7305555555555555 0.5895833333333333 0.7393518518518518 0.59140625 0.7416666666666667 0.59140625 0.7421296296296296 0.5911458333333334 0.7476851851851852 0.5911458333333334 0.7490740740740741 0.5903645833333333 0.7509259259259259 0.58984375 0.7560185185185185 0.5890625 0.7569444444444444 0.5885416666666666 0.7583333333333333 0.58828125 0.7597222222222222 0.5877604166666667 0.7601851851851852 0.5872395833333334 0.7601851851851852 0.58671875 0.7620370370370371 0.584375 0.7620370370370371 0.5830729166666667 0.7625 0.5828125 0.7625 0.5799479166666667 0.7606481481481482 0.578125 0.7592592592592593 0.5752604166666667 0.7578703703703704 0.5744791666666667 0.7574074074074074 0.5736979166666667 0.7555555555555555 0.5723958333333333 0.7555555555555555 0.5713541666666667 0.7550925925925925 0.57109375 0.7550925925925925 0.5677083333333334 0.7560185185185185 0.5669270833333333 0.7560185185185185 0.56640625 0.7569444444444444 0.5653645833333333 0.7569444444444444 0.5645833333333333 0.7578703703703704 0.5635416666666667 0.7578703703703704 0.5627604166666667 0.7583333333333333 0.5625 0.7583333333333333 0.56171875 0.7587962962962963 0.5614583333333333 0.7587962962962963 0.5606770833333333 0.7597222222222222 0.559375 0.7597222222222222 0.5580729166666667 0.7601851851851852 0.5578125 0.7601851851851852 0.5565104166666667 0.7606481481481482 0.55625 0.7611111111111111 0.5544270833333333 0.7625 0.5526041666666667 0.7625 0.5518229166666667 0.763425925925926 0.55078125 0.7643518518518518 0.5479166666666667 0.7662037037037037 0.5450520833333333 0.7657407407407407 0.5421875 0.7652777777777777 0.5419270833333333 0.7652777777777777 0.5411458333333333 0.762962962962963 0.53984375 0.7606481481481482 0.5393229166666667 0.7597222222222222 0.5388020833333333 0.7574074074074074 0.5385416666666667 0.7546296296296297 0.5377604166666666 0.7532407407407408 0.5377604166666666 0.7509259259259259 0.5372395833333333 0.7490740740740741 0.5372395833333333 0.7486111111111111 0.5369791666666667 0.7453703703703703 0.5369791666666667
6 0.7402777777777778 0.6229166666666667 0.7379629629629629 0.6244791666666667 0.7379629629629629 0.6247395833333333 0.736574074074074 0.62578125 0.7361111111111112 0.6265625 0.7324074074074074 0.6286458333333333 0.7324074074074074 0.62890625 0.7273148148148149 0.63203125 0.7273148148148149 0.6322916666666667 0.725925925925926 0.6333333333333333 0.725925925925926 0.6338541666666667 0.725 0.6346354166666667 0.725 0.6377604166666667 0.7245370370370371 0.6380208333333334 0.7245370370370371 0.6385416666666667 0.725 0.6388020833333333 0.725 0.6393229166666666 0.725462962962963 0.6395833333333333 0.725462962962963 0.6401041666666667 0.725925925925926 0.6403645833333333 0.7263888888888889 0.6421875 0.7277777777777777 0.6434895833333333 0.7277777777777777 0.6440104166666667 0.7282407407407407 0.6442708333333333 0.7287037037037037 0.6450520833333333 0.7314814814814815 0.6471354166666666 0.7314814814814815 0.6473958333333333 0.7328703703703704 0.6484375 0.7342592592592593 0.6502604166666667 0.7347222222222223 0.6502604166666667 0.7388888888888889 0.6526041666666667 0.7393518518518518 0.6526041666666667 0.7402777777777778 0.653125 0.7407407407407407 0.653125 0.7439814814814815 0.6541666666666667 0.7462962962962963 0.6544270833333333 0.7476851851851852 0.6549479166666666 0.7518518518518519 0.6549479166666666 0.7523148148148148 0.6552083333333333 0.7541666666666667 0.6552083333333333 0.7546296296296297 0.65546875 0.7578703703703704 0.65546875 0.7583333333333333 0.6557291666666667 0.7620370370370371 0.6557291666666667 0.7625 0.6559895833333333 0.7643518518518518 0.6559895833333333 0.7648148148148148 0.6557291666666667 0.7689814814814815 0.6557291666666667 0.7694444444444445 0.65546875 0.7717592592592593 0.65546875 0.7754629629629629 0.65390625 0.7759259259259259 0.653125 0.7787037037037037 0.6510416666666666 0.7787037037037037 0.65078125 0.7796296296296297 0.65 0.7800925925925926 0.6486979166666667 0.7805555555555556 0.6484375 0.7814814814814814 0.6471354166666666 0.7828703703703703 0.64609375 0.7828703703703703 0.6455729166666667 0.7833333333333333 0.6453125 0.7833333333333333 0.6447916666666667 0.7842592592592592 0.6440104166666667 0.7842592592592592 0.6434895833333333 0.7856481481481481 0.6424479166666667 0.7856481481481481 0.6408854166666667 0.7861111111111111 0.640625 0.7861111111111111 0.63671875 0.7856481481481481 0.6364583333333333 0.7856481481481481 0.6346354166666667 0.7837962962962963 0.6328125 0.7837962962962963 0.6322916666666667 0.7828703703703703 0.6315104166666666 0.7828703703703703 0.6309895833333333 0.7824074074074074 0.6307291666666667 0.7824074074074074 0.63046875 0.7814814814814814 0.6299479166666667 0.7814814814814814 0.6296875 0.7800925925925926 0.6286458333333333 0.7800925925925926 0.628125 0.7796296296296297 0.6278645833333333 0.7796296296296297 0.62734375 0.7791666666666667 0.6270833333333333 0.7787037037037037 0.6263020833333334 0.775 0.6244791666666667 0.774537037037037 0.6244791666666667 0.774074074074074 0.62421875 0.7731481481481481 0.62421875 0.7726851851851851 0.6239583333333333 0.7717592592592593 0.6239583333333333 0.7694444444444445 0.6229166666666667 0.7685185185185185 0.6229166666666667 0.7680555555555556 0.62265625 0.7652777777777777 0.62265625 0.7648148148148148 0.6223958333333334 0.7625 0.6223958333333334 0.7620370370370371 0.6221354166666667 0.7601851851851852 0.6221354166666667 0.7597222222222222 0.621875 0.7574074074074074 0.621875 0.7569444444444444 0.6216145833333333 0.7532407407407408 0.6216145833333333 0.7527777777777778 0.6213541666666667 0.7476851851851852 0.6213541666666667 0.7472222222222222 0.6216145833333333 0.7439814814814815 0.621875 0.7435185185185185 0.6221354166666667
2 0.8888888888888888 0.5005208333333333 0.8768518518518519 0.50078125 0.8740740740740741 0.5018229166666667 0.8712962962962963 0.50546875 0.8726851851851852 0.5096354166666667 0.8800925925925925 0.51328125 0.8800925925925925 0.5182291666666666 0.8768518518518519 0.5294270833333333 0.875 0.5325520833333334 0.8740740740740741 0.5380208333333333 0.8694444444444445 0.55234375 0.8671296296296296 0.5575520833333333 0.8625 0.575 0.8597222222222223 0.5799479166666667 0.8569444444444444 0.5911458333333334 0.8546296296296296 0.59609375 0.8495370370370371 0.6138020833333333 0.850462962962963 0.6190104166666667 0.8537037037037037 0.6208333333333333 0.8638888888888889 0.6229166666666667 0.8685185185185185 0.6223958333333334 0.8712962962962963 0.6208333333333333 0.8736111111111111 0.61875 0.875462962962963 0.61484375 0.8805555555555555 0.59921875 0.8814814814814815 0.59375 0.8842592592592593 0.5872395833333334 0.8902777777777777 0.5643229166666667 0.8967592592592593 0.5497395833333333 0.8981481481481481 0.5432291666666667 0.9004629629629629 0.5388020833333333 0.9004629629629629 0.5369791666666667 0.9074074074074074 0.5171875 0.9106481481481481 0.5151041666666667 0.9199074074074074 0.5135416666666667 0.9212962962962963 0.5098958333333333 0.9203703703703704 0.5057291666666667 0.9175925925925926 0.5046875 0.9111111111111111 0.503125 0.9018518518518519 0.5018229166666667 0.8921296296296296 0.5013020833333334
4 0.999537037037037 0.31015625 0.9902777777777778 0.3104166666666667 0.9884259259259259 0.3109375 0.9842592592592593 0.3111979166666667 0.9837962962962963 0.31145833333333334 0.9814814814814815 0.31145833333333334 0.9791666666666666 0.31197916666666664 0.9745370370370371 0.31197916666666664 0.9694444444444444 0.31328125 0.9685185185185186 0.31328125 0.9638888888888889 0.3143229166666667 0.9625 0.3143229166666667 0.962037037037037 0.3145833333333333 0.9481481481481482 0.31536458333333334 0.9476851851851852 0.315625 0.9462962962962963 0.315625 0.9458333333333333 0.31588541666666664 0.9444444444444444 0.31588541666666664 0.9439814814814815 0.31614583333333335 0.9425925925925925 0.31614583333333335 0.9402777777777778 0.31666666666666665 0.9388888888888889 0.31666666666666665 0.9361111111111111 0.315625 0.9328703703703703 0.31484375 0.9319444444444445 0.3143229166666667 0.924074074074074 0.3143229166666667 0.9236111111111112 0.3140625 0.9111111111111111 0.3140625 0.9106481481481481 0.3143229166666667 0.9083333333333333 0.3143229166666667 0.9037037037037037 0.31875 0.9037037037037037 0.31953125 0.9013888888888889 0.3221354166666667 0.9013888888888889 0.3229166666666667 0.9009259259259259 0.32317708333333334 0.9004629629629629 0.325 0.9 0.32526041666666666 0.9 0.32708333333333334 0.9004629629629629 0.32734375 0.9004629629629629 0.32838541666666665 0.9009259259259259 0.32864583333333336 0.9009259259259259 0.3299479166666667 0.9018518518518519 0.33098958333333334 0.9018518518518519 0.33177083333333335 0.9027777777777778 0.3328125 0.9032407407407408 0.334375 0.9078703703703703 0.3390625 0.9120370370370371 0.34088541666666666 0.9138888888888889 0.34088541666666666 0.9143518518518519 0.3411458333333333 0.9203703703703704 0.3416666666666667 0.9208333333333333 0.34140625 0.9226851851851852 0.34140625 0.9231481481481482 0.3411458333333333 0.9263888888888889 0.34088541666666666 0.9291666666666667 0.34010416666666665 0.9314814814814815 0.33984375 0.9351851851851852 0.3377604166666667 0.9356481481481481 0.33645833333333336 0.9388888888888889 0.33307291666666666 0.9416666666666667 0.33151041666666664 0.9435185185185185 0.33098958333333334 0.9481481481481482 0.33046875 0.9486111111111111 0.3302083333333333 0.95 0.3302083333333333 0.950462962962963 0.3299479166666667 0.9518518518518518 0.3299479166666667 0.9532407407407407 0.3294270833333333 0.9546296296296296 0.3294270833333333 0.9550925925925926 0.32916666666666666 0.9574074074074074 0.32916666666666666 0.9578703703703704 0.32890625 0.962037037037037 0.32864583333333336 0.9625 0.32838541666666665 0.9657407407407408 0.328125 0.9662037037037037 0.32786458333333335 0.9708333333333333 0.32734375 0.9712962962962963 0.32708333333333334 0.9736111111111111 0.32708333333333334 0.9740740740740741 0.3268229166666667 0.975925925925926 0.3268229166666667 0.9763888888888889 0.3265625 0.9782407407407407 0.3265625 0.9787037037037037 0.3263020833333333 0.987037037037037 0.3263020833333333 0.9944444444444445 0.32421875 0.9953703703703703 0.32421875 0.9972222222222222 0.32369791666666664 0.999537037037037 0.32369791666666664
3 0.9041666666666667 0.5424479166666667 0.9032407407407408 0.54296875 0.9 0.5466145833333333 0.899074074074074 0.5481770833333334 0.899074074074074 0.55078125 0.8986111111111111 0.5510416666666667 0.8986111111111111 0.55390625 0.899074074074074 0.5541666666666667 0.899074074074074 0.55546875 0.899537037037037 0.5557291666666667 0.9 0.5578125 0.9018518518518519 0.5604166666666667 0.9018518518518519 0.56328125 0.9023148148148148 0.5635416666666667 0.9023148148148148 0.5643229166666667 0.9013888888888889 0.5653645833333333 0.9004629629629629 0.5682291666666667 0.8981481481481481 0.5708333333333333 0.8967592592592593 0.5736979166666667 0.8958333333333334 0.5744791666666667 0.8953703703703704 0.57578125 0.8944444444444445 0.5765625 0.8944444444444445 0.5770833333333333 0.8935185185185185 0.5778645833333333 0.8935185185185185 0.5783854166666667 0.8916666666666667 0.5807291666666666 0.8916666666666667 0.5815104166666667 0.8907407407407407 0.5828125 0.8907407407407407 0.5838541666666667 0.8902777777777777 0.5841145833333333 0.8898148148148148 0.5875 0.8893518518518518 0.5877604166666667 0.8893518518518518 0.5916666666666667 0.8916666666666667 0.5932291666666667 0.8962962962962963 0.5947916666666667 0.899537037037037 0.5947916666666667 0.9 0.5950520833333334 0.9041666666666667 0.5953125 0.9078703703703703 0.59609375 0.9166666666666666 0.5963541666666666 0.9203703703703704 0.5955729166666667 0.9208333333333333 0.5947916666666667 0.924537037037037 0.5916666666666667 0.925 0.590625 0.9259259259259259 0.5901041666666667 0.9300925925925926 0.5854166666666667 0.9310185185185185 0.5848958333333333 0.9324074074074075 0.5833333333333334 0.9324074074074075 0.5828125 0.9351851851851852 0.5799479166666667 0.9356481481481481 0.578125 0.9375 0.575 0.9398148148148148 0.57265625 0.9421296296296297 0.56796875 0.9435185185185185 0.5666666666666667 0.9472222222222222 0.5645833333333333 0.9476851851851852 0.56484375 0.9550925925925926 0.56484375 0.9555555555555556 0.5645833333333333 0.9583333333333334 0.5645833333333333 0.9592592592592593 0.5643229166666667 0.9629629629629629 0.5609375 0.9629629629629629 0.5598958333333334 0.9634259259259259 0.5596354166666667 0.9634259259259259 0.5583333333333333 0.9638888888888889 0.5580729166666667 0.9643518518518519 0.55625 0.9629629629629629 0.5541666666666667 0.9611111111111111 0.553125 0.9583333333333334 0.55234375 0.9560185185185185 0.5520833333333334 0.95 0.55 0.9472222222222222 0.5494791666666666 0.9458333333333333 0.5494791666666666 0.9453703703703704 0.54921875 0.9439814814814815 0.54921875 0.9416666666666667 0.5484375 0.937962962962963 0.5479166666666667 0.9356481481481481 0.5471354166666667 0.9342592592592592 0.5471354166666667 0.9314814814814815 0.5466145833333333 0.9273148148148148 0.5450520833333333 0.9236111111111112 0.54453125 0.9199074074074074 0.5432291666666667 0.9162037037037037 0.5424479166666667 0.9092592592592592 0.5424479166666667 0.9087962962962963 0.5427083333333333
4 0.9467592592592593 0.21458333333333332 0.9467592592592593 0.21484375 0.9449074074074074 0.21614583333333334 0.9449074074074074 0.21640625 0.9425925925925925 0.21875 0.9425925925925925 0.21927083333333333 0.9416666666666667 0.21979166666666666 0.9407407407407408 0.22109375 0.9398148148148148 0.22161458333333334 0.9398148148148148 0.221875 0.9384259259259259 0.22317708333333333 0.9384259259259259 0.22369791666666666 0.937962962962963 0.22395833333333334 0.937962962962963 0.22473958333333333 0.9375 0.225 0.9375 0.22604166666666667 0.937037037037037 0.22630208333333332 0.937037037037037 0.22734375 0.9365740740740741 0.22760416666666666 0.9365740740740741 0.23020833333333332 0.9361111111111111 0.23046875 0.9361111111111111 0.2328125 0.9365740740740741 0.23307291666666666 0.9365740740740741 0.23411458333333332 0.937037037037037 0.234375 0.937037037037037 0.23515625 0.9384259259259259 0.23645833333333333 0.9388888888888889 0.23645833333333333 0.9402777777777778 0.23697916666666666 0.9412037037037037 0.23697916666666666 0.9416666666666667 0.23723958333333334 0.9430555555555555 0.23723958333333334 0.9435185185185185 0.2375 0.9462962962962963 0.2375 0.9467592592592593 0.23776041666666667 0.9490740740740741 0.23776041666666667 0.9495370370370371 0.23802083333333332 0.9513888888888888 0.23802083333333332 0.9518518518518518 0.23828125 0.9532407407407407 0.23828125 0.9537037037037037 0.23854166666666668 0.9587962962962963 0.23854166666666668 0.961574074074074 0.23723958333333334 0.962037037037037 0.23723958333333334 0.9629629629629629 0.23671875 0.9634259259259259 0.23671875 0.9643518518518519 0.23619791666666667 0.9648148148148148 0.23619791666666667 0.9666666666666667 0.23515625 0.9671296296296297 0.23515625 0.9675925925925926 0.23489583333333333 0.9689814814814814 0.23489583333333333 0.9694444444444444 0.23463541666666668 0.9717592592592592 0.23463541666666668 0.9722222222222222 0.23489583333333333 0.9740740740740741 0.23489583333333333 0.9745370370370371 0.23515625 0.9773148148148149 0.23515625 0.9777777777777777 0.23541666666666666 0.9796296296296296 0.23541666666666666 0.9800925925925926 0.23567708333333334 0.9814814814814815 0.23567708333333334 0.9819444444444444 0.2359375 0.9842592592592593 0.2359375 0.9847222222222223 0.23619791666666667 0.987037037037037 0.23619791666666667 0.9875 0.23645833333333333 0.9888888888888889 0.23645833333333333 0.9893518518518518 0.23671875 0.9912037037037037 0.23671875 0.9916666666666667 0.23697916666666666 0.9939814814814815 0.23697916666666666 0.9944444444444445 0.23723958333333334 0.9967592592592592 0.23723958333333334 0.9972222222222222 0.2375 0.999537037037037 0.2375 0.999537037037037 0.22239583333333332 0.9972222222222222 0.22239583333333332 0.9967592592592592 0.22213541666666667 0.9958333333333333 0.22213541666666667 0.9953703703703703 0.221875 0.9944444444444445 0.221875 0.9939814814814815 0.22161458333333334 0.9912037037037037 0.22161458333333334 0.9907407407407407 0.22135416666666666 0.9893518518518518 0.22135416666666666 0.9888888888888889 0.22109375 0.9879629629629629 0.22109375 0.9875 0.22083333333333333 0.9861111111111112 0.22083333333333333 0.9837962962962963 0.22005208333333334 0.9828703703703704 0.22005208333333334 0.9824074074074074 0.21979166666666666 0.9814814814814815 0.21979166666666666 0.9810185185185185 0.21953125 0.9796296296296296 0.21953125 0.9791666666666666 0.21927083333333333 0.9787037037037037 0.21927083333333333 0.9773148148148149 0.21848958333333332 0.9773148148148149 0.21822916666666667 0.975925925925926 0.21692708333333333 0.975925925925926 0.21640625 0.975 0.215625 0.975 0.21510416666666668 0.9745370370370371 0.21484375 0.9745370370370371 0.21432291666666667 0.9736111111111111 0.21354166666666666 0.9736111111111111 0.21302083333333333 0.9712962962962963 0.21197916666666666 0.9703703703703703 0.21197916666666666 0.9699074074074074 0.21171875 0.9546296296296296 0.21171875 0.9541666666666667 0.21197916666666666 0.9532407407407407 0.21197916666666666 0.9527777777777777 0.21223958333333334 0.9513888888888888 0.21223958333333334 0.950925925925926 0.2125 0.950462962962963 0.2125
1 0.999537037037037 0.5690104166666666 0.9981481481481481 0.5690104166666666 0.9972222222222222 0.5684895833333333 0.9972222222222222 0.5682291666666667 0.9939814814814815 0.5666666666666667 0.9921296296296296 0.5661458333333333 0.9912037037037037 0.5661458333333333 0.9902777777777778 0.565625 0.9893518518518518 0.565625 0.9888888888888889 0.5658854166666667 0.9875 0.5658854166666667 0.987037037037037 0.5661458333333333 0.9856481481481482 0.5661458333333333 0.9851851851851852 0.56640625 0.9842592592592593 0.56640625 0.9814814814814815 0.5671875 0.9800925925925926 0.56796875 0.9773148148148149 0.56875 0.9763888888888889 0.5692708333333333 0.975462962962963 0.56953125 0.9745370370370371 0.56953125 0.9736111111111111 0.5700520833333333 0.9708333333333333 0.5708333333333333 0.9699074074074074 0.5713541666666667 0.9689814814814814 0.5713541666666667 0.9671296296296297 0.571875 0.9662037037037037 0.5729166666666666 0.9662037037037037 0.5744791666666667 0.9657407407407408 0.5747395833333333 0.9657407407407408 0.5760416666666667 0.9648148148148148 0.5765625 0.9648148148148148 0.5768229166666666 0.962037037037037 0.5783854166666667 0.9569444444444445 0.5796875 0.9560185185185185 0.5802083333333333 0.9546296296296296 0.58046875 0.9523148148148148 0.5815104166666667 0.9449074074074074 0.58359375 0.9439814814814815 0.58359375 0.9430555555555555 0.5838541666666667 0.9416666666666667 0.5846354166666666 0.9412037037037037 0.5846354166666666 0.9388888888888889 0.5856770833333333 0.9375 0.5859375 0.9351851851851852 0.5869791666666667 0.9314814814814815 0.5877604166666667 0.9310185185185185 0.58828125 0.9273148148148148 0.5901041666666667 0.9273148148148148 0.5903645833333333 0.9259259259259259 0.59140625 0.9259259259259259 0.5927083333333333 0.9263888888888889 0.59296875 0.9263888888888889 0.5934895833333333 0.9268518518518518 0.59375 0.9268518518518518 0.5942708333333333 0.9277777777777778 0.5953125 0.9300925925925926 0.5966145833333333 0.9305555555555556 0.5966145833333333 0.9314814814814815 0.5971354166666667 0.9333333333333333 0.59765625 0.9342592592592592 0.59765625 0.9347222222222222 0.5979166666666667 0.9388888888888889 0.59765625 0.9453703703703704 0.5958333333333333 0.9462962962962963 0.5958333333333333 0.9472222222222222 0.5955729166666667 0.9495370370370371 0.59453125 0.950925925925926 0.5942708333333333 0.9523148148148148 0.5934895833333333 0.9560185185185185 0.5924479166666666 0.9569444444444445 0.5924479166666666 0.961574074074074 0.5911458333333334 0.9625 0.5911458333333334 0.9657407407407408 0.5901041666666667 0.9666666666666667 0.5901041666666667 0.9740740740740741 0.5880208333333333 0.975 0.5880208333333333 0.975462962962963 0.5877604166666667 0.9768518518518519 0.5877604166666667 0.9782407407407407 0.5872395833333334 0.9800925925925926 0.5877604166666667 0.9819444444444444 0.5877604166666667 0.9833333333333333 0.58828125 0.9842592592592593 0.58828125 0.9861111111111112 0.5888020833333333 0.986574074074074 0.5885416666666666 0.9879629629629629 0.5885416666666666 0.9884259259259259 0.58828125 0.9893518518518518 0.58828125 0.9902777777777778 0.5880208333333333 0.9912037037037037 0.5875 0.9912037037037037 0.5872395833333334 0.9944444444444445 0.5854166666666667 0.9967592592592592 0.5848958333333333 0.9976851851851852 0.584375 0.999537037037037 0.584375
1 0.9912037037037037 0.3815104166666667 0.9907407407407407 0.38177083333333334 0.9898148148148148 0.38177083333333334 0.9879629629629629 0.3828125 0.9875 0.3828125 0.9856481481481482 0.38385416666666666 0.9856481481481482 0.3841145833333333 0.9847222222222223 0.3846354166666667 0.9847222222222223 0.3848958333333333 0.9837962962962963 0.3854166666666667 0.9837962962962963 0.38567708333333334 0.9828703703703704 0.38619791666666664 0.9828703703703704 0.38645833333333335 0.9819444444444444 0.38697916666666665 0.9819444444444444 0.38723958333333336 0.9814814814814815 0.3875 0.9814814814814815 0.38776041666666666 0.9810185185185185 0.3880208333333333 0.9810185185185185 0.38828125 0.9805555555555555 0.3885416666666667 0.9805555555555555 0.3893229166666667 0.9800925925925926 0.38958333333333334 0.9800925925925926 0.390625 0.9796296296296296 0.39088541666666665 0.9796296296296296 0.39140625 0.9791666666666666 0.39166666666666666 0.9791666666666666 0.3921875 0.9787037037037037 0.3924479166666667 0.9791666666666666 0.3927083333333333 0.9791666666666666 0.39348958333333334 0.9796296296296296 0.39375 0.9796296296296296 0.39453125 0.9800925925925926 0.39479166666666665 0.9800925925925926 0.39557291666666666 0.9805555555555555 0.3958333333333333 0.9805555555555555 0.3963541666666667 0.9814814814814815 0.396875 0.9814814814814815 0.3971354166666667 0.9819444444444444 0.39739583333333334 0.9824074074074074 0.39739583333333334 0.9828703703703704 0.39765625 0.9833333333333333 0.39765625 0.9837962962962963 0.39791666666666664 0.9842592592592593 0.39791666666666664 0.9847222222222223 0.39817708333333335 0.9851851851851852 0.39817708333333335 0.9856481481481482 0.3984375 0.9861111111111112 0.3984375 0.9875 0.39921875 0.9879629629629629 0.39921875 0.9893518518518518 0.4 0.9898148148148148 0.4 0.9939814814814815 0.40234375 0.9944444444444445 0.40234375 0.9949074074074075 0.40208333333333335 0.999537037037037 0.40208333333333335 0.999537037037037 0.38177083333333334 0.9967592592592592 0.38177083333333334 0.9962962962962963 0.3815104166666667
1 0.9236111111111112 0.38255208333333335 0.9231481481481482 0.38307291666666665 0.9231481481481482 0.38359375 0.9226851851851852 0.38385416666666666 0.9226851851851852 0.384375 0.9222222222222223 0.3846354166666667 0.9226851851851852 0.3848958333333333 0.9226851851851852 0.3854166666666667 0.9231481481481482 0.38567708333333334 0.9236111111111112 0.38697916666666665 0.924537037037037 0.3875 0.924537037037037 0.38776041666666666 0.9282407407407407 0.38984375 0.9282407407407407 0.39010416666666664 0.9314814814814815 0.3919270833333333 0.9314814814814815 0.3921875 0.9324074074074075 0.3927083333333333 0.9328703703703703 0.3927083333333333 0.9375 0.39505208333333336 0.937962962962963 0.39505208333333336 0.9398148148148148 0.39609375 0.9402777777777778 0.39609375 0.9407407407407408 0.3966145833333333 0.9430555555555555 0.39791666666666664 0.9430555555555555 0.39817708333333335 0.9467592592592593 0.39921875 0.9495370370370371 0.4010416666666667 0.9518518518518518 0.4036458333333333 0.9518518518518518 0.40546875 0.9523148148148148 0.40572916666666664 0.9523148148148148 0.4083333333333333 0.9537037037037037 0.40911458333333334 0.9537037037037037 0.409375 0.9550925925925926 0.41015625 0.9578703703703704 0.41067708333333336 0.9587962962962963 0.41119791666666666 0.9606481481481481 0.41171875 0.962037037037037 0.4125 0.9648148148148148 0.41328125 0.9666666666666667 0.41432291666666665 0.9666666666666667 0.41458333333333336 0.9685185185185186 0.41510416666666666 0.9699074074074074 0.4158854166666667 0.9731481481481481 0.4158854166666667 0.9736111111111111 0.415625 0.9745370370370371 0.415625 0.9763888888888889 0.41458333333333336 0.9782407407407407 0.4140625 0.9810185185185185 0.4125 0.9814814814814815 0.4125 0.9884259259259259 0.40859375 0.9888888888888889 0.40859375 0.9898148148148148 0.4080729166666667 0.9898148148148148 0.4078125 0.9907407407407407 0.40729166666666666 0.9916666666666667 0.40625 0.9939814814814815 0.4049479166666667 0.9944444444444445 0.4049479166666667 0.9962962962962963 0.4041666666666667 0.9962962962962963 0.40182291666666664 0.9958333333333333 0.4015625 0.9958333333333333 0.4010416666666667 0.9935185185185185 0.4 0.9930555555555556 0.39869791666666665 0.9916666666666667 0.39791666666666664 0.9884259259259259 0.3971354166666667 0.986574074074074 0.39609375 0.9861111111111112 0.39557291666666666 0.9851851851851852 0.39557291666666666 0.9847222222222223 0.3953125 0.9833333333333333 0.3953125 0.9824074074074074 0.39505208333333336 0.9814814814814815 0.39453125 0.9800925925925926 0.39296875 0.9782407407407407 0.3919270833333333 0.9777777777777777 0.3921875 0.9745370370370371 0.3921875 0.9708333333333333 0.3932291666666667 0.9699074074074074 0.3932291666666667 0.9694444444444444 0.39296875 0.9671296296296297 0.3927083333333333 0.9643518518518519 0.3919270833333333 0.9634259259259259 0.39140625 0.961574074074074 0.39088541666666665 0.9583333333333334 0.3890625 0.9578703703703704 0.3890625 0.9574074074074074 0.3885416666666667 0.9569444444444445 0.3885416666666667 0.9541666666666667 0.38723958333333336 0.9537037037037037 0.38723958333333336 0.95 0.3846354166666667 0.9472222222222222 0.38385416666666666 0.9453703703703704 0.3828125 0.9449074074074074 0.3828125 0.9430555555555555 0.3815104166666667 0.9425925925925925 0.3815104166666667 0.9402777777777778 0.38046875 0.9388888888888889 0.3802083333333333 0.9351851851851852 0.37864583333333335 0.9333333333333333 0.37864583333333335 0.9328703703703703 0.37838541666666664 0.9314814814814815 0.37838541666666664 0.9305555555555556 0.37864583333333335 0.9296296296296296 0.37916666666666665 0.9277777777777778 0.3796875 0.925 0.38125 0.924537037037037 0.38203125
