1 0.6685185185185185 0.44166666666666665 0.6671296296296296 0.4432291666666667 0.6671296296296296 0.4466145833333333 0.6666666666666666 0.4471354166666667 0.6680555555555555 0.44817708333333334 0.6680555555555555 0.4484375 0.6699074074074074 0.44947916666666665 0.6708333333333333 0.44947916666666665 0.6722222222222223 0.45 0.6731481481481482 0.45 0.6736111111111112 0.45026041666666666 0.675 0.45026041666666666 0.6754629629629629 0.4505208333333333 0.6763888888888889 0.4505208333333333 0.6782407407407407 0.4510416666666667 0.6796296296296296 0.4510416666666667 0.6800925925925926 0.4513020833333333 0.6814814814814815 0.4513020833333333 0.6819444444444445 0.4515625 0.6828703703703703 0.4515625 0.6833333333333333 0.4518229166666667 0.6856481481481481 0.45208333333333334 0.6865740740740741 0.45260416666666664 0.6875 0.45286458333333335 0.6884259259259259 0.45286458333333335 0.6888888888888889 0.453125 0.6898148148148148 0.453125 0.6902777777777778 0.45338541666666665 0.6925925925925925 0.45338541666666665 0.6930555555555555 0.45364583333333336 0.6944444444444444 0.45364583333333336 0.6958333333333333 0.45416666666666666 0.6972222222222222 0.45416666666666666 0.6976851851851852 0.4544270833333333 0.700925925925926 0.4546875 0.7037037037037037 0.45546875 0.7060185185185185 0.45651041666666664 0.7064814814814815 0.45651041666666664 0.7083333333333334 0.4578125 0.7087962962962963 0.45859375 0.7129629629629629 0.4609375 0.7138888888888889 0.4609375 0.7143518518518519 0.46119791666666665 0.7166666666666667 0.46145833333333336 0.7185185185185186 0.46197916666666666 0.7199074074074074 0.4627604166666667 0.7208333333333333 0.4627604166666667 0.7212962962962963 0.4630208333333333 0.7236111111111111 0.4630208333333333 0.7240740740740741 0.46328125 0.725462962962963 0.46328125 0.7282407407407407 0.4640625 0.7305555555555555 0.4640625 0.7310185185185185 0.46432291666666664 0.7319444444444444 0.46432291666666664 0.7328703703703704 0.46380208333333334 0.7356481481481482 0.4630208333333333 0.736574074074074 0.4625 0.7402777777777778 0.4583333333333333 0.7402777777777778 0.4578125 0.7407407407407407 0.45755208333333336 0.7407407407407407 0.45677083333333335 0.7412037037037037 0.45651041666666664 0.7412037037037037 0.45598958333333334 0.7421296296296296 0.4549479166666667 0.7425925925925926 0.453125 0.7444444444444445 0.4510416666666667 0.7444444444444445 0.446875 0.7439814814814815 0.4466145833333333 0.7402777777777778 0.44557291666666665 0.7356481481481482 0.44557291666666665 0.7351851851851852 0.4453125 0.7324074074074074 0.4453125 0.7305555555555555 0.44479166666666664 0.7296296296296296 0.44427083333333334 0.7291666666666666 0.44427083333333334 0.7245370370370371 0.44192708333333336 0.7203703703703703 0.44192708333333336 0.7175925925925926 0.4427083333333333 0.7166666666666667 0.4432291666666667 0.7152777777777778 0.4432291666666667 0.7138888888888889 0.44375 0.7129629629629629 0.44375 0.7125 0.4440104166666667 0.7111111111111111 0.4440104166666667 0.7106481481481481 0.44427083333333334 0.7083333333333334 0.44427083333333334 0.7055555555555556 0.4432291666666667 0.7037037037037037 0.4432291666666667 0.7032407407407407 0.44296875 0.7 0.44296875 0.6995370370370371 0.4427083333333333 0.6976851851851852 0.4427083333333333 0.6972222222222222 0.44244791666666666 0.6953703703703704 0.44244791666666666 0.6949074074074074 0.4421875 0.6925925925925925 0.4421875 0.6921296296296297 0.44192708333333336 0.6888888888888889 0.44192708333333336 0.6884259259259259 0.44166666666666665 0.687037037037037 0.44166666666666665 0.6856481481481481 0.44114583333333335 0.6814814814814815 0.44088541666666664 0.6810185185185185 0.440625 0.6800925925925926 0.440625 0.6796296296296296 0.44036458333333334 0.6782407407407407 0.44036458333333334 0.6777777777777778 0.4401041666666667 0.6726851851851852 0.4401041666666667 0.6722222222222223 0.44036458333333334 0.6699074074074074 0.440625
3 0.6453703703703704 0.21432291666666667 0.6416666666666667 0.21302083333333333 0.637962962962963 0.21276041666666667 0.6361111111111111 0.21328125 0.6347222222222222 0.21328125 0.6296296296296297 0.21484375 0.6263888888888889 0.21536458333333333 0.6231481481481481 0.21692708333333333 0.6208333333333333 0.21953125 0.6208333333333333 0.22005208333333334 0.6199074074074075 0.22083333333333333 0.6199074074074075 0.22213541666666667 0.6194444444444445 0.22239583333333332 0.6189814814814815 0.22473958333333333 0.6148148148148148 0.22708333333333333 0.6125 0.22786458333333334 0.6083333333333333 0.22994791666666667 0.600462962962963 0.23229166666666667 0.5962962962962963 0.23411458333333332 0.5949074074074074 0.234375 0.5925925925925926 0.23541666666666666 0.5893518518518519 0.23619791666666667 0.587037037037037 0.23723958333333334 0.5828703703703704 0.23854166666666668 0.5796296296296296 0.24010416666666667 0.575462962962963 0.24140625 0.5717592592592593 0.24348958333333334 0.5712962962962963 0.24401041666666667 0.5717592592592593 0.2484375 0.5736111111111111 0.2515625 0.575 0.25286458333333334 0.575925925925926 0.25442708333333336 0.5768518518518518 0.25494791666666666 0.5787037037037037 0.25703125 0.5837962962962963 0.2598958333333333 0.5847222222222223 0.26015625 0.5907407407407408 0.26015625 0.5912037037037037 0.2598958333333333 0.5944444444444444 0.2596354166666667 0.5972222222222222 0.25885416666666666 0.5981481481481481 0.25885416666666666 0.6050925925925926 0.25625 0.6069444444444444 0.2552083333333333 0.6111111111111112 0.25442708333333336 0.6138888888888889 0.253125 0.6268518518518519 0.24947916666666667 0.6291666666666667 0.24947916666666667 0.6296296296296297 0.24921875 0.6319444444444444 0.24921875 0.6324074074074074 0.24895833333333334 0.637962962962963 0.24895833333333334 0.638425925925926 0.24921875 0.6388888888888888 0.24895833333333334 0.6412037037037037 0.24895833333333334 0.6416666666666667 0.24869791666666666 0.6435185185185185 0.24869791666666666 0.6439814814814815 0.24895833333333334 0.6518518518518519 0.24895833333333334 0.6523148148148148 0.24869791666666666 0.6550925925925926 0.2484375 0.6578703703703703 0.24765625 0.6625 0.2453125 0.6652777777777777 0.24270833333333333 0.6662037037037037 0.24114583333333334 0.6662037037037037 0.24036458333333333 0.6666666666666666 0.24010416666666667 0.6662037037037037 0.23984375 0.6662037037037037 0.23541666666666666 0.6657407407407407 0.23515625 0.6652777777777777 0.23333333333333334 0.6625 0.22994791666666667 0.6620370370370371 0.22864583333333333 0.6550925925925926 0.22109375 0.6550925925925926 0.22057291666666667 0.6504629629629629 0.21744791666666666 0.65 0.21666666666666667 0.649537037037037 0.21666666666666667
4 0.6199074074074075 0.4513020833333333 0.6199074074074075 0.4518229166666667 0.6189814814814815 0.45260416666666664 0.6175925925925926 0.4549479166666667 0.6180555555555556 0.4552083333333333 0.6185185185185185 0.45807291666666666 0.6189814814814815 0.4588541666666667 0.6268518518518519 0.4630208333333333 0.6310185185185185 0.46380208333333334 0.6351851851851852 0.46510416666666665 0.6416666666666667 0.4661458333333333 0.6541666666666667 0.46979166666666666 0.6583333333333333 0.4703125 0.6587962962962963 0.4705729166666667 0.6601851851851852 0.4705729166666667 0.6606481481481481 0.4708333333333333 0.6620370370370371 0.4708333333333333 0.6648148148148149 0.47161458333333334 0.6685185185185185 0.47213541666666664 0.6699074074074074 0.47265625 0.6726851851851852 0.47291666666666665 0.6768518518518518 0.4739583333333333 0.6810185185185185 0.4744791666666667 0.6824074074074075 0.475 0.6833333333333333 0.475 0.6847222222222222 0.47552083333333334 0.6902777777777778 0.4765625 0.6972222222222222 0.4786458333333333 0.7 0.48046875 0.7013888888888888 0.48203125 0.7013888888888888 0.4825520833333333 0.7050925925925926 0.4861979166666667 0.7078703703703704 0.48671875 0.712037037037037 0.48671875 0.7162037037037037 0.4859375 0.7189814814814814 0.48333333333333334 0.7240740740740741 0.47942708333333334 0.725462962962963 0.4778645833333333 0.725462962962963 0.47734375 0.7273148148148149 0.4752604166666667 0.7282407407407407 0.4747395833333333 0.7305555555555555 0.4705729166666667 0.7300925925925926 0.4666666666666667 0.7282407407407407 0.465625 0.7240740740740741 0.46432291666666664 0.7199074074074074 0.46380208333333334 0.7134259259259259 0.465625 0.711574074074074 0.465625 0.7101851851851851 0.46510416666666665 0.7074074074074074 0.46484375 0.7069444444444445 0.46458333333333335 0.7046296296296296 0.46458333333333335 0.6962962962962963 0.4630208333333333 0.6949074074074074 0.4625 0.6925925925925925 0.4622395833333333 0.6912037037037037 0.46171875 0.6902777777777778 0.46171875 0.6833333333333333 0.459375 0.674074074074074 0.4578125 0.6694444444444444 0.45651041666666664 0.6583333333333333 0.4544270833333333 0.6541666666666667 0.45286458333333335 0.6527777777777778 0.45286458333333335 0.6476851851851851 0.4515625 0.6453703703703704 0.4513020833333333 0.6439814814814815 0.45078125 0.6398148148148148 0.45026041666666666 0.6305555555555555 0.4484375 0.6263888888888889 0.4484375 0.6259259259259259 0.44869791666666664 0.6231481481481481 0.44895833333333335 0.6208333333333333 0.45026041666666666
4 0.6768518518518518 0.4830729166666667 0.6708333333333333 0.4783854166666667 0.6689814814814815 0.47760416666666666 0.6652777777777777 0.47734375 0.6587962962962963 0.4783854166666667 0.6578703703703703 0.47942708333333334 0.6564814814814814 0.48515625 0.6560185185185186 0.4859375 0.6537037037037037 0.48723958333333334 0.6430555555555556 0.48984375 0.6402777777777777 0.4901041666666667 0.6375 0.4908854166666667 0.6351851851851852 0.49114583333333334 0.6296296296296297 0.49270833333333336 0.6180555555555556 0.4947916666666667 0.6101851851851852 0.496875 0.5990740740740741 0.4984375 0.5944444444444444 0.49973958333333335 0.5921296296296297 0.5 0.5875 0.5013020833333334 0.5805555555555556 0.5026041666666666 0.5717592592592593 0.5052083333333334 0.5708333333333333 0.5057291666666667 0.5689814814814815 0.509375 0.5708333333333333 0.51328125 0.5717592592592593 0.5140625 0.5763888888888888 0.5158854166666667 0.5777777777777777 0.5158854166666667 0.5800925925925926 0.51640625 0.5810185185185185 0.5161458333333333 0.5856481481481481 0.5161458333333333 0.5861111111111111 0.5158854166666667 0.5884259259259259 0.5158854166666667 0.5888888888888889 0.515625 0.5921296296296297 0.5153645833333333 0.5953703703703703 0.5145833333333333 0.5967592592592592 0.5145833333333333 0.6037037037037037 0.51328125 0.6106481481481482 0.5114583333333333 0.6134259259259259 0.5111979166666667 0.6185185185185185 0.5098958333333333 0.6222222222222222 0.509375 0.6273148148148148 0.5078125 0.6305555555555555 0.5075520833333333 0.6319444444444444 0.50703125 0.6356481481481482 0.5065104166666666 0.637962962962963 0.5057291666666667 0.6430555555555556 0.5052083333333334 0.6541666666666667 0.503125 0.6546296296296297 0.5033854166666667 0.6643518518518519 0.5033854166666667 0.6648148148148149 0.5036458333333333 0.6662037037037037 0.5036458333333333 0.6736111111111112 0.5057291666666667 0.6787037037037037 0.5049479166666667 0.6819444444444445 0.5033854166666667 0.6837962962962963 0.5015625 0.6842592592592592 0.4981770833333333 0.6847222222222222 0.4979166666666667 0.6837962962962963 0.49609375 0.6837962962962963 0.4940104166666667 0.6828703703703703 0.49296875 0.6819444444444445 0.48984375
4 0.4273148148148148 0.3458333333333333 0.42592592592592593 0.34817708333333336 0.42592592592592593 0.3489583333333333 0.425462962962963 0.34921875 0.425462962962963 0.35130208333333335 0.425 0.3515625 0.425 0.35390625 0.42592592592592593 0.3546875 0.42592592592592593 0.35520833333333335 0.4273148148148148 0.35651041666666666 0.4305555555555556 0.3580729166666667 0.43472222222222223 0.35885416666666664 0.43796296296296294 0.35989583333333336 0.4425925925925926 0.36041666666666666 0.44305555555555554 0.3606770833333333 0.4462962962962963 0.3606770833333333 0.44675925925925924 0.3609375 0.4513888888888889 0.3611979166666667 0.45185185185185184 0.3614583333333333 0.4648148148148148 0.3619791666666667 0.4652777777777778 0.36223958333333334 0.4675925925925926 0.36223958333333334 0.46944444444444444 0.36276041666666664 0.475462962962963 0.36302083333333335 0.47824074074074074 0.36354166666666665 0.4837962962962963 0.36354166666666665 0.4842592592592593 0.36380208333333336 0.487962962962963 0.36380208333333336 0.48842592592592593 0.3640625 0.49166666666666664 0.3640625 0.49212962962962964 0.36432291666666666 0.49537037037037035 0.36432291666666666 0.49583333333333335 0.3645833333333333 0.49953703703703706 0.3645833333333333 0.5 0.36484375 0.5060185185185185 0.3651041666666667 0.5083333333333333 0.3658854166666667 0.513425925925926 0.36666666666666664 0.5152777777777777 0.36796875 0.5180555555555556 0.371875 0.5199074074074074 0.3729166666666667 0.5212962962962963 0.3731770833333333 0.5236111111111111 0.3731770833333333 0.524074074074074 0.3729166666666667 0.5296296296296297 0.3729166666666667 0.5314814814814814 0.371875 0.5333333333333333 0.37005208333333334 0.5337962962962963 0.3684895833333333 0.5342592592592592 0.36822916666666666 0.5342592592592592 0.3671875 0.5351851851851852 0.3658854166666667 0.5351851851851852 0.36484375 0.5370370370370371 0.36171875 0.5375 0.35651041666666666 0.537962962962963 0.35625 0.537962962962963 0.35442708333333334 0.538425925925926 0.3541666666666667 0.537962962962963 0.34921875 0.5370370370370371 0.34817708333333336 0.5351851851851852 0.34713541666666664 0.5333333333333333 0.34661458333333334 0.5273148148148148 0.34661458333333334 0.5268518518518519 0.3463541666666667 0.5254629629629629 0.3463541666666667 0.5208333333333334 0.34921875 0.5180555555555556 0.35 0.512962962962963 0.35 0.5106481481481482 0.3494791666666667 0.5041666666666667 0.34921875 0.5037037037037037 0.3489583333333333 0.4976851851851852 0.34869791666666666 0.49722222222222223 0.3484375 0.4949074074074074 0.3484375 0.49444444444444446 0.34817708333333336 0.4842592592592593 0.34791666666666665 0.4837962962962963 0.34765625 0.4777777777777778 0.34739583333333335 0.4773148148148148 0.34713541666666664 0.475 0.34713541666666664 0.47453703703703703 0.346875 0.4703703703703704 0.346875 0.4699074074074074 0.34661458333333334 0.4652777777777778 0.3463541666666667 0.4648148148148148 0.34609375 0.45740740740740743 0.3458333333333333 0.45694444444444443 0.3455729166666667 0.45185185185185184 0.3455729166666667 0.4513888888888889 0.3453125 0.44675925925925924 0.3453125 0.4462962962962963 0.3450520833333333 0.4388888888888889 0.3450520833333333 0.43657407407407406 0.34453125 0.43148148148148147 0.34453125 0.42824074074074076 0.3453125
5 0.7935185185185185 0.3802083333333333 0.7888888888888889 0.3802083333333333 0.788425925925926 0.37994791666666666 0.7865740740740741 0.37994791666666666 0.7861111111111111 0.3802083333333333 0.7828703703703703 0.38046875 0.7773148148148148 0.3846354166666667 0.7773148148148148 0.3859375 0.7768518518518519 0.38619791666666664 0.7768518518518519 0.38723958333333336 0.7759259259259259 0.3885416666666667 0.7768518518518519 0.3893229166666667 0.7773148148148148 0.39036458333333335 0.7800925925925926 0.3924479166666667 0.7800925925925926 0.39296875 0.7810185185185186 0.39401041666666664 0.7810185185185186 0.39479166666666665 0.7814814814814814 0.39505208333333336 0.7814814814814814 0.39609375 0.7819444444444444 0.3963541666666667 0.7814814814814814 0.3966145833333333 0.7810185185185186 0.4002604166666667 0.775 0.40729166666666666 0.774074074074074 0.4078125 0.7726851851851851 0.40963541666666664 0.7712962962962963 0.41041666666666665 0.7712962962962963 0.4109375 0.7694444444444445 0.4127604166666667 0.7694444444444445 0.41328125 0.7666666666666667 0.4158854166666667 0.7666666666666667 0.41640625 0.762962962962963 0.4197916666666667 0.7625 0.42109375 0.7606481481481482 0.4234375 0.7606481481481482 0.42421875 0.7611111111111111 0.4244791666666667 0.7611111111111111 0.42526041666666664 0.7615740740740741 0.42552083333333335 0.7625 0.4276041666666667 0.7648148148148148 0.42890625 0.7685185185185185 0.43020833333333336 0.7694444444444445 0.43020833333333336 0.7708333333333334 0.43072916666666666 0.7722222222222223 0.43072916666666666 0.7754629629629629 0.4315104166666667 0.7842592592592592 0.4315104166666667 0.7870370370370371 0.43072916666666666 0.787962962962963 0.43020833333333336 0.787962962962963 0.42994791666666665 0.7907407407407407 0.4283854166666667 0.7921296296296296 0.42682291666666666 0.7939814814814815 0.42552083333333335 0.7958333333333333 0.4234375 0.7962962962962963 0.42239583333333336 0.799537037037037 0.4197916666666667 0.8032407407407407 0.415625 0.8032407407407407 0.41510416666666666 0.8060185185185185 0.4122395833333333 0.812962962962963 0.40703125 0.8148148148148148 0.40598958333333335 0.8199074074074074 0.4046875 0.8208333333333333 0.4046875 0.8212962962962963 0.4044270833333333 0.8263888888888888 0.4044270833333333 0.8296296296296296 0.4036458333333333 0.8333333333333334 0.4010416666666667 0.836574074074074 0.396875 0.836574074074074 0.39557291666666666 0.8361111111111111 0.3953125 0.8361111111111111 0.39453125 0.8347222222222223 0.3924479166666667 0.8337962962962963 0.39166666666666666 0.8333333333333334 0.39166666666666666 0.8296296296296296 0.38958333333333334 0.825925925925926 0.3885416666666667 0.8236111111111111 0.3875 0.8157407407407408 0.3854166666666667 0.812962962962963 0.384375 0.812037037037037 0.384375 0.8027777777777778 0.38177083333333334 0.799074074074074 0.3815104166666667 0.7972222222222223 0.3807291666666667 0.7958333333333333 0.3807291666666667
3 0.8027777777777778 0.45390625 0.7981481481481482 0.45364583333333336 0.7976851851851852 0.45390625 0.7949074074074074 0.45416666666666666 0.7930555555555555 0.4549479166666667 0.7930555555555555 0.4552083333333333 0.7870370370370371 0.4588541666666667 0.7870370370370371 0.46328125 0.7888888888888889 0.46510416666666665 0.7888888888888889 0.465625 0.7898148148148149 0.4666666666666667 0.7898148148148149 0.4708333333333333 0.7870370370370371 0.47317708333333336 0.7851851851851852 0.4752604166666667 0.7851851851851852 0.47578125 0.7833333333333333 0.47760416666666666 0.7787037037037037 0.48046875 0.775 0.48411458333333335 0.7703703703703704 0.4864583333333333 0.7680555555555556 0.48880208333333336 0.763425925925926 0.49192708333333335 0.762962962962963 0.49270833333333336 0.7606481481481482 0.4940104166666667 0.7606481481481482 0.4947916666666667 0.7597222222222222 0.49609375 0.7597222222222222 0.49713541666666666 0.7592592592592593 0.4973958333333333 0.7597222222222222 0.4984375 0.7662037037037037 0.50234375 0.7699074074074074 0.5036458333333333 0.7712962962962963 0.5044270833333333 0.7754629629629629 0.5057291666666667 0.7773148148148148 0.5057291666666667 0.7777777777777778 0.5059895833333333 0.7819444444444444 0.5059895833333333 0.7828703703703703 0.50625 0.7865740740740741 0.5052083333333334 0.7949074074074074 0.5005208333333333 0.7962962962962963 0.49921875 0.8032407407407407 0.4953125 0.8055555555555556 0.49322916666666666 0.8101851851851852 0.490625 0.8106481481481481 0.48984375 0.8148148148148148 0.48671875 0.8180555555555555 0.4856770833333333 0.8189814814814815 0.4856770833333333 0.8226851851851852 0.48463541666666665 0.825925925925926 0.48463541666666665 0.8296296296296296 0.48359375 0.8342592592592593 0.48359375 0.8379629629629629 0.4822916666666667 0.8416666666666667 0.4796875 0.8430555555555556 0.4783854166666667 0.8430555555555556 0.4778645833333333 0.8449074074074074 0.47552083333333334 0.8449074074074074 0.4747395833333333 0.8453703703703703 0.4744791666666667 0.8449074074074074 0.47421875 0.8449074074074074 0.47291666666666665 0.8444444444444444 0.47265625 0.8444444444444444 0.4708333333333333 0.8412037037037037 0.46901041666666665 0.8375 0.4674479166666667 0.8342592592592593 0.4666666666666667 0.8287037037037037 0.4635416666666667 0.8212962962962963 0.46041666666666664 0.8148148148148148 0.4583333333333333 0.8106481481481481 0.45625 0.8074074074074075 0.45546875 0.8064814814814815 0.4549479166666667
4 0.8495370370370371 0.14010416666666667 0.8472222222222222 0.1421875 0.8467592592592592 0.14479166666666668 0.8462962962962963 0.14505208333333333 0.8462962962962963 0.146875 0.8490740740740741 0.15052083333333333 0.8532407407407407 0.15364583333333334 0.8583333333333333 0.15572916666666667 0.8611111111111112 0.15729166666666666 0.8611111111111112 0.15755208333333334 0.8740740740740741 0.16458333333333333 0.8759259259259259 0.16666666666666666 0.8851851851851852 0.171875 0.8856481481481482 0.171875 0.888425925925926 0.17369791666666667 0.8902777777777777 0.17421875 0.8939814814814815 0.1765625 0.8953703703703704 0.17786458333333333 0.8958333333333334 0.17942708333333332 0.8962962962962963 0.1796875 0.8962962962962963 0.18125 0.8967592592592593 0.18151041666666667 0.8962962962962963 0.18203125 0.8962962962962963 0.18567708333333333 0.899537037037037 0.18984375 0.9037037037037037 0.1921875 0.9074074074074074 0.19296875 0.9087962962962963 0.19296875 0.9115740740740741 0.19244791666666666 0.9162037037037037 0.19114583333333332 0.9175925925925926 0.19036458333333334 0.9194444444444444 0.18984375 0.9282407407407407 0.18541666666666667 0.9319444444444445 0.18255208333333334 0.9356481481481481 0.18046875 0.9388888888888889 0.17734375 0.9393518518518519 0.17317708333333334 0.9361111111111111 0.1703125 0.9337962962962963 0.16901041666666666 0.9314814814814815 0.16822916666666668 0.9273148148148148 0.16822916666666668 0.924074074074074 0.16927083333333334 0.9217592592592593 0.16953125 0.9203703703703704 0.17005208333333333 0.9189814814814815 0.17005208333333333 0.9152777777777777 0.16901041666666666 0.9115740740740741 0.16692708333333334 0.9087962962962963 0.16458333333333333 0.9060185185185186 0.16328125 0.8925925925925926 0.15546875 0.8925925925925926 0.15520833333333334 0.8870370370370371 0.15234375 0.8847222222222222 0.15026041666666667 0.8837962962962963 0.15 0.8805555555555555 0.14817708333333332 0.8805555555555555 0.14791666666666667 0.8736111111111111 0.14427083333333332 0.8712962962962963 0.14244791666666667 0.8638888888888889 0.1390625 0.8601851851851852 0.13828125 0.8564814814814815 0.13828125 0.8560185185185185 0.13854166666666667 0.8541666666666666 0.13854166666666667 0.8523148148148149 0.1390625 0.850925925925926 0.13984375
1 0.825 0.49296875 0.825 0.49322916666666666 0.8240740740740741 0.49375 0.8240740740740741 0.49505208333333334 0.8245370370370371 0.4953125 0.8245370370370371 0.49583333333333335 0.825 0.49609375 0.825 0.49661458333333336 0.825462962962963 0.496875 0.825462962962963 0.4973958333333333 0.825925925925926 0.4979166666666667 0.8268518518518518 0.4984375 0.8277777777777777 0.49947916666666664 0.8310185185185185 0.5013020833333334 0.8310185185185185 0.5015625 0.8333333333333334 0.5028645833333333 0.8337962962962963 0.5028645833333333 0.8421296296296297 0.5075520833333333 0.8421296296296297 0.5078125 0.8439814814814814 0.5088541666666667 0.8444444444444444 0.5096354166666667 0.850462962962963 0.5130208333333334 0.850925925925926 0.5135416666666667 0.850925925925926 0.5140625 0.8513888888888889 0.5143229166666666 0.8513888888888889 0.515625 0.8518518518518519 0.5158854166666667 0.8518518518518519 0.5177083333333333 0.8523148148148149 0.51796875 0.8523148148148149 0.51875 0.8527777777777777 0.5190104166666667 0.8532407407407407 0.5208333333333334 0.8537037037037037 0.5213541666666667 0.8541666666666666 0.5213541666666667 0.8555555555555555 0.5221354166666666 0.8560185185185185 0.5221354166666666 0.8611111111111112 0.525 0.8611111111111112 0.5252604166666667 0.861574074074074 0.5252604166666667 0.8652777777777778 0.5268229166666667 0.8662037037037037 0.5268229166666667 0.8680555555555556 0.52734375 0.8717592592592592 0.52734375 0.8722222222222222 0.5270833333333333 0.8731481481481481 0.5270833333333333 0.874537037037037 0.5265625 0.875462962962963 0.5265625 0.8800925925925925 0.5252604166666667 0.8814814814814815 0.5244791666666667 0.8819444444444444 0.5244791666666667 0.8833333333333333 0.5236979166666667 0.8837962962962963 0.5236979166666667 0.8856481481481482 0.52265625 0.8861111111111111 0.52265625 0.888425925925926 0.5213541666666667 0.8888888888888888 0.5213541666666667 0.8893518518518518 0.5208333333333334 0.8912037037037037 0.5197916666666667 0.8930555555555556 0.5177083333333333 0.8930555555555556 0.5169270833333334 0.8925925925925926 0.5166666666666667 0.8925925925925926 0.515625 0.8921296296296296 0.5153645833333333 0.8921296296296296 0.51484375 0.8912037037037037 0.5138020833333333 0.888425925925926 0.5122395833333333 0.887962962962963 0.5122395833333333 0.8856481481481482 0.5111979166666667 0.8856481481481482 0.5109375 0.8842592592592593 0.5098958333333333 0.8842592592592593 0.509375 0.8828703703703704 0.5078125 0.8819444444444444 0.5072916666666667 0.8819444444444444 0.50703125 0.8805555555555555 0.5059895833333333 0.8796296296296297 0.5059895833333333 0.8791666666666667 0.5057291666666667 0.8777777777777778 0.5057291666666667 0.8773148148148148 0.50546875 0.8763888888888889 0.50546875 0.8759259259259259 0.5057291666666667 0.8740740740740741 0.5057291666666667 0.8736111111111111 0.5059895833333333 0.8712962962962963 0.5059895833333333 0.8708333333333333 0.5057291666666667 0.8694444444444445 0.5057291666666667 0.8689814814814815 0.50546875 0.8680555555555556 0.50546875 0.8671296296296296 0.5049479166666667 0.8657407407407407 0.5046875 0.8643518518518518 0.50390625 0.8638888888888889 0.50390625 0.8583333333333333 0.50078125 0.8578703703703704 0.50078125 0.8560185185185185 0.49973958333333335 0.8555555555555555 0.49973958333333335 0.8541666666666666 0.49895833333333334 0.8541666666666666 0.4986979166666667 0.8518518518518519 0.4973958333333333 0.8513888888888889 0.4973958333333333 0.85 0.49661458333333336 0.85 0.49635416666666665 0.8449074074074074 0.4934895833333333 0.8444444444444444 0.4934895833333333 0.8407407407407408 0.49140625 0.8402777777777778 0.49140625 0.8384259259259259 0.4903645833333333 0.8375 0.4901041666666667 0.8324074074074074 0.4901041666666667 0.8319444444444445 0.4903645833333333 0.8310185185185185 0.4903645833333333 0.8291666666666667 0.4908854166666667
4 0.9009259259259259 0.6778645833333333 0.8925925925925926 0.6731770833333334 0.8925925925925926 0.6729166666666667 0.8847222222222222 0.66875 0.8796296296296297 0.66796875 0.8791666666666667 0.6682291666666667 0.8763888888888889 0.6682291666666667 0.8731481481481481 0.6690104166666667 0.8712962962962963 0.6700520833333333 0.8708333333333333 0.671875 0.8694444444444445 0.6736979166666667 0.8694444444444445 0.6778645833333333 0.8662037037037037 0.6815104166666667 0.8648148148148148 0.68203125 0.8611111111111112 0.6846354166666667 0.8574074074074074 0.6856770833333333 0.8527777777777777 0.68828125 0.8495370370370371 0.6893229166666667 0.8439814814814814 0.6921875 0.8412037037037037 0.69296875 0.8296296296296296 0.6989583333333333 0.8226851851851852 0.7010416666666667 0.8208333333333333 0.70234375 0.8189814814814815 0.7028645833333333 0.812962962962963 0.7059895833333333 0.8111111111111111 0.7065104166666667 0.8032407407407407 0.7109375 0.8018518518518518 0.7125 0.8018518518518518 0.7169270833333333 0.8032407407407407 0.7182291666666667 0.8069444444444445 0.7203125 0.8097222222222222 0.7208333333333333 0.8152777777777778 0.7205729166666667 0.8208333333333333 0.71953125 0.8351851851851851 0.7143229166666667 0.8439814814814814 0.7098958333333333 0.8490740740740741 0.7080729166666667 0.8523148148148149 0.70625 0.8583333333333333 0.70390625 0.8601851851851852 0.7028645833333333 0.8648148148148148 0.7013020833333333 0.8680555555555556 0.6994791666666667 0.8717592592592592 0.6981770833333333 0.8768518518518519 0.6953125 0.8824074074074074 0.6934895833333333 0.8847222222222222 0.6932291666666667 0.888425925925926 0.6916666666666667 0.8939814814814815 0.6916666666666667 0.8944444444444445 0.6919270833333333 0.8967592592592593 0.6919270833333333 0.8972222222222223 0.6921875 0.9013888888888889 0.6921875 0.9041666666666667 0.6916666666666667 0.9069444444444444 0.690625 0.9092592592592592 0.6893229166666667 0.9092592592592592 0.68515625 0.9013888888888889 0.6786458333333333
2 0.9875 0.2674479166666667 0.9819444444444444 0.26875 0.9782407407407407 0.27109375 0.9763888888888889 0.275 0.9763888888888889 0.2794270833333333 0.9773148148148149 0.28177083333333336 0.9782407407407407 0.28880208333333335 0.9800925925925926 0.2942708333333333 0.9819444444444444 0.30520833333333336 0.9856481481481482 0.31666666666666665 0.9861111111111112 0.32083333333333336 0.9898148148148148 0.3338541666666667 0.9902777777777778 0.33932291666666664 0.9925925925925926 0.3455729166666667 0.9958333333333333 0.3609375 0.9958333333333333 0.3651041666666667 0.9935185185185185 0.36744791666666665 0.9898148148148148 0.36875 0.9888888888888889 0.36953125 0.9879629629629629 0.37161458333333336 0.9879629629629629 0.37604166666666666 0.9893518518518518 0.37916666666666665 0.9916666666666667 0.3809895833333333 0.9939814814814815 0.38177083333333334 0.999537037037037 0.38229166666666664 0.999537037037037 0.26901041666666664 0.9976851851851852 0.26901041666666664 0.9939814814814815 0.2674479166666667
5 0.9703703703703703 0.6166666666666667 0.9689814814814814 0.6174479166666667 0.9689814814814814 0.6177083333333333 0.9675925925925926 0.6184895833333334 0.9675925925925926 0.61875 0.9671296296296297 0.6190104166666667 0.9671296296296297 0.6200520833333333 0.9666666666666667 0.6203125 0.9666666666666667 0.621875 0.9662037037037037 0.6221354166666667 0.9662037037037037 0.6270833333333333 0.9666666666666667 0.62734375 0.9666666666666667 0.6278645833333333 0.9671296296296297 0.628125 0.9671296296296297 0.6286458333333333 0.9675925925925926 0.62890625 0.9675925925925926 0.6294270833333333 0.9680555555555556 0.6296875 0.9680555555555556 0.6299479166666667 0.9685185185185186 0.6302083333333334 0.9685185185185186 0.63046875 0.9694444444444444 0.6309895833333333 0.9699074074074074 0.6309895833333333 0.9703703703703703 0.63125 0.9708333333333333 0.63125 0.9712962962962963 0.6315104166666666 0.9722222222222222 0.6315104166666666 0.9726851851851852 0.6317708333333333 0.9740740740740741 0.6317708333333333 0.9745370370370371 0.63203125 0.9787037037037037 0.63203125 0.9791666666666666 0.6322916666666667 0.9810185185185185 0.6322916666666667 0.9814814814814815 0.6325520833333333 0.9828703703703704 0.6325520833333333 0.9833333333333333 0.6328125 0.9851851851851852 0.6328125 0.9856481481481482 0.6330729166666667 0.987037037037037 0.6330729166666667 0.9875 0.6333333333333333 0.9884259259259259 0.6333333333333333 0.9888888888888889 0.63359375 0.9935185185185185 0.63359375 0.9939814814814815 0.6338541666666667 0.9962962962962963 0.6338541666666667 0.9967592592592592 0.6341145833333334 0.999537037037037 0.6341145833333334 0.999537037037037 0.6158854166666666 0.9967592592592592 0.6158854166666666 0.9962962962962963 0.615625 0.9953703703703703 0.615625 0.9949074074074075 0.6153645833333333 0.9930555555555556 0.6153645833333333 0.9925925925925926 0.6151041666666667 0.987037037037037 0.6151041666666667 0.986574074074074 0.61484375 0.9837962962962963 0.61484375 0.9833333333333333 0.6151041666666667 0.9763888888888889 0.6151041666666667 0.975925925925926 0.6153645833333333 0.975 0.6153645833333333 0.9745370370370371 0.615625 0.9740740740740741 0.615625 0.9736111111111111 0.6158854166666666 0.9731481481481481 0.6158854166666666 0.9726851851851852 0.6161458333333333 0.9722222222222222 0.6161458333333333 0.9717592592592592 0.61640625 0.9712962962962963 0.61640625 0.9708333333333333 0.6166666666666667
