1 0.637962962962963 0.4390625 0.6370370370370371 0.4401041666666667 0.6370370370370371 0.440625 0.6361111111111111 0.44140625 0.6361111111111111 0.44192708333333336 0.6356481481481482 0.4421875 0.6356481481481482 0.44296875 0.6351851851851852 0.4432291666666667 0.6356481481481482 0.44375 0.6356481481481482 0.44479166666666664 0.6361111111111111 0.44505208333333335 0.6365740740740741 0.44635416666666666 0.6375 0.446875 0.6375 0.4471354166666667 0.638425925925926 0.4473958333333333 0.6393518518518518 0.4473958333333333 0.6398148148148148 0.44765625 0.6407407407407407 0.44765625 0.6412037037037037 0.4479166666666667 0.6425925925925926 0.4479166666666667 0.6430555555555556 0.44817708333333334 0.6439814814814815 0.44817708333333334 0.6467592592592593 0.44895833333333335 0.6486111111111111 0.44895833333333335 0.649074074074074 0.44921875 0.6523148148148148 0.44947916666666665 0.6527777777777778 0.44973958333333336 0.6537037037037037 0.44973958333333336 0.6541666666666667 0.45 0.6564814814814814 0.45026041666666666 0.6578703703703703 0.45078125 0.6592592592592592 0.45078125 0.6597222222222222 0.4510416666666667 0.6606481481481481 0.4510416666666667 0.6625 0.4515625 0.6643518518518519 0.4515625 0.6662037037037037 0.45208333333333334 0.6675925925925926 0.45208333333333334 0.6680555555555555 0.45234375 0.6689814814814815 0.45234375 0.6703703703703704 0.45286458333333335 0.6712962962962963 0.45286458333333335 0.6731481481481482 0.45338541666666665 0.6754629629629629 0.4546875 0.6763888888888889 0.4557291666666667 0.6763888888888889 0.45625 0.6773148148148148 0.45703125 0.6773148148148148 0.45755208333333336 0.6787037037037037 0.45859375 0.6787037037037037 0.4588541666666667 0.6800925925925926 0.4591145833333333 0.6810185185185185 0.4596354166666667 0.6819444444444445 0.4596354166666667 0.6824074074074075 0.45989583333333334 0.6833333333333333 0.45989583333333334 0.6851851851851852 0.46041666666666664 0.6865740740740741 0.46041666666666664 0.687037037037037 0.46067708333333335 0.6884259259259259 0.46067708333333335 0.6888888888888889 0.4609375 0.6902777777777778 0.4609375 0.6907407407407408 0.46119791666666665 0.6939814814814815 0.46145833333333336 0.6944444444444444 0.46171875 0.6962962962962963 0.46171875 0.6967592592592593 0.46197916666666666 0.700925925925926 0.46197916666666666 0.7050925925925926 0.45989583333333334 0.7050925925925926 0.4596354166666667 0.7064814814814815 0.45859375 0.7064814814814815 0.45807291666666666 0.7074074074074074 0.45703125 0.7087962962962963 0.45598958333333334 0.7087962962962963 0.45546875 0.7092592592592593 0.4552083333333333 0.7092592592592593 0.4544270833333333 0.7097222222222223 0.45416666666666666 0.7097222222222223 0.45338541666666665 0.7101851851851851 0.453125 0.7101851851851851 0.45234375 0.7106481481481481 0.45208333333333334 0.7106481481481481 0.4515625 0.7111111111111111 0.4513020833333333 0.7111111111111111 0.4505208333333333 0.711574074074074 0.45026041666666666 0.711574074074074 0.44895833333333335 0.712037037037037 0.44869791666666664 0.7125 0.446875 0.7087962962962963 0.44505208333333335 0.7074074074074074 0.44505208333333335 0.7069444444444445 0.44479166666666664 0.7050925925925926 0.44479166666666664 0.7032407407407407 0.44427083333333334 0.7013888888888888 0.4432291666666667 0.6972222222222222 0.4421875 0.6935185185185185 0.4401041666666667 0.6930555555555555 0.4395833333333333 0.6912037037037037 0.4395833333333333 0.6907407407407408 0.4393229166666667 0.6893518518518519 0.4393229166666667 0.6856481481481481 0.44088541666666664 0.6847222222222222 0.44114583333333335 0.6837962962962963 0.44114583333333335 0.6824074074074075 0.44166666666666665 0.6782407407407407 0.44166666666666665 0.6777777777777778 0.44140625 0.6763888888888889 0.44140625 0.674537037037037 0.44088541666666664 0.6722222222222223 0.44088541666666664 0.6717592592592593 0.440625 0.6666666666666666 0.440625 0.6662037037037037 0.44036458333333334 0.6648148148148149 0.44036458333333334 0.6643518518518519 0.4401041666666667 0.663425925925926 0.4401041666666667 0.6620370370370371 0.4395833333333333 0.6578703703703703 0.4395833333333333 0.6541666666666667 0.43854166666666666 0.6523148148148148 0.43854166666666666 0.6518518518518519 0.43828125 0.649537037037037 0.43828125 0.649074074074074 0.43802083333333336 0.6481481481481481 0.43802083333333336 0.6462962962962963 0.4375 0.6453703703703704 0.4375 0.6449074074074074 0.43776041666666665 0.6421296296296296 0.43776041666666665 0.6416666666666667 0.43802083333333336 0.6407407407407407 0.43802083333333336 0.6388888888888888 0.43854166666666666
3 0.6189814814814815 0.21067708333333332 0.6180555555555556 0.21067708333333332 0.6148148148148148 0.20989583333333334 0.6143518518518518 0.21015625 0.6106481481481482 0.21015625 0.6078703703703704 0.21119791666666668 0.6018518518518519 0.21276041666666667 0.6 0.2140625 0.5976851851851852 0.21666666666666667 0.5953703703703703 0.22083333333333333 0.5939814814814814 0.22239583333333332 0.5912037037037037 0.22395833333333334 0.5879629629629629 0.22473958333333333 0.5851851851851851 0.22604166666666667 0.5782407407407407 0.22838541666666667 0.5745370370370371 0.23020833333333332 0.5652777777777778 0.23255208333333333 0.5467592592592593 0.24010416666666667 0.5467592592592593 0.24479166666666666 0.5472222222222223 0.24505208333333334 0.5481481481481482 0.24713541666666666 0.5504629629629629 0.24947916666666667 0.5504629629629629 0.25 0.5518518518518518 0.2513020833333333 0.5518518518518518 0.2518229166666667 0.5569444444444445 0.2559895833333333 0.5601851851851852 0.25703125 0.5638888888888889 0.25703125 0.5643518518518519 0.25677083333333334 0.5657407407407408 0.25677083333333334 0.5717592592592593 0.2552083333333333 0.587037037037037 0.24947916666666667 0.5888888888888889 0.24895833333333334 0.5898148148148148 0.24895833333333334 0.5921296296296297 0.24817708333333333 0.5953703703703703 0.24817708333333333 0.600462962962963 0.246875 0.6023148148148149 0.246875 0.6027777777777777 0.24661458333333333 0.6046296296296296 0.24661458333333333 0.6050925925925926 0.24635416666666668 0.6083333333333333 0.24635416666666668 0.6087962962962963 0.24609375 0.6129629629629629 0.24609375 0.6134259259259259 0.24635416666666668 0.624537037037037 0.24635416666666668 0.6324074074074074 0.24479166666666666 0.638425925925926 0.24192708333333332 0.6402777777777777 0.24010416666666667 0.6402777777777777 0.23958333333333334 0.6407407407407407 0.23932291666666666 0.6407407407407407 0.2375 0.6412037037037037 0.23723958333333334 0.6407407407407407 0.23385416666666667 0.6402777777777777 0.23359375 0.6402777777777777 0.23255208333333333 0.638425925925926 0.22994791666666667 0.638425925925926 0.22916666666666666 0.6365740740740741 0.22708333333333333 0.6356481481481482 0.225 0.6328703703703704 0.22239583333333332 0.6319444444444444 0.2203125 0.6291666666666667 0.21822916666666667 0.6268518518518519 0.215625
4 0.5879629629629629 0.44921875 0.586574074074074 0.4510416666666667 0.586574074074074 0.4549479166666667 0.587037037037037 0.45546875 0.5949074074074074 0.4596354166666667 0.5976851851851852 0.46041666666666664 0.5986111111111111 0.46041666666666664 0.6032407407407407 0.46197916666666666 0.6069444444444444 0.4625 0.6111111111111112 0.46432291666666664 0.6189814814814815 0.46640625 0.6231481481481481 0.46796875 0.6282407407407408 0.46875 0.6319444444444444 0.46979166666666666 0.6361111111111111 0.4703125 0.638425925925926 0.4713541666666667 0.6435185185185185 0.47161458333333334 0.6453703703703704 0.47213541666666664 0.6467592592592593 0.47213541666666664 0.6509259259259259 0.47291666666666665 0.6620370370370371 0.47604166666666664 0.6666666666666666 0.4783854166666667 0.6680555555555555 0.48072916666666665 0.6680555555555555 0.48151041666666666 0.6694444444444444 0.4830729166666667 0.6736111111111112 0.48489583333333336 0.6787037037037037 0.48515625 0.6800925925925926 0.48463541666666665 0.6810185185185185 0.48463541666666665 0.6851851851851852 0.4828125 0.6865740740740741 0.48098958333333336 0.6893518518518519 0.47942708333333334 0.6972222222222222 0.4708333333333333 0.6981481481481482 0.46770833333333334 0.6986111111111111 0.4674479166666667 0.6986111111111111 0.46588541666666666 0.6976851851851852 0.46484375 0.6953703703703704 0.4635416666666667 0.6898148148148148 0.46197916666666666 0.6861111111111111 0.46197916666666666 0.6847222222222222 0.4622395833333333 0.6814814814814815 0.4640625 0.6800925925925926 0.46380208333333334 0.6773148148148148 0.46380208333333334 0.6768518518518518 0.4635416666666667 0.6699074074074074 0.4627604166666667 0.6666666666666666 0.46171875 0.6648148148148149 0.46145833333333336 0.6620370370370371 0.46041666666666664 0.6574074074074074 0.4596354166666667 0.6541666666666667 0.45859375 0.6532407407407408 0.45859375 0.6518518518518519 0.45807291666666666 0.6504629629629629 0.45807291666666666 0.6472222222222223 0.45703125 0.6439814814814815 0.45651041666666664 0.6370370370370371 0.45416666666666666 0.6347222222222222 0.45390625 0.6337962962962963 0.45338541666666665 0.6300925925925925 0.45234375 0.6277777777777778 0.45208333333333334 0.6236111111111111 0.45078125 0.6226851851851852 0.45078125 0.6138888888888889 0.4484375 0.6129629629629629 0.4484375 0.611574074074074 0.4479166666666667 0.6083333333333333 0.44765625 0.5995370370370371 0.44583333333333336 0.5953703703703703 0.44583333333333336 0.5949074074074074 0.44609375 0.5916666666666667 0.44635416666666666 0.5902777777777778 0.4471354166666667 0.5898148148148148 0.4479166666666667
4 0.6421296296296296 0.47890625 0.638425925925926 0.47604166666666664 0.6347222222222222 0.475 0.6296296296296297 0.475 0.6282407407407408 0.4752604166666667 0.6259259259259259 0.47630208333333335 0.6240740740740741 0.4783854166666667 0.6240740740740741 0.4822916666666667 0.6226851851851852 0.48359375 0.6185185185185185 0.4856770833333333 0.6152777777777778 0.4859375 0.6064814814814815 0.48828125 0.6023148148148149 0.48880208333333336 0.5962962962962963 0.4901041666666667 0.5930555555555556 0.4903645833333333 0.5833333333333334 0.49270833333333336 0.5805555555555556 0.49296875 0.5740740740740741 0.49453125 0.5712962962962963 0.4947916666666667 0.5643518518518519 0.49609375 0.5601851851851852 0.4973958333333333 0.5564814814814815 0.49765625 0.5560185185185185 0.4979166666666667 0.5537037037037037 0.4979166666666667 0.5509259259259259 0.4986979166666667 0.5453703703703704 0.49947916666666664 0.5407407407407407 0.50078125 0.5375 0.50234375 0.5356481481481481 0.50546875 0.5370370370370371 0.5096354166666667 0.5407407407407407 0.5119791666666667 0.5425925925925926 0.5119791666666667 0.5430555555555555 0.5122395833333333 0.5532407407407407 0.5122395833333333 0.5537037037037037 0.5119791666666667 0.5569444444444445 0.5119791666666667 0.5615740740740741 0.5111979166666667 0.5643518518518519 0.5104166666666666 0.5680555555555555 0.51015625 0.5722222222222222 0.5091145833333334 0.5763888888888888 0.50859375 0.5796296296296296 0.5072916666666667 0.5837962962962963 0.50703125 0.586574074074074 0.50625 0.5907407407407408 0.5057291666666667 0.5949074074074074 0.5044270833333333 0.5990740740740741 0.50390625 0.600462962962963 0.5033854166666667 0.6018518518518519 0.5033854166666667 0.6069444444444444 0.50234375 0.6152777777777778 0.5018229166666667 0.6199074074074075 0.5005208333333333 0.6310185185185185 0.5002604166666667 0.637962962962963 0.50234375 0.6393518518518518 0.50234375 0.6398148148148148 0.5026041666666666 0.6439814814814815 0.5026041666666666 0.6444444444444445 0.50234375 0.6458333333333334 0.50234375 0.6472222222222223 0.5015625 0.6504629629629629 0.4986979166666667 0.6509259259259259 0.4979166666666667 0.6509259259259259 0.4953125 0.6504629629629629 0.49505208333333334 0.6504629629629629 0.49270833333333336 0.65 0.49244791666666665 0.649537037037037 0.48984375 0.6472222222222223 0.4864583333333333 0.6472222222222223 0.4856770833333333 0.6458333333333334 0.48333333333333334
4 0.39814814814814814 0.3419270833333333 0.39814814814814814 0.34270833333333334 0.3962962962962963 0.3450520833333333 0.3962962962962963 0.3497395833333333 0.39814814814814814 0.35130208333333335 0.4009259259259259 0.3528645833333333 0.4064814814814815 0.35442708333333334 0.4134259259259259 0.35520833333333335 0.4152777777777778 0.35572916666666665 0.42083333333333334 0.35598958333333336 0.4212962962962963 0.35625 0.4236111111111111 0.35625 0.42407407407407405 0.35651041666666666 0.42916666666666664 0.35651041666666666 0.42962962962962964 0.3567708333333333 0.4356481481481482 0.35703125 0.43796296296296294 0.3575520833333333 0.4444444444444444 0.3578125 0.44722222222222224 0.35833333333333334 0.45231481481481484 0.35833333333333334 0.4527777777777778 0.35859375 0.4564814814814815 0.35859375 0.45694444444444443 0.35885416666666664 0.4648148148148148 0.359375 0.4652777777777778 0.35963541666666665 0.46805555555555556 0.35989583333333336 0.4703703703703704 0.3606770833333333 0.475 0.3609375 0.475462962962963 0.3611979166666667 0.47824074074074074 0.3611979166666667 0.4787037037037037 0.3614583333333333 0.48194444444444445 0.36171875 0.48657407407407405 0.3640625 0.4888888888888889 0.36640625 0.49074074074074076 0.36744791666666665 0.4935185185185185 0.36822916666666666 0.5013888888888889 0.36822916666666666 0.5055555555555555 0.36484375 0.5060185185185185 0.36276041666666664 0.5069444444444444 0.3614583333333333 0.5069444444444444 0.35859375 0.5074074074074074 0.35833333333333334 0.5074074074074074 0.3567708333333333 0.5078703703703704 0.35651041666666666 0.5087962962962963 0.3515625 0.5092592592592593 0.35130208333333335 0.5092592592592593 0.3453125 0.5078703703703704 0.34401041666666665 0.5055555555555555 0.34322916666666664 0.5041666666666667 0.34322916666666664 0.5018518518518519 0.34270833333333334 0.4976851851851852 0.34270833333333334 0.49583333333333335 0.34322916666666664 0.49212962962962964 0.3453125 0.49027777777777776 0.3458333333333333 0.48657407407407405 0.3458333333333333 0.4861111111111111 0.34609375 0.48564814814814816 0.3458333333333333 0.48009259259259257 0.3458333333333333 0.47962962962962963 0.3455729166666667 0.4722222222222222 0.3453125 0.47175925925925927 0.3450520833333333 0.46944444444444444 0.3450520833333333 0.4652777777777778 0.34427083333333336 0.462037037037037 0.34427083333333336 0.4583333333333333 0.34348958333333335 0.45555555555555555 0.34348958333333335 0.4550925925925926 0.34322916666666664 0.45046296296296295 0.34296875 0.45 0.34270833333333334 0.44305555555555554 0.3424479166666667 0.4425925925925926 0.3421875 0.44074074074074077 0.3421875 0.43796296296296294 0.3416666666666667 0.4337962962962963 0.3416666666666667 0.43333333333333335 0.34140625 0.42592592592592593 0.3411458333333333 0.425462962962963 0.34088541666666666 0.41944444444444445 0.34088541666666666 0.41898148148148145 0.340625 0.41435185185185186 0.34036458333333336 0.41388888888888886 0.34010416666666665 0.4111111111111111 0.34010416666666665 0.41064814814814815 0.33984375 0.40555555555555556 0.33984375 0.4041666666666667 0.33958333333333335 0.4023148148148148 0.34010416666666665 0.4009259259259259 0.34010416666666665 0.4 0.34036458333333336
5 0.7625 0.37890625 0.7555555555555555 0.37890625 0.7523148148148148 0.3796875 0.7476851851851852 0.38359375 0.7476851851851852 0.3841145833333333 0.7467592592592592 0.38515625 0.7467592592592592 0.3885416666666667 0.7472222222222222 0.3890625 0.7513888888888889 0.39114583333333336 0.7518518518518519 0.39114583333333336 0.7537037037037037 0.3924479166666667 0.7537037037037037 0.396875 0.749537037037037 0.40260416666666665 0.7481481481481481 0.40338541666666666 0.7467592592592592 0.40546875 0.7439814814814815 0.4075520833333333 0.7435185185185185 0.40859375 0.7425925925925926 0.409375 0.7425925925925926 0.40989583333333335 0.7402777777777778 0.41171875 0.7398148148148148 0.4127604166666667 0.7375 0.4153645833333333 0.736574074074074 0.4158854166666667 0.7356481481481482 0.41744791666666664 0.7324074074074074 0.4197916666666667 0.7319444444444444 0.42161458333333335 0.7314814814814815 0.421875 0.7314814814814815 0.42291666666666666 0.7310185185185185 0.4231770833333333 0.7319444444444444 0.425 0.7347222222222223 0.4265625 0.7412037037037037 0.42864583333333334 0.7421296296296296 0.42864583333333334 0.7439814814814815 0.42916666666666664 0.7458333333333333 0.42916666666666664 0.7462962962962963 0.42942708333333335 0.7518518518518519 0.42942708333333335 0.7546296296296297 0.42864583333333334 0.7574074074074074 0.42734375 0.7601851851851852 0.42526041666666664 0.7625 0.42265625 0.7657407407407407 0.4200520833333333 0.774074074074074 0.4109375 0.7759259259259259 0.40963541666666664 0.7782407407407408 0.40729166666666666 0.7810185185185186 0.40572916666666664 0.7828703703703703 0.4041666666666667 0.7861111111111111 0.403125 0.7875 0.403125 0.787962962962963 0.40286458333333336 0.7958333333333333 0.40286458333333336 0.7962962962962963 0.40260416666666665 0.7986111111111112 0.40260416666666665 0.8018518518518518 0.40078125 0.8060185185185185 0.3963541666666667 0.8055555555555556 0.3924479166666667 0.799074074074074 0.3888020833333333 0.799074074074074 0.3885416666666667 0.7962962962962963 0.38776041666666666 0.7953703703703704 0.38776041666666666 0.7902777777777777 0.38567708333333334 0.7805555555555556 0.3828125 0.7796296296296297 0.3828125 0.7754629629629629 0.3815104166666667 0.7675925925925926 0.3802083333333333 0.7652777777777777 0.37942708333333336 0.7643518518518518 0.37942708333333336
3 0.7708333333333334 0.453125 0.7694444444444445 0.453125 0.7689814814814815 0.45286458333333335 0.763425925925926 0.45286458333333335 0.7592592592592593 0.4549479166666667 0.7587962962962963 0.4549479166666667 0.7560185185185185 0.45703125 0.7546296296296297 0.4588541666666667 0.7546296296296297 0.459375 0.7550925925925925 0.4596354166666667 0.7550925925925925 0.46119791666666665 0.7555555555555555 0.46145833333333336 0.7555555555555555 0.4625 0.7574074074074074 0.46432291666666664 0.7574074074074074 0.46484375 0.7583333333333333 0.46588541666666666 0.7583333333333333 0.4674479166666667 0.7578703703703704 0.46770833333333334 0.7569444444444444 0.46979166666666666 0.7555555555555555 0.4708333333333333 0.7518518518518519 0.47552083333333334 0.7472222222222222 0.478125 0.7462962962962963 0.47942708333333334 0.7439814814814815 0.48125 0.737037037037037 0.4859375 0.736574074074074 0.48671875 0.7314814814814815 0.4895833333333333 0.7300925925925926 0.49114583333333334 0.725925925925926 0.4940104166666667 0.7273148148148149 0.4979166666666667 0.7402777777777778 0.5036458333333333 0.7416666666666667 0.5036458333333333 0.7435185185185185 0.5041666666666667 0.7481481481481481 0.5041666666666667 0.7486111111111111 0.50390625 0.75 0.50390625 0.7523148148148148 0.5033854166666667 0.7550925925925925 0.50234375 0.7597222222222222 0.49973958333333335 0.7638888888888888 0.4979166666666667 0.7657407407407407 0.49635416666666665 0.7726851851851851 0.49192708333333335 0.774074074074074 0.4903645833333333 0.7828703703703703 0.48541666666666666 0.7865740740740741 0.48489583333333336 0.7907407407407407 0.48359375 0.7944444444444444 0.48359375 0.7981481481481482 0.4825520833333333 0.8023148148148148 0.4825520833333333 0.8060185185185185 0.48125 0.8111111111111111 0.478125 0.8111111111111111 0.47760416666666666 0.812962962962963 0.475 0.812962962962963 0.47317708333333336 0.8125 0.47291666666666665 0.8125 0.4708333333333333 0.812037037037037 0.4703125 0.8069444444444445 0.46796875 0.8027777777777778 0.4666666666666667 0.7967592592592593 0.4630208333333333 0.7967592592592593 0.4627604166666667 0.7930555555555555 0.46119791666666665 0.7898148148148149 0.46015625 0.7787037037037037 0.45546875
4 0.8319444444444445 0.13854166666666667 0.8291666666666667 0.14010416666666667 0.8263888888888888 0.14244791666666667 0.8263888888888888 0.1453125 0.825925925925926 0.14557291666666666 0.8263888888888888 0.146875 0.8273148148148148 0.14739583333333334 0.8287037037037037 0.14921875 0.8305555555555556 0.15078125 0.8578703703703704 0.16666666666666666 0.8606481481481482 0.16901041666666666 0.8611111111111112 0.16979166666666667 0.8652777777777778 0.17135416666666667 0.8740740740740741 0.17630208333333333 0.875462962962963 0.178125 0.8759259259259259 0.18125 0.8763888888888889 0.18151041666666667 0.8759259259259259 0.18177083333333333 0.8759259259259259 0.18619791666666666 0.8787037037037037 0.18958333333333333 0.8842592592592593 0.1921875 0.888425925925926 0.19244791666666666 0.8930555555555556 0.19114583333333332 0.8953703703703704 0.19010416666666666 0.8976851851851851 0.18958333333333333 0.9018518518518519 0.1875 0.9037037037037037 0.18697916666666667 0.9120370370370371 0.18203125 0.9166666666666666 0.17760416666666667 0.9175925925925926 0.1734375 0.9143518518518519 0.16979166666666667 0.9083333333333333 0.16770833333333332 0.9069444444444444 0.16770833333333332 0.9004629629629629 0.16953125 0.8962962962962963 0.16953125 0.8953703703703704 0.16927083333333334 0.8912037037037037 0.16692708333333334 0.8856481481481482 0.16302083333333334 0.8763888888888889 0.1578125 0.875 0.15651041666666668 0.8648148148148148 0.15078125 0.8601851851851852 0.14765625 0.8587962962962963 0.14635416666666667 0.8555555555555555 0.14453125 0.8550925925925926 0.14453125 0.8453703703703703 0.13880208333333333 0.8416666666666667 0.13802083333333334 0.8398148148148148 0.13802083333333334 0.8393518518518519 0.13776041666666666 0.8356481481481481 0.13776041666666666 0.8351851851851851 0.13802083333333334 0.8333333333333334 0.13802083333333334
1 0.7949074074074074 0.490625 0.7930555555555555 0.49166666666666664 0.7930555555555555 0.49192708333333335 0.7921296296296296 0.49244791666666665 0.7921296296296296 0.49270833333333336 0.7907407407407407 0.49375 0.7907407407407407 0.49453125 0.7925925925925926 0.49635416666666665 0.7925925925925926 0.496875 0.7935185185185185 0.4979166666666667 0.7944444444444444 0.4984375 0.7944444444444444 0.4986979166666667 0.799537037037037 0.5015625 0.799537037037037 0.5018229166666667 0.8013888888888889 0.5028645833333333 0.8013888888888889 0.503125 0.8055555555555556 0.50546875 0.8055555555555556 0.5057291666666667 0.8069444444444445 0.5065104166666666 0.8069444444444445 0.5067708333333333 0.8101851851851852 0.50859375 0.8101851851851852 0.5088541666666667 0.8115740740740741 0.5096354166666667 0.8115740740740741 0.5098958333333333 0.8143518518518519 0.5119791666666667 0.8148148148148148 0.5127604166666667 0.8157407407407408 0.51328125 0.8166666666666667 0.5143229166666666 0.8166666666666667 0.51484375 0.8171296296296297 0.5151041666666667 0.8171296296296297 0.5158854166666667 0.8175925925925925 0.5161458333333333 0.8175925925925925 0.5174479166666667 0.8180555555555555 0.5177083333333333 0.8180555555555555 0.5184895833333333 0.8189814814814815 0.5192708333333333 0.8189814814814815 0.5197916666666667 0.8194444444444444 0.5203125 0.8203703703703704 0.5208333333333334 0.8203703703703704 0.52109375 0.8273148148148148 0.525 0.8277777777777777 0.525 0.8287037037037037 0.5255208333333333 0.8333333333333334 0.5268229166666667 0.8379629629629629 0.5268229166666667 0.8416666666666667 0.52578125 0.8435185185185186 0.52578125 0.8439814814814814 0.5255208333333333 0.8449074074074074 0.5255208333333333 0.8467592592592592 0.525 0.8481481481481481 0.52421875 0.8495370370370371 0.5239583333333333 0.8532407407407407 0.521875 0.8537037037037037 0.521875 0.8550925925925926 0.52109375 0.8550925925925926 0.5208333333333334 0.8574074074074074 0.51953125 0.8574074074074074 0.5192708333333333 0.8583333333333333 0.51875 0.8592592592592593 0.5177083333333333 0.8587962962962963 0.5153645833333333 0.8583333333333333 0.5151041666666667 0.8583333333333333 0.5145833333333333 0.8578703703703704 0.5143229166666666 0.8578703703703704 0.5138020833333333 0.8574074074074074 0.51328125 0.8518518518518519 0.5104166666666666 0.8490740740740741 0.50703125 0.8467592592592592 0.50546875 0.8458333333333333 0.5052083333333334 0.8449074074074074 0.5052083333333334 0.8444444444444444 0.5049479166666667 0.8425925925925926 0.5049479166666667 0.8421296296296297 0.5046875 0.8388888888888889 0.5046875 0.8384259259259259 0.5044270833333333 0.836574074074074 0.5044270833333333 0.8351851851851851 0.50390625 0.8342592592592593 0.50390625 0.8333333333333334 0.5036458333333333 0.8314814814814815 0.5026041666666666 0.8310185185185185 0.5026041666666666 0.8268518518518518 0.5002604166666667 0.8263888888888888 0.5002604166666667 0.825462962962963 0.49973958333333335 0.8236111111111111 0.49921875 0.8189814814814815 0.49661458333333336 0.8189814814814815 0.49635416666666665 0.8097222222222222 0.49114583333333334 0.8078703703703703 0.490625 0.8064814814814815 0.48984375 0.8050925925925926 0.48984375 0.8032407407407407 0.48932291666666666 0.8018518518518518 0.48932291666666666 0.8013888888888889 0.4895833333333333 0.7981481481481482 0.48984375 0.7976851851851852 0.4901041666666667 0.7967592592592593 0.4901041666666667
4 0.8611111111111112 0.6776041666666667 0.8578703703703704 0.6755208333333333 0.8458333333333333 0.6690104166666667 0.8421296296296297 0.66796875 0.8375 0.66796875 0.8333333333333334 0.6692708333333334 0.8319444444444445 0.6700520833333333 0.8296296296296296 0.6731770833333334 0.8287037037037037 0.67734375 0.8263888888888888 0.6799479166666667 0.8217592592592593 0.6833333333333333 0.8180555555555555 0.6854166666666667 0.812962962962963 0.6875 0.8106481481481481 0.6888020833333334 0.8041666666666667 0.6916666666666667 0.8023148148148148 0.6921875 0.7981481481481482 0.69453125 0.7949074074074074 0.6955729166666667 0.787962962962963 0.6989583333333333 0.7865740740740741 0.69921875 0.7828703703703703 0.70078125 0.7796296296296297 0.7015625 0.7759259259259259 0.7036458333333333 0.7726851851851851 0.7049479166666667 0.7666666666666667 0.7083333333333334 0.7643518518518518 0.7088541666666667 0.762962962962963 0.7096354166666666 0.7606481481481482 0.7122395833333334 0.7611111111111111 0.7151041666666667 0.7625 0.7171875 0.7675925925925926 0.7192708333333333 0.7689814814814815 0.7192708333333333 0.7694444444444445 0.71953125 0.774074074074074 0.71953125 0.774537037037037 0.7197916666666667 0.7791666666666667 0.7190104166666667 0.7842592592592592 0.7174479166666666 0.7865740740740741 0.7171875 0.7958333333333333 0.7138020833333333 0.8013888888888889 0.7109375 0.8111111111111111 0.7072916666666667 0.8152777777777778 0.7049479166666667 0.8189814814814815 0.7036458333333333 0.8222222222222222 0.7020833333333333 0.825462962962963 0.7013020833333333 0.8287037037037037 0.6994791666666667 0.8402777777777778 0.6950520833333333 0.8453703703703703 0.69375 0.8467592592592592 0.69375 0.8518518518518519 0.6927083333333334 0.8611111111111112 0.6921875 0.8666666666666667 0.6903645833333333 0.8689814814814815 0.6890625 0.8694444444444445 0.6854166666666667
5 0.9324074074074075 0.61796875 0.9305555555555556 0.6200520833333333 0.9305555555555556 0.6208333333333333 0.9300925925925926 0.62109375 0.9300925925925926 0.621875 0.9296296296296296 0.6221354166666667 0.9296296296296296 0.6236979166666666 0.9291666666666667 0.6239583333333333 0.9291666666666667 0.6276041666666666 0.9296296296296296 0.6278645833333333 0.9296296296296296 0.6286458333333333 0.9300925925925926 0.62890625 0.9305555555555556 0.6302083333333334 0.9319444444444445 0.63125 0.9324074074074075 0.63125 0.9333333333333333 0.6317708333333333 0.9351851851851852 0.6322916666666667 0.9365740740740741 0.6322916666666667 0.937037037037037 0.6325520833333333 0.9388888888888889 0.6325520833333333 0.9393518518518519 0.6328125 0.9407407407407408 0.6328125 0.9412037037037037 0.6330729166666667 0.9425925925925925 0.6330729166666667 0.9430555555555555 0.6333333333333333 0.9444444444444444 0.6333333333333333 0.9449074074074074 0.63359375 0.9462962962962963 0.63359375 0.9467592592592593 0.6338541666666667 0.9495370370370371 0.6338541666666667 0.95 0.6341145833333334 0.9523148148148148 0.6341145833333334 0.9527777777777777 0.634375 0.9541666666666667 0.634375 0.9546296296296296 0.6346354166666667 0.9578703703703704 0.6346354166666667 0.9583333333333334 0.6348958333333333 0.9601851851851851 0.6348958333333333 0.9606481481481481 0.63515625 0.9629629629629629 0.63515625 0.9634259259259259 0.6354166666666666 0.9666666666666667 0.6354166666666666 0.9671296296296297 0.6356770833333333 0.9680555555555556 0.6356770833333333 0.9685185185185186 0.6359375 0.9694444444444444 0.6359375 0.9712962962962963 0.6364583333333333 0.9763888888888889 0.63671875 0.9768518518518519 0.6369791666666667 0.9787037037037037 0.6369791666666667 0.9791666666666666 0.6372395833333333 0.9805555555555555 0.6372395833333333 0.9810185185185185 0.6375 0.9828703703703704 0.6375 0.9833333333333333 0.6377604166666667 0.986574074074074 0.6377604166666667 0.987037037037037 0.6380208333333334 0.9884259259259259 0.6380208333333334 0.9888888888888889 0.63828125 0.9898148148148148 0.63828125 0.9925925925925926 0.6403645833333333 0.9930555555555556 0.6411458333333333 0.9939814814814815 0.6416666666666667 0.9949074074074075 0.6427083333333333 0.9981481481481481 0.64453125 0.999537037037037 0.64453125 0.999537037037037 0.6213541666666667 0.9972222222222222 0.6213541666666667 0.9967592592592592 0.62109375 0.9958333333333333 0.62109375 0.9953703703703703 0.6208333333333333 0.9939814814814815 0.6208333333333333 0.9935185185185185 0.6205729166666667 0.9912037037037037 0.6205729166666667 0.9907407407407407 0.6203125 0.9888888888888889 0.6203125 0.9884259259259259 0.6200520833333333 0.986574074074074 0.6200520833333333 0.9861111111111112 0.6197916666666666 0.9833333333333333 0.6197916666666666 0.9828703703703704 0.61953125 0.9810185185185185 0.61953125 0.9805555555555555 0.6192708333333333 0.9787037037037037 0.6192708333333333 0.9782407407407407 0.6190104166666667 0.975 0.6190104166666667 0.9745370370370371 0.61875 0.9717592592592592 0.61875 0.9712962962962963 0.6184895833333334 0.9662037037037037 0.6182291666666667 0.9657407407407408 0.61796875 0.9643518518518519 0.61796875 0.9638888888888889 0.6177083333333333 0.962037037037037 0.6177083333333333 0.961574074074074 0.6174479166666667 0.9592592592592593 0.6174479166666667 0.9587962962962963 0.6171875 0.9574074074074074 0.6171875 0.9569444444444445 0.6169270833333333 0.9555555555555556 0.6169270833333333 0.9550925925925926 0.6166666666666667 0.9532407407407407 0.6166666666666667 0.9527777777777777 0.61640625 0.950462962962963 0.61640625 0.95 0.6161458333333333 0.9416666666666667 0.6161458333333333 0.9412037037037037 0.6158854166666666 0.9384259259259259 0.6158854166666666 0.937962962962963 0.6161458333333333 0.9361111111111111 0.6161458333333333 0.9351851851851852 0.61640625
2 0.9611111111111111 0.26875 0.9587962962962963 0.26901041666666664 0.9546296296296296 0.27109375 0.9523148148148148 0.2747395833333333 0.9518518518518518 0.2791666666666667 0.9532407407407407 0.2830729166666667 0.9546296296296296 0.29453125 0.9564814814814815 0.2989583333333333 0.9587962962962963 0.3143229166666667 0.9601851851851851 0.31796875 0.9611111111111111 0.32526041666666666 0.9634259259259259 0.3338541666666667 0.9634259259259259 0.33671875 0.9666666666666667 0.34817708333333336 0.9680555555555556 0.3578125 0.9699074074074074 0.3609375 0.9703703703703703 0.3653645833333333 0.9689814814814814 0.36744791666666665 0.961574074074074 0.37057291666666664 0.9597222222222223 0.3729166666666667 0.9597222222222223 0.3770833333333333 0.962037037037037 0.3807291666666667 0.9638888888888889 0.38203125 0.9675925925925926 0.38307291666666665 0.975925925925926 0.38359375 0.9814814814814815 0.38255208333333335 0.986574074074074 0.38255208333333335 0.9939814814814815 0.3802083333333333 0.999537037037037 0.3796875 0.999537037037037 0.3658854166666667 0.9976851851851852 0.3658854166666667 0.9962962962962963 0.3651041666666667 0.9944444444444445 0.36171875 0.9902777777777778 0.34479166666666666 0.9888888888888889 0.3416666666666667 0.986574074074074 0.33151041666666664 0.9861111111111112 0.32447916666666665 0.9837962962962963 0.31015625 0.9824074074074074 0.30572916666666666 0.9819444444444444 0.2994791666666667 0.9777777777777777 0.2833333333333333 0.9763888888888889 0.2747395833333333 0.9745370370370371 0.2713541666666667 0.9703703703703703 0.26901041666666664
4 0.9935185185185185 0.38046875 0.9930555555555556 0.3807291666666667 0.9916666666666667 0.3807291666666667 0.9912037037037037 0.3809895833333333 0.9907407407407407 0.3809895833333333 0.9879629629629629 0.38255208333333335 0.9875 0.38255208333333335 0.986574074074074 0.38307291666666665 0.9861111111111112 0.38307291666666665 0.9856481481481482 0.38333333333333336 0.9842592592592593 0.38333333333333336 0.9837962962962963 0.38359375 0.9824074074074074 0.38359375 0.9819444444444444 0.38385416666666666 0.9814814814814815 0.38385416666666666 0.9800925925925926 0.3846354166666667 0.9800925925925926 0.3848958333333333 0.9796296296296296 0.38515625 0.9796296296296296 0.3854166666666667 0.9791666666666666 0.38567708333333334 0.9791666666666666 0.3859375 0.9787037037037037 0.38619791666666664 0.9787037037037037 0.38645833333333335 0.9782407407407407 0.38671875 0.9782407407407407 0.38723958333333336 0.9777777777777777 0.3875 0.9777777777777777 0.38828125 0.9773148148148149 0.3885416666666667 0.9773148148148149 0.39296875 0.9777777777777777 0.3932291666666667 0.9777777777777777 0.39375 0.9782407407407407 0.39401041666666664 0.9782407407407407 0.39479166666666665 0.9787037037037037 0.39505208333333336 0.9787037037037037 0.39557291666666666 0.9791666666666666 0.3958333333333333 0.9791666666666666 0.3966145833333333 0.9796296296296296 0.396875 0.9796296296296296 0.3971354166666667 0.9800925925925926 0.39739583333333334 0.9800925925925926 0.39765625 0.9810185185185185 0.39817708333333335 0.9810185185185185 0.3984375 0.9814814814814815 0.39869791666666665 0.9814814814814815 0.39895833333333336 0.9819444444444444 0.39921875 0.9819444444444444 0.39947916666666666 0.9851851851851852 0.40130208333333334 0.9851851851851852 0.4015625 0.986574074074074 0.40234375 0.986574074074074 0.40260416666666665 0.9902777777777778 0.4046875 0.9907407407407407 0.4046875 0.9912037037037037 0.4049479166666667 0.9916666666666667 0.4049479166666667 0.9921296296296296 0.40520833333333334 0.9925925925925926 0.40520833333333334 0.9935185185185185 0.40572916666666664 0.9939814814814815 0.40572916666666664 0.9953703703703703 0.40651041666666665 0.9958333333333333 0.40651041666666665 0.9976851851851852 0.4075520833333333 0.999537037037037 0.4075520833333333 0.999537037037037 0.38046875
2 0.999537037037037 0.5161458333333333 0.9981481481481481 0.5161458333333333 0.9967592592592592 0.5169270833333334 0.9962962962962963 0.5169270833333334 0.9944444444444445 0.51796875 0.9939814814814815 0.51796875 0.9921296296296296 0.5190104166666667 0.9916666666666667 0.5190104166666667 0.9907407407407407 0.51953125 0.9902777777777778 0.51953125 0.9893518518518518 0.5200520833333333 0.9888888888888889 0.5200520833333333 0.9879629629629629 0.5205729166666667 0.9875 0.5205729166666667 0.987037037037037 0.5208333333333334 0.986574074074074 0.5208333333333334 0.9856481481481482 0.5213541666666667 0.9851851851851852 0.5213541666666667 0.9851851851851852 0.5216145833333333 0.9824074074074074 0.5231770833333333 0.9819444444444444 0.5231770833333333 0.9805555555555555 0.5239583333333333 0.9800925925925926 0.5239583333333333 0.9791666666666666 0.5244791666666667 0.9787037037037037 0.5244791666666667 0.9777777777777777 0.525 0.9773148148148149 0.525 0.9740740740740741 0.5268229166666667 0.9740740740740741 0.52734375 0.9736111111111111 0.5276041666666667 0.9736111111111111 0.5278645833333333 0.9731481481481481 0.528125 0.9731481481481481 0.5286458333333334 0.9726851851851852 0.52890625 0.9726851851851852 0.5309895833333333 0.9731481481481481 0.53125 0.9731481481481481 0.5330729166666667 0.9736111111111111 0.5333333333333333 0.9736111111111111 0.53359375 0.9782407407407407 0.5361979166666667 0.9782407407407407 0.5364583333333334 0.9787037037037037 0.5364583333333334 0.9791666666666666 0.53671875 0.9796296296296296 0.53671875 0.9800925925925926 0.5369791666666667 0.9814814814814815 0.5369791666666667 0.9819444444444444 0.5372395833333333 0.9847222222222223 0.5372395833333333 0.9851851851851852 0.5369791666666667 0.9907407407407407 0.5369791666666667 0.9912037037037037 0.53671875 0.9921296296296296 0.53671875 0.9925925925925926 0.5364583333333334 0.9935185185185185 0.5364583333333334 0.9939814814814815 0.5361979166666667 0.9944444444444445 0.5361979166666667 0.9953703703703703 0.5356770833333333 0.9958333333333333 0.5356770833333333 0.9962962962962963 0.5354166666666667 0.9967592592592592 0.5354166666666667 0.9976851851851852 0.5348958333333333 0.999537037037037 0.5348958333333333
