1 0.4810185185185185 0.41822916666666665 0.4810185185185185 0.41848958333333336 0.4791666666666667 0.4197916666666667 0.4791666666666667 0.42083333333333334 0.4787037037037037 0.42109375 0.4787037037037037 0.421875 0.47824074074074074 0.42213541666666665 0.47824074074074074 0.42291666666666666 0.4777777777777778 0.4231770833333333 0.4777777777777778 0.42421875 0.47824074074074074 0.4244791666666667 0.47824074074074074 0.42526041666666664 0.4791666666666667 0.42630208333333336 0.48148148148148145 0.4276041666666667 0.49444444444444446 0.43125 0.49537037037037035 0.43125 0.49583333333333335 0.4315104166666667 0.49675925925925923 0.4315104166666667 0.4986111111111111 0.43203125 0.5023148148148148 0.43359375 0.5032407407407408 0.43359375 0.5046296296296297 0.43411458333333336 0.5055555555555555 0.43411458333333336 0.5069444444444444 0.43463541666666666 0.5078703703703704 0.43463541666666666 0.5097222222222222 0.43515625 0.5138888888888888 0.43828125 0.5152777777777777 0.44036458333333334 0.5162037037037037 0.44088541666666664 0.5171296296296296 0.44192708333333336 0.5185185185185185 0.4427083333333333 0.5185185185185185 0.44296875 0.5194444444444445 0.4434895833333333 0.5287037037037037 0.44609375 0.5296296296296297 0.44609375 0.5300925925925926 0.44635416666666666 0.5319444444444444 0.44635416666666666 0.5324074074074074 0.4466145833333333 0.5333333333333333 0.4466145833333333 0.5337962962962963 0.446875 0.5356481481481481 0.446875 0.5361111111111111 0.4471354166666667 0.5375 0.4471354166666667 0.537962962962963 0.446875 0.5393518518518519 0.446875 0.5398148148148149 0.4466145833333333 0.5407407407407407 0.4466145833333333 0.5435185185185185 0.44505208333333335 0.5439814814814815 0.44505208333333335 0.5449074074074074 0.44453125 0.5476851851851852 0.44140625 0.5486111111111112 0.44088541666666664 0.5486111111111112 0.44036458333333334 0.5504629629629629 0.43828125 0.5527777777777778 0.43697916666666664 0.5527777777777778 0.43671875 0.5546296296296296 0.4354166666666667 0.5546296296296296 0.43411458333333336 0.5550925925925926 0.43385416666666665 0.5550925925925926 0.43307291666666664 0.5555555555555556 0.4328125 0.5555555555555556 0.4317708333333333 0.5560185185185185 0.4315104166666667 0.5546296296296296 0.42994791666666665 0.5537037037037037 0.42942708333333335 0.5537037037037037 0.42916666666666664 0.5523148148148148 0.4283854166666667 0.5513888888888889 0.428125 0.5504629629629629 0.428125 0.549074074074074 0.4276041666666667 0.5444444444444444 0.4276041666666667 0.5435185185185185 0.4270833333333333 0.5416666666666666 0.4265625 0.5398148148148149 0.42552083333333335 0.537962962962963 0.4234375 0.5361111111111111 0.42265625 0.5351851851851852 0.42265625 0.5347222222222222 0.42239583333333336 0.5333333333333333 0.42239583333333336 0.5328703703703703 0.42213541666666665 0.5324074074074074 0.42239583333333336 0.5291666666666667 0.42265625 0.5263888888888889 0.4234375 0.5254629629629629 0.4239583333333333 0.524537037037037 0.4239583333333333 0.5226851851851851 0.4234375 0.5212962962962963 0.4234375 0.5208333333333334 0.4231770833333333 0.5199074074074074 0.4231770833333333 0.5194444444444445 0.42291666666666666 0.5180555555555556 0.42291666666666666 0.5162037037037037 0.42239583333333336 0.5148148148148148 0.42239583333333336 0.512962962962963 0.421875 0.5111111111111111 0.421875 0.5106481481481482 0.42161458333333335 0.5092592592592593 0.42161458333333335 0.5087962962962963 0.42135416666666664 0.5078703703703704 0.42135416666666664 0.5074074074074074 0.42109375 0.5064814814814815 0.42109375 0.5060185185185185 0.42083333333333334 0.5050925925925925 0.42083333333333334 0.5046296296296297 0.4205729166666667 0.5023148148148148 0.4203125 0.4976851851851852 0.41875 0.4962962962962963 0.41875 0.49583333333333335 0.41848958333333336 0.4949074074074074 0.41848958333333336 0.49444444444444446 0.41822916666666665 0.49212962962962964 0.41796875 0.49074074074074076 0.41744791666666664 0.4875 0.41744791666666664 0.48703703703703705 0.4171875 0.4861111111111111 0.4171875 0.48564814814814816 0.41744791666666664 0.4828703703703704 0.41744791666666664
3 0.5171296296296296 0.18671875 0.5138888888888888 0.1859375 0.5120370370370371 0.1859375 0.5092592592592593 0.18645833333333334 0.5060185185185185 0.18645833333333334 0.5018518518518519 0.18723958333333332 0.49675925925925923 0.18932291666666667 0.4962962962962963 0.19348958333333333 0.49537037037037035 0.19427083333333334 0.49537037037037035 0.19479166666666667 0.49212962962962964 0.19713541666666667 0.47638888888888886 0.2015625 0.4740740740740741 0.20182291666666666 0.4685185185185185 0.20364583333333333 0.4652777777777778 0.20416666666666666 0.46064814814814814 0.20546875 0.4583333333333333 0.20572916666666666 0.45740740740740743 0.20625 0.4564814814814815 0.20625 0.45231481481481484 0.20755208333333333 0.4513888888888889 0.20755208333333333 0.44305555555555554 0.20989583333333334 0.44166666666666665 0.21067708333333332 0.4398148148148148 0.21276041666666667 0.44027777777777777 0.21302083333333333 0.44027777777777777 0.21432291666666667 0.44074074074074077 0.21458333333333332 0.44074074074074077 0.21614583333333334 0.4425925925925926 0.21848958333333332 0.4425925925925926 0.21901041666666668 0.44722222222222224 0.22421875 0.44722222222222224 0.22473958333333333 0.4513888888888889 0.228125 0.4537037037037037 0.22864583333333333 0.46111111111111114 0.22838541666666667 0.4638888888888889 0.22760416666666666 0.46620370370370373 0.22734375 0.4703703703703704 0.22578125 0.4777777777777778 0.22447916666666667 0.48055555555555557 0.2234375 0.48333333333333334 0.22317708333333333 0.4837962962962963 0.22291666666666668 0.48564814814814816 0.22291666666666668 0.4898148148148148 0.22161458333333334 0.4912037037037037 0.22161458333333334 0.49166666666666664 0.22135416666666666 0.4930555555555556 0.22135416666666666 0.49722222222222223 0.22057291666666667 0.4981481481481482 0.22057291666666667 0.5018518518518519 0.22161458333333334 0.5064814814814815 0.22161458333333334 0.5069444444444444 0.221875 0.5120370370370371 0.22239583333333332 0.5185185185185185 0.22369791666666666 0.5236111111111111 0.22369791666666666 0.524074074074074 0.2234375 0.5287037037037037 0.22317708333333333 0.5319444444444444 0.221875 0.5342592592592592 0.21979166666666666 0.5351851851851852 0.21822916666666667 0.5351851851851852 0.21744791666666666 0.5356481481481481 0.2171875 0.5351851851851852 0.21223958333333334 0.5347222222222222 0.21197916666666666 0.5333333333333333 0.20807291666666666 0.5324074074074074 0.20703125 0.5310185185185186 0.203125 0.5291666666666667 0.2 0.5277777777777778 0.19869791666666667 0.5273148148148148 0.19713541666666667 0.525 0.19322916666666667
4 0.4273148148148148 0.4244791666666667 0.4273148148148148 0.425 0.425462962962963 0.4270833333333333 0.425462962962963 0.42890625 0.42592592592592593 0.42916666666666664 0.4263888888888889 0.43125 0.42777777777777776 0.43255208333333334 0.4310185185185185 0.43463541666666666 0.4337962962962963 0.4359375 0.43703703703703706 0.43697916666666664 0.4388888888888889 0.43802083333333336 0.4476851851851852 0.440625 0.4546296296296296 0.4434895833333333 0.45601851851851855 0.44375 0.4615740740740741 0.44583333333333336 0.46574074074074073 0.446875 0.4689814814814815 0.44869791666666664 0.475462962962963 0.45026041666666666 0.47638888888888886 0.45078125 0.4824074074074074 0.45234375 0.4861111111111111 0.45390625 0.487962962962963 0.45416666666666666 0.4888888888888889 0.4546875 0.4949074074074074 0.45625 0.4976851851851852 0.45729166666666665 0.49907407407407406 0.45807291666666666 0.500462962962963 0.4596354166666667 0.5009259259259259 0.4627604166666667 0.5013888888888889 0.4630208333333333 0.5013888888888889 0.46484375 0.5018518518518519 0.46510416666666665 0.5018518518518519 0.4666666666666667 0.5032407407407408 0.4666666666666667 0.5069444444444444 0.4674479166666667 0.5106481481481482 0.4674479166666667 0.5138888888888888 0.4666666666666667 0.5157407407407407 0.46484375 0.5189814814814815 0.4630208333333333 0.524074074074074 0.459375 0.5259259259259259 0.45755208333333336 0.5291666666666667 0.4552083333333333 0.5314814814814814 0.45234375 0.5333333333333333 0.4510416666666667 0.5314814814814814 0.4484375 0.5296296296296297 0.4471354166666667 0.5217592592592593 0.44479166666666664 0.5199074074074074 0.44479166666666664 0.5171296296296296 0.44557291666666665 0.512962962962963 0.44557291666666665 0.5097222222222222 0.44453125 0.5064814814814815 0.4440104166666667 0.5027777777777778 0.4427083333333333 0.4986111111111111 0.44192708333333336 0.49444444444444446 0.44036458333333334 0.49074074074074076 0.4395833333333333 0.48518518518518516 0.43697916666666664 0.48194444444444445 0.4359375 0.4791666666666667 0.43463541666666666 0.475 0.43359375 0.4726851851851852 0.43255208333333334 0.4703703703703704 0.43203125 0.46805555555555556 0.4309895833333333 0.4666666666666667 0.43072916666666666 0.45740740740740743 0.42734375 0.4444444444444444 0.4236979166666667 0.4398148148148148 0.421875 0.4361111111111111 0.42161458333333335 0.4356481481481482 0.42135416666666664 0.43425925925925923 0.42161458333333335 0.43148148148148147 0.42161458333333335
4 0.4736111111111111 0.4591145833333333 0.4699074074074074 0.4549479166666667 0.4689814814814815 0.4549479166666667 0.4666666666666667 0.45416666666666666 0.46574074074074073 0.4544270833333333 0.46296296296296297 0.4544270833333333 0.4625 0.4546875 0.4597222222222222 0.4546875 0.4583333333333333 0.4549479166666667 0.4564814814814815 0.4578125 0.4564814814814815 0.45859375 0.45416666666666666 0.46145833333333336 0.45092592592592595 0.4627604166666667 0.4476851851851852 0.4627604166666667 0.44305555555555554 0.46380208333333334 0.43842592592592594 0.46432291666666664 0.4356481481481482 0.46510416666666665 0.4305555555555556 0.46536458333333336 0.4300925925925926 0.465625 0.42314814814814816 0.4661458333333333 0.42268518518518516 0.46640625 0.41574074074074074 0.4666666666666667 0.4134259259259259 0.4671875 0.40879629629629627 0.4674479166666667 0.40046296296296297 0.46901041666666665 0.3962962962962963 0.46901041666666665 0.3912037037037037 0.4700520833333333 0.3837962962962963 0.4703125 0.38333333333333336 0.4705729166666667 0.3814814814814815 0.4705729166666667 0.38101851851851853 0.4708333333333333 0.3773148148148148 0.47109375 0.37546296296296294 0.47161458333333334 0.3685185185185185 0.47239583333333335 0.3611111111111111 0.4744791666666667 0.3592592592592593 0.47760416666666666 0.3592592592592593 0.47890625 0.3611111111111111 0.4822916666666667 0.36435185185185187 0.48411458333333335 0.3680555555555556 0.48489583333333336 0.3726851851851852 0.48515625 0.3731481481481482 0.48541666666666666 0.37592592592592594 0.48541666666666666 0.3763888888888889 0.4856770833333333 0.38055555555555554 0.4856770833333333 0.38287037037037036 0.48515625 0.3888888888888889 0.48489583333333336 0.3921296296296296 0.48411458333333335 0.39675925925925926 0.48385416666666664 0.3990740740740741 0.48333333333333334 0.4050925925925926 0.4830729166666667 0.40555555555555556 0.4828125 0.4078703703703704 0.4828125 0.4083333333333333 0.4825520833333333 0.4101851851851852 0.4825520833333333 0.412962962962963 0.48203125 0.42314814814814816 0.48125 0.4236111111111111 0.48098958333333336 0.43148148148148147 0.48020833333333335 0.43194444444444446 0.47994791666666664 0.4351851851851852 0.47994791666666664 0.4388888888888889 0.47890625 0.44166666666666665 0.47890625 0.44212962962962965 0.4786458333333333 0.4444444444444444 0.4786458333333333 0.4449074074074074 0.4783854166666667 0.449537037037037 0.478125 0.45 0.4778645833333333 0.4537037037037037 0.4778645833333333 0.45416666666666666 0.478125 0.45601851851851855 0.478125 0.4587962962962963 0.4786458333333333 0.4615740740740741 0.48046875 0.4625 0.48151041666666666 0.4638888888888889 0.4822916666666667 0.4666666666666667 0.4830729166666667 0.4703703703703704 0.4830729166666667 0.4708333333333333 0.4828125 0.4740740740740741 0.4825520833333333 0.475 0.48203125 0.4777777777777778 0.47890625 0.4777777777777778 0.47369791666666666 0.47685185185185186 0.471875 0.47638888888888886 0.46770833333333334 0.4759259259259259 0.4674479166666667 0.4759259259259259 0.46588541666666666 0.475 0.46432291666666664 0.475 0.4630208333333333 0.47453703703703703 0.4627604166666667 0.47453703703703703 0.46145833333333336 0.4740740740740741 0.46119791666666665
4 0.25972222222222224 0.3015625 0.25833333333333336 0.30416666666666664 0.25787037037037036 0.30625 0.2574074074074074 0.3065104166666667 0.25787037037037036 0.3067708333333333 0.25833333333333336 0.30859375 0.2601851851851852 0.3104166666666667 0.26666666666666666 0.31276041666666665 0.26990740740740743 0.31328125 0.27314814814814814 0.3143229166666667 0.2810185185185185 0.315625 0.2833333333333333 0.31640625 0.28935185185185186 0.3171875 0.29398148148148145 0.3182291666666667 0.29583333333333334 0.3182291666666667 0.2962962962962963 0.3184895833333333 0.3013888888888889 0.3190104166666667 0.30694444444444446 0.3203125 0.3101851851851852 0.32057291666666665 0.31527777777777777 0.3221354166666667 0.3189814814814815 0.3223958333333333 0.32037037037037036 0.3229166666666667 0.32407407407407407 0.3234375 0.3300925925925926 0.325 0.33425925925925926 0.32526041666666666 0.3388888888888889 0.3260416666666667 0.3425925925925926 0.32708333333333334 0.3453703703703704 0.32864583333333336 0.34629629629629627 0.3296875 0.34629629629629627 0.3307291666666667 0.34675925925925927 0.33098958333333334 0.34675925925925927 0.33203125 0.3476851851851852 0.3338541666666667 0.34953703703703703 0.33515625 0.3527777777777778 0.33619791666666665 0.35694444444444445 0.33697916666666666 0.3611111111111111 0.33671875 0.36435185185185187 0.3359375 0.36666666666666664 0.334375 0.36944444444444446 0.33125 0.3712962962962963 0.32786458333333335 0.3726851851851852 0.3265625 0.3731481481481482 0.32421875 0.37407407407407406 0.32265625 0.37546296296296294 0.3140625 0.37453703703703706 0.31223958333333335 0.3726851851851852 0.3104166666666667 0.36944444444444446 0.31015625 0.36527777777777776 0.30911458333333336 0.3597222222222222 0.30885416666666665 0.35462962962962963 0.3104166666666667 0.35324074074074074 0.31171875 0.3486111111111111 0.31145833333333334 0.3453703703703704 0.3104166666666667 0.3416666666666667 0.3104166666666667 0.32916666666666666 0.30807291666666664 0.32592592592592595 0.3078125 0.3212962962962963 0.3067708333333333 0.3106481481481482 0.30572916666666666 0.30185185185185187 0.30364583333333334 0.2875 0.30182291666666666 0.28564814814814815 0.30130208333333336 0.2814814814814815 0.30078125 0.27870370370370373 0.3 0.27361111111111114 0.2994791666666667 0.26990740740740743 0.2986979166666667 0.26342592592592595 0.2986979166666667
5 0.6189814814814815 0.36770833333333336 0.6148148148148148 0.36744791666666665 0.6111111111111112 0.36822916666666666 0.6074074074074074 0.3703125 0.6041666666666666 0.3729166666666667 0.6041666666666666 0.3736979166666667 0.6046296296296296 0.37395833333333334 0.6046296296296296 0.3768229166666667 0.6097222222222223 0.3807291666666667 0.6097222222222223 0.38203125 0.6092592592592593 0.38229166666666664 0.6092592592592593 0.3848958333333333 0.6069444444444444 0.3875 0.6027777777777777 0.39114583333333336 0.5990740740740741 0.3932291666666667 0.5939814814814814 0.3971354166666667 0.5875 0.4036458333333333 0.5856481481481481 0.4046875 0.5856481481481481 0.4049479166666667 0.5837962962962963 0.40572916666666664 0.5824074074074074 0.40703125 0.5805555555555556 0.4080729166666667 0.5805555555555556 0.409375 0.5800925925925926 0.40963541666666664 0.5800925925925926 0.4122395833333333 0.5819444444444445 0.41380208333333335 0.5837962962962963 0.41484375 0.586574074074074 0.4158854166666667 0.5907407407407408 0.41692708333333334 0.5916666666666667 0.41692708333333334 0.5925925925925926 0.41744791666666664 0.5953703703703703 0.41822916666666665 0.5972222222222222 0.41822916666666665 0.5976851851851852 0.41848958333333336 0.6 0.41848958333333336 0.600462962962963 0.41822916666666665 0.6013888888888889 0.41822916666666665 0.6032407407407407 0.41770833333333335 0.6064814814814815 0.4158854166666667 0.6083333333333333 0.4140625 0.612037037037037 0.4119791666666667 0.6138888888888889 0.41015625 0.6236111111111111 0.40390625 0.625 0.40260416666666665 0.6282407407407408 0.4005208333333333 0.6291666666666667 0.39947916666666666 0.6370370370370371 0.39427083333333335 0.6388888888888888 0.39375 0.6421296296296296 0.39453125 0.6486111111111111 0.39453125 0.649074074074074 0.39479166666666665 0.6537037037037037 0.39453125 0.6574074074074074 0.3924479166666667 0.6611111111111111 0.3885416666666667 0.6606481481481481 0.38828125 0.6597222222222222 0.3848958333333333 0.6578703703703703 0.38307291666666665 0.6574074074074074 0.38307291666666665 0.6555555555555556 0.38203125 0.6555555555555556 0.38177083333333334 0.6458333333333334 0.3765625 0.6453703703703704 0.3765625 0.6416666666666667 0.37473958333333335 0.637962962962963 0.3736979166666667 0.6365740740740741 0.3729166666666667 0.6314814814814815 0.37161458333333336 0.6282407407407408 0.3703125
3 0.6074074074074074 0.4421875 0.6027777777777777 0.44192708333333336 0.600462962962963 0.4427083333333333 0.5995370370370371 0.4427083333333333 0.5949074074074074 0.44479166666666664 0.5921296296296297 0.4471354166666667 0.5925925925925926 0.4479166666666667 0.5925925925925926 0.4510416666666667 0.5944444444444444 0.45286458333333335 0.5944444444444444 0.45364583333333336 0.5953703703703703 0.4549479166666667 0.5935185185185186 0.45755208333333336 0.5916666666666667 0.45859375 0.5907407407407408 0.4596354166666667 0.5861111111111111 0.4622395833333333 0.5842592592592593 0.46380208333333334 0.5787037037037037 0.4666666666666667 0.5782407407407407 0.4674479166666667 0.5736111111111111 0.4700520833333333 0.5731481481481482 0.4700520833333333 0.5685185185185185 0.47265625 0.5680555555555555 0.47265625 0.5643518518518519 0.4747395833333333 0.5643518518518519 0.475 0.5564814814814815 0.4791666666666667 0.5537037037037037 0.4822916666666667 0.5541666666666667 0.4830729166666667 0.5578703703703703 0.48671875 0.5680555555555555 0.49270833333333336 0.5717592592592593 0.49375 0.5800925925925926 0.49375 0.5819444444444445 0.49296875 0.5837962962962963 0.49270833333333336 0.5879629629629629 0.4903645833333333 0.5907407407407408 0.48932291666666666 0.5962962962962963 0.4859375 0.5986111111111111 0.48515625 0.6013888888888889 0.48359375 0.6032407407407407 0.48203125 0.6097222222222223 0.47942708333333334 0.6111111111111112 0.4783854166666667 0.6152777777777778 0.47708333333333336 0.6180555555555556 0.4765625 0.6226851851851852 0.4765625 0.625462962962963 0.47604166666666664 0.6287037037037037 0.47604166666666664 0.6291666666666667 0.47630208333333335 0.6319444444444444 0.47630208333333335 0.6324074074074074 0.47604166666666664 0.638425925925926 0.47604166666666664 0.6421296296296296 0.4744791666666667 0.6458333333333334 0.4705729166666667 0.6472222222222223 0.46640625 0.6458333333333334 0.4640625 0.6449074074074074 0.46328125 0.6449074074074074 0.4627604166666667 0.6425925925925926 0.4609375 0.6402777777777777 0.4596354166666667 0.6393518518518518 0.45859375 0.637962962962963 0.4578125 0.6347222222222222 0.45677083333333335 0.6324074074074074 0.4549479166666667 0.6300925925925925 0.45416666666666666 0.6268518518518519 0.45234375 0.6259259259259259 0.4513020833333333 0.6152777777777778 0.4453125 0.6134259259259259 0.44479166666666664 0.6106481481481482 0.4432291666666667
4 0.7555555555555555 0.13411458333333334 0.7523148148148148 0.13671875 0.7509259259259259 0.13854166666666667 0.7509259259259259 0.13958333333333334 0.7513888888888889 0.13984375 0.7513888888888889 0.14270833333333333 0.7537037037037037 0.14427083333333332 0.7555555555555555 0.14635416666666667 0.7587962962962963 0.14817708333333332 0.7606481481481482 0.15 0.7638888888888888 0.15182291666666667 0.7657407407407407 0.15338541666666666 0.7657407407407407 0.15390625 0.7703703703703704 0.15703125 0.7708333333333334 0.1578125 0.7736111111111111 0.15911458333333334 0.7759259259259259 0.16067708333333333 0.7796296296296297 0.1640625 0.7819444444444444 0.16692708333333334 0.7907407407407407 0.17421875 0.7925925925925926 0.17734375 0.7925925925925926 0.17786458333333333 0.7907407407407407 0.17942708333333332 0.7907407407407407 0.17994791666666668 0.7893518518518519 0.18151041666666667 0.7893518518518519 0.184375 0.7888888888888889 0.18463541666666666 0.7888888888888889 0.18541666666666667 0.7907407407407407 0.18723958333333332 0.7925925925925926 0.18854166666666666 0.7930555555555555 0.18932291666666667 0.7986111111111112 0.1921875 0.8050925925925926 0.19192708333333333 0.8092592592592592 0.19114583333333332 0.8157407407407408 0.18932291666666667 0.8199074074074074 0.18723958333333332 0.8222222222222222 0.18645833333333334 0.8263888888888888 0.18411458333333333 0.8263888888888888 0.18385416666666668 0.8305555555555556 0.18151041666666667 0.8324074074074074 0.17942708333333332 0.8337962962962963 0.17864583333333334 0.8342592592592593 0.1765625 0.8337962962962963 0.17630208333333333 0.8337962962962963 0.17447916666666666 0.8333333333333334 0.17369791666666667 0.8310185185185185 0.17213541666666668 0.8296296296296296 0.1703125 0.825925925925926 0.16848958333333333 0.8236111111111111 0.16796875 0.8212962962962963 0.16796875 0.8180555555555555 0.16901041666666666 0.8138888888888889 0.16927083333333334 0.8097222222222222 0.16692708333333334 0.8050925925925926 0.16197916666666667 0.8037037037037037 0.16145833333333334 0.7962962962962963 0.15572916666666667 0.7949074074074074 0.15390625 0.7921296296296296 0.15208333333333332 0.7907407407407407 0.15026041666666667 0.788425925925926 0.14895833333333333 0.7865740740740741 0.146875 0.7837962962962963 0.14505208333333333 0.7791666666666667 0.14088541666666668 0.7777777777777778 0.14010416666666667 0.775 0.13723958333333333 0.7708333333333334 0.13463541666666667 0.7671296296296296 0.13333333333333333 0.7643518518518518 0.13307291666666668 0.7638888888888888 0.1328125 0.7597222222222222 0.1328125 0.7578703703703704 0.13359375
1 0.6277777777777778 0.48203125 0.624537037037037 0.48385416666666664 0.624537037037037 0.48411458333333335 0.6236111111111111 0.48463541666666665 0.6226851851851852 0.4856770833333333 0.6226851851851852 0.4869791666666667 0.6231481481481481 0.48723958333333334 0.6231481481481481 0.48802083333333335 0.6236111111111111 0.48828125 0.6236111111111111 0.4890625 0.6240740740740741 0.48932291666666666 0.6240740740740741 0.48984375 0.624537037037037 0.4903645833333333 0.6268518518518519 0.49192708333333335 0.6282407407407408 0.4934895833333333 0.6291666666666667 0.4940104166666667 0.6296296296296297 0.4947916666666667 0.6324074074074074 0.496875 0.6342592592592593 0.49921875 0.6351851851851852 0.49973958333333335 0.6351851851851852 0.5 0.6370370370370371 0.5013020833333334 0.6375 0.5020833333333333 0.638425925925926 0.5026041666666666 0.6393518518518518 0.5036458333333333 0.6393518518518518 0.5041666666666667 0.6402777777777777 0.5049479166666667 0.6402777777777777 0.5057291666666667 0.6407407407407407 0.5059895833333333 0.6407407407407407 0.50859375 0.6412037037037037 0.5088541666666667 0.6412037037037037 0.5125 0.6416666666666667 0.5127604166666667 0.6416666666666667 0.5138020833333333 0.649074074074074 0.51796875 0.649074074074074 0.5182291666666666 0.6504629629629629 0.5190104166666667 0.6504629629629629 0.5192708333333333 0.6513888888888889 0.5197916666666667 0.6523148148148148 0.5208333333333334 0.6541666666666667 0.521875 0.6550925925925926 0.5221354166666666 0.6569444444444444 0.5221354166666666 0.6574074074074074 0.5223958333333333 0.6625 0.5223958333333333 0.662962962962963 0.5221354166666666 0.6652777777777777 0.5221354166666666 0.6657407407407407 0.521875 0.6671296296296296 0.521875 0.6675925925925926 0.5216145833333333 0.6699074074074074 0.5213541666666667 0.6708333333333333 0.5208333333333334 0.6717592592592593 0.5208333333333334 0.6736111111111112 0.5203125 0.6773148148148148 0.5184895833333333 0.6777777777777778 0.5184895833333333 0.6800925925925926 0.5171875 0.6819444444444445 0.5151041666666667 0.6819444444444445 0.5145833333333333 0.6828703703703703 0.5135416666666667 0.6824074074074075 0.51328125 0.6824074074074075 0.5125 0.6819444444444445 0.5122395833333333 0.6819444444444445 0.51171875 0.6814814814814815 0.5114583333333333 0.6814814814814815 0.5109375 0.6763888888888889 0.5067708333333333 0.6763888888888889 0.50625 0.6759259259259259 0.5059895833333333 0.6759259259259259 0.5052083333333334 0.6754629629629629 0.5049479166666667 0.6754629629629629 0.50390625 0.675 0.5036458333333333 0.675 0.5026041666666666 0.674537037037037 0.50234375 0.674537037037037 0.5018229166666667 0.6736111111111112 0.5013020833333334 0.6726851851851852 0.5013020833333334 0.6712962962962963 0.50078125 0.6699074074074074 0.50078125 0.6694444444444444 0.5005208333333333 0.6680555555555555 0.5005208333333333 0.6675925925925926 0.50078125 0.6657407407407407 0.50078125 0.6652777777777777 0.5005208333333333 0.6638888888888889 0.5005208333333333 0.663425925925926 0.5002604166666667 0.6620370370370371 0.5002604166666667 0.6615740740740741 0.5 0.6606481481481481 0.5 0.6597222222222222 0.49947916666666664 0.6592592592592592 0.49947916666666664 0.6578703703703703 0.4986979166666667 0.6574074074074074 0.4979166666666667 0.6555555555555556 0.496875 0.6555555555555556 0.49661458333333336 0.6546296296296297 0.49609375 0.6546296296296297 0.49583333333333335 0.6537037037037037 0.4953125 0.6523148148148148 0.49375 0.6509259259259259 0.49296875 0.65 0.49192708333333335 0.6486111111111111 0.49114583333333334 0.6486111111111111 0.4908854166666667 0.6472222222222223 0.4901041666666667 0.6472222222222223 0.48984375 0.6458333333333334 0.4890625 0.6458333333333334 0.48880208333333336 0.6439814814814815 0.48776041666666664 0.6439814814814815 0.4875 0.6421296296296296 0.4861979166666667 0.6421296296296296 0.4856770833333333 0.6407407407407407 0.48411458333333335 0.638425925925926 0.4825520833333333 0.6375 0.4825520833333333 0.6337962962962963 0.48151041666666666 0.6296296296296297 0.48151041666666666
4 0.6268518518518519 0.6643229166666667 0.6231481481481481 0.6625 0.6203703703703703 0.6619791666666667 0.6185185185185185 0.6619791666666667 0.6138888888888889 0.66328125 0.612037037037037 0.6643229166666667 0.6111111111111112 0.6653645833333334 0.611574074074074 0.6700520833333333 0.6087962962962963 0.6736979166666667 0.6037037037037037 0.6760416666666667 0.5990740740740741 0.67734375 0.5949074074074074 0.6791666666666667 0.587037037037037 0.6815104166666667 0.5805555555555556 0.6841145833333333 0.5745370370370371 0.6856770833333333 0.5712962962962963 0.6872395833333333 0.5680555555555555 0.6877604166666667 0.5666666666666667 0.6885416666666667 0.562037037037037 0.68984375 0.5611111111111111 0.6903645833333333 0.5509259259259259 0.6932291666666667 0.5486111111111112 0.6942708333333333 0.5398148148148149 0.696875 0.5356481481481481 0.6986979166666667 0.5314814814814814 0.7010416666666667 0.5300925925925926 0.7033854166666667 0.5300925925925926 0.7046875 0.5296296296296297 0.7049479166666667 0.5319444444444444 0.7075520833333333 0.5351851851851852 0.709375 0.537962962962963 0.71015625 0.5421296296296296 0.71015625 0.5425925925925926 0.7098958333333333 0.549074074074074 0.709375 0.5527777777777778 0.7083333333333334 0.5555555555555556 0.7080729166666667 0.5634259259259259 0.7057291666666666 0.5643518518518519 0.7057291666666666 0.5703703703703704 0.7033854166666667 0.5837962962962963 0.6989583333333333 0.5893518518518519 0.6966145833333334 0.5916666666666667 0.69609375 0.5990740740740741 0.6934895833333333 0.6018518518518519 0.69296875 0.6111111111111112 0.6901041666666666 0.6138888888888889 0.68984375 0.6259259259259259 0.6875 0.6277777777777778 0.6875 0.6296296296296297 0.6880208333333333 0.6319444444444444 0.6880208333333333 0.6324074074074074 0.68828125 0.6393518518518518 0.68828125 0.6421296296296296 0.6875 0.6453703703703704 0.6854166666666667 0.6439814814814815 0.6830729166666667 0.6435185185185185 0.6809895833333334 0.6425925925925926 0.6802083333333333 0.6412037037037037 0.6776041666666667 0.6388888888888888 0.6755208333333333 0.638425925925926 0.67421875 0.6347222222222222 0.671875 0.6333333333333333 0.6697916666666667 0.6319444444444444 0.6690104166666667
5 0.7296296296296296 0.6213541666666667 0.7268518518518519 0.62421875 0.7268518518518519 0.625 0.725925925925926 0.6263020833333334 0.725925925925926 0.62734375 0.725462962962963 0.6276041666666666 0.725462962962963 0.6286458333333333 0.725 0.62890625 0.725 0.6302083333333334 0.7245370370370371 0.63046875 0.725 0.6317708333333333 0.7263888888888889 0.6333333333333333 0.7282407407407407 0.634375 0.7324074074074074 0.63515625 0.736574074074074 0.6364583333333333 0.7379629629629629 0.6364583333333333 0.7518518518518519 0.6390625 0.7550925925925925 0.6393229166666666 0.7578703703703704 0.6401041666666667 0.7625 0.6408854166666667 0.7638888888888888 0.64140625 0.7662037037037037 0.6416666666666667 0.7675925925925926 0.6421875 0.7722222222222223 0.6427083333333333 0.7791666666666667 0.6442708333333333 0.7824074074074074 0.6466145833333333 0.7828703703703703 0.6481770833333333 0.7842592592592592 0.6502604166666667 0.7842592592592592 0.6515625 0.7847222222222222 0.6518229166666667 0.7851851851851852 0.6541666666666667 0.7912037037037037 0.6565104166666667 0.7925925925925926 0.6565104166666667 0.7944444444444444 0.65703125 0.8023148148148148 0.65703125 0.8060185185185185 0.6557291666666667 0.8087962962962963 0.6541666666666667 0.8106481481481481 0.6520833333333333 0.8115740740740741 0.65 0.8134259259259259 0.6479166666666667 0.8143518518518519 0.6473958333333333 0.8157407407407408 0.6447916666666667 0.8180555555555555 0.6419270833333334 0.8189814814814815 0.6377604166666667 0.8194444444444444 0.6375 0.8194444444444444 0.6361979166666667 0.8199074074074074 0.6359375 0.8199074074074074 0.634375 0.8203703703703704 0.6341145833333334 0.8203703703703704 0.6322916666666667 0.8217592592592593 0.6307291666666667 0.8212962962962963 0.6299479166666667 0.8212962962962963 0.6268229166666667 0.8180555555555555 0.6252604166666667 0.8152777777777778 0.625 0.8138888888888889 0.62421875 0.812962962962963 0.6229166666666667 0.812037037037037 0.6229166666666667 0.8106481481481481 0.6223958333333334 0.8060185185185185 0.621875 0.8032407407407407 0.62265625 0.8013888888888889 0.62421875 0.7962962962962963 0.6268229166666667 0.7944444444444444 0.62734375 0.7902777777777777 0.62734375 0.7888888888888889 0.6268229166666667 0.7861111111111111 0.6263020833333334 0.7847222222222222 0.6263020833333334 0.7777777777777778 0.6247395833333333 0.775 0.6244791666666667 0.7689814814814815 0.6229166666666667 0.762962962962963 0.6223958333333334 0.7523148148148148 0.6203125 0.7476851851851852 0.6200520833333333 0.7444444444444445 0.6192708333333333 0.7351851851851852 0.61875 0.7324074074074074 0.61953125
2 0.8611111111111112 0.2747395833333333 0.8532407407407407 0.27447916666666666 0.8486111111111111 0.2752604166666667 0.8439814814814814 0.2796875 0.8425925925925926 0.2864583333333333 0.8412037037037037 0.3106770833333333 0.8402777777777778 0.31328125 0.8398148148148148 0.3263020833333333 0.8384259259259259 0.3333333333333333 0.8384259259259259 0.3416666666666667 0.8375 0.34479166666666666 0.8351851851851851 0.3697916666666667 0.8337962962962963 0.3731770833333333 0.8310185185185185 0.37447916666666664 0.8231481481481482 0.3768229166666667 0.8217592592592593 0.3796875 0.8222222222222222 0.38307291666666665 0.8231481481481482 0.3846354166666667 0.825925925925926 0.38697916666666665 0.8305555555555556 0.3888020833333333 0.8375 0.38984375 0.8416666666666667 0.38984375 0.85 0.3885416666666667 0.8523148148148149 0.38776041666666666 0.8611111111111112 0.3875 0.8657407407407407 0.38619791666666664 0.8685185185185185 0.3841145833333333 0.8685185185185185 0.37994791666666666 0.8675925925925926 0.3768229166666667 0.8666666666666667 0.37578125 0.8611111111111112 0.3729166666666667 0.8597222222222223 0.3703125 0.861574074074074 0.3341145833333333 0.8638888888888889 0.3182291666666667 0.8648148148148148 0.30026041666666664 0.8666666666666667 0.28515625 0.8662037037037037 0.27890625 0.8643518518518518 0.27630208333333334 0.8629629629629629 0.2752604166666667
4 0.9430555555555555 0.3765625 0.9388888888888889 0.375 0.9337962962962963 0.375 0.9333333333333333 0.37526041666666665 0.9314814814814815 0.37526041666666665 0.9291666666666667 0.37578125 0.9273148148148148 0.37578125 0.9231481481481482 0.3770833333333333 0.9189814814814815 0.37786458333333334 0.9138888888888889 0.37942708333333336 0.912962962962963 0.37942708333333336 0.9087962962962963 0.3807291666666667 0.9078703703703703 0.3807291666666667 0.9041666666666667 0.38177083333333334 0.9013888888888889 0.38307291666666665 0.8935185185185185 0.38515625 0.8925925925925926 0.38567708333333334 0.887962962962963 0.38645833333333335 0.8847222222222222 0.3875 0.8837962962962963 0.3875 0.8777777777777778 0.3890625 0.875 0.3893229166666667 0.8726851851851852 0.39010416666666664 0.8689814814814815 0.39010416666666664 0.8671296296296296 0.3890625 0.8652777777777778 0.3885416666666667 0.8634259259259259 0.3885416666666667 0.8629629629629629 0.3888020833333333 0.8523148148148149 0.3888020833333333 0.8495370370370371 0.3893229166666667 0.8458333333333333 0.390625 0.8416666666666667 0.39114583333333336 0.8398148148148148 0.3921875 0.8393518518518519 0.3932291666666667 0.8379629629629629 0.39453125 0.8375 0.39609375 0.837037037037037 0.3963541666666667 0.837037037037037 0.3984375 0.836574074074074 0.39869791666666665 0.836574074074074 0.4010416666666667 0.8375 0.40260416666666665 0.8375 0.40390625 0.8402777777777778 0.40677083333333336 0.8402777777777778 0.40729166666666666 0.8416666666666667 0.4088541666666667 0.8453703703703703 0.41171875 0.8490740740740741 0.41380208333333335 0.8523148148148149 0.41458333333333336 0.8541666666666666 0.4153645833333333 0.8569444444444444 0.4158854166666667 0.8592592592592593 0.4158854166666667 0.8597222222222223 0.4161458333333333 0.8648148148148148 0.4161458333333333 0.8689814814814815 0.41510416666666666 0.8722222222222222 0.41328125 0.8731481481481481 0.4122395833333333 0.8731481481481481 0.4114583333333333 0.8736111111111111 0.41119791666666666 0.8736111111111111 0.41041666666666665 0.874537037037037 0.409375 0.874537037037037 0.40859375 0.875462962962963 0.4075520833333333 0.8759259259259259 0.40598958333333335 0.8768518518518519 0.4049479166666667 0.8791666666666667 0.4036458333333333 0.8833333333333333 0.40208333333333335 0.887962962962963 0.40078125 0.8962962962962963 0.39921875 0.9050925925925926 0.3966145833333333 0.9074074074074074 0.3963541666666667 0.9143518518518519 0.39427083333333335 0.9199074074074074 0.3932291666666667 0.924074074074074 0.39166666666666666 0.9319444444444445 0.38958333333333334 0.937037037037037 0.3875 0.9388888888888889 0.38723958333333336 0.9412037037037037 0.38619791666666664 0.9435185185185185 0.3846354166666667 0.9435185185185185 0.38385416666666666 0.9449074074074074 0.38177083333333334 0.9449074074074074 0.3796875
3 0.9666666666666667 0.18359375 0.9662037037037037 0.18385416666666668 0.9638888888888889 0.18385416666666668 0.9634259259259259 0.18411458333333333 0.961574074074074 0.18411458333333333 0.9611111111111111 0.184375 0.9578703703703704 0.18463541666666666 0.950462962962963 0.18671875 0.9467592592592593 0.18854166666666666 0.9444444444444444 0.18854166666666666 0.9439814814814815 0.18880208333333334 0.9425925925925925 0.18880208333333334 0.9412037037037037 0.18932291666666667 0.9402777777777778 0.18932291666666667 0.937037037037037 0.190625 0.9310185185185185 0.19166666666666668 0.9282407407407407 0.19270833333333334 0.9231481481481482 0.19401041666666666 0.9222222222222223 0.19453125 0.9208333333333333 0.19479166666666667 0.9175925925925926 0.196875 0.9166666666666666 0.19947916666666668 0.9162037037037037 0.19973958333333333 0.9162037037037037 0.20052083333333334 0.9157407407407407 0.20078125 0.9166666666666666 0.20364583333333333 0.9185185185185185 0.20572916666666666 0.9231481481481482 0.20807291666666666 0.9310185185185185 0.21015625 0.9328703703703703 0.21119791666666668 0.9333333333333333 0.21119791666666668 0.9356481481481481 0.21276041666666667 0.9393518518518519 0.21744791666666666 0.9412037037037037 0.21875 0.9435185185185185 0.22135416666666666 0.9444444444444444 0.221875 0.9476851851851852 0.22552083333333334 0.9476851851851852 0.22604166666666667 0.9495370370370371 0.228125 0.9495370370370371 0.22864583333333333 0.9527777777777777 0.23203125 0.9564814814814815 0.23489583333333333 0.9592592592592593 0.23645833333333333 0.9625 0.23723958333333334 0.9675925925925926 0.23723958333333334 0.9717592592592592 0.2359375 0.9726851851851852 0.23541666666666666 0.9773148148148149 0.23411458333333332 0.9782407407407407 0.23359375 0.9828703703703704 0.23255208333333333 0.986574074074074 0.23072916666666668 0.987037037037037 0.22994791666666667 0.9884259259259259 0.22890625 0.9879629629629629 0.22473958333333333 0.9851851851851852 0.22161458333333334 0.9847222222222223 0.22005208333333334 0.9833333333333333 0.21848958333333332 0.9833333333333333 0.21796875 0.9787037037037037 0.21354166666666666 0.9787037037037037 0.21302083333333333 0.975925925925926 0.20963541666666666 0.9745370370370371 0.20677083333333332 0.9736111111111111 0.20598958333333334 0.9736111111111111 0.20546875 0.9726851851851852 0.20442708333333334 0.9726851851851852 0.20364583333333333 0.9717592592592592 0.20260416666666667 0.9717592592592592 0.20182291666666666 0.9712962962962963 0.2015625 0.9712962962962963 0.1984375 0.9708333333333333 0.19817708333333334 0.9708333333333333 0.19713541666666667 0.9763888888888889 0.19348958333333333 0.9763888888888889 0.18932291666666667 0.9736111111111111 0.18697916666666667 0.9722222222222222 0.18515625 0.9703703703703703 0.18411458333333333 0.9694444444444444 0.18385416666666668 0.9671296296296297 0.18385416666666668
2 0.9199074074074074 0.5190104166666667 0.9064814814814814 0.51640625 0.9004629629629629 0.51640625 0.8976851851851851 0.5174479166666667 0.8921296296296296 0.5213541666666667 0.8981481481481481 0.5286458333333334 0.8981481481481481 0.5330729166666667 0.887962962962963 0.5447916666666667 0.8805555555555555 0.5541666666666667 0.8777777777777778 0.5588541666666667 0.8685185185185185 0.5684895833333333 0.8625 0.5770833333333333 0.8555555555555555 0.5841145833333333 0.8513888888888889 0.5901041666666667 0.8412037037037037 0.6020833333333333 0.8393518518518519 0.60546875 0.8337962962962963 0.6111979166666667 0.8324074074074074 0.6138020833333333 0.8296296296296296 0.6166666666666667 0.8268518518518518 0.6223958333333334 0.8273148148148148 0.6268229166666667 0.8337962962962963 0.6291666666666667 0.8412037037037037 0.6296875 0.8453703703703703 0.6278645833333333 0.850462962962963 0.6236979166666666 0.8574074074074074 0.615625 0.8578703703703704 0.6140625 0.8657407407407407 0.603125 0.8694444444444445 0.5997395833333333 0.8782407407407408 0.5869791666666667 0.8865740740740741 0.5776041666666667 0.888425925925926 0.5763020833333333 0.8939814814814815 0.5671875 0.9203703703703704 0.5359375 0.924074074074074 0.53359375 0.9277777777777778 0.5328125 0.9314814814814815 0.5328125 0.9351851851851852 0.5309895833333333 0.9361111111111111 0.5294270833333333 0.9361111111111111 0.525 0.9319444444444445 0.5223958333333333
3 0.9041666666666667 0.6575520833333334 0.9009259259259259 0.6583333333333333 0.8958333333333334 0.6622395833333333 0.8953703703703704 0.6638020833333333 0.8935185185185185 0.66640625 0.8935185185185185 0.6671875 0.8916666666666667 0.6703125 0.8907407407407407 0.67109375 0.8888888888888888 0.67421875 0.888425925925926 0.67578125 0.8875 0.6765625 0.8861111111111111 0.6794270833333333 0.8847222222222222 0.6809895833333334 0.8837962962962963 0.6833333333333333 0.8814814814814815 0.6861979166666666 0.8796296296296297 0.6877604166666667 0.8763888888888889 0.6895833333333333 0.874537037037037 0.6903645833333333 0.8689814814814815 0.6916666666666667 0.8666666666666667 0.6932291666666667 0.8652777777777778 0.6947916666666667 0.8648148148148148 0.69609375 0.8638888888888889 0.696875 0.8634259259259259 0.7013020833333333 0.8643518518518518 0.70234375 0.8652777777777778 0.7049479166666667 0.8671296296296296 0.70625 0.8726851851851852 0.7091145833333333 0.8810185185185185 0.7114583333333333 0.8833333333333333 0.71171875 0.8865740740740741 0.7127604166666667 0.8893518518518518 0.71328125 0.8925925925925926 0.7135416666666666 0.8967592592592593 0.71484375 0.9004629629629629 0.7151041666666667 0.9037037037037037 0.7161458333333334 0.9064814814814814 0.7161458333333334 0.9069444444444444 0.71640625 0.9115740740740741 0.7166666666666667 0.9120370370370371 0.7169270833333333 0.9194444444444444 0.7166666666666667 0.924074074074074 0.7143229166666667 0.9263888888888889 0.7122395833333334 0.9273148148148148 0.7098958333333333 0.9277777777777778 0.7096354166666666 0.9277777777777778 0.7078125 0.9282407407407407 0.7075520833333333 0.9277777777777778 0.7010416666666667 0.9254629629629629 0.6981770833333333 0.924074074074074 0.6971354166666667 0.9236111111111112 0.6919270833333333 0.924074074074074 0.6916666666666667 0.924074074074074 0.6901041666666666 0.924537037037037 0.68984375 0.9254629629629629 0.6856770833333333 0.9259259259259259 0.6854166666666667 0.9259259259259259 0.6846354166666667 0.9273148148148148 0.6822916666666666 0.9277777777777778 0.6796875 0.9282407407407407 0.6794270833333333 0.9287037037037037 0.6770833333333334 0.9291666666666667 0.6768229166666667 0.9300925925925926 0.6734375 0.9305555555555556 0.6731770833333334 0.9305555555555556 0.6708333333333333 0.9310185185185185 0.6705729166666666 0.9310185185185185 0.6684895833333333 0.9314814814814815 0.6682291666666667 0.9314814814814815 0.6653645833333334 0.9287037037037037 0.6622395833333333 0.9277777777777778 0.66171875 0.9236111111111112 0.6606770833333333 0.9203703703703704 0.6591145833333333 0.9166666666666666 0.6580729166666667 0.9152777777777777 0.6580729166666667 0.912962962962963 0.6575520833333334
4 0.9361111111111111 0.4315104166666667 0.9300925925925926 0.43515625 0.9287037037037037 0.43645833333333334 0.9273148148148148 0.43697916666666664 0.9273148148148148 0.43723958333333335 0.925 0.4388020833333333 0.9236111111111112 0.44036458333333334 0.9236111111111112 0.44088541666666664 0.9212962962962963 0.4432291666666667 0.9212962962962963 0.446875 0.9254629629629629 0.44895833333333335 0.9277777777777778 0.44973958333333336 0.9300925925925926 0.4510416666666667 0.9356481481481481 0.45260416666666664 0.9393518518518519 0.45260416666666664 0.9398148148148148 0.45234375 0.9435185185185185 0.45234375 0.9439814814814815 0.45208333333333334 0.9495370370370371 0.45208333333333334 0.95 0.45234375 0.9513888888888888 0.45234375 0.9523148148148148 0.45286458333333335 0.9560185185185185 0.45390625 0.9578703703703704 0.4549479166666667 0.9592592592592593 0.4552083333333333 0.962037037037037 0.45625 0.9685185185185186 0.4591145833333333 0.9740740740740741 0.4609375 0.9782407407407407 0.4630208333333333 0.9796296296296296 0.46328125 0.9824074074074074 0.46432291666666664 0.9847222222222223 0.46588541666666666 0.9861111111111112 0.4674479166666667 0.9893518518518518 0.46848958333333335 0.9916666666666667 0.46979166666666666 0.9949074074074075 0.4708333333333333 0.9958333333333333 0.4708333333333333 0.9976851851851852 0.4713541666666667 0.999537037037037 0.4713541666666667 0.999537037037037 0.4544270833333333 0.9976851851851852 0.4544270833333333 0.9912037037037037 0.4510416666666667 0.9893518518518518 0.4505208333333333 0.9875 0.44947916666666665 0.9856481481481482 0.44895833333333335 0.9842592592592593 0.44817708333333334 0.9800925925925926 0.4466145833333333 0.9782407407407407 0.44557291666666665 0.9782407407407407 0.4453125 0.9777777777777777 0.4453125 0.9731481481481481 0.44296875 0.9726851851851852 0.44296875 0.9689814814814814 0.44088541666666664 0.9671296296296297 0.4388020833333333 0.9671296296296297 0.4361979166666667 0.9666666666666667 0.4359375 0.9666666666666667 0.43463541666666666 0.9657407407407408 0.43359375 0.9652777777777778 0.4315104166666667 0.9643518518518519 0.43072916666666666 0.962037037037037 0.42942708333333335 0.9597222222222223 0.42890625 0.9569444444444445 0.4276041666666667 0.9550925925925926 0.4270833333333333 0.950462962962963 0.4270833333333333 0.95 0.42734375 0.9481481481481482 0.42734375 0.9476851851851852 0.4276041666666667 0.9467592592592593 0.4276041666666667 0.9425925925925925 0.42942708333333335 0.9393518518518519 0.43020833333333336 0.937962962962963 0.4309895833333333
2 0.9819444444444444 0.478125 0.9773148148148149 0.4744791666666667 0.9685185185185186 0.4703125 0.9666666666666667 0.46979166666666666 0.9611111111111111 0.46953125 0.9550925925925926 0.4700520833333333 0.950925925925926 0.47213541666666664 0.9490740740740741 0.47369791666666666 0.9467592592592593 0.47994791666666664 0.9449074074074074 0.4822916666666667 0.9430555555555555 0.48333333333333334 0.9347222222222222 0.4859375 0.924074074074074 0.4901041666666667 0.9120370370370371 0.49322916666666666 0.9050925925925926 0.49635416666666665 0.899074074074074 0.4979166666666667 0.8898148148148148 0.5015625 0.875462962962963 0.5059895833333333 0.8694444444444445 0.50859375 0.8513888888888889 0.5138020833333333 0.8393518518518519 0.5184895833333333 0.8291666666666667 0.5216145833333333 0.8245370370370371 0.5236979166666667 0.8143518518518519 0.5268229166666667 0.8055555555555556 0.53046875 0.7986111111111112 0.5325520833333334 0.7953703703703704 0.5364583333333334 0.7953703703703704 0.5375 0.7981481481481482 0.5408854166666667 0.8018518518518518 0.5427083333333333 0.8055555555555556 0.5434895833333333 0.8097222222222222 0.5434895833333333 0.8268518518518518 0.5393229166666667 0.8300925925925926 0.5377604166666666 0.8384259259259259 0.5356770833333333 0.8532407407407407 0.5299479166666666 0.8574074074074074 0.52890625 0.8611111111111112 0.5270833333333333 0.8777777777777778 0.5221354166666666 0.8893518518518518 0.5205729166666667 0.8916666666666667 0.5197916666666667 0.8953703703703704 0.5171875 0.9018518518518519 0.51484375 0.9083333333333333 0.5114583333333333 0.9148148148148149 0.5096354166666667 0.9305555555555556 0.50390625 0.9361111111111111 0.5026041666666666 0.9449074074074074 0.49921875 0.950925925925926 0.4979166666666667 0.9537037037037037 0.49661458333333336 0.9657407407407408 0.4934895833333333 0.975925925925926 0.49453125 0.9800925925925926 0.4940104166666667 0.9824074074074074 0.49322916666666666 0.986574074074074 0.4903645833333333 0.987037037037037 0.48541666666666666 0.9847222222222223 0.48125
5 0.9782407407407407 0.5888020833333333 0.9763888888888889 0.5893229166666667 0.975 0.5893229166666667 0.9726851851851852 0.5903645833333333 0.9712962962962963 0.5916666666666667 0.9712962962962963 0.5924479166666666 0.9708333333333333 0.5927083333333333 0.9703703703703703 0.5942708333333333 0.9699074074074074 0.59453125 0.9699074074074074 0.5958333333333333 0.9694444444444444 0.59609375 0.9694444444444444 0.5986979166666667 0.9689814814814814 0.5989583333333334 0.9685185185185186 0.6059895833333333 0.9680555555555556 0.60625 0.9680555555555556 0.60859375 0.9685185185185186 0.6088541666666667 0.9680555555555556 0.6182291666666667 0.9675925925925926 0.6184895833333334 0.9675925925925926 0.6197916666666666 0.9671296296296297 0.6200520833333333 0.9671296296296297 0.6205729166666667 0.9648148148148148 0.621875 0.9629629629629629 0.6223958333333334 0.961574074074074 0.6223958333333334 0.9611111111111111 0.62265625 0.9592592592592593 0.62265625 0.9587962962962963 0.6229166666666667 0.9560185185185185 0.6231770833333333 0.9537037037037037 0.62421875 0.9523148148148148 0.6260416666666667 0.9523148148148148 0.6268229166666667 0.9518518518518518 0.6270833333333333 0.9518518518518518 0.6291666666666667 0.9513888888888888 0.6294270833333333 0.9513888888888888 0.6317708333333333 0.9518518518518518 0.63203125 0.9518518518518518 0.6330729166666667 0.9523148148148148 0.6333333333333333 0.9523148148148148 0.6341145833333334 0.9532407407407407 0.63515625 0.9550925925925926 0.6361979166666667 0.9564814814814815 0.6361979166666667 0.9583333333333334 0.63671875 0.9634259259259259 0.6372395833333333 0.9662037037037037 0.6385416666666667 0.9699074074074074 0.6385416666666667 0.9703703703703703 0.6388020833333333 0.9800925925925926 0.6388020833333333 0.9805555555555555 0.6390625 0.999537037037037 0.6390625 0.999537037037037 0.5893229166666667 0.9953703703703703 0.5893229166666667 0.9949074074074075 0.5890625 0.9888888888888889 0.5888020833333333 0.9884259259259259 0.5885416666666666 0.9814814814814815 0.5885416666666666 0.9810185185185185 0.5888020833333333
6 0.9981481481481481 0.6752604166666667 0.9972222222222222 0.67578125 0.9972222222222222 0.6760416666666667 0.9958333333333333 0.6768229166666667 0.9958333333333333 0.6770833333333334 0.9939814814814815 0.678125 0.9939814814814815 0.6786458333333333 0.9935185185185185 0.67890625 0.9935185185185185 0.6794270833333333 0.9930555555555556 0.6796875 0.9930555555555556 0.6802083333333333 0.9925925925925926 0.68046875 0.9925925925925926 0.68125 0.9921296296296296 0.6815104166666667 0.9921296296296296 0.6817708333333333 0.9916666666666667 0.68203125 0.9916666666666667 0.6825520833333333 0.9912037037037037 0.6828125 0.9912037037037037 0.6830729166666667 0.9907407407407407 0.6833333333333333 0.9907407407407407 0.68359375 0.9902777777777778 0.6838541666666667 0.9902777777777778 0.684375 0.9898148148148148 0.6846354166666667 0.9898148148148148 0.6848958333333334 0.9893518518518518 0.68515625 0.9893518518518518 0.6875 0.9888888888888889 0.6877604166666667 0.9888888888888889 0.6895833333333333 0.9893518518518518 0.68984375 0.9893518518518518 0.690625 0.9898148148148148 0.6908854166666667 0.9898148148148148 0.6916666666666667 0.9902777777777778 0.6919270833333333 0.9902777777777778 0.6924479166666667 0.9907407407407407 0.6927083333333334 0.9907407407407407 0.6932291666666667 0.9912037037037037 0.6934895833333333 0.9912037037037037 0.69375 0.9916666666666667 0.6940104166666666 0.9916666666666667 0.6942708333333333 0.9921296296296296 0.69453125 0.9921296296296296 0.6947916666666667 0.9925925925925926 0.6950520833333333 0.9925925925925926 0.6953125 0.9930555555555556 0.6955729166666667 0.9930555555555556 0.6958333333333333 0.9935185185185185 0.69609375 0.9935185185185185 0.6963541666666667 0.9944444444444445 0.696875 0.9944444444444445 0.6971354166666667 0.9953703703703703 0.69765625 0.9953703703703703 0.6979166666666666 0.9962962962962963 0.6984375 0.9962962962962963 0.6986979166666667 0.9967592592592592 0.6989583333333333 0.9967592592592592 0.69921875 0.9976851851851852 0.6997395833333333 0.9976851851851852 0.7 0.9981481481481481 0.7002604166666667 0.999537037037037 0.7002604166666667 0.999537037037037 0.6752604166666667
