1 0.35648148148148145 0.3768229166666667 0.35648148148148145 0.378125 0.3560185185185185 0.37838541666666664 0.3560185185185185 0.3809895833333333 0.35648148148148145 0.3815104166666667 0.36157407407407405 0.3841145833333333 0.36203703703703705 0.3841145833333333 0.36435185185185187 0.38515625 0.36666666666666664 0.38567708333333334 0.3675925925925926 0.38619791666666664 0.3712962962962963 0.38723958333333336 0.37222222222222223 0.38776041666666666 0.37777777777777777 0.3890625 0.3787037037037037 0.38958333333333334 0.38101851851851853 0.39010416666666664 0.38425925925925924 0.39166666666666666 0.38796296296296295 0.3927083333333333 0.38935185185185184 0.39348958333333334 0.3902777777777778 0.39453125 0.3902777777777778 0.39505208333333336 0.3907407407407407 0.3953125 0.3907407407407407 0.39609375 0.3912037037037037 0.3963541666666667 0.3912037037037037 0.39739583333333334 0.39166666666666666 0.39765625 0.39166666666666666 0.39869791666666665 0.3921296296296296 0.39895833333333336 0.3921296296296296 0.3997395833333333 0.3925925925925926 0.4002604166666667 0.39537037037037037 0.40182291666666664 0.3958333333333333 0.40182291666666664 0.39675925925925926 0.40234375 0.39861111111111114 0.40286458333333336 0.40046296296296297 0.40390625 0.4013888888888889 0.4041666666666667 0.40324074074074073 0.4041666666666667 0.40370370370370373 0.4044270833333333 0.4046296296296296 0.4044270833333333 0.4064814814814815 0.40390625 0.4083333333333333 0.40390625 0.4097222222222222 0.4046875 0.4115740740740741 0.40520833333333334 0.4162037037037037 0.40520833333333334 0.41805555555555557 0.4046875 0.41898148148148145 0.4041666666666667 0.41944444444444445 0.4041666666666667 0.41944444444444445 0.40390625 0.4222222222222222 0.40234375 0.42407407407407405 0.40182291666666664 0.42407407407407405 0.4015625 0.42592592592592593 0.4005208333333333 0.42592592592592593 0.4002604166666667 0.42685185185185187 0.3997395833333333 0.42777777777777776 0.39869791666666665 0.42916666666666664 0.39791666666666664 0.42916666666666664 0.39765625 0.43148148148148147 0.3963541666666667 0.4324074074074074 0.3953125 0.4324074074074074 0.39479166666666665 0.43333333333333335 0.39401041666666664 0.43333333333333335 0.39348958333333334 0.4337962962962963 0.3932291666666667 0.43425925925925923 0.3921875 0.4337962962962963 0.3919270833333333 0.4337962962962963 0.39140625 0.43333333333333335 0.39114583333333336 0.43333333333333335 0.390625 0.43287037037037035 0.39036458333333335 0.43287037037037035 0.38984375 0.43194444444444446 0.3888020833333333 0.4300925925925926 0.3880208333333333 0.4273148148148148 0.38723958333333336 0.42592592592592593 0.38723958333333336 0.425462962962963 0.38697916666666665 0.42407407407407405 0.38697916666666665 0.4236111111111111 0.38671875 0.4217592592592593 0.38645833333333335 0.4199074074074074 0.3854166666666667 0.4199074074074074 0.38515625 0.41712962962962963 0.38333333333333336 0.41574074074074074 0.38177083333333334 0.41388888888888886 0.38125 0.412962962962963 0.38125 0.4125 0.3809895833333333 0.40925925925925927 0.3809895833333333 0.40879629629629627 0.38125 0.4074074074074074 0.38125 0.40694444444444444 0.3815104166666667 0.40555555555555556 0.3815104166666667 0.4050925925925926 0.38177083333333334 0.40370370370370373 0.38177083333333334 0.40324074074074073 0.38203125 0.4013888888888889 0.38203125 0.4009259259259259 0.38229166666666664 0.4 0.38229166666666664 0.39814814814814814 0.3815104166666667 0.39675925925925926 0.38125 0.3958333333333333 0.3807291666666667 0.3939814814814815 0.38046875 0.3925925925925926 0.37994791666666666 0.39166666666666666 0.37994791666666666 0.3861111111111111 0.37838541666666664 0.3851851851851852 0.37786458333333334 0.3837962962962963 0.3776041666666667 0.38287037037037036 0.3770833333333333 0.3800925925925926 0.3763020833333333 0.37916666666666665 0.3763020833333333 0.37777777777777777 0.37578125 0.3768518518518518 0.37578125 0.3731481481481482 0.37395833333333334 0.3712962962962963 0.3736979166666667 0.36944444444444446 0.3729166666666667 0.3675925925925926 0.3729166666666667 0.36712962962962964 0.37265625 0.36574074074074076 0.37265625 0.36527777777777776 0.3723958333333333 0.36157407407407405 0.3729166666666667 0.3592592592592593 0.37447916666666664 0.3592592592592593 0.37473958333333335 0.3574074074074074 0.37578125
3 0.44027777777777777 0.13880208333333333 0.4393518518518518 0.13828125 0.43657407407407406 0.13802083333333334 0.4361111111111111 0.13776041666666666 0.43148148148148147 0.13776041666666666 0.4310185185185185 0.13802083333333334 0.42407407407407405 0.13880208333333333 0.42083333333333334 0.14036458333333332 0.4199074074074074 0.14140625 0.4185185185185185 0.14609375 0.41435185185185186 0.1484375 0.412962962962963 0.14869791666666668 0.41203703703703703 0.14921875 0.4111111111111111 0.14921875 0.40694444444444444 0.15026041666666667 0.40555555555555556 0.15026041666666667 0.40324074074074073 0.15104166666666666 0.4013888888888889 0.15104166666666666 0.39537037037037037 0.15234375 0.39166666666666666 0.15260416666666668 0.38842592592592595 0.15364583333333334 0.3837962962962963 0.15390625 0.38333333333333336 0.15416666666666667 0.38055555555555554 0.15416666666666667 0.37824074074074077 0.15494791666666666 0.3731481481481482 0.15572916666666667 0.36898148148148147 0.15729166666666666 0.36574074074074076 0.15755208333333334 0.3611111111111111 0.15859375 0.3592592592592593 0.15963541666666667 0.35833333333333334 0.16067708333333333 0.3578703703703704 0.16276041666666666 0.35833333333333334 0.16302083333333334 0.3587962962962963 0.16536458333333334 0.36064814814814816 0.16796875 0.3611111111111111 0.16953125 0.3638888888888889 0.17291666666666666 0.36435185185185187 0.17421875 0.36712962962962964 0.17708333333333334 0.3699074074074074 0.17838541666666666 0.37546296296296294 0.17838541666666666 0.37592592592592594 0.178125 0.37824074074074077 0.178125 0.3787037037037037 0.17786458333333333 0.3837962962962963 0.17734375 0.38842592592592595 0.17604166666666668 0.3921296296296296 0.17578125 0.39861111111111114 0.17421875 0.4027777777777778 0.17395833333333333 0.40324074074074073 0.17369791666666667 0.40555555555555556 0.17369791666666667 0.41064814814814815 0.17265625 0.41574074074074074 0.17239583333333333 0.4162037037037037 0.17213541666666668 0.4236111111111111 0.17239583333333333 0.4273148148148148 0.17369791666666667 0.42824074074074076 0.17369791666666667 0.43194444444444446 0.17473958333333334 0.4351851851851852 0.17604166666666668 0.43796296296296294 0.1765625 0.44351851851851853 0.1765625 0.4439814814814815 0.17630208333333333 0.45092592592592595 0.17604166666666668 0.4546296296296296 0.17395833333333333 0.4546296296296296 0.17317708333333334 0.4550925925925926 0.17291666666666666 0.4550925925925926 0.16796875 0.4546296296296296 0.16770833333333332 0.4546296296296296 0.16614583333333333 0.45416666666666666 0.16588541666666667 0.4532407407407407 0.16276041666666666 0.4527777777777778 0.1625 0.45231481481481484 0.15833333333333333 0.45185185185185184 0.15807291666666667 0.45185185185185184 0.15703125 0.45092592592592595 0.15572916666666667 0.45092592592592595 0.1546875 0.4486111111111111 0.1515625 0.4486111111111111 0.15078125 0.44814814814814813 0.15052083333333333 0.44814814814814813 0.14973958333333334 0.44722222222222224 0.14869791666666668 0.44722222222222224 0.14791666666666667 0.44675925925925924 0.14765625 0.44583333333333336 0.1453125 0.4449074074074074 0.14453125 0.44305555555555554 0.14140625 0.44212962962962965 0.14088541666666668
4 0.30324074074074076 0.375 0.30092592592592593 0.3763020833333333 0.3 0.37734375 0.3 0.37838541666666664 0.29907407407407405 0.3796875 0.29907407407407405 0.38125 0.3023148148148148 0.38515625 0.30833333333333335 0.3888020833333333 0.3106481481481482 0.38958333333333334 0.3148148148148148 0.3919270833333333 0.3194444444444444 0.39348958333333334 0.32222222222222224 0.39505208333333336 0.32546296296296295 0.3963541666666667 0.33055555555555555 0.3997395833333333 0.3402777777777778 0.4041666666666667 0.3402777777777778 0.4046875 0.3416666666666667 0.40572916666666664 0.34629629629629627 0.40598958333333335 0.3523148148148148 0.4078125 0.3587962962962963 0.4109375 0.3611111111111111 0.41171875 0.3675925925925926 0.41510416666666666 0.36898148148148147 0.4166666666666667 0.36898148148148147 0.41822916666666665 0.3699074074074074 0.4200520833333333 0.3699074074074074 0.4234375 0.3726851851851852 0.42552083333333335 0.3763888888888889 0.4270833333333333 0.37824074074074077 0.4270833333333333 0.3861111111111111 0.42578125 0.38796296296296295 0.42578125 0.3921296296296296 0.4231770833333333 0.39861111111111114 0.4197916666666667 0.4009259259259259 0.4171875 0.40324074074074073 0.415625 0.4041666666666667 0.41380208333333335 0.4064814814814815 0.41171875 0.4083333333333333 0.4080729166666667 0.40694444444444444 0.40703125 0.40324074074074073 0.40625 0.3990740740740741 0.4041666666666667 0.39444444444444443 0.40286458333333336 0.39351851851851855 0.40286458333333336 0.3925925925925926 0.40234375 0.3912037037037037 0.40260416666666665 0.38842592592592595 0.40390625 0.3851851851851852 0.40286458333333336 0.38425925925925924 0.40286458333333336 0.3819444444444444 0.40182291666666664 0.38055555555555554 0.4015625 0.3773148148148148 0.4 0.3731481481481482 0.39895833333333336 0.3699074074074074 0.3971354166666667 0.36157407407407405 0.39401041666666664 0.35694444444444445 0.39140625 0.3523148148148148 0.38958333333333334 0.35 0.3890625 0.3458333333333333 0.38671875 0.3416666666666667 0.38567708333333334 0.337037037037037 0.38307291666666665 0.3347222222222222 0.38229166666666664 0.33240740740740743 0.3809895833333333 0.3287037037037037 0.3796875 0.32407407407407407 0.37734375 0.3212962962962963 0.3765625 0.31574074074074077 0.37421875 0.3101851851851852 0.3734375 0.30833333333333335 0.37395833333333334 0.30694444444444446 0.37395833333333334
4 0.3416666666666667 0.4119791666666667 0.33796296296296297 0.409375 0.33287037037037037 0.4083333333333333 0.3296296296296296 0.4083333333333333 0.32546296296296295 0.41015625 0.32314814814814813 0.4125 0.32175925925925924 0.41510416666666666 0.3199074074074074 0.4161458333333333 0.3175925925925926 0.4166666666666667 0.31342592592592594 0.41692708333333334 0.31157407407407406 0.41744791666666664 0.30416666666666664 0.41770833333333335 0.3037037037037037 0.41796875 0.2962962962962963 0.41822916666666665 0.29583333333333334 0.41848958333333336 0.2833333333333333 0.41875 0.2828703703703704 0.41901041666666666 0.2791666666666667 0.41901041666666666 0.27870370370370373 0.4192708333333333 0.27175925925925926 0.4192708333333333 0.2712962962962963 0.41953125 0.2652777777777778 0.41953125 0.26481481481481484 0.4197916666666667 0.2564814814814815 0.4197916666666667 0.25601851851851853 0.4200520833333333 0.24861111111111112 0.4200520833333333 0.24814814814814815 0.4203125 0.23981481481481481 0.4203125 0.23935185185185184 0.4205729166666667 0.2324074074074074 0.42083333333333334 0.22824074074074074 0.421875 0.22453703703703703 0.42213541666666665 0.22083333333333333 0.4239583333333333 0.22037037037037038 0.42890625 0.22083333333333333 0.42916666666666664 0.2212962962962963 0.4309895833333333 0.22361111111111112 0.43307291666666664 0.22824074074074074 0.434375 0.23287037037037037 0.434375 0.2375 0.4354166666666667 0.24351851851851852 0.4354166666666667 0.2439814814814815 0.4356770833333333 0.25601851851851853 0.4354166666666667 0.2564814814814815 0.43515625 0.26064814814814813 0.43515625 0.26342592592592595 0.43463541666666666 0.26944444444444443 0.43463541666666666 0.26990740740740743 0.434375 0.28055555555555556 0.434375 0.28564814814814815 0.43359375 0.2898148148148148 0.43359375 0.2902777777777778 0.43333333333333335 0.30324074074074076 0.43333333333333335 0.3060185185185185 0.4328125 0.3106481481481482 0.4328125 0.3111111111111111 0.43255208333333334 0.3138888888888889 0.43255208333333334 0.3143518518518518 0.4322916666666667 0.31805555555555554 0.4322916666666667 0.32222222222222224 0.43333333333333335 0.3296296296296296 0.43776041666666665 0.3333333333333333 0.43854166666666666 0.337037037037037 0.43828125 0.3388888888888889 0.43776041666666665 0.3416666666666667 0.4361979166666667 0.3421296296296296 0.4354166666666667 0.3421296296296296 0.4328125 0.3425925925925926 0.43255208333333334 0.3425925925925926 0.4200520833333333 0.34305555555555556 0.4197916666666667 0.3425925925925926 0.41953125 0.3425925925925926 0.41770833333333335 0.3421296296296296 0.41744791666666664
4 0.15046296296296297 0.23984375 0.15 0.24192708333333332 0.14953703703703702 0.2421875 0.14953703703703702 0.24375 0.14907407407407408 0.24401041666666667 0.15 0.24583333333333332 0.15185185185185185 0.24791666666666667 0.15925925925925927 0.2518229166666667 0.1736111111111111 0.2557291666666667 0.175 0.2557291666666667 0.18333333333333332 0.25755208333333335 0.18703703703703703 0.25859375 0.18935185185185185 0.2596354166666667 0.1925925925925926 0.26015625 0.1962962962962963 0.26145833333333335 0.20277777777777778 0.2630208333333333 0.2037037037037037 0.2635416666666667 0.20787037037037037 0.2640625 0.2152777777777778 0.265625 0.22083333333333333 0.2677083333333333 0.22453703703703703 0.26796875 0.23055555555555557 0.26953125 0.23287037037037037 0.26979166666666665 0.23472222222222222 0.27057291666666666 0.23564814814814813 0.2716145833333333 0.23703703703703705 0.278125 0.2375 0.27890625 0.23935185185185184 0.2796875 0.24722222222222223 0.28125 0.25277777777777777 0.28098958333333335 0.2569444444444444 0.2799479166666667 0.26296296296296295 0.27578125 0.2671296296296296 0.27109375 0.27037037037037037 0.2635416666666667 0.27037037037037037 0.2604166666666667 0.2708333333333333 0.26015625 0.27037037037037037 0.25703125 0.26990740740740743 0.25677083333333334 0.26990740740740743 0.2557291666666667 0.2675925925925926 0.25390625 0.25925925925925924 0.25234375 0.25462962962962965 0.2520833333333333 0.25416666666666665 0.2518229166666667 0.2490740740740741 0.2518229166666667 0.24768518518518517 0.2520833333333333 0.2439814814814815 0.2546875 0.23564814814814813 0.2526041666666667 0.23287037037037037 0.2526041666666667 0.2263888888888889 0.2515625 0.21388888888888888 0.24791666666666667 0.20787037037037037 0.24713541666666666 0.19722222222222222 0.24427083333333333 0.1925925925925926 0.24348958333333334 0.18425925925925926 0.24114583333333334 0.1736111111111111 0.2390625 0.1699074074074074 0.23776041666666667 0.16574074074074074 0.23723958333333334 0.1625 0.23645833333333333 0.15787037037037038 0.23619791666666667 0.15416666666666667 0.23723958333333334
5 0.5101851851851852 0.3299479166666667 0.5055555555555555 0.3299479166666667 0.5032407407407408 0.33098958333333334 0.5018518518518519 0.33125 0.4976851851851852 0.3341145833333333 0.4976851851851852 0.3346354166666667 0.49675925925925923 0.33567708333333335 0.49675925925925923 0.33645833333333336 0.4962962962962963 0.33671875 0.4962962962962963 0.3375 0.49583333333333335 0.3377604166666667 0.4962962962962963 0.3380208333333333 0.49675925925925923 0.33932291666666664 0.5 0.34270833333333334 0.500462962962963 0.34453125 0.5009259259259259 0.34479166666666666 0.5009259259259259 0.34609375 0.49907407407407406 0.34817708333333336 0.49675925925925923 0.35 0.4935185185185185 0.35182291666666665 0.49074074074074076 0.35442708333333334 0.487962962962963 0.35598958333333336 0.487962962962963 0.35625 0.48055555555555557 0.36015625 0.4787037037037037 0.36171875 0.4740740740740741 0.3645833333333333 0.4726851851851852 0.3658854166666667 0.4671296296296296 0.3690104166666667 0.4666666666666667 0.36953125 0.46620370370370373 0.37109375 0.4652777777777778 0.37213541666666666 0.4652777777777778 0.3731770833333333 0.4666666666666667 0.375 0.46944444444444444 0.3770833333333333 0.4722222222222222 0.378125 0.4773148148148148 0.3807291666666667 0.4791666666666667 0.38125 0.48055555555555557 0.38125 0.4810185185185185 0.3815104166666667 0.4861111111111111 0.3815104166666667 0.4888888888888889 0.3807291666666667 0.4898148148148148 0.37994791666666666 0.4962962962962963 0.3763020833333333 0.49675925925925923 0.3763020833333333 0.5023148148148148 0.3729166666666667 0.5027777777777778 0.3729166666666667 0.5046296296296297 0.37135416666666665 0.5097222222222222 0.3684895833333333 0.5097222222222222 0.36822916666666666 0.525 0.35989583333333336 0.5296296296296297 0.35963541666666665 0.5300925925925926 0.35989583333333336 0.5310185185185186 0.35989583333333336 0.5328703703703703 0.36041666666666666 0.5347222222222222 0.36041666666666666 0.5351851851851852 0.3606770833333333 0.5412037037037037 0.3606770833333333 0.5435185185185185 0.35963541666666665 0.5449074074074074 0.359375 0.5449074074074074 0.35911458333333335 0.549074074074074 0.35703125 0.55 0.35598958333333336 0.5513888888888889 0.353125 0.5509259259259259 0.3528645833333333 0.55 0.35078125 0.5486111111111112 0.34921875 0.5453703703703704 0.34661458333333334 0.5449074074074074 0.3458333333333333 0.5421296296296296 0.34479166666666666 0.5361111111111111 0.34140625 0.5361111111111111 0.3411458333333333 0.524537037037037 0.33489583333333334 0.5194444444444445 0.33307291666666666 0.5180555555555556 0.3328125 0.5171296296296296 0.33229166666666665 0.5157407407407407 0.33203125 0.513425925925926 0.33098958333333334 0.5111111111111111 0.33046875
3 0.4824074074074074 0.40520833333333334 0.4777777777777778 0.40546875 0.4759259259259259 0.40598958333333335 0.47453703703703703 0.40598958333333335 0.47314814814814815 0.40651041666666665 0.4685185185185185 0.40911458333333334 0.4666666666666667 0.41119791666666666 0.4666666666666667 0.4127604166666667 0.4689814814814815 0.415625 0.46944444444444444 0.4200520833333333 0.4476851851851852 0.43125 0.44166666666666665 0.43359375 0.4393518518518518 0.4348958333333333 0.4356481481481482 0.4359375 0.4310185185185185 0.43854166666666666 0.42824074074074076 0.4393229166666667 0.4236111111111111 0.44192708333333336 0.4222222222222222 0.4432291666666667 0.4236111111111111 0.4471354166666667 0.4351851851851852 0.4549479166666667 0.4393518518518518 0.45651041666666664 0.4449074074074074 0.45677083333333335 0.44537037037037036 0.45651041666666664 0.45092592592592595 0.45598958333333334 0.4532407407407407 0.4552083333333333 0.4550925925925926 0.4549479166666667 0.4601851851851852 0.45234375 0.4615740740740741 0.4510416666666667 0.46574074074074073 0.44895833333333335 0.48055555555555557 0.4427083333333333 0.48194444444444445 0.44244791666666666 0.4861111111111111 0.44036458333333334 0.4935185185185185 0.4388020833333333 0.4976851851851852 0.4390625 0.5027777777777778 0.44166666666666665 0.5055555555555555 0.4421875 0.5074074074074074 0.4421875 0.5078703703703704 0.44244791666666666 0.5106481481481482 0.44244791666666666 0.5157407407407407 0.44114583333333335 0.5171296296296296 0.44036458333333334 0.5180555555555556 0.4393229166666667 0.5189814814814815 0.4359375 0.5194444444444445 0.4356770833333333 0.5194444444444445 0.4348958333333333 0.5189814814814815 0.43463541666666666 0.5189814814814815 0.4322916666666667 0.5185185185185185 0.43203125 0.5185185185185185 0.43125 0.5152777777777777 0.4283854166666667 0.5152777777777777 0.4278645833333333 0.5143518518518518 0.42734375 0.513425925925926 0.42604166666666665 0.5106481481481482 0.4236979166666667 0.5074074074074074 0.421875 0.5018518518518519 0.41744791666666664 0.4935185185185185 0.4122395833333333 0.49074074074074076 0.40989583333333335 0.48842592592592593 0.40859375 0.4875 0.4075520833333333 0.4847222222222222 0.40598958333333335
4 0.7023148148148148 0.10338541666666666 0.700462962962963 0.10416666666666667 0.6967592592592593 0.10703125 0.6962962962962963 0.11119791666666666 0.6967592592592593 0.11145833333333334 0.6972222222222222 0.11302083333333333 0.7050925925925926 0.12161458333333333 0.7060185185185185 0.12213541666666666 0.7087962962962963 0.12526041666666668 0.7129629629629629 0.12786458333333334 0.7162037037037037 0.13151041666666666 0.7171296296296297 0.13203125 0.7185185185185186 0.13359375 0.7208333333333333 0.13828125 0.7240740740740741 0.14088541666666668 0.7240740740740741 0.14140625 0.7268518518518519 0.14322916666666666 0.7291666666666666 0.1453125 0.7296296296296296 0.14609375 0.7296296296296296 0.14921875 0.7291666666666666 0.14947916666666666 0.7291666666666666 0.15026041666666667 0.725 0.15416666666666667 0.725462962962963 0.15442708333333333 0.725925925925926 0.15807291666666667 0.7277777777777777 0.15989583333333332 0.7282407407407407 0.1609375 0.7324074074074074 0.16432291666666668 0.7351851851851852 0.16588541666666667 0.7361111111111112 0.16614583333333333 0.7393518518518518 0.16614583333333333 0.7398148148148148 0.16588541666666667 0.7430555555555556 0.165625 0.7481481481481481 0.1640625 0.7513888888888889 0.16354166666666667 0.7569444444444444 0.16197916666666667 0.7574074074074074 0.16145833333333334 0.7625 0.159375 0.7675925925925926 0.15651041666666668 0.7689814814814815 0.15520833333333334 0.7708333333333334 0.15416666666666667 0.7726851851851851 0.15104166666666666 0.7726851851851851 0.14973958333333334 0.7657407407407407 0.14244791666666667 0.763425925925926 0.14166666666666666 0.7532407407407408 0.14192708333333334 0.7518518518518519 0.14166666666666666 0.7509259259259259 0.14114583333333333 0.749537037037037 0.13958333333333334 0.749537037037037 0.1390625 0.7472222222222222 0.13723958333333333 0.7416666666666667 0.13046875 0.7407407407407407 0.12994791666666666 0.7379629629629629 0.12682291666666667 0.7351851851851852 0.12473958333333333 0.7268518518518519 0.11484375 0.725925925925926 0.11432291666666666 0.7208333333333333 0.10885416666666667 0.7199074074074074 0.10729166666666666 0.7171296296296297 0.10546875 0.7125 0.103125 0.7050925925925926 0.10286458333333333
1 0.5018518518518519 0.4484375 0.4986111111111111 0.44973958333333336 0.49722222222222223 0.45 0.49537037037037035 0.4510416666666667 0.49537037037037035 0.4515625 0.4949074074074074 0.4518229166666667 0.4949074074074074 0.45286458333333335 0.49444444444444446 0.453125 0.49444444444444446 0.4546875 0.49398148148148147 0.4549479166666667 0.49675925925925923 0.4578125 0.49675925925925923 0.4583333333333333 0.4981481481481482 0.45989583333333334 0.49907407407407406 0.46041666666666664 0.49907407407407406 0.4609375 0.500462962962963 0.4622395833333333 0.5009259259259259 0.4635416666666667 0.5027777777777778 0.46536458333333336 0.5027777777777778 0.46588541666666666 0.5074074074074074 0.4703125 0.5074074074074074 0.471875 0.5078703703703704 0.47213541666666664 0.5078703703703704 0.4744791666666667 0.5074074074074074 0.4747395833333333 0.5074074074074074 0.47578125 0.5069444444444444 0.47604166666666664 0.5069444444444444 0.47682291666666665 0.5064814814814815 0.47708333333333336 0.5064814814814815 0.478125 0.5060185185185185 0.4783854166666667 0.5064814814814815 0.4786458333333333 0.5064814814814815 0.47942708333333334 0.5069444444444444 0.4796875 0.5069444444444444 0.48046875 0.5074074074074074 0.48072916666666665 0.5078703703703704 0.48203125 0.5087962962962963 0.4825520833333333 0.5087962962962963 0.4828125 0.5111111111111111 0.48385416666666664 0.5166666666666667 0.4901041666666667 0.5185185185185185 0.4908854166666667 0.5194444444444445 0.4908854166666667 0.5208333333333334 0.49140625 0.5222222222222223 0.49140625 0.5226851851851851 0.49114583333333334 0.5268518518518519 0.4908854166666667 0.5287037037037037 0.4903645833333333 0.5337962962962963 0.4903645833333333 0.5342592592592592 0.4901041666666667 0.5356481481481481 0.4901041666666667 0.5361111111111111 0.48984375 0.5370370370370371 0.48984375 0.537962962962963 0.48932291666666666 0.5412037037037037 0.48854166666666665 0.5425925925925926 0.48776041666666664 0.5430555555555555 0.48776041666666664 0.5444444444444444 0.4869791666666667 0.5449074074074074 0.4869791666666667 0.5462962962962963 0.4861979166666667 0.5467592592592593 0.4861979166666667 0.5467592592592593 0.484375 0.5472222222222223 0.48411458333333335 0.5472222222222223 0.48203125 0.5462962962962963 0.48151041666666666 0.5449074074074074 0.47994791666666664 0.5449074074074074 0.47942708333333334 0.5435185185185185 0.478125 0.5435185185185185 0.47760416666666666 0.5430555555555555 0.47734375 0.5430555555555555 0.4765625 0.5425925925925926 0.47630208333333335 0.5425925925925926 0.4752604166666667 0.5421296296296296 0.475 0.5421296296296296 0.4739583333333333 0.5407407407407407 0.47239583333333335 0.5407407407407407 0.471875 0.538425925925926 0.4705729166666667 0.5375 0.4705729166666667 0.5370370370370371 0.4703125 0.5356481481481481 0.4703125 0.5351851851851852 0.4700520833333333 0.5337962962962963 0.4700520833333333 0.5310185185185186 0.46927083333333336 0.5300925925925926 0.46927083333333336 0.5273148148148148 0.46848958333333335 0.5259259259259259 0.46770833333333334 0.5254629629629629 0.4671875 0.5254629629629629 0.4666666666666667 0.524074074074074 0.46588541666666666 0.524074074074074 0.465625 0.5231481481481481 0.46510416666666665 0.5222222222222223 0.4640625 0.5217592592592593 0.4627604166666667 0.5185185185185185 0.46041666666666664 0.5185185185185185 0.45989583333333334 0.5148148148148148 0.45625 0.5148148148148148 0.4557291666666667 0.5143518518518518 0.45546875 0.5138888888888888 0.45416666666666666 0.512962962962963 0.453125 0.5120370370370371 0.45260416666666664 0.5111111111111111 0.4515625 0.5111111111111111 0.4510416666666667 0.5101851851851852 0.4505208333333333 0.5097222222222222 0.44973958333333336 0.5087962962962963 0.44921875 0.5083333333333333 0.44921875 0.5074074074074074 0.44869791666666664 0.5055555555555555 0.44817708333333334 0.5037037037037037 0.44817708333333334 0.5032407407407408 0.4484375
4 0.4587962962962963 0.6346354166666667 0.4564814814814815 0.6333333333333333 0.4550925925925926 0.6317708333333333 0.4537037037037037 0.6309895833333333 0.45185185185185184 0.63046875 0.44675925925925924 0.63046875 0.44537037037037036 0.6307291666666667 0.44305555555555554 0.63203125 0.44166666666666665 0.634375 0.44166666666666665 0.6390625 0.4398148148148148 0.64140625 0.4361111111111111 0.6432291666666666 0.4263888888888889 0.6458333333333334 0.4217592592592593 0.6466145833333333 0.4134259259259259 0.6489583333333333 0.4125 0.6494791666666667 0.4041666666666667 0.6513020833333333 0.3990740740740741 0.6528645833333333 0.38842592592592595 0.6549479166666666 0.38425925925925924 0.6565104166666667 0.38055555555555554 0.6567708333333333 0.3768518518518518 0.6578125 0.37453703703703706 0.6580729166666667 0.3736111111111111 0.65859375 0.37083333333333335 0.6591145833333333 0.36203703703703705 0.66171875 0.3611111111111111 0.66171875 0.3537037037037037 0.6640625 0.350462962962963 0.6658854166666667 0.34953703703703703 0.66796875 0.34953703703703703 0.6703125 0.350462962962963 0.6708333333333333 0.3527777777777778 0.6736979166666667 0.3541666666666667 0.6744791666666666 0.3574074074074074 0.6755208333333333 0.36527777777777776 0.675 0.36666666666666664 0.6744791666666666 0.37222222222222223 0.6736979166666667 0.37453703703703706 0.6729166666666667 0.38657407407407407 0.6705729166666666 0.3921296296296296 0.66875 0.3958333333333333 0.6682291666666667 0.4046296296296296 0.6658854166666667 0.4083333333333333 0.6643229166666667 0.4115740740740741 0.6640625 0.41712962962962963 0.6622395833333333 0.425 0.6606770833333333 0.42962962962962964 0.659375 0.43842592592592594 0.6578125 0.44351851851851853 0.6575520833333334 0.45 0.6559895833333333 0.45231481481481484 0.6559895833333333 0.45787037037037037 0.65703125 0.4625 0.65703125 0.4703703703703704 0.6546875 0.4703703703703704 0.6533854166666667 0.4689814814814815 0.6520833333333333 0.4689814814814815 0.6510416666666666 0.4671296296296296 0.6479166666666667 0.4671296296296296 0.646875 0.4625 0.6411458333333333 0.4625 0.6403645833333333 0.4615740740740741 0.6395833333333333 0.46111111111111114 0.63828125 0.4601851851851852 0.6377604166666667 0.4601851851851852 0.6372395833333333 0.45925925925925926 0.6364583333333333
5 0.5763888888888888 0.5958333333333333 0.5740740740740741 0.5971354166666667 0.5722222222222222 0.5986979166666667 0.5685185185185185 0.6033854166666667 0.5680555555555555 0.6067708333333334 0.5675925925925925 0.6072916666666667 0.5736111111111111 0.6109375 0.5773148148148148 0.6119791666666666 0.5796296296296296 0.6122395833333333 0.5828703703703704 0.61328125 0.5925925925925926 0.6151041666666667 0.6037037037037037 0.6184895833333334 0.6078703703703704 0.6192708333333333 0.611574074074074 0.62109375 0.6189814814814815 0.6223958333333334 0.6203703703703703 0.6231770833333333 0.6203703703703703 0.6236979166666666 0.6231481481481481 0.6265625 0.6231481481481481 0.62734375 0.6236111111111111 0.6276041666666666 0.6240740740740741 0.6346354166666667 0.6263888888888889 0.6361979166666667 0.6342592592592593 0.6380208333333334 0.6388888888888888 0.6380208333333334 0.6421296296296296 0.63671875 0.6449074074074074 0.6346354166666667 0.6449074074074074 0.6341145833333334 0.6467592592592593 0.6322916666666667 0.6467592592592593 0.6317708333333333 0.6486111111111111 0.6299479166666667 0.6486111111111111 0.6294270833333333 0.649537037037037 0.62890625 0.6523148148148148 0.6255208333333333 0.6541666666666667 0.62421875 0.6555555555555556 0.62265625 0.6555555555555556 0.621875 0.6569444444444444 0.61953125 0.6578703703703703 0.61875 0.6583333333333333 0.6174479166666667 0.6601851851851852 0.6153645833333333 0.6606481481481481 0.6140625 0.6643518518518519 0.61015625 0.6652777777777777 0.6080729166666666 0.6662037037037037 0.6072916666666667 0.6638888888888889 0.6033854166666667 0.6583333333333333 0.6018229166666667 0.65 0.60078125 0.6467592592592593 0.60234375 0.6444444444444445 0.6049479166666667 0.6421296296296296 0.60625 0.637962962962963 0.6065104166666667 0.6351851851851852 0.6057291666666667 0.6300925925925925 0.6049479166666667 0.6277777777777778 0.6041666666666666 0.625 0.6036458333333333 0.6231481481481481 0.6036458333333333 0.6138888888888889 0.6010416666666667 0.6092592592592593 0.6002604166666666 0.6074074074074074 0.5994791666666667 0.6060185185185185 0.5994791666666667 0.6018518518518519 0.5986979166666667 0.5995370370370371 0.5979166666666667 0.5962962962962963 0.5973958333333333 0.5916666666666667 0.5958333333333333 0.5875 0.5950520833333334 0.5861111111111111 0.5950520833333334 0.5837962962962963 0.59453125 0.5796296296296296 0.59453125
2 0.7754629629629629 0.2518229166666667 0.7703703703703704 0.2518229166666667 0.7675925925925926 0.25234375 0.7657407407407407 0.25338541666666664 0.7625 0.25625 0.7592592592592593 0.26328125 0.7592592592592593 0.2677083333333333 0.7555555555555555 0.2760416666666667 0.7546296296296297 0.28125 0.7518518518518519 0.28880208333333335 0.7509259259259259 0.2950520833333333 0.7476851851851852 0.303125 0.7453703703703703 0.31328125 0.7421296296296296 0.3216145833333333 0.737037037037037 0.34140625 0.7351851851851852 0.3453125 0.7347222222222223 0.3489583333333333 0.7337962962962963 0.35 0.7291666666666666 0.35234375 0.7212962962962963 0.35390625 0.7185185185185186 0.35703125 0.7180555555555556 0.3614583333333333 0.7199074074074074 0.36380208333333336 0.7245370370370371 0.36692708333333335 0.7319444444444444 0.3692708333333333 0.7439814814814815 0.3690104166666667 0.7476851851851852 0.36744791666666665 0.7532407407407408 0.36875 0.7564814814814815 0.3690104166666667 0.7643518518518518 0.36666666666666664 0.7671296296296296 0.36484375 0.7675925925925926 0.36015625 0.7652777777777777 0.3575520833333333 0.763425925925926 0.3533854166666667 0.7615740740740741 0.35234375 0.7601851851851852 0.35052083333333334 0.7601851851851852 0.3455729166666667 0.7620370370370371 0.3416666666666667 0.7648148148148148 0.32890625 0.7675925925925926 0.32135416666666666 0.7685185185185185 0.31484375 0.7736111111111111 0.29973958333333334 0.7759259259259259 0.29010416666666666 0.7777777777777778 0.2869791666666667 0.7800925925925926 0.2794270833333333 0.7810185185185186 0.2734375 0.7828703703703703 0.26901041666666664 0.7847222222222222 0.2609375 0.7847222222222222 0.2578125 0.7833333333333333 0.2546875 0.7800925925925926 0.25286458333333334
4 0.8430555555555556 0.3619791666666667 0.8388888888888889 0.35989583333333336 0.836574074074074 0.359375 0.8324074074074074 0.359375 0.8319444444444445 0.35963541666666665 0.825 0.36041666666666666 0.8203703703703704 0.36171875 0.8171296296296297 0.3619791666666667 0.8138888888888889 0.36276041666666664 0.8083333333333333 0.36328125 0.8041666666666667 0.3640625 0.8027777777777778 0.3645833333333333 0.7930555555555555 0.36614583333333334 0.7875 0.36770833333333336 0.7833333333333333 0.3684895833333333 0.7800925925925926 0.36875 0.7754629629629629 0.3697916666666667 0.7703703703703704 0.37005208333333334 0.7685185185185185 0.37057291666666664 0.7662037037037037 0.37057291666666664 0.7592592592592593 0.3690104166666667 0.7523148148148148 0.36875 0.7490740740740741 0.36796875 0.7467592592592592 0.36796875 0.7412037037037037 0.36953125 0.7361111111111112 0.36953125 0.7347222222222223 0.37057291666666664 0.7333333333333333 0.3723958333333333 0.7324074074074074 0.37578125 0.7319444444444444 0.37604166666666666 0.7319444444444444 0.37838541666666664 0.7314814814814815 0.37864583333333335 0.7314814814814815 0.38177083333333334 0.7319444444444444 0.38203125 0.7324074074074074 0.384375 0.7337962962962963 0.3859375 0.7351851851851852 0.3888020833333333 0.7398148148148148 0.39296875 0.7439814814814815 0.3953125 0.7449074074074075 0.3953125 0.7458333333333333 0.3958333333333333 0.749537037037037 0.3966145833333333 0.7560185185185185 0.396875 0.7564814814814815 0.3966145833333333 0.7592592592592593 0.3963541666666667 0.763425925925926 0.39479166666666665 0.7675925925925926 0.3888020833333333 0.7689814814814815 0.38776041666666666 0.7726851851851851 0.3859375 0.7819444444444444 0.38359375 0.7875 0.38307291666666665 0.7907407407407407 0.38203125 0.7949074074074074 0.38177083333333334 0.7967592592592593 0.3809895833333333 0.8 0.3802083333333333 0.8069444444444445 0.3796875 0.8097222222222222 0.37916666666666665 0.8138888888888889 0.37786458333333334 0.8166666666666667 0.3776041666666667 0.8185185185185185 0.3770833333333333 0.8222222222222222 0.3768229166666667 0.8291666666666667 0.375 0.8300925925925926 0.375 0.8310185185185185 0.37447916666666664 0.8393518518518519 0.37213541666666666 0.8416666666666667 0.37109375 0.8435185185185186 0.36953125 0.8444444444444444 0.36640625 0.8449074074074074 0.36614583333333334 0.8449074074074074 0.36432291666666666
3 0.9078703703703703 0.16588541666666667 0.899074074074074 0.16588541666666667 0.8986111111111111 0.16614583333333333 0.8967592592592593 0.16614583333333333 0.8962962962962963 0.16640625 0.8930555555555556 0.16666666666666666 0.8902777777777777 0.16744791666666667 0.887962962962963 0.16770833333333332 0.8837962962962963 0.16901041666666666 0.8773148148148148 0.16979166666666667 0.8763888888888889 0.1703125 0.8736111111111111 0.17109375 0.8726851851851852 0.17109375 0.8685185185185185 0.17239583333333333 0.8652777777777778 0.17265625 0.8629629629629629 0.1734375 0.862037037037037 0.1734375 0.8587962962962963 0.17473958333333334 0.8574074074074074 0.175 0.8527777777777777 0.17760416666666667 0.8523148148148149 0.17838541666666666 0.8523148148148149 0.17994791666666668 0.8518518518518519 0.18020833333333333 0.8518518518518519 0.18203125 0.8537037037037037 0.18515625 0.8564814814814815 0.1875 0.8601851851851852 0.18932291666666667 0.8666666666666667 0.19088541666666667 0.8694444444444445 0.19270833333333334 0.8694444444444445 0.19322916666666667 0.8717592592592592 0.19557291666666668 0.8717592592592592 0.19609375 0.874537037037037 0.19895833333333332 0.874537037037037 0.19947916666666668 0.8763888888888889 0.20182291666666666 0.8768518518518519 0.20338541666666668 0.8796296296296297 0.20625 0.8810185185185185 0.20885416666666667 0.8828703703703704 0.21067708333333332 0.8837962962962963 0.21223958333333334 0.8837962962962963 0.21302083333333333 0.8861111111111111 0.215625 0.8861111111111111 0.21614583333333334 0.888425925925926 0.21875 0.8916666666666667 0.22083333333333333 0.8925925925925926 0.22109375 0.8944444444444445 0.22109375 0.8949074074074074 0.22135416666666666 0.9004629629629629 0.22109375 0.9050925925925926 0.21979166666666666 0.9078703703703703 0.21848958333333332 0.9115740740740741 0.21744791666666666 0.9171296296296296 0.21640625 0.9194444444444444 0.21510416666666668 0.9212962962962963 0.21302083333333333 0.9199074074074074 0.20885416666666667 0.9180555555555555 0.20625 0.9180555555555555 0.20546875 0.9175925925925926 0.20520833333333333 0.9157407407407407 0.20026041666666666 0.9148148148148149 0.19947916666666668 0.913425925925926 0.19713541666666667 0.9120370370370371 0.19322916666666667 0.9106481481481481 0.19140625 0.9106481481481481 0.190625 0.9097222222222222 0.18958333333333333 0.9097222222222222 0.18880208333333334 0.9083333333333333 0.18645833333333334 0.9083333333333333 0.18541666666666667 0.9078703703703703 0.18515625 0.9078703703703703 0.18255208333333334 0.9074074074074074 0.18229166666666666 0.9074074074074074 0.18151041666666667 0.9092592592592592 0.1796875 0.9138888888888889 0.17734375 0.9143518518518519 0.17578125 0.9148148148148149 0.17552083333333332 0.9148148148148149 0.17421875 0.9152777777777777 0.17395833333333333 0.913425925925926 0.17161458333333332 0.912962962962963 0.17005208333333333 0.9115740740740741 0.16822916666666668
2 0.7925925925925926 0.50546875 0.7791666666666667 0.5020833333333333 0.774537037037037 0.5002604166666667 0.7712962962962963 0.49973958333333335 0.7666666666666667 0.5010416666666667 0.7592592592592593 0.5057291666666667 0.7611111111111111 0.5096354166666667 0.7643518518518518 0.5135416666666667 0.763425925925926 0.5174479166666667 0.7416666666666667 0.5369791666666667 0.736574074074074 0.54296875 0.7282407407407407 0.55 0.7175925925925926 0.5606770833333333 0.7125 0.5645833333333333 0.700462962962963 0.57578125 0.6833333333333333 0.5934895833333333 0.6726851851851852 0.603125 0.6722222222222223 0.6078125 0.6736111111111112 0.6088541666666667 0.6800925925925926 0.6111979166666667 0.6837962962962963 0.61171875 0.6893518518518519 0.6111979166666667 0.6962962962962963 0.60703125 0.7046296296296296 0.5994791666666667 0.7064814814814815 0.596875 0.7291666666666666 0.5763020833333333 0.7388888888888889 0.5661458333333333 0.7453703703703703 0.5609375 0.7527777777777778 0.5526041666666667 0.7620370370370371 0.5447916666666667 0.7671296296296296 0.5390625 0.7763888888888889 0.5315104166666667 0.7791666666666667 0.5302083333333333 0.7819444444444444 0.5265625 0.7851851851851852 0.5239583333333333 0.7907407407407407 0.5216145833333333 0.799074074074074 0.5205729166666667 0.8041666666666667 0.51796875 0.8064814814814815 0.5140625 0.8060185185185185 0.5127604166666667 0.8009259259259259 0.5091145833333334
3 0.7486111111111111 0.6434895833333333 0.7472222222222222 0.6434895833333333 0.7444444444444445 0.6442708333333333 0.7398148148148148 0.6450520833333333 0.7375 0.6463541666666667 0.737037037037037 0.6471354166666666 0.7351851851851852 0.6484375 0.7300925925925926 0.6546875 0.7263888888888889 0.6580729166666667 0.7263888888888889 0.65859375 0.7231481481481481 0.6619791666666667 0.7231481481481481 0.6625 0.7203703703703703 0.6651041666666667 0.7189814814814814 0.66796875 0.7152777777777778 0.6721354166666667 0.7125 0.6736979166666667 0.7092592592592593 0.6747395833333333 0.7041666666666667 0.6747395833333333 0.6995370370370371 0.6760416666666667 0.6962962962962963 0.6778645833333333 0.6925925925925925 0.68125 0.6921296296296297 0.684375 0.6916666666666667 0.6846354166666667 0.6921296296296297 0.68671875 0.6939814814814815 0.6893229166666667 0.6967592592592593 0.69140625 0.7013888888888888 0.6940104166666666 0.7064814814814815 0.6955729166666667 0.7101851851851851 0.6971354166666667 0.7208333333333333 0.7 0.7236111111111111 0.7015625 0.725462962962963 0.7020833333333333 0.7291666666666666 0.7026041666666667 0.7324074074074074 0.7036458333333333 0.7351851851851852 0.7036458333333333 0.7398148148148148 0.7046875 0.7444444444444445 0.7046875 0.7449074074074075 0.7044270833333334 0.7476851851851852 0.7041666666666667 0.7509259259259259 0.70234375 0.7541666666666667 0.6986979166666667 0.7560185185185185 0.6940104166666666 0.7564814814814815 0.69375 0.7564814814814815 0.6903645833333333 0.7569444444444444 0.6901041666666666 0.7560185185185185 0.6864583333333333 0.7550925925925925 0.68515625 0.7550925925925925 0.6825520833333333 0.7546296296296297 0.6822916666666666 0.7560185185185185 0.67734375 0.7569444444444444 0.6765625 0.7583333333333333 0.6736979166666667 0.7615740740740741 0.66953125 0.7615740740740741 0.66875 0.7675925925925926 0.6588541666666666 0.7675925925925926 0.6580729166666667 0.7694444444444445 0.6549479166666666 0.7703703703703704 0.6541666666666667 0.7675925925925926 0.65 0.7648148148148148 0.6489583333333333 0.7592592592592593 0.64609375
4 0.8222222222222222 0.41901041666666666 0.8208333333333333 0.4197916666666667 0.8199074074074074 0.42109375 0.8143518518518519 0.4236979166666667 0.8134259259259259 0.42552083333333335 0.8106481481481481 0.4276041666666667 0.8106481481481481 0.4283854166666667 0.8092592592592592 0.43072916666666666 0.8092592592592592 0.43203125 0.812962962962963 0.4354166666666667 0.8180555555555555 0.43697916666666664 0.8296296296296296 0.43776041666666665 0.8337962962962963 0.4388020833333333 0.8347222222222223 0.4388020833333333 0.8356481481481481 0.4393229166666667 0.8379629629629629 0.4395833333333333 0.8476851851851852 0.44427083333333334 0.8537037037037037 0.4479166666666667 0.8555555555555555 0.4484375 0.8611111111111112 0.4515625 0.8634259259259259 0.45234375 0.8680555555555556 0.4549479166666667 0.8726851851851852 0.4583333333333333 0.8777777777777778 0.46067708333333335 0.8814814814814815 0.4630208333333333 0.8865740740740741 0.46484375 0.8898148148148148 0.46640625 0.8953703703703704 0.4674479166666667 0.9018518518518519 0.46770833333333334 0.9023148148148148 0.4674479166666667 0.9041666666666667 0.4674479166666667 0.9078703703703703 0.465625 0.9097222222222222 0.46328125 0.9097222222222222 0.4622395833333333 0.9083333333333333 0.4596354166666667 0.9074074074074074 0.45859375 0.9055555555555556 0.45755208333333336 0.9004629629629629 0.45338541666666665 0.8976851851851851 0.45208333333333334 0.8930555555555556 0.44895833333333335 0.887962962962963 0.4466145833333333 0.8856481481481482 0.44505208333333335 0.8800925925925925 0.44192708333333336 0.8773148148148148 0.44088541666666664 0.8722222222222222 0.43776041666666665 0.8699074074074075 0.43697916666666664 0.8532407407407407 0.4276041666666667 0.8518518518518519 0.4236979166666667 0.8532407407407407 0.42239583333333336 0.8546296296296296 0.4197916666666667 0.8541666666666666 0.41953125 0.8537037037037037 0.41796875 0.8513888888888889 0.4158854166666667 0.8472222222222222 0.41458333333333336 0.8453703703703703 0.41354166666666664 0.8384259259259259 0.41380208333333335 0.8337962962962963 0.41458333333333336 0.8291666666666667 0.4158854166666667 0.8245370370370371 0.41822916666666665
2 0.8601851851851852 0.4669270833333333 0.8564814814814815 0.4630208333333333 0.8490740740740741 0.45859375 0.8416666666666667 0.45677083333333335 0.8375 0.45703125 0.8300925925925926 0.4596354166666667 0.8282407407407407 0.4625 0.8273148148148148 0.4666666666666667 0.8212962962962963 0.46979166666666666 0.8180555555555555 0.4703125 0.812037037037037 0.47239583333333335 0.7907407407407407 0.4778645833333333 0.7865740740740741 0.4783854166666667 0.7754629629629629 0.4817708333333333 0.7699074074074074 0.4828125 0.7648148148148148 0.48463541666666665 0.7601851851851852 0.48541666666666666 0.7518518518518519 0.48802083333333335 0.7481481481481481 0.48854166666666665 0.7416666666666667 0.490625 0.7277777777777777 0.49375 0.7175925925925926 0.496875 0.7083333333333334 0.4986979166666667 0.6689814814814815 0.5096354166666667 0.6620370370370371 0.5119791666666667 0.6606481481481481 0.5130208333333334 0.6601851851851852 0.5145833333333333 0.6611111111111111 0.5177083333333333 0.6657407407407407 0.5216145833333333 0.6699074074074074 0.5223958333333333 0.6782407407407407 0.5221354166666666 0.700925925925926 0.5171875 0.7212962962962963 0.5111979166666667 0.7282407407407407 0.5098958333333333 0.736574074074074 0.50703125 0.7518518518518519 0.5044270833333333 0.7583333333333333 0.5041666666666667 0.7671296296296296 0.5005208333333333 0.7736111111111111 0.4986979166666667 0.7777777777777778 0.49661458333333336 0.7851851851851852 0.49505208333333334 0.7986111111111112 0.4908854166666667 0.8092592592592592 0.4890625 0.8166666666666667 0.48671875 0.8356481481481481 0.48333333333333334 0.8453703703703703 0.48359375 0.8490740740740741 0.48489583333333336 0.8569444444444444 0.48411458333333335 0.861574074074074 0.4822916666666667 0.8643518518518518 0.4783854166666667 0.8634259259259259 0.4734375
5 0.8328703703703704 0.57890625 0.8291666666666667 0.58046875 0.825462962962963 0.5846354166666666 0.825462962962963 0.5854166666666667 0.825 0.5856770833333333 0.825 0.5864583333333333 0.8240740740740741 0.5877604166666667 0.8240740740740741 0.5890625 0.8236111111111111 0.5893229166666667 0.8226851851851852 0.59296875 0.8222222222222222 0.5932291666666667 0.8222222222222222 0.5940104166666667 0.8212962962962963 0.5953125 0.8212962962962963 0.5963541666666666 0.8208333333333333 0.5966145833333333 0.8208333333333333 0.59765625 0.8203703703703704 0.5979166666666667 0.8203703703703704 0.5989583333333334 0.8199074074074074 0.59921875 0.8199074074074074 0.6002604166666666 0.8194444444444444 0.6005208333333333 0.8194444444444444 0.6018229166666667 0.8189814814814815 0.6020833333333333 0.8189814814814815 0.6028645833333334 0.8180555555555555 0.6041666666666666 0.8180555555555555 0.6052083333333333 0.8175925925925925 0.60546875 0.8166666666666667 0.6083333333333333 0.8152777777777778 0.6098958333333333 0.8125 0.6114583333333333 0.8106481481481481 0.6119791666666666 0.8069444444444445 0.6119791666666666 0.8064814814814815 0.6122395833333333 0.8032407407407407 0.6125 0.8004629629629629 0.6138020833333333 0.799537037037037 0.61484375 0.799537037037037 0.6153645833333333 0.7986111111111112 0.61640625 0.7986111111111112 0.6171875 0.7981481481481482 0.6174479166666667 0.7981481481481482 0.6182291666666667 0.7976851851851852 0.6184895833333334 0.7976851851851852 0.6231770833333333 0.7986111111111112 0.6244791666666667 0.8023148148148148 0.6268229166666667 0.8166666666666667 0.6307291666666667 0.8226851851851852 0.63125 0.8231481481481482 0.6315104166666666 0.8282407407407407 0.63203125 0.8319444444444445 0.6328125 0.8361111111111111 0.6330729166666667 0.836574074074074 0.6333333333333333 0.8416666666666667 0.6333333333333333 0.8453703703703703 0.6322916666666667 0.85 0.6322916666666667 0.8550925925925926 0.6309895833333333 0.8564814814814815 0.6302083333333334 0.8587962962962963 0.6270833333333333 0.8587962962962963 0.6244791666666667 0.8583333333333333 0.62421875 0.8583333333333333 0.6221354166666667 0.8578703703703704 0.621875 0.8574074074074074 0.6190104166666667 0.8555555555555555 0.61640625 0.8537037037037037 0.6151041666666667 0.8532407407407407 0.6130208333333333 0.8527777777777777 0.6127604166666667 0.8527777777777777 0.6091145833333333 0.8532407407407407 0.6088541666666667 0.8537037037037037 0.6046875 0.8541666666666666 0.6044270833333333 0.8541666666666666 0.6028645833333334 0.8546296296296296 0.6026041666666667 0.8546296296296296 0.6015625 0.8550925925925926 0.6013020833333333 0.8550925925925926 0.6002604166666666 0.8555555555555555 0.6 0.8555555555555555 0.5989583333333334 0.8560185185185185 0.5986979166666667 0.8560185185185185 0.5973958333333333 0.8564814814814815 0.5971354166666667 0.8564814814814815 0.59609375 0.8569444444444444 0.5958333333333333 0.8574074074074074 0.5921875 0.8578703703703704 0.5919270833333333 0.8578703703703704 0.5903645833333333 0.8583333333333333 0.5901041666666667 0.8583333333333333 0.5888020833333333 0.8587962962962963 0.5885416666666666 0.8587962962962963 0.58359375 0.8569444444444444 0.5817708333333333 0.8541666666666666 0.5807291666666666 0.850925925925926 0.5799479166666667 0.8458333333333333 0.5796875 0.8421296296296297 0.57890625
6 0.8444444444444444 0.6643229166666667 0.8416666666666667 0.6651041666666667 0.8393518518518519 0.66640625 0.8384259259259259 0.6674479166666667 0.836574074074074 0.6684895833333333 0.8337962962962963 0.6692708333333334 0.8328703703703704 0.6697916666666667 0.8324074074074074 0.6703125 0.8324074074074074 0.6708333333333333 0.8319444444444445 0.67109375 0.8319444444444445 0.6716145833333333 0.8314814814814815 0.671875 0.8314814814814815 0.6723958333333333 0.8310185185185185 0.67265625 0.8310185185185185 0.6731770833333334 0.8300925925925926 0.67421875 0.8277777777777777 0.67578125 0.8263888888888888 0.67734375 0.8263888888888888 0.6778645833333333 0.825925925925926 0.678125 0.825925925925926 0.68046875 0.825462962962963 0.6807291666666667 0.825462962962963 0.6817708333333333 0.825925925925926 0.68203125 0.825925925925926 0.6833333333333333 0.8263888888888888 0.68359375 0.8268518518518518 0.6854166666666667 0.8305555555555556 0.6895833333333333 0.8324074074074074 0.6908854166666667 0.8328703703703704 0.6916666666666667 0.8337962962962963 0.6921875 0.8347222222222223 0.6932291666666667 0.836574074074074 0.69375 0.8379629629629629 0.69453125 0.8393518518518519 0.6947916666666667 0.8402777777777778 0.6953125 0.8439814814814814 0.6963541666666667 0.8449074074074074 0.696875 0.8495370370370371 0.6981770833333333 0.8527777777777777 0.6984375 0.8555555555555555 0.69921875 0.8564814814814815 0.69921875 0.8569444444444444 0.6994791666666667 0.8578703703703704 0.6994791666666667 0.8597222222222223 0.7 0.8611111111111112 0.7 0.861574074074074 0.7002604166666667 0.8680555555555556 0.7002604166666667 0.8689814814814815 0.7 0.8694444444444445 0.7002604166666667 0.8712962962962963 0.7002604166666667 0.8717592592592592 0.7005208333333334 0.8726851851851852 0.7005208333333334 0.8736111111111111 0.7002604166666667 0.875462962962963 0.69921875 0.8759259259259259 0.69921875 0.8773148148148148 0.6981770833333333 0.8791666666666667 0.6958333333333333 0.8800925925925925 0.6953125 0.8833333333333333 0.6916666666666667 0.8842592592592593 0.6911458333333333 0.8865740740740741 0.6885416666666667 0.8870370370370371 0.6872395833333333 0.888425925925926 0.6856770833333333 0.888425925925926 0.6848958333333334 0.8888888888888888 0.6846354166666667 0.8888888888888888 0.68359375 0.8893518518518518 0.6833333333333333 0.8893518518518518 0.68203125 0.8898148148148148 0.6815104166666667 0.8893518518518518 0.68125 0.8893518518518518 0.6802083333333333 0.8888888888888888 0.6799479166666667 0.8888888888888888 0.6786458333333333 0.888425925925926 0.6783854166666666 0.888425925925926 0.67734375 0.887962962962963 0.6770833333333334 0.887962962962963 0.6765625 0.8875 0.6763020833333333 0.8870370370370371 0.675 0.8856481481481482 0.6734375 0.8847222222222222 0.6729166666666667 0.8847222222222222 0.67265625 0.8837962962962963 0.6721354166666667 0.8824074074074074 0.6705729166666666 0.8800925925925925 0.6690104166666667 0.8800925925925925 0.66875 0.8759259259259259 0.66640625 0.875462962962963 0.66640625 0.874537037037037 0.6658854166666667 0.8726851851851852 0.6653645833333334 0.8712962962962963 0.6653645833333334 0.8694444444444445 0.66484375 0.8680555555555556 0.66484375 0.8675925925925926 0.6645833333333333 0.8662037037037037 0.6645833333333333 0.8657407407407407 0.6643229166666667 0.8643518518518518 0.6643229166666667 0.8638888888888889 0.6640625 0.862037037037037 0.6640625 0.861574074074074 0.6638020833333333 0.8578703703703704 0.6638020833333333 0.8574074074074074 0.6635416666666667 0.8518518518518519 0.6635416666666667 0.8513888888888889 0.6638020833333333 0.8481481481481481 0.6638020833333333 0.8476851851851852 0.6640625 0.8458333333333333 0.6640625 0.8453703703703703 0.6643229166666667
2 0.9745370370370371 0.5393229166666667 0.9625 0.53984375 0.9611111111111111 0.5408854166666667 0.9597222222222223 0.5440104166666667 0.9597222222222223 0.5455729166666666 0.962037037037037 0.5486979166666667 0.9685185185185186 0.5526041666666667 0.9685185185185186 0.559375 0.9662037037037037 0.5723958333333333 0.9587962962962963 0.5997395833333333 0.9578703703703704 0.6075520833333333 0.9555555555555556 0.6127604166666667 0.950925925925926 0.6338541666666667 0.950462962962963 0.6390625 0.9467592592592593 0.6533854166666667 0.9472222222222222 0.65703125 0.9486111111111111 0.6588541666666666 0.9518518518518518 0.6606770833333333 0.9578703703703704 0.6619791666666667 0.9666666666666667 0.66171875 0.9703703703703703 0.6598958333333333 0.9722222222222222 0.6575520833333334 0.975462962962963 0.6463541666666667 0.975925925925926 0.6421875 0.9777777777777777 0.6388020833333333 0.9800925925925926 0.6260416666666667 0.9824074074074074 0.6200520833333333 0.9824074074074074 0.6135416666666667 0.9842592592592593 0.6067708333333334 0.9842592592592593 0.6028645833333334 0.9856481481481482 0.5997395833333333 0.9856481481481482 0.5953125 0.9902777777777778 0.5880208333333333 0.9902777777777778 0.5838541666666667 0.9916666666666667 0.5807291666666666 0.9921296296296296 0.5755208333333334 0.9939814814814815 0.5700520833333333 0.9944444444444445 0.5640625 0.9962962962962963 0.56015625 0.9972222222222222 0.5549479166666667 0.9981481481481481 0.5544270833333333 0.999537037037037 0.5544270833333333 0.999537037037037 0.5419270833333333 0.9976851851851852 0.5419270833333333 0.9935185185185185 0.5408854166666667 0.9800925925925926 0.5401041666666667
4 0.9824074074074074 0.35078125 0.9819444444444444 0.35104166666666664 0.9814814814814815 0.35104166666666664 0.9805555555555555 0.3515625 0.9800925925925926 0.3515625 0.9796296296296296 0.35182291666666665 0.9791666666666666 0.35182291666666665 0.9763888888888889 0.3533854166666667 0.9763888888888889 0.3536458333333333 0.975925925925926 0.35390625 0.975925925925926 0.3541666666666667 0.975462962962963 0.35442708333333334 0.975462962962963 0.3546875 0.975 0.35494791666666664 0.975 0.35520833333333335 0.9745370370370371 0.35546875 0.9745370370370371 0.35572916666666665 0.9740740740740741 0.35598958333333336 0.9740740740740741 0.35625 0.9731481481481481 0.35703125 0.9731481481481481 0.3575520833333333 0.9726851851851852 0.3578125 0.9726851851851852 0.35859375 0.9722222222222222 0.35885416666666664 0.9722222222222222 0.359375 0.9717592592592592 0.35963541666666665 0.9717592592592592 0.36015625 0.9712962962962963 0.36041666666666666 0.9712962962962963 0.36354166666666665 0.9717592592592592 0.36380208333333336 0.9717592592592592 0.365625 0.9722222222222222 0.3658854166666667 0.9722222222222222 0.36692708333333335 0.9726851851851852 0.3671875 0.9726851851851852 0.36796875 0.9731481481481481 0.36822916666666666 0.9731481481481481 0.3690104166666667 0.9740740740740741 0.3697916666666667 0.9740740740740741 0.3703125 0.9745370370370371 0.37057291666666664 0.9745370370370371 0.37109375 0.975 0.37135416666666665 0.975 0.37161458333333336 0.975462962962963 0.371875 0.975462962962963 0.37213541666666666 0.975925925925926 0.3723958333333333 0.975925925925926 0.37265625 0.9763888888888889 0.3729166666666667 0.9763888888888889 0.3731770833333333 0.9768518518518519 0.3734375 0.9768518518518519 0.3736979166666667 0.9777777777777777 0.37421875 0.9777777777777777 0.37447916666666664 0.9800925925925926 0.37578125 0.9800925925925926 0.37604166666666666 0.9819444444444444 0.37734375 0.9824074074074074 0.37734375 0.9828703703703704 0.3776041666666667 0.9833333333333333 0.3776041666666667 0.9847222222222223 0.378125 0.9856481481481482 0.378125 0.9861111111111112 0.37838541666666664 0.987037037037037 0.37838541666666664 0.9875 0.37864583333333335 0.9884259259259259 0.37864583333333335 0.9888888888888889 0.37890625 0.9902777777777778 0.37890625 0.9907407407407407 0.37916666666666665 0.9935185185185185 0.37916666666666665 0.9939814814814815 0.37942708333333336 0.999537037037037 0.37942708333333336 0.999537037037037 0.35130208333333335 0.9976851851851852 0.35130208333333335 0.9972222222222222 0.35104166666666664 0.9962962962962963 0.35104166666666664 0.9958333333333333 0.35078125 0.9944444444444445 0.35078125 0.9939814814814815 0.35052083333333334 0.9925925925925926 0.35052083333333334 0.9921296296296296 0.3502604166666667 0.9907407407407407 0.3502604166666667 0.9902777777777778 0.35 0.9893518518518518 0.35 0.9888888888888889 0.3502604166666667 0.9856481481481482 0.3502604166666667 0.9851851851851852 0.35052083333333334 0.9842592592592593 0.35052083333333334 0.9837962962962963 0.35078125
3 0.9976851851851852 0.5786458333333333 0.9958333333333333 0.5791666666666667 0.9949074074074075 0.5796875 0.9944444444444445 0.5796875 0.9935185185185185 0.58046875 0.9935185185185185 0.5815104166666667 0.9930555555555556 0.5817708333333333 0.9930555555555556 0.5828125 0.9925925925925926 0.5830729166666667 0.9925925925925926 0.5846354166666666 0.9921296296296296 0.5848958333333333 0.9921296296296296 0.58671875 0.9916666666666667 0.5869791666666667 0.9916666666666667 0.5924479166666666 0.9925925925925926 0.5934895833333333 0.9962962962962963 0.5955729166666667 0.9962962962962963 0.5989583333333334 0.9967592592592592 0.59921875 0.9967592592592592 0.6036458333333333 0.9962962962962963 0.60390625 0.9958333333333333 0.6052083333333333 0.9935185185185185 0.6072916666666667 0.9935185185185185 0.60859375 0.9930555555555556 0.6088541666666667 0.9930555555555556 0.6111979166666667 0.9925925925925926 0.6114583333333333 0.9925925925925926 0.6122395833333333 0.9921296296296296 0.6125 0.9916666666666667 0.61484375 0.9912037037037037 0.6151041666666667 0.9912037037037037 0.6158854166666666 0.9898148148148148 0.6171875 0.9898148148148148 0.6177083333333333 0.9884259259259259 0.6192708333333333 0.9884259259259259 0.6203125 0.9879629629629629 0.6205729166666667 0.9879629629629629 0.6213541666666667 0.9875 0.6216145833333333 0.9875 0.6223958333333334 0.987037037037037 0.62265625 0.987037037037037 0.6236979166666666 0.986574074074074 0.6239583333333333 0.986574074074074 0.6255208333333333 0.9861111111111112 0.62578125 0.9856481481481482 0.6270833333333333 0.9861111111111112 0.62734375 0.9861111111111112 0.628125 0.986574074074074 0.6283854166666667 0.986574074074074 0.6307291666666667 0.9875 0.6309895833333333 0.9898148148148148 0.6322916666666667 0.9925925925925926 0.6322916666666667 0.9930555555555556 0.6325520833333333 0.9967592592592592 0.6325520833333333 0.9972222222222222 0.6328125 0.999537037037037 0.6328125 0.999537037037037 0.5786458333333333
