1 0.7194444444444444 0.44427083333333334 0.7194444444444444 0.44479166666666664 0.7189814814814814 0.44505208333333335 0.7189814814814814 0.44583333333333336 0.7185185185185186 0.44609375 0.7185185185185186 0.44895833333333335 0.7189814814814814 0.44921875 0.7189814814814814 0.45026041666666666 0.7194444444444444 0.4505208333333333 0.7194444444444444 0.4510416666666667 0.7203703703703703 0.4515625 0.7212962962962963 0.4518229166666667 0.7222222222222222 0.4518229166666667 0.7226851851851852 0.45208333333333334 0.7236111111111111 0.45208333333333334 0.725 0.45260416666666664 0.725925925925926 0.45260416666666664 0.7277777777777777 0.453125 0.7291666666666666 0.453125 0.7296296296296296 0.45338541666666665 0.7305555555555555 0.45338541666666665 0.7310185185185185 0.45364583333333336 0.7324074074074074 0.45364583333333336 0.7328703703703704 0.45390625 0.7347222222222223 0.45390625 0.7351851851851852 0.45416666666666666 0.737037037037037 0.45416666666666666 0.7375 0.4544270833333333 0.7384259259259259 0.4544270833333333 0.7402777777777778 0.4549479166666667 0.7421296296296296 0.4549479166666667 0.7425925925925926 0.4552083333333333 0.7439814814814815 0.4552083333333333 0.7444444444444445 0.45546875 0.7476851851851852 0.4557291666666667 0.7509259259259259 0.45703125 0.7527777777777778 0.45755208333333336 0.7550925925925925 0.4578125 0.7587962962962963 0.4588541666666667 0.7597222222222222 0.459375 0.7601851851851852 0.459375 0.7643518518518518 0.46171875 0.7643518518518518 0.46197916666666666 0.7675925925925926 0.4635416666666667 0.7712962962962963 0.46458333333333335 0.7722222222222223 0.46458333333333335 0.7726851851851851 0.46484375 0.774537037037037 0.46484375 0.775 0.46510416666666665 0.7759259259259259 0.46510416666666665 0.7763888888888889 0.46536458333333336 0.7773148148148148 0.46536458333333336 0.7791666666666667 0.46588541666666666 0.7824074074074074 0.4661458333333333 0.7828703703703703 0.46640625 0.7833333333333333 0.4661458333333333 0.7842592592592592 0.4661458333333333 0.7847222222222222 0.46588541666666666 0.7861111111111111 0.46588541666666666 0.7870370370370371 0.465625 0.7912037037037037 0.46328125 0.7921296296296296 0.4622395833333333 0.7921296296296296 0.46171875 0.7930555555555555 0.4609375 0.7930555555555555 0.46041666666666664 0.7949074074074074 0.45859375 0.7949074074074074 0.4578125 0.7953703703703704 0.45755208333333336 0.7953703703703704 0.45677083333333335 0.7958333333333333 0.45651041666666664 0.7958333333333333 0.4557291666666667 0.7962962962962963 0.45546875 0.7962962962962963 0.45416666666666666 0.7967592592592593 0.45390625 0.7967592592592593 0.45286458333333335 0.7981481481481482 0.4513020833333333 0.7981481481481482 0.45 0.7976851851851852 0.44973958333333336 0.7976851851851852 0.4484375 0.7972222222222223 0.44817708333333334 0.7972222222222223 0.4471354166666667 0.7962962962962963 0.4471354166666667 0.7949074074074074 0.4466145833333333 0.7935185185185185 0.4466145833333333 0.7930555555555555 0.44635416666666666 0.7907407407407407 0.44635416666666666 0.7902777777777777 0.44609375 0.7870370370370371 0.44609375 0.7865740740740741 0.44583333333333336 0.7837962962962963 0.44583333333333336 0.7833333333333333 0.44557291666666665 0.7824074074074074 0.44557291666666665 0.7805555555555556 0.44505208333333335 0.7782407407407408 0.44375 0.7777777777777778 0.44375 0.7768518518518519 0.4432291666666667 0.775 0.4427083333333333 0.774537037037037 0.44296875 0.7722222222222223 0.4432291666666667 0.7703703703703704 0.44427083333333334 0.7699074074074074 0.44427083333333334 0.7680555555555556 0.4453125 0.7671296296296296 0.44557291666666665 0.762962962962963 0.44557291666666665 0.7625 0.4453125 0.7611111111111111 0.4453125 0.7606481481481482 0.44505208333333335 0.7587962962962963 0.44505208333333335 0.7583333333333333 0.44479166666666664 0.7564814814814815 0.44479166666666664 0.7560185185185185 0.44453125 0.7546296296296297 0.44453125 0.7541666666666667 0.44427083333333334 0.7527777777777778 0.44427083333333334 0.7523148148148148 0.4440104166666667 0.75 0.4440104166666667 0.749537037037037 0.44375 0.7476851851851852 0.44375 0.7472222222222222 0.4434895833333333 0.7458333333333333 0.4434895833333333 0.7453703703703703 0.4432291666666667 0.7425925925925926 0.4432291666666667 0.7421296296296296 0.44296875 0.7393518518518518 0.44296875 0.7388888888888889 0.4427083333333333 0.736574074074074 0.4427083333333333 0.7361111111111112 0.44244791666666666 0.7347222222222223 0.44244791666666666 0.7342592592592593 0.4421875 0.7328703703703704 0.4421875 0.7324074074074074 0.44192708333333336 0.725 0.44192708333333336 0.7245370370370371 0.44166666666666665 0.7217592592592592 0.44244791666666666 0.7203703703703703 0.4432291666666667
3 0.6888888888888889 0.21614583333333334 0.6875 0.21588541666666666 0.6851851851851852 0.21484375 0.6805555555555556 0.21458333333333332 0.6763888888888889 0.215625 0.6694444444444444 0.21666666666666667 0.6675925925925926 0.21822916666666667 0.6638888888888889 0.2203125 0.6625 0.22057291666666667 0.6620370370370371 0.225 0.6592592592592592 0.228125 0.6541666666666667 0.23098958333333333 0.6486111111111111 0.23307291666666666 0.6453703703703704 0.23385416666666667 0.6425925925925926 0.23541666666666666 0.6398148148148148 0.23645833333333333 0.6337962962962963 0.23802083333333332 0.6319444444444444 0.2390625 0.6273148148148148 0.240625 0.6212962962962963 0.24348958333333334 0.6189814814814815 0.24401041666666667 0.6152777777777778 0.24609375 0.6138888888888889 0.24765625 0.6152777777777778 0.2515625 0.6171296296296296 0.2546875 0.6180555555555556 0.25546875 0.6180555555555556 0.2559895833333333 0.6212962962962963 0.2596354166666667 0.6236111111111111 0.26171875 0.6268518518518519 0.26328125 0.6296296296296297 0.2638020833333333 0.6314814814814815 0.2638020833333333 0.6328703703703704 0.26328125 0.6337962962962963 0.26328125 0.6388888888888888 0.26171875 0.6425925925925926 0.26119791666666664 0.6462962962962963 0.26015625 0.6504629629629629 0.25807291666666665 0.6578703703703703 0.2559895833333333 0.6620370370370371 0.25390625 0.6666666666666666 0.2526041666666667 0.6703703703703704 0.2520833333333333 0.6736111111111112 0.25104166666666666 0.6787037037037037 0.25078125 0.6791666666666667 0.25052083333333336 0.6828703703703703 0.25052083333333336 0.6833333333333333 0.25078125 0.6949074074074074 0.25052083333333336 0.6953703703703704 0.25026041666666665 0.6972222222222222 0.25026041666666665 0.6986111111111111 0.24973958333333332 0.700925925925926 0.24947916666666667 0.7046296296296296 0.2484375 0.7083333333333334 0.24557291666666667 0.7101851851851851 0.24296875 0.7106481481481481 0.2390625 0.7101851851851851 0.23880208333333333 0.7097222222222223 0.23619791666666667 0.7074074074074074 0.23359375 0.7050925925925926 0.2296875 0.700925925925926 0.22526041666666666 0.700462962962963 0.22421875 0.6944444444444444 0.21927083333333333
4 0.6717592592592593 0.4549479166666667 0.6717592592592593 0.45651041666666664 0.6712962962962963 0.45677083333333335 0.6712962962962963 0.4583333333333333 0.6708333333333333 0.4588541666666667 0.6722222222222223 0.46119791666666665 0.674074074074074 0.4627604166666667 0.6791666666666667 0.4640625 0.6819444444444445 0.46510416666666665 0.6842592592592592 0.46536458333333336 0.687962962962963 0.4666666666666667 0.6907407407407408 0.4669270833333333 0.6912037037037037 0.4671875 0.6930555555555555 0.4671875 0.6967592592592593 0.46822916666666664 0.7013888888888888 0.46875 0.7023148148148148 0.46927083333333336 0.7060185185185185 0.4703125 0.7087962962962963 0.4703125 0.7092592592592593 0.4705729166666667 0.7111111111111111 0.4705729166666667 0.711574074074074 0.4708333333333333 0.7162037037037037 0.4713541666666667 0.7208333333333333 0.47317708333333336 0.725 0.47369791666666666 0.725462962962963 0.4739583333333333 0.7291666666666666 0.47421875 0.7324074074074074 0.475 0.7356481481481482 0.4752604166666667 0.7425925925925926 0.47708333333333336 0.7435185185185185 0.47760416666666666 0.7462962962962963 0.4778645833333333 0.75 0.4786458333333333 0.7518518518518519 0.4796875 0.7541666666666667 0.48020833333333335 0.7564814814814815 0.48151041666666666 0.7569444444444444 0.4830729166666667 0.7574074074074074 0.48333333333333334 0.7574074074074074 0.48541666666666666 0.7578703703703704 0.4861979166666667 0.7592592592592593 0.4869791666666667 0.7611111111111111 0.48723958333333334 0.763425925925926 0.48802083333333335 0.7643518518518518 0.48776041666666664 0.7675925925925926 0.48776041666666664 0.7717592592592593 0.4861979166666667 0.7717592592592593 0.48541666666666666 0.7731481481481481 0.48359375 0.7773148148148148 0.48098958333333336 0.7791666666666667 0.47942708333333334 0.7819444444444444 0.47604166666666664 0.7828703703703703 0.47552083333333334 0.7842592592592592 0.47317708333333336 0.7842592592592592 0.47239583333333335 0.7851851851851852 0.4713541666666667 0.7851851851851852 0.46901041666666665 0.7847222222222222 0.46875 0.7847222222222222 0.46796875 0.7828703703703703 0.4666666666666667 0.7787037037037037 0.4661458333333333 0.7768518518518519 0.465625 0.7731481481481481 0.465625 0.7689814814814815 0.46640625 0.7675925925925926 0.4669270833333333 0.763425925925926 0.4669270833333333 0.7615740740740741 0.46640625 0.7555555555555555 0.46588541666666666 0.7513888888888889 0.46510416666666665 0.7439814814814815 0.4630208333333333 0.7361111111111112 0.46197916666666666 0.7287037037037037 0.45989583333333334 0.7217592592592592 0.45859375 0.7203703703703703 0.45859375 0.7175925925925926 0.4578125 0.7041666666666667 0.45546875 0.7023148148148148 0.4546875 0.6972222222222222 0.45338541666666665 0.6962962962962963 0.45338541666666665 0.6939814814814815 0.45260416666666664 0.6884259259259259 0.4515625 0.687037037037037 0.4515625 0.6851851851851852 0.4510416666666667 0.6773148148148148 0.4510416666666667 0.6731481481481482 0.453125
4 0.7324074074074074 0.48541666666666666 0.7305555555555555 0.48411458333333335 0.7287037037037037 0.48203125 0.7245370370370371 0.47994791666666664 0.7217592592592592 0.47942708333333334 0.7162037037037037 0.47942708333333334 0.7143518518518519 0.47994791666666664 0.7125 0.48098958333333336 0.711574074074074 0.48203125 0.711574074074074 0.48515625 0.712037037037037 0.48541666666666666 0.712037037037037 0.4861979166666667 0.7111111111111111 0.48723958333333334 0.7078703703703704 0.4890625 0.7041666666666667 0.4901041666666667 0.7027777777777777 0.4908854166666667 0.6907407407407408 0.4940104166666667 0.6791666666666667 0.49609375 0.6754629629629629 0.49713541666666666 0.6685185185185185 0.4981770833333333 0.6648148148148149 0.49947916666666664 0.6601851851851852 0.5002604166666667 0.6509259259259259 0.5028645833333333 0.6462962962962963 0.5036458333333333 0.6430555555555556 0.5046875 0.6398148148148148 0.5049479166666667 0.6356481481481482 0.5057291666666667 0.6305555555555555 0.50703125 0.6273148148148148 0.5083333333333333 0.625462962962963 0.5096354166666667 0.625462962962963 0.5114583333333333 0.625 0.51171875 0.625 0.5145833333333333 0.6268518518518519 0.5174479166666667 0.6305555555555555 0.51875 0.6333333333333333 0.51875 0.6337962962962963 0.5190104166666667 0.638425925925926 0.5190104166666667 0.6407407407407407 0.5184895833333333 0.6458333333333334 0.5182291666666666 0.6462962962962963 0.51796875 0.6513888888888889 0.5174479166666667 0.6541666666666667 0.5169270833333334 0.6574074074074074 0.5158854166666667 0.6611111111111111 0.5153645833333333 0.6685185185185185 0.51328125 0.6731481481481482 0.5127604166666667 0.6759259259259259 0.5119791666666667 0.6768518518518518 0.5119791666666667 0.6819444444444445 0.5104166666666666 0.6842592592592592 0.51015625 0.687962962962963 0.5088541666666667 0.6930555555555555 0.5083333333333333 0.6953703703703704 0.5075520833333333 0.6981481481481482 0.50703125 0.7 0.50703125 0.7041666666666667 0.5059895833333333 0.7064814814814815 0.5057291666666667 0.7078703703703704 0.5052083333333334 0.7111111111111111 0.5049479166666667 0.7152777777777778 0.5041666666666667 0.7171296296296297 0.5041666666666667 0.7208333333333333 0.50546875 0.7263888888888889 0.5067708333333333 0.7291666666666666 0.5067708333333333 0.7361111111111112 0.5049479166666667 0.7398148148148148 0.5028645833333333 0.7402777777777778 0.5020833333333333 0.7398148148148148 0.4973958333333333 0.7388888888888889 0.49609375 0.7384259259259259 0.4934895833333333 0.736574074074074 0.4903645833333333
4 0.47453703703703703 0.35260416666666666 0.47453703703703703 0.3536458333333333 0.4740740740740741 0.35390625 0.4740740740740741 0.3567708333333333 0.4736111111111111 0.35703125 0.47453703703703703 0.3611979166666667 0.47824074074074074 0.36302083333333335 0.48194444444444445 0.36380208333333336 0.4861111111111111 0.36380208333333336 0.48657407407407405 0.3640625 0.4888888888888889 0.3640625 0.48935185185185187 0.36432291666666666 0.49166666666666664 0.36432291666666666 0.49212962962962964 0.3645833333333333 0.4949074074074074 0.3645833333333333 0.49537037037037035 0.36484375 0.49722222222222223 0.36484375 0.5009259259259259 0.365625 0.5055555555555555 0.3658854166666667 0.5060185185185185 0.36614583333333334 0.5092592592592593 0.36614583333333334 0.5097222222222222 0.36640625 0.5125 0.36640625 0.512962962962963 0.36666666666666664 0.5189814814814815 0.36666666666666664 0.5194444444444445 0.36692708333333335 0.5217592592592593 0.36692708333333335 0.5222222222222223 0.3671875 0.524537037037037 0.3671875 0.525 0.36744791666666665 0.5282407407407408 0.36744791666666665 0.5287037037037037 0.36770833333333336 0.5342592592592592 0.36770833333333336 0.5347222222222222 0.36796875 0.5375 0.36796875 0.537962962962963 0.36822916666666666 0.5402777777777777 0.36822916666666666 0.5407407407407407 0.3684895833333333 0.5449074074074074 0.3684895833333333 0.5453703703703704 0.36875 0.5476851851851852 0.36875 0.5481481481481482 0.3690104166666667 0.5509259259259259 0.3690104166666667 0.5513888888888889 0.3692708333333333 0.5532407407407407 0.3692708333333333 0.5550925925925926 0.3697916666666667 0.5569444444444445 0.3697916666666667 0.5592592592592592 0.3703125 0.5634259259259259 0.3703125 0.5648148148148148 0.37083333333333335 0.5662037037037037 0.3736979166666667 0.5675925925925925 0.37526041666666665 0.5717592592592593 0.3770833333333333 0.5796296296296296 0.3765625 0.5814814814814815 0.37526041666666665 0.5837962962962963 0.3723958333333333 0.5842592592592593 0.3703125 0.5847222222222223 0.37005208333333334 0.5847222222222223 0.3684895833333333 0.5851851851851851 0.36822916666666666 0.5851851851851851 0.36666666666666664 0.5856481481481481 0.36640625 0.5856481481481481 0.3653645833333333 0.5861111111111111 0.3651041666666667 0.5861111111111111 0.3640625 0.587037037037037 0.3625 0.587037037037037 0.3611979166666667 0.5875 0.3609375 0.5875 0.3528645833333333 0.5861111111111111 0.35130208333333335 0.5837962962962963 0.35 0.575462962962963 0.3497395833333333 0.5745370370370371 0.35 0.5722222222222222 0.35130208333333335 0.5708333333333333 0.35260416666666666 0.5685185185185185 0.3536458333333333 0.5648148148148148 0.35390625 0.5643518518518519 0.3541666666666667 0.5634259259259259 0.35390625 0.5578703703703703 0.35390625 0.5574074074074075 0.3536458333333333 0.5546296296296296 0.3536458333333333 0.5541666666666667 0.3533854166666667 0.549537037037037 0.3533854166666667 0.549074074074074 0.353125 0.5435185185185185 0.353125 0.5430555555555555 0.3528645833333333 0.5351851851851852 0.35260416666666666 0.5347222222222222 0.35234375 0.5324074074074074 0.35234375 0.5296296296296297 0.35182291666666665 0.525 0.35182291666666665 0.524537037037037 0.3515625 0.5217592592592593 0.3515625 0.5212962962962963 0.35130208333333335 0.5185185185185185 0.35130208333333335 0.5180555555555556 0.35104166666666664 0.5152777777777777 0.35104166666666664 0.5148148148148148 0.35078125 0.5120370370370371 0.35078125 0.5115740740740741 0.35052083333333334 0.5046296296296297 0.3502604166666667 0.5041666666666667 0.35 0.5013888888888889 0.35 0.5009259259259259 0.3497395833333333 0.4962962962962963 0.3497395833333333 0.49583333333333335 0.3494791666666667 0.49027777777777776 0.3494791666666667 0.4898148148148148 0.34921875 0.48148148148148145 0.34921875 0.4810185185185185 0.3494791666666667 0.47824074074074074 0.3497395833333333 0.47638888888888886 0.35078125
5 0.8435185185185186 0.38046875 0.8384259259259259 0.38046875 0.8379629629629629 0.3802083333333333 0.837037037037037 0.38046875 0.8337962962962963 0.38046875 0.8296296296296296 0.38229166666666664 0.8282407407407407 0.3841145833333333 0.8273148148148148 0.3846354166666667 0.8273148148148148 0.3854166666666667 0.825462962962963 0.3880208333333333 0.825462962962963 0.3893229166666667 0.825925925925926 0.38958333333333334 0.8263888888888888 0.39088541666666665 0.8282407407407407 0.3927083333333333 0.8296296296296296 0.3953125 0.8305555555555556 0.39609375 0.8296296296296296 0.40078125 0.8291666666666667 0.4010416666666667 0.8282407407407407 0.403125 0.8245370370370371 0.40729166666666666 0.8245370370370371 0.4078125 0.8212962962962963 0.4109375 0.8212962962962963 0.4114583333333333 0.8203703703703704 0.4122395833333333 0.8194444444444444 0.4140625 0.8180555555555555 0.4153645833333333 0.8180555555555555 0.4158854166666667 0.8166666666666667 0.4171875 0.8166666666666667 0.41770833333333335 0.8152777777777778 0.41901041666666666 0.8152777777777778 0.41953125 0.8134259259259259 0.42135416666666664 0.8134259259259259 0.421875 0.812037037037037 0.4236979166666667 0.8125 0.42421875 0.812962962962963 0.4265625 0.8143518518518519 0.428125 0.8189814814814815 0.42994791666666665 0.8199074074074074 0.42994791666666665 0.8245370370370371 0.4309895833333333 0.8263888888888888 0.4309895833333333 0.8268518518518518 0.43125 0.8347222222222223 0.4315104166666667 0.8379629629629629 0.43046875 0.8412037037037037 0.42890625 0.8458333333333333 0.425 0.8458333333333333 0.4244791666666667 0.8490740740740741 0.42083333333333334 0.850462962962963 0.4197916666666667 0.8518518518518519 0.41692708333333334 0.8555555555555555 0.4125 0.8611111111111112 0.4083333333333333 0.862037037037037 0.40729166666666666 0.8662037037037037 0.4049479166666667 0.8694444444444445 0.40390625 0.8717592592592592 0.40390625 0.8722222222222222 0.4036458333333333 0.8768518518518519 0.4036458333333333 0.8805555555555555 0.40286458333333336 0.8828703703703704 0.40130208333333334 0.8865740740740741 0.3966145833333333 0.8861111111111111 0.3932291666666667 0.8851851851851852 0.3919270833333333 0.8782407407407408 0.38828125 0.875462962962963 0.3875 0.874537037037037 0.3875 0.8699074074074075 0.38619791666666664 0.8689814814814815 0.38567708333333334 0.8671296296296296 0.3854166666666667 0.8652777777777778 0.3846354166666667 0.8583333333333333 0.38359375 0.8532407407407407 0.38203125 0.850462962962963 0.38177083333333334 0.8476851851851852 0.3809895833333333 0.8467592592592592 0.3809895833333333 0.8462962962962963 0.3807291666666667 0.8439814814814814 0.3807291666666667
3 0.8578703703703704 0.4544270833333333 0.8564814814814815 0.4544270833333333 0.8560185185185185 0.45416666666666666 0.8495370370370371 0.45416666666666666 0.8467592592592592 0.4549479166666667 0.8412037037037037 0.4588541666666667 0.8407407407407408 0.46328125 0.8439814814814814 0.46822916666666664 0.8439814814814814 0.46953125 0.8444444444444444 0.46979166666666666 0.8439814814814814 0.47161458333333334 0.8425925925925926 0.47317708333333336 0.8416666666666667 0.47369791666666666 0.8393518518518519 0.47682291666666665 0.837037037037037 0.4783854166666667 0.8361111111111111 0.47942708333333334 0.8337962962962963 0.48072916666666665 0.8300925925925926 0.484375 0.825462962962963 0.4869791666666667 0.8245370370370371 0.48802083333333335 0.8217592592592593 0.4895833333333333 0.8199074074074074 0.49114583333333334 0.8194444444444444 0.49192708333333335 0.8166666666666667 0.4942708333333333 0.8166666666666667 0.4947916666666667 0.8143518518518519 0.49765625 0.8148148148148148 0.49921875 0.8171296296296297 0.5018229166666667 0.8236111111111111 0.5036458333333333 0.8263888888888888 0.5049479166666667 0.8300925925925926 0.5059895833333333 0.8328703703703704 0.5059895833333333 0.8337962962962963 0.50625 0.8342592592592593 0.5059895833333333 0.8384259259259259 0.5057291666666667 0.8412037037037037 0.5049479166666667 0.8425925925925926 0.50390625 0.8495370370370371 0.5002604166666667 0.8523148148148149 0.4979166666666667 0.8578703703703704 0.49453125 0.8601851851851852 0.4921875 0.8634259259259259 0.4901041666666667 0.8648148148148148 0.48880208333333336 0.8712962962962963 0.48515625 0.8773148148148148 0.48333333333333334 0.8791666666666667 0.48333333333333334 0.8796296296296297 0.4830729166666667 0.8861111111111111 0.4830729166666667 0.8865740740740741 0.48333333333333334 0.888425925925926 0.48333333333333334 0.8898148148148148 0.4828125 0.8921296296296296 0.4825520833333333 0.8958333333333334 0.48125 0.9 0.4783854166666667 0.9009259259259259 0.4739583333333333 0.9004629629629629 0.47369791666666666 0.9004629629629629 0.47213541666666664 0.9 0.471875 0.899537037037037 0.4705729166666667 0.8958333333333334 0.46901041666666665 0.8935185185185185 0.46848958333333335 0.8907407407407407 0.4671875 0.8888888888888888 0.4666666666666667 0.8847222222222222 0.4640625 0.8828703703703704 0.4635416666666667 0.8814814814814815 0.4627604166666667 0.8777777777777778 0.46171875 0.8712962962962963 0.4588541666666667 0.8634259259259259 0.45651041666666664 0.8601851851851852 0.4549479166666667 0.8592592592592593 0.4549479166666667
4 0.888425925925926 0.13854166666666667 0.8865740740740741 0.14036458333333332 0.8847222222222222 0.14140625 0.8837962962962963 0.14270833333333333 0.8837962962962963 0.146875 0.8847222222222222 0.14817708333333332 0.888425925925926 0.15130208333333334 0.8962962962962963 0.15546875 0.8967592592592593 0.15546875 0.9041666666666667 0.15989583333333332 0.9078703703703703 0.16119791666666666 0.9087962962962963 0.16197916666666667 0.9212962962962963 0.16875 0.9231481481481482 0.1703125 0.9282407407407407 0.17239583333333333 0.9337962962962963 0.17578125 0.9361111111111111 0.17786458333333333 0.937037037037037 0.1859375 0.9393518518518519 0.18880208333333334 0.9430555555555555 0.190625 0.9458333333333333 0.19114583333333332 0.9490740740740741 0.19114583333333332 0.9495370370370371 0.19088541666666667 0.950925925925926 0.19088541666666667 0.9555555555555556 0.18958333333333333 0.9564814814814815 0.18880208333333334 0.9592592592592593 0.1875 0.9657407407407408 0.18515625 0.975 0.17890625 0.9787037037037037 0.17526041666666667 0.9787037037037037 0.17473958333333334 0.9796296296296296 0.17395833333333333 0.9796296296296296 0.17291666666666666 0.9791666666666666 0.17265625 0.9791666666666666 0.17135416666666667 0.9787037037037037 0.17109375 0.9787037037037037 0.17005208333333333 0.9782407407407407 0.16953125 0.9740740740740741 0.16744791666666667 0.9703703703703703 0.16614583333333333 0.9694444444444444 0.16640625 0.9666666666666667 0.16640625 0.9638888888888889 0.1671875 0.9601851851851851 0.16744791666666667 0.9597222222222223 0.16770833333333332 0.9583333333333334 0.16770833333333332 0.9555555555555556 0.16692708333333334 0.9513888888888888 0.16458333333333333 0.950925925925926 0.16458333333333333 0.9462962962962963 0.16171875 0.9421296296296297 0.15989583333333332 0.9351851851851852 0.15572916666666667 0.9333333333333333 0.15520833333333334 0.9319444444444445 0.15416666666666667 0.9296296296296296 0.15338541666666666 0.9194444444444444 0.14739583333333334 0.9194444444444444 0.14713541666666666 0.9069444444444444 0.14036458333333332 0.9064814814814814 0.14036458333333332 0.9037037037037037 0.13854166666666667 0.9009259259259259 0.13776041666666666 0.8972222222222223 0.1375 0.8967592592592593 0.13723958333333333 0.8953703703703704 0.1375 0.8925925925925926 0.1375 0.8893518518518518 0.13854166666666667
1 0.8796296296296297 0.49296875 0.8787037037037037 0.4942708333333333 0.8791666666666667 0.49453125 0.8791666666666667 0.49583333333333335 0.8796296296296297 0.49609375 0.8796296296296297 0.49713541666666666 0.8800925925925925 0.4973958333333333 0.8800925925925925 0.4979166666666667 0.8833333333333333 0.5 0.8833333333333333 0.5002604166666667 0.8842592592592593 0.50078125 0.8851851851851852 0.5018229166666667 0.8856481481481482 0.5018229166666667 0.8888888888888888 0.5036458333333333 0.8893518518518518 0.5036458333333333 0.8907407407407407 0.5044270833333333 0.8912037037037037 0.5044270833333333 0.8944444444444445 0.50625 0.8944444444444445 0.5065104166666666 0.8976851851851851 0.5083333333333333 0.8976851851851851 0.50859375 0.9046296296296297 0.5125 0.9046296296296297 0.5127604166666667 0.9055555555555556 0.51328125 0.9055555555555556 0.5138020833333333 0.9064814814814814 0.5145833333333333 0.9069444444444444 0.5158854166666667 0.9078703703703703 0.5166666666666667 0.9078703703703703 0.5174479166666667 0.9083333333333333 0.5177083333333333 0.9083333333333333 0.5184895833333333 0.9087962962962963 0.51875 0.9087962962962963 0.51953125 0.9092592592592592 0.5197916666666667 0.9097222222222222 0.52109375 0.9157407407407407 0.5244791666666667 0.9162037037037037 0.5244791666666667 0.9199074074074074 0.5263020833333333 0.9217592592592593 0.5268229166666667 0.9226851851851852 0.5268229166666667 0.9231481481481482 0.5270833333333333 0.925 0.5270833333333333 0.9254629629629629 0.52734375 0.9282407407407407 0.52734375 0.9319444444444445 0.5263020833333333 0.9328703703703703 0.5263020833333333 0.9333333333333333 0.5260416666666666 0.9356481481481481 0.52578125 0.9365740740740741 0.5252604166666667 0.937962962962963 0.525 0.9393518518518519 0.52421875 0.9398148148148148 0.52421875 0.9416666666666667 0.5231770833333333 0.9421296296296297 0.5231770833333333 0.9453703703703704 0.5213541666666667 0.9462962962962963 0.5203125 0.9481481481481482 0.5192708333333333 0.9486111111111111 0.5184895833333333 0.95 0.5174479166666667 0.9495370370370371 0.5169270833333334 0.9495370370370371 0.51484375 0.9490740740740741 0.5145833333333333 0.9490740740740741 0.5135416666666667 0.9444444444444444 0.5111979166666667 0.9439814814814815 0.5111979166666667 0.9416666666666667 0.5098958333333333 0.9388888888888889 0.50625 0.9351851851851852 0.5052083333333334 0.9328703703703703 0.5052083333333334 0.9324074074074075 0.5049479166666667 0.9259259259259259 0.5049479166666667 0.9254629629629629 0.5046875 0.9236111111111112 0.5046875 0.9185185185185185 0.5018229166666667 0.9180555555555555 0.5018229166666667 0.9171296296296296 0.5013020833333334 0.9152777777777777 0.50078125 0.9125 0.49921875 0.9120370370370371 0.49921875 0.9078703703703703 0.49713541666666666 0.9074074074074074 0.49713541666666666 0.899537037037037 0.49270833333333336 0.899074074074074 0.49270833333333336 0.8958333333333334 0.4908854166666667 0.8944444444444445 0.490625 0.8925925925925926 0.48984375 0.8916666666666667 0.48984375 0.8912037037037037 0.4895833333333333 0.887962962962963 0.4895833333333333 0.8875 0.48984375 0.8865740740740741 0.48984375 0.8847222222222222 0.4903645833333333 0.8833333333333333 0.49114583333333334 0.8828703703703704 0.49114583333333334
4 0.9662037037037037 0.6776041666666667 0.9583333333333334 0.6731770833333334 0.9541666666666667 0.6713541666666667 0.950925925925926 0.6692708333333334 0.9472222222222222 0.66796875 0.9421296296296297 0.66796875 0.9393518518518519 0.6684895833333333 0.9351851851851852 0.6697916666666667 0.9342592592592592 0.67265625 0.9333333333333333 0.6736979166666667 0.9328703703703703 0.6768229166666667 0.9287037037037037 0.6817708333333333 0.9217592592592593 0.6861979166666666 0.9092592592592592 0.6924479166666667 0.9041666666666667 0.69453125 0.8958333333333334 0.6989583333333333 0.8921296296296296 0.7005208333333334 0.8888888888888888 0.7013020833333333 0.8847222222222222 0.7036458333333333 0.8805555555555555 0.7049479166666667 0.875462962962963 0.7080729166666667 0.8736111111111111 0.70859375 0.8722222222222222 0.709375 0.8717592592592592 0.71015625 0.8680555555555556 0.7127604166666667 0.8675925925925926 0.7171875 0.8685185185185185 0.7182291666666667 0.8731481481481481 0.7205729166666667 0.874537037037037 0.7205729166666667 0.875 0.7208333333333333 0.8828703703703704 0.7208333333333333 0.8833333333333333 0.7205729166666667 0.8847222222222222 0.7205729166666667 0.8893518518518518 0.7190104166666667 0.8907407407407407 0.7182291666666667 0.8958333333333334 0.7166666666666667 0.8981481481481481 0.7153645833333333 0.9032407407407408 0.7135416666666666 0.9087962962962963 0.71015625 0.9180555555555555 0.7067708333333333 0.9259259259259259 0.7026041666666667 0.9351851851851852 0.6986979166666667 0.937962962962963 0.6966145833333334 0.9412037037037037 0.6950520833333333 0.9472222222222222 0.6932291666666667 0.9481481481481482 0.6932291666666667 0.950462962962963 0.6921875 0.9550925925925926 0.6911458333333333 0.9671296296296297 0.69140625 0.9712962962962963 0.6903645833333333 0.9736111111111111 0.6888020833333334 0.9745370370370371 0.6856770833333333 0.975 0.6854166666666667 0.9740740740740741 0.6848958333333334 0.9712962962962963 0.6815104166666667
