1 0.25324074074074077 0.3921875 0.25092592592592594 0.39479166666666665 0.25092592592592594 0.3953125 0.25046296296296294 0.39557291666666666 0.25046296296296294 0.39765625 0.25092592592592594 0.39791666666666664 0.25092592592592594 0.39869791666666665 0.2513888888888889 0.39895833333333336 0.2513888888888889 0.39947916666666666 0.2518518518518518 0.4 0.25324074074074077 0.40078125 0.2537037037037037 0.40078125 0.2587962962962963 0.40286458333333336 0.2611111111111111 0.40338541666666666 0.2657407407407407 0.40546875 0.2662037037037037 0.40546875 0.2712962962962963 0.4075520833333333 0.2722222222222222 0.4075520833333333 0.2740740740740741 0.4080729166666667 0.27685185185185185 0.409375 0.27870370370370373 0.40989583333333335 0.2810185185185185 0.4114583333333333 0.2814814814814815 0.4119791666666667 0.2814814814814815 0.4125 0.2833333333333333 0.41432291666666665 0.28379629629629627 0.415625 0.2847222222222222 0.4166666666666667 0.28564814814814815 0.4171875 0.28564814814814815 0.41744791666666664 0.2861111111111111 0.41744791666666664 0.2912037037037037 0.4197916666666667 0.29398148148148145 0.4205729166666667 0.2972222222222222 0.4205729166666667 0.29768518518518516 0.4203125 0.2986111111111111 0.4203125 0.30277777777777776 0.421875 0.3037037037037037 0.421875 0.3060185185185185 0.42265625 0.3101851851851852 0.42265625 0.3138888888888889 0.42161458333333335 0.31851851851851853 0.41901041666666666 0.3189814814814815 0.41822916666666665 0.3212962962962963 0.41640625 0.32222222222222224 0.41510416666666666 0.32314814814814813 0.41458333333333336 0.32546296296296295 0.4119791666666667 0.32546296296296295 0.4109375 0.32592592592592595 0.41067708333333336 0.32592592592592595 0.40703125 0.325 0.40651041666666665 0.325 0.40625 0.32222222222222224 0.4046875 0.32037037037037036 0.4041666666666667 0.3194444444444444 0.4041666666666667 0.3189814814814815 0.40390625 0.31666666666666665 0.4036458333333333 0.31527777777777777 0.403125 0.3143518518518518 0.403125 0.31157407407407406 0.4015625 0.3106481481481482 0.4002604166666667 0.30787037037037035 0.39869791666666665 0.3074074074074074 0.39869791666666665 0.30648148148148147 0.39817708333333335 0.3055555555555556 0.39817708333333335 0.3050925925925926 0.39791666666666664 0.30324074074074076 0.39791666666666664 0.30277777777777776 0.39765625 0.3013888888888889 0.39765625 0.30092592592592593 0.39791666666666664 0.2972222222222222 0.39791666666666664 0.2967592592592593 0.39817708333333335 0.29074074074074074 0.39817708333333335 0.2902777777777778 0.39791666666666664 0.28935185185185186 0.39791666666666664 0.2875 0.39739583333333334 0.2861111111111111 0.39739583333333334 0.2759259259259259 0.39453125 0.275 0.39453125 0.27037037037037037 0.3932291666666667 0.26944444444444443 0.3932291666666667 0.2675925925925926 0.3927083333333333 0.26435185185185184 0.39114583333333336 0.26342592592592595 0.39088541666666665 0.2625 0.39088541666666665 0.262037037037037 0.390625 0.2569444444444444 0.390625 0.2564814814814815 0.39088541666666665 0.25555555555555554 0.39088541666666665
3 0.32175925925925924 0.16822916666666668 0.3189814814814815 0.16692708333333334 0.3148148148148148 0.16614583333333333 0.31203703703703706 0.16666666666666666 0.3106481481481482 0.16666666666666666 0.3087962962962963 0.1671875 0.3074074074074074 0.1671875 0.3037037037037037 0.16822916666666668 0.30277777777777776 0.16822916666666668 0.300462962962963 0.16927083333333334 0.29953703703703705 0.17005208333333333 0.2986111111111111 0.17161458333333332 0.2986111111111111 0.17239583333333333 0.29814814814814816 0.17265625 0.29814814814814816 0.1734375 0.29768518518518516 0.17369791666666667 0.29768518518518516 0.17447916666666666 0.2967592592592593 0.17552083333333332 0.2949074074074074 0.1765625 0.29212962962962963 0.17734375 0.2912037037037037 0.17734375 0.28935185185185186 0.178125 0.28379629629629627 0.1796875 0.2828703703703704 0.1796875 0.2810185185185185 0.18046875 0.2800925925925926 0.18046875 0.2759259259259259 0.18151041666666667 0.274537037037037 0.18151041666666667 0.27175925925925926 0.18229166666666666 0.27037037037037037 0.18229166666666666 0.2675925925925926 0.1828125 0.25925925925925924 0.18489583333333334 0.25601851851851853 0.18515625 0.25092592592592594 0.18645833333333334 0.24814814814814815 0.18671875 0.24444444444444444 0.18802083333333333 0.24305555555555555 0.1890625 0.24305555555555555 0.19322916666666667 0.2523148148148148 0.20494791666666667 0.25555555555555554 0.20625 0.25787037037037036 0.20625 0.25833333333333336 0.20651041666666667 0.2662037037037037 0.20625 0.27037037037037037 0.20546875 0.27546296296296297 0.20520833333333333 0.2796296296296296 0.20416666666666666 0.28379629629629627 0.20260416666666667 0.28703703703703703 0.20234375 0.29074074074074074 0.2015625 0.29444444444444445 0.2015625 0.29768518518518516 0.20052083333333334 0.30694444444444446 0.20052083333333334 0.30833333333333335 0.20104166666666667 0.3106481481481482 0.20130208333333333 0.31342592592592594 0.20208333333333334 0.31851851851851853 0.20390625 0.3199074074074074 0.20390625 0.32175925925925924 0.20442708333333334 0.324537037037037 0.20416666666666666 0.325 0.20390625 0.32685185185185184 0.20390625 0.32731481481481484 0.20364583333333333 0.3296296296296296 0.20364583333333333 0.33194444444444443 0.20286458333333332 0.3337962962962963 0.20260416666666667 0.33564814814814814 0.20182291666666666 0.3375 0.20026041666666666 0.33796296296296297 0.19609375 0.3375 0.19583333333333333 0.3375 0.19479166666666667 0.33611111111111114 0.19244791666666666 0.3351851851851852 0.18880208333333334 0.33425925925925926 0.18776041666666668 0.33425925925925926 0.18697916666666667 0.33287037037037037 0.18463541666666666 0.33194444444444443 0.18385416666666668 0.33055555555555555 0.18020833333333333 0.3277777777777778 0.17604166666666668 0.3277777777777778 0.17526041666666667 0.32731481481481484 0.175 0.32731481481481484 0.17421875 0.3263888888888889 0.17265625 0.32407407407407407 0.17083333333333334
4 0.19722222222222222 0.39505208333333336 0.19583333333333333 0.3963541666666667 0.19537037037037036 0.40078125 0.19907407407407407 0.4041666666666667 0.2013888888888889 0.40546875 0.20462962962962963 0.40651041666666665 0.20833333333333334 0.40859375 0.2111111111111111 0.409375 0.2125 0.41015625 0.21574074074074073 0.41119791666666666 0.22037037037037038 0.41354166666666664 0.23148148148148148 0.41770833333333335 0.23703703703703705 0.42135416666666664 0.23842592592592593 0.42161458333333335 0.24166666666666667 0.42291666666666666 0.24444444444444444 0.4234375 0.24861111111111112 0.42552083333333335 0.2518518518518518 0.42630208333333336 0.2611111111111111 0.43020833333333336 0.26342592592592595 0.4315104166666667 0.26435185185185184 0.4393229166666667 0.2675925925925926 0.44114583333333335 0.2708333333333333 0.4421875 0.27314814814814814 0.4421875 0.27361111111111114 0.44192708333333336 0.2759259259259259 0.44192708333333336 0.2763888888888889 0.44166666666666665 0.27870370370370373 0.44166666666666665 0.2810185185185185 0.44114583333333335 0.2828703703703704 0.44114583333333335 0.287962962962963 0.4395833333333333 0.28935185185185186 0.43854166666666666 0.2949074074074074 0.4356770833333333 0.2962962962962963 0.43385416666666665 0.29953703703703705 0.4315104166666667 0.30324074074074076 0.4278645833333333 0.30324074074074076 0.4270833333333333 0.3050925925925926 0.4236979166666667 0.3037037037037037 0.42213541666666665 0.30185185185185187 0.42109375 0.2986111111111111 0.4200520833333333 0.2962962962962963 0.4205729166666667 0.2935185185185185 0.4205729166666667 0.2861111111111111 0.41848958333333336 0.28425925925925927 0.41848958333333336 0.28379629629629627 0.41822916666666665 0.28194444444444444 0.41822916666666665 0.2800925925925926 0.41875 0.27870370370370373 0.41875 0.2763888888888889 0.41770833333333335 0.2740740740740741 0.4171875 0.27175925925925926 0.4158854166666667 0.26296296296296295 0.41302083333333334 0.26064814814814813 0.41171875 0.25601851851851853 0.41041666666666665 0.24814814814814815 0.40677083333333336 0.24722222222222223 0.40677083333333336 0.24305555555555555 0.4049479166666667 0.2375 0.403125 0.2361111111111111 0.40234375 0.23194444444444445 0.40130208333333334 0.22916666666666666 0.3997395833333333 0.2175925925925926 0.39557291666666666 0.2162037037037037 0.39479166666666665 0.21435185185185185 0.39453125 0.20833333333333334 0.3927083333333333 0.20555555555555555 0.3927083333333333 0.2050925925925926 0.3924479166666667 0.20046296296296295 0.39348958333333334
4 0.24074074074074073 0.4354166666666667 0.24027777777777778 0.43515625 0.2388888888888889 0.43125 0.2361111111111111 0.4276041666666667 0.2324074074074074 0.42578125 0.2300925925925926 0.42578125 0.22962962962962963 0.42552083333333335 0.22453703703703703 0.42578125 0.2212962962962963 0.4265625 0.2199074074074074 0.42734375 0.21944444444444444 0.42864583333333334 0.2175925925925926 0.43072916666666666 0.21435185185185185 0.43255208333333334 0.20555555555555555 0.434375 0.20046296296296295 0.43463541666666666 0.2 0.4348958333333333 0.19768518518518519 0.4348958333333333 0.19722222222222222 0.43515625 0.1837962962962963 0.4354166666666667 0.1814814814814815 0.4359375 0.18055555555555555 0.4356770833333333 0.17222222222222222 0.4359375 0.17175925925925925 0.4361979166666667 0.16898148148148148 0.4361979166666667 0.16435185185185186 0.43697916666666664 0.16064814814814815 0.43697916666666664 0.15833333333333333 0.4375 0.1550925925925926 0.4375 0.15462962962962962 0.43776041666666665 0.14907407407407408 0.43802083333333336 0.1486111111111111 0.43828125 0.13657407407407407 0.4388020833333333 0.1361111111111111 0.4390625 0.13333333333333333 0.4390625 0.13287037037037036 0.4393229166666667 0.1287037037037037 0.4395833333333333 0.12407407407407407 0.44114583333333335 0.12083333333333333 0.4432291666666667 0.12129629629629629 0.44375 0.12129629629629629 0.4466145833333333 0.12314814814814815 0.44947916666666665 0.12546296296296297 0.4510416666666667 0.12824074074074074 0.4515625 0.13240740740740742 0.4518229166666667 0.13287037037037036 0.45208333333333334 0.13564814814814816 0.45208333333333334 0.1361111111111111 0.45234375 0.14907407407407408 0.45234375 0.14953703703703702 0.45208333333333334 0.1574074074074074 0.45208333333333334 0.15787037037037038 0.4518229166666667 0.16342592592592592 0.4518229166666667 0.1638888888888889 0.4515625 0.17824074074074073 0.4513020833333333 0.18101851851851852 0.45078125 0.18564814814814815 0.4510416666666667 0.18796296296296297 0.4505208333333333 0.19444444444444445 0.4505208333333333 0.19490740740740742 0.45026041666666666 0.20185185185185187 0.4505208333333333 0.20462962962962963 0.45 0.20601851851851852 0.45 0.2064814814814815 0.45026041666666666 0.21157407407407408 0.45026041666666666 0.2125 0.45 0.21296296296296297 0.45026041666666666 0.2162037037037037 0.4505208333333333 0.21851851851851853 0.4513020833333333 0.22037037037037038 0.45234375 0.225 0.45390625 0.2263888888888889 0.45390625 0.22824074074074074 0.4544270833333333 0.2337962962962963 0.4544270833333333 0.23425925925925925 0.45416666666666666 0.2361111111111111 0.45416666666666666 0.2388888888888889 0.4510416666666667 0.2388888888888889 0.44921875 0.23935185185185184 0.44895833333333335 0.23935185185185184 0.44765625 0.24027777777777778 0.44609375 0.24074074074074073 0.44088541666666664 0.2412037037037037 0.440625
4 0.049074074074074076 0.2671875 0.04722222222222222 0.27057291666666666 0.047685185185185185 0.2734375 0.04861111111111111 0.275 0.05277777777777778 0.27734375 0.055092592592592596 0.278125 0.05694444444444444 0.2791666666666667 0.058333333333333334 0.2791666666666667 0.060648148148148145 0.2796875 0.06342592592592593 0.28098958333333335 0.06805555555555555 0.28203125 0.07037037037037037 0.2830729166666667 0.0763888888888889 0.2838541666666667 0.08935185185185185 0.2869791666666667 0.09722222222222222 0.28828125 0.10231481481481482 0.28958333333333336 0.10324074074074074 0.29010416666666666 0.10694444444444444 0.290625 0.11018518518518519 0.29192708333333334 0.11481481481481481 0.29322916666666665 0.11990740740740741 0.29401041666666666 0.12268518518518519 0.2947916666666667 0.12824074074074074 0.29765625 0.12916666666666668 0.2986979166666667 0.12916666666666668 0.29973958333333334 0.12962962962962962 0.3 0.13055555555555556 0.3026041666666667 0.13425925925925927 0.3046875 0.1398148148148148 0.3059895833333333 0.14675925925925926 0.30625 0.1537037037037037 0.30416666666666664 0.15787037037037038 0.30130208333333336 0.1625 0.2950520833333333 0.16342592592592592 0.2911458333333333 0.1638888888888889 0.2908854166666667 0.1638888888888889 0.28567708333333336 0.16342592592592592 0.28541666666666665 0.16342592592592592 0.2838541666666667 0.16203703703703703 0.28151041666666665 0.1597222222222222 0.28046875 0.15694444444444444 0.2799479166666667 0.1537037037037037 0.2799479166666667 0.15138888888888888 0.2791666666666667 0.14907407407407408 0.2791666666666667 0.1486111111111111 0.27890625 0.1412037037037037 0.27890625 0.1388888888888889 0.2796875 0.13564814814814816 0.2799479166666667 0.13518518518518519 0.28020833333333334 0.13055555555555556 0.2799479166666667 0.12685185185185185 0.27890625 0.12268518518518519 0.2786458333333333 0.11064814814814815 0.2755208333333333 0.10648148148148148 0.275 0.09953703703703703 0.27317708333333335 0.09537037037037037 0.27239583333333334 0.09166666666666666 0.2721354166666667 0.09027777777777778 0.2716145833333333 0.08333333333333333 0.27057291666666666 0.07592592592592592 0.26848958333333334 0.06805555555555555 0.2671875 0.06157407407407407 0.265625 0.052314814814814814 0.265625
5 0.39305555555555555 0.34817708333333336 0.39166666666666666 0.34817708333333336 0.3912037037037037 0.3484375 0.3888888888888889 0.34869791666666666 0.3875 0.34921875 0.38425925925925924 0.35104166666666664 0.38287037037037036 0.35260416666666666 0.3819444444444444 0.353125 0.3819444444444444 0.35494791666666664 0.3824074074074074 0.35520833333333335 0.3824074074074074 0.3567708333333333 0.38287037037037036 0.35703125 0.38287037037037036 0.3575520833333333 0.38472222222222224 0.35911458333333335 0.38657407407407407 0.36015625 0.3875 0.3611979166666667 0.38472222222222224 0.36484375 0.38055555555555554 0.36744791666666665 0.3768518518518518 0.37161458333333336 0.3675925925925926 0.3770833333333333 0.3675925925925926 0.37734375 0.3648148148148148 0.37916666666666665 0.3625 0.38177083333333334 0.3587962962962963 0.384375 0.35509259259259257 0.38828125 0.35509259259259257 0.3924479166666667 0.3574074074074074 0.39375 0.3611111111111111 0.39479166666666665 0.36435185185185187 0.3963541666666667 0.3680555555555556 0.3971354166666667 0.3736111111111111 0.3971354166666667 0.37407407407407406 0.396875 0.3768518518518518 0.3966145833333333 0.38564814814814813 0.39140625 0.38564814814814813 0.39114583333333336 0.38935185185185184 0.3893229166666667 0.3925925925925926 0.38619791666666664 0.39537037037037037 0.3846354166666667 0.3972222222222222 0.38307291666666665 0.4009259259259259 0.3809895833333333 0.40324074074074073 0.37916666666666665 0.4078703703703704 0.3770833333333333 0.4111111111111111 0.3763020833333333 0.41203703703703703 0.37578125 0.412962962962963 0.37578125 0.41574074074074074 0.375 0.4166666666666667 0.375 0.41712962962962963 0.37526041666666665 0.4212962962962963 0.37526041666666665 0.4236111111111111 0.37578125 0.42777777777777776 0.37578125 0.4305555555555556 0.37473958333333335 0.43425925925925923 0.3723958333333333 0.4351851851851852 0.36875 0.43287037037037035 0.36692708333333335 0.43148148148148147 0.3651041666666667 0.4300925925925926 0.36432291666666666 0.42962962962962964 0.36432291666666666 0.4217592592592593 0.35963541666666665 0.41898148148148145 0.35859375 0.41712962962962963 0.3575520833333333 0.41712962962962963 0.3572916666666667 0.41435185185185186 0.35625 0.4083333333333333 0.353125 0.40694444444444444 0.3528645833333333 0.4027777777777778 0.35130208333333335 0.3990740740740741 0.3494791666666667 0.39814814814814814 0.3494791666666667 0.3958333333333333 0.34869791666666666 0.39490740740740743 0.34869791666666666
3 0.3731481481481482 0.4197916666666667 0.3680555555555556 0.4197916666666667 0.3662037037037037 0.4203125 0.3648148148148148 0.4203125 0.36157407407407405 0.42135416666666664 0.3578703703703704 0.4234375 0.3574074074074074 0.42473958333333334 0.3560185185185185 0.4265625 0.3560185185185185 0.42734375 0.35555555555555557 0.4276041666666667 0.3578703703703704 0.43125 0.3578703703703704 0.4322916666666667 0.35555555555555557 0.4354166666666667 0.3537037037037037 0.43671875 0.3416666666666667 0.4432291666666667 0.34120370370370373 0.4432291666666667 0.33935185185185185 0.44453125 0.3347222222222222 0.44635416666666666 0.3333333333333333 0.4466145833333333 0.32916666666666666 0.44895833333333335 0.324537037037037 0.4505208333333333 0.3212962962962963 0.45338541666666665 0.3175925925925926 0.4552083333333333 0.3162037037037037 0.45677083333333335 0.3162037037037037 0.45755208333333336 0.31527777777777777 0.45859375 0.3162037037037037 0.46067708333333335 0.3175925925925926 0.46197916666666666 0.324537037037037 0.465625 0.32546296296296295 0.4666666666666667 0.3287037037037037 0.46796875 0.3337962962962963 0.46901041666666665 0.33935185185185185 0.46901041666666665 0.3398148148148148 0.46875 0.3416666666666667 0.46875 0.3425925925925926 0.46822916666666664 0.3449074074074074 0.46770833333333334 0.3458333333333333 0.4671875 0.34675925925925927 0.4671875 0.350462962962963 0.46588541666666666 0.3527777777777778 0.46458333333333335 0.35509259259259257 0.46380208333333334 0.3625 0.45989583333333334 0.36527777777777776 0.4591145833333333 0.3685185185185185 0.45729166666666665 0.37175925925925923 0.45625 0.3768518518518518 0.45364583333333336 0.38055555555555554 0.45338541666666665 0.38472222222222224 0.45234375 0.3902777777777778 0.45390625 0.39675925925925926 0.45390625 0.40324074074074073 0.45208333333333334 0.40555555555555556 0.45078125 0.4060185185185185 0.44973958333333336 0.40694444444444444 0.44895833333333335 0.40694444444444444 0.4484375 0.4078703703703704 0.44765625 0.4078703703703704 0.4466145833333333 0.4064814814814815 0.44479166666666664 0.4064814814814815 0.4440104166666667 0.4060185185185185 0.44375 0.40555555555555556 0.44244791666666666 0.4046296296296296 0.44166666666666665 0.4046296296296296 0.44114583333333335 0.40370370370370373 0.44036458333333334 0.40324074074074073 0.4393229166666667 0.4 0.43723958333333335 0.3972222222222222 0.4348958333333333 0.39490740740740743 0.43359375 0.3925925925925926 0.4315104166666667 0.3912037037037037 0.4309895833333333 0.3888888888888889 0.4296875 0.3888888888888889 0.42942708333333335 0.387037037037037 0.42864583333333334 0.38564814814814813 0.42734375 0.3824074074074074 0.42578125 0.37777777777777777 0.42239583333333336 0.3768518518518518 0.42135416666666664
4 0.575462962962963 0.12604166666666666 0.5717592592592593 0.12760416666666666 0.5694444444444444 0.13046875 0.5699074074074074 0.13411458333333334 0.5703703703703704 0.134375 0.5708333333333333 0.1359375 0.5740740740740741 0.1390625 0.575925925925926 0.14244791666666667 0.5796296296296296 0.1453125 0.5819444444444445 0.14791666666666667 0.5833333333333334 0.15052083333333333 0.5875 0.15364583333333334 0.5875 0.15416666666666667 0.5893518518518519 0.15546875 0.5916666666666667 0.15833333333333333 0.5939814814814814 0.15989583333333332 0.5986111111111111 0.16510416666666666 0.5995370370370371 0.16666666666666666 0.5995370370370371 0.16744791666666667 0.6013888888888889 0.16979166666666667 0.5990740740740741 0.17213541666666668 0.5981481481481481 0.17369791666666667 0.5976851851851852 0.17682291666666666 0.5972222222222222 0.17708333333333334 0.5976851851851852 0.17838541666666666 0.600462962962963 0.18125 0.6074074074074074 0.18541666666666667 0.6101851851851852 0.1859375 0.6148148148148148 0.1859375 0.6152777777777778 0.18567708333333333 0.6194444444444445 0.18541666666666667 0.6296296296296297 0.18203125 0.6370370370370371 0.178125 0.6425925925925926 0.17369791666666667 0.6425925925925926 0.16953125 0.6388888888888888 0.16692708333333334 0.6337962962962963 0.1625 0.6305555555555555 0.16145833333333334 0.6259259259259259 0.16145833333333334 0.624537037037037 0.16119791666666666 0.6208333333333333 0.15911458333333334 0.6203703703703703 0.15833333333333333 0.6180555555555556 0.15703125 0.6152777777777778 0.15416666666666667 0.6125 0.15208333333333332 0.6106481481481482 0.14973958333333334 0.6097222222222223 0.14921875 0.6078703703703704 0.14713541666666666 0.6069444444444444 0.14557291666666666 0.6013888888888889 0.140625 0.6 0.1390625 0.6 0.13854166666666667 0.5967592592592592 0.13619791666666667 0.5953703703703703 0.13411458333333334 0.5935185185185186 0.1328125 0.5916666666666667 0.13046875 0.5861111111111111 0.12682291666666667 0.5837962962962963 0.12604166666666666 0.5814814814814815 0.12604166666666666 0.5810185185185185 0.12578125
1 0.3925925925925926 0.46067708333333335 0.387037037037037 0.4627604166666667 0.387037037037037 0.46328125 0.38657407407407407 0.4635416666666667 0.38657407407407407 0.46432291666666664 0.3861111111111111 0.46458333333333335 0.3861111111111111 0.465625 0.38564814814814813 0.46588541666666666 0.38564814814814813 0.4666666666666667 0.3861111111111111 0.4669270833333333 0.387037037037037 0.46822916666666664 0.38796296296296295 0.46875 0.38796296296296295 0.46927083333333336 0.38842592592592595 0.46953125 0.3888888888888889 0.4703125 0.38981481481481484 0.4708333333333333 0.38981481481481484 0.47109375 0.39166666666666666 0.47291666666666665 0.3921296296296296 0.47421875 0.39351851851851855 0.4752604166666667 0.39351851851851855 0.47552083333333334 0.39537037037037037 0.47734375 0.39537037037037037 0.4778645833333333 0.3962962962962963 0.4786458333333333 0.3962962962962963 0.4791666666666667 0.39675925925925926 0.47942708333333334 0.39675925925925926 0.4796875 0.39814814814814814 0.48098958333333336 0.39814814814814814 0.48151041666666666 0.39861111111111114 0.4817708333333333 0.39861111111111114 0.48723958333333334 0.39814814814814814 0.4875 0.39814814814814814 0.4903645833333333 0.39861111111111114 0.490625 0.4 0.49244791666666665 0.40370370370370373 0.49453125 0.40370370370370373 0.4947916666666667 0.4046296296296296 0.4953125 0.4046296296296296 0.49557291666666664 0.4050925925925926 0.49583333333333335 0.4050925925925926 0.49635416666666665 0.40555555555555556 0.49661458333333336 0.40555555555555556 0.49713541666666666 0.4060185185185185 0.4973958333333333 0.4060185185185185 0.4981770833333333 0.4064814814814815 0.4984375 0.4064814814814815 0.49895833333333334 0.4078703703703704 0.5 0.4078703703703704 0.5002604166666667 0.4083333333333333 0.5002604166666667 0.4115740740740741 0.5013020833333334 0.412962962962963 0.5013020833333334 0.4152777777777778 0.5005208333333333 0.4162037037037037 0.5005208333333333 0.4166666666666667 0.5002604166666667 0.41759259259259257 0.5002604166666667 0.41805555555555557 0.5 0.41944444444444445 0.5 0.4199074074074074 0.49973958333333335 0.4203703703703704 0.5 0.4222222222222222 0.5 0.42268518518518516 0.5002604166666667 0.4236111111111111 0.5002604166666667 0.42592592592592593 0.49947916666666664 0.42685185185185187 0.49947916666666664 0.4273148148148148 0.49921875 0.42777777777777776 0.49921875 0.4287037037037037 0.4986979166666667 0.4310185185185185 0.4981770833333333 0.43333333333333335 0.496875 0.43333333333333335 0.49661458333333336 0.4351851851851852 0.49557291666666664 0.4351851851851852 0.4953125 0.43657407407407406 0.4942708333333333 0.43657407407407406 0.49375 0.4361111111111111 0.4934895833333333 0.4361111111111111 0.49270833333333336 0.4356481481481482 0.49244791666666665 0.4356481481481482 0.49166666666666664 0.4351851851851852 0.49140625 0.4351851851851852 0.4901041666666667 0.43472222222222223 0.48984375 0.43472222222222223 0.48932291666666666 0.43425925925925923 0.4890625 0.43425925925925923 0.48854166666666665 0.4337962962962963 0.48828125 0.4337962962962963 0.4875 0.43333333333333335 0.48723958333333334 0.43333333333333335 0.4864583333333333 0.43287037037037035 0.4861979166666667 0.43287037037037035 0.48515625 0.4324074074074074 0.48489583333333336 0.4324074074074074 0.48385416666666664 0.43194444444444446 0.48359375 0.43194444444444446 0.4822916666666667 0.4310185185185185 0.4817708333333333 0.42962962962962964 0.48151041666666666 0.42824074074074076 0.48072916666666665 0.42777777777777776 0.48072916666666665 0.4273148148148148 0.48046875 0.4263888888888889 0.48046875 0.42592592592592593 0.48020833333333335 0.425 0.48020833333333335 0.42453703703703705 0.47994791666666664 0.4203703703703704 0.47890625 0.41944444444444445 0.4783854166666667 0.41898148148148145 0.4783854166666667 0.41574074074074074 0.4765625 0.41574074074074074 0.47630208333333335 0.4148148148148148 0.47552083333333334 0.4148148148148148 0.475 0.4134259259259259 0.4739583333333333 0.4134259259259259 0.47369791666666666 0.41203703703703703 0.47239583333333335 0.41203703703703703 0.471875 0.4111111111111111 0.4713541666666667 0.41064814814814815 0.4705729166666667 0.40879629629629627 0.46927083333333336 0.40879629629629627 0.46901041666666665 0.40694444444444444 0.4671875 0.40694444444444444 0.4666666666666667 0.4050925925925926 0.46536458333333336 0.4050925925925926 0.46510416666666665 0.4046296296296296 0.46484375 0.40370370370370373 0.4635416666666667 0.4027777777777778 0.4630208333333333 0.4027777777777778 0.4627604166666667 0.4 0.46119791666666665 0.399537037037037 0.46119791666666665 0.3990740740740741 0.4609375 0.3976851851851852 0.4609375 0.3962962962962963 0.46041666666666664 0.3958333333333333 0.46067708333333335
4 0.35648148148148145 0.6385416666666667 0.3537037037037037 0.6364583333333333 0.35 0.6346354166666667 0.3453703703703704 0.6348958333333333 0.34444444444444444 0.6354166666666666 0.3421296296296296 0.6359375 0.3402777777777778 0.6369791666666667 0.3388888888888889 0.6385416666666667 0.33935185185185185 0.6408854166666667 0.3402777777777778 0.6424479166666667 0.337037037037037 0.6450520833333333 0.3337962962962963 0.6466145833333333 0.3287037037037037 0.6481770833333333 0.3263888888888889 0.6484375 0.3199074074074074 0.6502604166666667 0.31203703703703706 0.653125 0.30833333333333335 0.6541666666666667 0.3074074074074074 0.6541666666666667 0.3055555555555556 0.6549479166666666 0.30324074074074076 0.6552083333333333 0.29907407407407405 0.6565104166666667 0.29814814814814816 0.6565104166666667 0.28055555555555556 0.6614583333333334 0.275 0.6625 0.2712962962962963 0.6640625 0.26435185185185184 0.6658854166666667 0.26296296296296295 0.6666666666666666 0.25972222222222224 0.6674479166666667 0.25555555555555554 0.6690104166666667 0.2537037037037037 0.6703125 0.25277777777777777 0.6734375 0.2523148148148148 0.6736979166666667 0.25324074074074077 0.6752604166666667 0.25555555555555554 0.6776041666666667 0.25925925925925924 0.6791666666666667 0.2657407407407407 0.6791666666666667 0.2662037037037037 0.67890625 0.26851851851851855 0.67890625 0.2740740740740741 0.6778645833333333 0.27546296296296297 0.6778645833333333 0.2949074074074074 0.67265625 0.2986111111111111 0.6721354166666667 0.3050925925925926 0.6703125 0.3060185185185185 0.6697916666666667 0.30972222222222223 0.6692708333333334 0.3138888888888889 0.6674479166666667 0.3189814814814815 0.6661458333333333 0.3199074074074074 0.6661458333333333 0.32175925925925924 0.6653645833333334 0.3296296296296296 0.66328125 0.3337962962962963 0.6625 0.3351851851851852 0.6625 0.337037037037037 0.6619791666666667 0.3384259259259259 0.6619791666666667 0.3416666666666667 0.6611979166666667 0.3472222222222222 0.6609375 0.3476851851851852 0.6606770833333333 0.3574074074074074 0.6604166666666667 0.36527777777777776 0.6580729166666667 0.3662037037037037 0.6541666666666667 0.36574074074074076 0.65390625 0.3648148148148148 0.6505208333333333 0.362962962962963 0.6479166666666667 0.362962962962963 0.6471354166666666 0.3611111111111111 0.64453125 0.36064814814814816 0.64296875 0.3587962962962963 0.64140625
5 0.4699074074074074 0.5986979166666667 0.4675925925925926 0.6 0.4638888888888889 0.603125 0.4634259259259259 0.6044270833333333 0.46111111111111114 0.6072916666666667 0.46111111111111114 0.6106770833333334 0.46064814814814814 0.6111979166666667 0.4625 0.6122395833333333 0.46620370370370373 0.61328125 0.4685185185185185 0.6135416666666667 0.4736111111111111 0.6151041666666667 0.4773148148148148 0.615625 0.4787037037037037 0.6161458333333333 0.47962962962962963 0.6161458333333333 0.4828703703703704 0.6169270833333333 0.487962962962963 0.61875 0.4898148148148148 0.6190104166666667 0.4935185185185185 0.6205729166666667 0.5037037037037037 0.6223958333333334 0.5125 0.625 0.5148148148148148 0.6263020833333334 0.5157407407407407 0.6276041666666666 0.5157407407407407 0.6346354166666667 0.5171296296296296 0.6361979166666667 0.5180555555555556 0.63671875 0.524537037037037 0.63828125 0.5287037037037037 0.63828125 0.5305555555555556 0.63671875 0.5328703703703703 0.6354166666666666 0.5337962962962963 0.634375 0.5342592592592592 0.6322916666666667 0.5351851851851852 0.63125 0.5365740740740741 0.63046875 0.5370370370370371 0.6294270833333333 0.5398148148148149 0.6263020833333334 0.5407407407407407 0.62578125 0.5407407407407407 0.6252604166666667 0.5430555555555555 0.6229166666666667 0.5453703703703704 0.6184895833333334 0.5472222222222223 0.6166666666666667 0.5486111111111112 0.6161458333333333 0.55 0.6145833333333334 0.55 0.6140625 0.5513888888888889 0.6127604166666667 0.5513888888888889 0.6122395833333333 0.5523148148148148 0.6114583333333333 0.5523148148148148 0.6072916666666667 0.5518518518518518 0.6067708333333334 0.5486111111111112 0.6049479166666667 0.5476851851851852 0.6049479166666667 0.5421296296296296 0.6033854166666667 0.5393518518518519 0.6033854166666667 0.5365740740740741 0.6044270833333333 0.5361111111111111 0.6052083333333333 0.5347222222222222 0.60625 0.5310185185185186 0.6083333333333333 0.5300925925925926 0.60859375 0.5282407407407408 0.60859375 0.5277777777777778 0.6088541666666667 0.525 0.6088541666666667 0.5203703703703704 0.6072916666666667 0.5194444444444445 0.6072916666666667 0.5175925925925926 0.6067708333333334 0.5162037037037037 0.6067708333333334 0.5157407407407407 0.6065104166666667 0.5143518518518518 0.6065104166666667 0.5115740740740741 0.6057291666666667 0.5106481481481482 0.6052083333333333 0.5087962962962963 0.6046875 0.5078703703703704 0.6046875 0.5037037037037037 0.6033854166666667 0.500462962962963 0.603125 0.5 0.6028645833333334 0.4976851851851852 0.6028645833333334 0.49583333333333335 0.6020833333333333 0.49027777777777776 0.6005208333333333 0.487962962962963 0.6002604166666666 0.4837962962962963 0.59921875 0.4777777777777778 0.5986979166666667 0.475462962962963 0.5981770833333333 0.4726851851851852 0.5981770833333333 0.4722222222222222 0.5984375
2 0.6472222222222223 0.26796875 0.6439814814814815 0.2682291666666667 0.6416666666666667 0.26901041666666664 0.638425925925926 0.271875 0.6351851851851852 0.2791666666666667 0.6347222222222222 0.2838541666666667 0.6319444444444444 0.2908854166666667 0.6296296296296297 0.3015625 0.624537037037037 0.31796875 0.6240740740740741 0.321875 0.6199074074074075 0.334375 0.6180555555555556 0.34348958333333335 0.6152777777777778 0.35130208333333335 0.6138888888888889 0.3611979166666667 0.6087962962962963 0.3645833333333333 0.6041666666666666 0.3653645833333333 0.6 0.36666666666666664 0.5976851851851852 0.36875 0.5976851851851852 0.3731770833333333 0.6023148148148149 0.3768229166666667 0.6064814814814815 0.37890625 0.6166666666666667 0.3809895833333333 0.6199074074074075 0.3809895833333333 0.6263888888888889 0.37916666666666665 0.6347222222222222 0.37994791666666666 0.637962962962963 0.37890625 0.6416666666666667 0.3768229166666667 0.6425925925925926 0.375 0.6425925925925926 0.371875 0.6356481481481482 0.3611979166666667 0.6370370370370371 0.35911458333333335 0.638425925925926 0.35130208333333335 0.6421296296296296 0.33984375 0.6435185185185185 0.33046875 0.6462962962962963 0.3229166666666667 0.6481481481481481 0.31328125 0.65 0.30833333333333335 0.6509259259259259 0.30182291666666666 0.6537037037037037 0.2942708333333333 0.6541666666666667 0.2903645833333333 0.6587962962962963 0.27578125 0.6578703703703703 0.2713541666666667 0.6541666666666667 0.26901041666666664
4 0.7189814814814814 0.37265625 0.7148148148148148 0.37057291666666664 0.7134259259259259 0.3703125 0.7083333333333334 0.3703125 0.7027777777777777 0.37135416666666665 0.7013888888888888 0.37135416666666665 0.6972222222222222 0.3723958333333333 0.6930555555555555 0.37265625 0.6888888888888889 0.3736979166666667 0.6851851851851852 0.37395833333333334 0.6805555555555556 0.37552083333333336 0.6777777777777778 0.37578125 0.6726851851851852 0.37734375 0.6712962962962963 0.37734375 0.6643518518518519 0.37890625 0.6625 0.37890625 0.6569444444444444 0.3802083333333333 0.6541666666666667 0.3802083333333333 0.649537037037037 0.38125 0.6439814814814815 0.3815104166666667 0.6435185185185185 0.38177083333333334 0.638425925925926 0.38177083333333334 0.6370370370370371 0.38125 0.6351851851851852 0.38125 0.6287037037037037 0.37994791666666666 0.625 0.37994791666666666 0.6212962962962963 0.3807291666666667 0.6189814814814815 0.38177083333333334 0.6152777777777778 0.3815104166666667 0.6138888888888889 0.38229166666666664 0.6129629629629629 0.38333333333333336 0.6129629629629629 0.3841145833333333 0.6125 0.384375 0.6125 0.38697916666666665 0.612037037037037 0.38723958333333336 0.6125 0.3927083333333333 0.6129629629629629 0.39296875 0.6143518518518518 0.396875 0.6162037037037037 0.3984375 0.6185185185185185 0.4015625 0.6208333333333333 0.403125 0.6212962962962963 0.40390625 0.6231481481481481 0.4049479166666667 0.6268518518518519 0.40598958333333335 0.6356481481481482 0.40598958333333335 0.6361111111111111 0.40572916666666664 0.6375 0.40572916666666664 0.6393518518518518 0.40520833333333334 0.6412037037037037 0.4041666666666667 0.6421296296296296 0.40234375 0.6439814814814815 0.4005208333333333 0.6439814814814815 0.4 0.65 0.3958333333333333 0.6527777777777778 0.3953125 0.6550925925925926 0.39453125 0.6638888888888889 0.39296875 0.6652777777777777 0.3924479166666667 0.6666666666666666 0.3924479166666667 0.6680555555555555 0.3919270833333333 0.6722222222222223 0.39114583333333336 0.6736111111111112 0.39114583333333336 0.6824074074074075 0.3893229166666667 0.6842592592592592 0.3893229166666667 0.6884259259259259 0.38828125 0.6962962962962963 0.38697916666666665 0.6976851851851852 0.38645833333333335 0.700925925925926 0.3859375 0.7069444444444445 0.3841145833333333 0.7078703703703704 0.3841145833333333 0.7152777777777778 0.38177083333333334 0.7175925925925926 0.38046875 0.7199074074074074 0.3770833333333333
3 0.7680555555555556 0.18229166666666666 0.7541666666666667 0.184375 0.7509259259259259 0.18541666666666667 0.7490740740740741 0.18567708333333333 0.7467592592592592 0.18671875 0.7430555555555556 0.18776041666666668 0.7402777777777778 0.18802083333333333 0.7375 0.18880208333333334 0.736574074074074 0.18880208333333334 0.7337962962962963 0.18984375 0.7287037037037037 0.19114583333333332 0.7240740740740741 0.19322916666666667 0.7217592592592592 0.19557291666666668 0.7217592592592592 0.19609375 0.7208333333333333 0.19713541666666667 0.7212962962962963 0.19739583333333333 0.7222222222222222 0.20078125 0.7245370370370371 0.20338541666666668 0.725 0.20338541666666668 0.7282407407407407 0.20520833333333333 0.7296296296296296 0.20520833333333333 0.7319444444444444 0.20572916666666666 0.7351851851851852 0.20572916666666666 0.737037037037037 0.20651041666666667 0.7384259259259259 0.20807291666666666 0.7384259259259259 0.20859375 0.7402777777777778 0.21015625 0.7425925925925926 0.21302083333333333 0.7449074074074075 0.21484375 0.7453703703703703 0.21588541666666666 0.7462962962962963 0.21666666666666667 0.7462962962962963 0.2171875 0.7490740740740741 0.22005208333333334 0.7490740740740741 0.22057291666666667 0.750462962962963 0.22239583333333332 0.750462962962963 0.22317708333333333 0.7509259259259259 0.2234375 0.7509259259259259 0.22447916666666667 0.7513888888888889 0.22473958333333333 0.7518518518518519 0.2265625 0.7527777777777778 0.22734375 0.7532407407407408 0.22864583333333333 0.7555555555555555 0.23125 0.7555555555555555 0.23177083333333334 0.7587962962962963 0.234375 0.7606481481481482 0.23541666666666666 0.763425925925926 0.23645833333333333 0.7685185185185185 0.23645833333333333 0.7689814814814815 0.23619791666666667 0.7712962962962963 0.23619791666666667 0.7722222222222223 0.23567708333333334 0.7791666666666667 0.23385416666666667 0.7805555555555556 0.23307291666666666 0.7833333333333333 0.23229166666666667 0.7851851851851852 0.23125 0.7856481481481481 0.23125 0.7875 0.23020833333333332 0.7893518518518519 0.22838541666666667 0.7893518518518519 0.22708333333333333 0.7888888888888889 0.22682291666666668 0.7888888888888889 0.22369791666666666 0.788425925925926 0.2234375 0.7875 0.22135416666666666 0.7865740740740741 0.22057291666666667 0.7865740740740741 0.22005208333333334 0.7856481481481481 0.21901041666666668 0.7856481481481481 0.21822916666666667 0.7851851851851852 0.21796875 0.7851851851851852 0.2171875 0.7847222222222222 0.21692708333333333 0.7828703703703703 0.21328125 0.7819444444444444 0.2125 0.7819444444444444 0.21197916666666666 0.7800925925925926 0.209375 0.7800925925925926 0.20859375 0.7791666666666667 0.2078125 0.7791666666666667 0.20729166666666668 0.7773148148148148 0.2046875 0.7763888888888889 0.196875 0.7791666666666667 0.19505208333333332 0.7805555555555556 0.19348958333333333 0.7805555555555556 0.18984375 0.7800925925925926 0.18958333333333333 0.7800925925925926 0.18880208333333334 0.7796296296296297 0.18854166666666666 0.7791666666666667 0.18723958333333332 0.775 0.1828125 0.774074074074074 0.1828125 0.7736111111111111 0.18255208333333334 0.7685185185185185 0.18255208333333334
2 0.6717592592592593 0.51015625 0.6657407407407407 0.5088541666666667 0.6620370370370371 0.5072916666666667 0.6587962962962963 0.50703125 0.6546296296296297 0.5057291666666667 0.6504629629629629 0.5059895833333333 0.6430555555555556 0.5096354166666667 0.6435185185185185 0.5135416666666667 0.6481481481481481 0.515625 0.649537037037037 0.5174479166666667 0.6430555555555556 0.5255208333333333 0.638425925925926 0.5291666666666667 0.625 0.54296875 0.6152777777777778 0.5515625 0.6060185185185185 0.56171875 0.5995370370370371 0.5671875 0.5944444444444444 0.5731770833333333 0.5907407407407408 0.57578125 0.5708333333333333 0.5971354166666667 0.5638888888888889 0.6036458333333333 0.5625 0.6078125 0.5638888888888889 0.609375 0.5671296296296297 0.6111979166666667 0.5717592592592593 0.6122395833333333 0.5768518518518518 0.6122395833333333 0.5796296296296296 0.61171875 0.5833333333333334 0.6091145833333333 0.5958333333333333 0.5955729166666667 0.6078703703703704 0.5846354166666666 0.6199074074074075 0.5713541666666667 0.6240740740740741 0.5682291666666667 0.6287037037037037 0.5630208333333333 0.6314814814814815 0.5609375 0.6356481481481482 0.5557291666666667 0.6550925925925926 0.5380208333333333 0.6606481481481481 0.5315104166666667 0.663425925925926 0.5296875 0.6662037037037037 0.5268229166666667 0.6703703703703704 0.52421875 0.675 0.5229166666666667 0.6814814814814815 0.5234375 0.6856481481481481 0.521875 0.6865740740740741 0.51953125 0.6861111111111111 0.5169270833333334 0.6805555555555556 0.51328125
3 0.6375 0.6424479166666667 0.6305555555555555 0.6424479166666667 0.6296296296296297 0.64296875 0.6273148148148148 0.6434895833333333 0.6226851851851852 0.6463541666666667 0.6226851851851852 0.6471354166666666 0.6212962962962963 0.6494791666666667 0.6166666666666667 0.6544270833333333 0.6166666666666667 0.6549479166666666 0.6148148148148148 0.6567708333333333 0.6134259259259259 0.659375 0.6106481481481482 0.6622395833333333 0.6097222222222223 0.6643229166666667 0.6083333333333333 0.665625 0.6083333333333333 0.6661458333333333 0.6074074074074074 0.6666666666666666 0.6074074074074074 0.6671875 0.6055555555555555 0.6692708333333334 0.6046296296296296 0.6697916666666667 0.6037037037037037 0.6716145833333333 0.6023148148148149 0.6723958333333333 0.5995370370370371 0.6731770833333334 0.5939814814814814 0.6731770833333334 0.5935185185185186 0.6734375 0.5875 0.6736979166666667 0.5856481481481481 0.6752604166666667 0.5833333333333334 0.6765625 0.5824074074074074 0.6776041666666667 0.5814814814814815 0.6809895833333334 0.5810185185185185 0.68125 0.5814814814814815 0.6846354166666667 0.5824074074074074 0.6859375 0.5888888888888889 0.6893229166666667 0.5925925925925926 0.6901041666666666 0.5972222222222222 0.6919270833333333 0.5995370370370371 0.6932291666666667 0.600462962962963 0.6932291666666667 0.6069444444444444 0.6950520833333333 0.6097222222222223 0.6953125 0.611574074074074 0.6958333333333333 0.6143518518518518 0.6973958333333333 0.6194444444444445 0.6989583333333333 0.6203703703703703 0.6989583333333333 0.624537037037037 0.7 0.6268518518518519 0.7010416666666667 0.6310185185185185 0.7010416666666667 0.637962962962963 0.6994791666666667 0.6407407407407407 0.6971354166666667 0.6435185185185185 0.6932291666666667 0.6444444444444445 0.6893229166666667 0.6430555555555556 0.6877604166666667 0.6421296296296296 0.6856770833333333 0.637962962962963 0.6815104166666667 0.638425925925926 0.6809895833333334 0.638425925925926 0.6791666666666667 0.6388888888888888 0.67890625 0.6388888888888888 0.6770833333333334 0.6393518518518518 0.6768229166666667 0.6393518518518518 0.67578125 0.6398148148148148 0.6755208333333333 0.6398148148148148 0.6747395833333333 0.6402777777777777 0.6744791666666666 0.6412037037037037 0.6721354166666667 0.6425925925925926 0.6708333333333333 0.6472222222222223 0.6630208333333333 0.6509259259259259 0.6588541666666666 0.6518518518518519 0.6565104166666667 0.6537037037037037 0.6541666666666667 0.6541666666666667 0.6505208333333333 0.6546296296296297 0.6502604166666667 0.6532407407407408 0.6494791666666667 0.6513888888888889 0.64765625 0.649074074074074 0.6463541666666667 0.6439814814814815 0.6450520833333333 0.6393518518518518 0.64296875
4 0.7060185185185185 0.4236979166666667 0.7041666666666667 0.42526041666666664 0.6995370370370371 0.4278645833333333 0.6990740740740741 0.42864583333333334 0.6944444444444444 0.4315104166666667 0.6902777777777778 0.4356770833333333 0.6884259259259259 0.4395833333333333 0.6921296296296297 0.44296875 0.6967592592592593 0.44427083333333334 0.700925925925926 0.44427083333333334 0.7046296296296296 0.4434895833333333 0.7092592592592593 0.44375 0.7101851851851851 0.44427083333333334 0.7162037037037037 0.44583333333333336 0.7208333333333333 0.4484375 0.725462962962963 0.45026041666666666 0.7300925925925926 0.453125 0.7347222222222223 0.4552083333333333 0.736574074074074 0.4557291666666667 0.7398148148148148 0.45755208333333336 0.7402777777777778 0.45755208333333336 0.7486111111111111 0.4625 0.7509259259259259 0.46458333333333335 0.7541666666666667 0.46640625 0.7574074074074074 0.4674479166666667 0.763425925925926 0.4700520833333333 0.7662037037037037 0.4705729166666667 0.7712962962962963 0.47213541666666664 0.7731481481481481 0.47213541666666664 0.7736111111111111 0.47239583333333335 0.7791666666666667 0.47239583333333335 0.7828703703703703 0.47109375 0.7837962962962963 0.4705729166666667 0.7851851851851852 0.46822916666666664 0.7851851851851852 0.4674479166666667 0.7856481481481481 0.4671875 0.7851851851851852 0.465625 0.7828703703703703 0.4627604166666667 0.7796296296296297 0.4609375 0.7768518518518519 0.4588541666666667 0.7708333333333334 0.4557291666666667 0.7675925925925926 0.4544270833333333 0.7611111111111111 0.4505208333333333 0.7564814814814815 0.44869791666666664 0.7532407407407408 0.446875 0.750462962962963 0.44583333333333336 0.737037037037037 0.4388020833333333 0.7356481481481482 0.4375 0.7310185185185185 0.43463541666666666 0.7277777777777777 0.4315104166666667 0.7277777777777777 0.43072916666666666 0.7282407407407407 0.43046875 0.7282407407407407 0.42682291666666666 0.725925925925926 0.4236979166666667 0.7203703703703703 0.42161458333333335 0.7152777777777778 0.421875 0.712037037037037 0.42265625 0.7097222222222223 0.42265625
2 0.7328703703703704 0.46927083333333336 0.725 0.46432291666666664 0.7208333333333333 0.4630208333333333 0.7166666666666667 0.4627604166666667 0.7125 0.46380208333333334 0.7074074074074074 0.46640625 0.7087962962962963 0.4708333333333333 0.7032407407407407 0.47421875 0.6726851851851852 0.48333333333333334 0.6694444444444444 0.48359375 0.6648148148148149 0.48515625 0.6615740740740741 0.4856770833333333 0.6546296296296297 0.48854166666666665 0.6328703703703704 0.49375 0.6231481481481481 0.496875 0.6175925925925926 0.4979166666666667 0.5958333333333333 0.5049479166666667 0.5837962962962963 0.5075520833333333 0.575925925925926 0.51015625 0.5615740740740741 0.5135416666666667 0.5574074074074075 0.5153645833333333 0.5518518518518518 0.5166666666666667 0.549074074074074 0.5182291666666666 0.5472222222222223 0.5208333333333334 0.5472222222222223 0.521875 0.549537037037037 0.5252604166666667 0.5527777777777778 0.5276041666666667 0.5560185185185185 0.528125 0.562037037037037 0.528125 0.5671296296296297 0.52734375 0.5921296296296297 0.5205729166666667 0.612037037037037 0.5143229166666666 0.6226851851851852 0.5119791666666667 0.6263888888888889 0.5104166666666666 0.6398148148148148 0.50859375 0.6481481481481481 0.50546875 0.6546296296296297 0.5041666666666667 0.6587962962962963 0.5015625 0.6680555555555555 0.49947916666666664 0.6712962962962963 0.4979166666666667 0.6777777777777778 0.49635416666666665 0.6800925925925926 0.4953125 0.7111111111111111 0.4869791666666667 0.7171296296296297 0.4864583333333333 0.7282407407407407 0.4890625 0.7319444444444444 0.4890625 0.736574074074074 0.48776041666666664 0.7398148148148148 0.4856770833333333 0.7407407407407407 0.4822916666666667 0.737037037037037 0.4744791666666667
5 0.7212962962962963 0.57890625 0.7166666666666667 0.5791666666666667 0.7162037037037037 0.5794270833333334 0.7134259259259259 0.5796875 0.7125 0.5799479166666667 0.712037037037037 0.5807291666666666 0.7106481481481481 0.5817708333333333 0.7106481481481481 0.5822916666666667 0.7097222222222223 0.5830729166666667 0.7097222222222223 0.58359375 0.7087962962962963 0.5846354166666666 0.7087962962962963 0.5854166666666667 0.7083333333333334 0.5856770833333333 0.7083333333333334 0.58671875 0.7078703703703704 0.5869791666666667 0.7078703703703704 0.5880208333333333 0.7074074074074074 0.58828125 0.7074074074074074 0.5893229166666667 0.7069444444444445 0.5895833333333333 0.7064814814814815 0.5916666666666667 0.7041666666666667 0.5950520833333334 0.7037037037037037 0.59765625 0.7032407407407407 0.5979166666666667 0.7032407407407407 0.5989583333333334 0.7027777777777777 0.59921875 0.7023148148148148 0.60234375 0.7018518518518518 0.6026041666666667 0.7018518518518518 0.6036458333333333 0.7013888888888888 0.60390625 0.7013888888888888 0.6046875 0.700925925925926 0.6049479166666667 0.700925925925926 0.6057291666666667 0.700462962962963 0.6059895833333333 0.700462962962963 0.6067708333333334 0.7 0.60703125 0.6990740740740741 0.6096354166666667 0.6972222222222222 0.6109375 0.6930555555555555 0.6111979166666667 0.6925925925925925 0.6114583333333333 0.6912037037037037 0.6114583333333333 0.6888888888888889 0.6119791666666666 0.6861111111111111 0.6119791666666666 0.6851851851851852 0.6122395833333333 0.6828703703703703 0.6135416666666667 0.6814814814814815 0.6151041666666667 0.6814814814814815 0.61640625 0.6810185185185185 0.6166666666666667 0.6810185185185185 0.6177083333333333 0.6805555555555556 0.61796875 0.6805555555555556 0.6197916666666666 0.6810185185185185 0.6200520833333333 0.6814814814814815 0.621875 0.6824074074074075 0.6229166666666667 0.6856481481481481 0.6247395833333333 0.6861111111111111 0.6247395833333333 0.6893518518518519 0.6265625 0.6893518518518519 0.6268229166666667 0.6912037037037037 0.6268229166666667 0.6916666666666667 0.6270833333333333 0.6953703703703704 0.62734375 0.6972222222222222 0.6278645833333333 0.6986111111111111 0.6278645833333333 0.6990740740740741 0.628125 0.7027777777777777 0.6286458333333333 0.7041666666666667 0.6291666666666667 0.7055555555555556 0.6291666666666667 0.7087962962962963 0.6299479166666667 0.7101851851851851 0.6299479166666667 0.7106481481481481 0.6302083333333334 0.7138888888888889 0.63046875 0.7143518518518519 0.6307291666666667 0.7171296296296297 0.6307291666666667 0.7199074074074074 0.6299479166666667 0.725925925925926 0.6299479166666667 0.7263888888888889 0.6302083333333334 0.7291666666666666 0.6302083333333334 0.7296296296296296 0.6299479166666667 0.7361111111111112 0.6299479166666667 0.7398148148148148 0.6276041666666666 0.7398148148148148 0.6270833333333333 0.7402777777777778 0.6268229166666667 0.7402777777777778 0.6244791666666667 0.7407407407407407 0.62421875 0.7407407407407407 0.6213541666666667 0.7402777777777778 0.62109375 0.7402777777777778 0.61953125 0.7398148148148148 0.6190104166666667 0.7375 0.61796875 0.7375 0.6177083333333333 0.7328703703703704 0.6145833333333334 0.7319444444444444 0.6119791666666666 0.7314814814814815 0.61171875 0.7319444444444444 0.6091145833333333 0.7324074074074074 0.6088541666666667 0.7324074074074074 0.6075520833333333 0.7328703703703704 0.6072916666666667 0.7328703703703704 0.60546875 0.7333333333333333 0.6052083333333333 0.7333333333333333 0.603125 0.7337962962962963 0.6028645833333334 0.7337962962962963 0.6018229166666667 0.7347222222222223 0.6005208333333333 0.7351851851851852 0.5981770833333333 0.7361111111111112 0.596875 0.737037037037037 0.59296875 0.7375 0.5927083333333333 0.7375 0.5919270833333333 0.7379629629629629 0.5916666666666667 0.7379629629629629 0.5908854166666667 0.7384259259259259 0.590625 0.7384259259259259 0.58984375 0.7393518518518518 0.5885416666666666 0.7398148148148148 0.58359375 0.737037037037037 0.5815104166666667 0.7337962962962963 0.58046875 0.7328703703703704 0.58046875 0.7314814814814815 0.5799479166666667 0.7296296296296296 0.5799479166666667 0.7291666666666666 0.5796875 0.7273148148148149 0.5796875 0.7268518518518519 0.5794270833333334 0.725 0.5794270833333334 0.7245370370370371 0.5791666666666667 0.7217592592592592 0.5791666666666667
6 0.7273148148148149 0.6609375 0.7263888888888889 0.6614583333333334 0.725925925925926 0.6614583333333334 0.7240740740740741 0.6622395833333333 0.7240740740740741 0.6625 0.7222222222222222 0.6638020833333333 0.7212962962962963 0.6651041666666667 0.7203703703703703 0.665625 0.7203703703703703 0.6658854166666667 0.7194444444444444 0.66640625 0.7194444444444444 0.6666666666666666 0.7175925925925926 0.6677083333333333 0.7175925925925926 0.66796875 0.7162037037037037 0.66875 0.7162037037037037 0.6690104166666667 0.7143518518518519 0.6703125 0.7143518518518519 0.6705729166666666 0.712037037037037 0.6729166666666667 0.712037037037037 0.6734375 0.711574074074074 0.6736979166666667 0.711574074074074 0.6778645833333333 0.712037037037037 0.678125 0.712037037037037 0.67890625 0.7125 0.6791666666666667 0.7125 0.6799479166666667 0.7129629629629629 0.6802083333333333 0.7129629629629629 0.6807291666666667 0.7166666666666667 0.6846354166666667 0.7166666666666667 0.68515625 0.7171296296296297 0.6854166666666667 0.7185185185185186 0.6856770833333333 0.7217592592592592 0.6875 0.7217592592592592 0.6877604166666667 0.7245370370370371 0.6895833333333333 0.725 0.6895833333333333 0.7273148148148149 0.690625 0.7277777777777777 0.690625 0.7291666666666666 0.6911458333333333 0.7300925925925926 0.6911458333333333 0.7314814814814815 0.6916666666666667 0.7324074074074074 0.6916666666666667 0.7328703703703704 0.6919270833333333 0.7351851851851852 0.6919270833333333 0.7356481481481482 0.6921875 0.737037037037037 0.6921875 0.7375 0.6924479166666667 0.7388888888888889 0.6924479166666667 0.7393518518518518 0.6927083333333334 0.7425925925925926 0.6927083333333334 0.7430555555555556 0.69296875 0.7476851851851852 0.69296875 0.7481481481481481 0.6927083333333334 0.7513888888888889 0.6927083333333334 0.7518518518518519 0.6924479166666667 0.7537037037037037 0.6924479166666667 0.7541666666666667 0.6921875 0.7550925925925925 0.6921875 0.7555555555555555 0.6919270833333333 0.7564814814814815 0.6919270833333333 0.7569444444444444 0.6916666666666667 0.7592592592592593 0.69140625 0.763425925925926 0.6890625 0.763425925925926 0.6888020833333334 0.7638888888888888 0.6885416666666667 0.7638888888888888 0.6880208333333333 0.7648148148148148 0.6872395833333333 0.7648148148148148 0.68671875 0.7662037037037037 0.6854166666666667 0.7662037037037037 0.6846354166666667 0.7666666666666667 0.684375 0.7666666666666667 0.6838541666666667 0.7675925925925926 0.6830729166666667 0.7675925925925926 0.6825520833333333 0.7680555555555556 0.6822916666666666 0.7680555555555556 0.6817708333333333 0.7685185185185185 0.6815104166666667 0.7685185185185185 0.6809895833333334 0.7689814814814815 0.6807291666666667 0.7689814814814815 0.6799479166666667 0.7694444444444445 0.6796875 0.7694444444444445 0.6791666666666667 0.7699074074074074 0.67890625 0.7699074074074074 0.6783854166666666 0.7703703703703704 0.678125 0.7703703703703704 0.675 0.7699074074074074 0.6747395833333333 0.7699074074074074 0.6731770833333334 0.7694444444444445 0.6729166666666667 0.7694444444444445 0.6723958333333333 0.7689814814814815 0.6721354166666667 0.7685185185185185 0.6708333333333333 0.7680555555555556 0.6705729166666666 0.7666666666666667 0.66875 0.7657407407407407 0.6682291666666667 0.7648148148148148 0.6669270833333333 0.7638888888888888 0.66640625 0.763425925925926 0.665625 0.7625 0.6651041666666667 0.7625 0.66484375 0.7615740740740741 0.6643229166666667 0.7615740740740741 0.6640625 0.7606481481481482 0.6635416666666667 0.7606481481481482 0.66328125 0.7587962962962963 0.6622395833333333 0.7583333333333333 0.6622395833333333 0.7560185185185185 0.6614583333333334 0.7546296296296297 0.6614583333333334 0.7541666666666667 0.6611979166666667 0.7523148148148148 0.6611979166666667 0.7518518518518519 0.6609375 0.7509259259259259 0.6609375 0.750462962962963 0.6606770833333333 0.7490740740740741 0.6606770833333333 0.7486111111111111 0.6604166666666667 0.7462962962962963 0.6604166666666667 0.7458333333333333 0.66015625 0.7421296296296296 0.66015625 0.7416666666666667 0.6598958333333333 0.7342592592592593 0.6598958333333333 0.7337962962962963 0.66015625 0.7310185185185185 0.66015625 0.7305555555555555 0.6604166666666667 0.7291666666666666 0.6604166666666667 0.7287037037037037 0.6606770833333333
2 0.8513888888888889 0.5395833333333333 0.8407407407407408 0.53984375 0.8379629629629629 0.5411458333333333 0.8361111111111111 0.5447916666666667 0.8375 0.5471354166666667 0.8449074074074074 0.5505208333333333 0.8458333333333333 0.5518229166666667 0.8458333333333333 0.5580729166666667 0.8435185185185186 0.5653645833333333 0.8393518518518519 0.5921875 0.836574074074074 0.6026041666666667 0.8319444444444445 0.6341145833333334 0.8296296296296296 0.6434895833333333 0.8291666666666667 0.65078125 0.8300925925925926 0.6533854166666667 0.8319444444444445 0.6546875 0.8384259259259259 0.6567708333333333 0.8458333333333333 0.65703125 0.8486111111111111 0.6559895833333333 0.8513888888888889 0.6541666666666667 0.8527777777777777 0.6510416666666666 0.8541666666666666 0.6419270833333334 0.8555555555555555 0.6390625 0.8564814814814815 0.63125 0.8587962962962963 0.62265625 0.8587962962962963 0.6184895833333334 0.861574074074074 0.603125 0.8662037037037037 0.5854166666666667 0.8680555555555556 0.5752604166666667 0.8680555555555556 0.5713541666666667 0.8712962962962963 0.5567708333333333 0.875 0.55234375 0.8773148148148148 0.5513020833333333 0.8824074074074074 0.5505208333333333 0.8847222222222222 0.5489583333333333 0.8847222222222222 0.5442708333333334 0.8810185185185185 0.5424479166666667 0.8763888888888889 0.54140625 0.8726851851851852 0.54140625 0.8685185185185185 0.540625
4 0.9518518518518518 0.35390625 0.950925925925926 0.353125 0.9462962962962963 0.3515625 0.9435185185185185 0.35104166666666664 0.9416666666666667 0.35104166666666664 0.9412037037037037 0.35078125 0.9375 0.35078125 0.937037037037037 0.35104166666666664 0.9356481481481481 0.35104166666666664 0.9314814814814815 0.35182291666666665 0.9282407407407407 0.3528645833333333 0.9254629629629629 0.3533854166666667 0.924074074074074 0.3533854166666667 0.9236111111111112 0.3536458333333333 0.9222222222222223 0.3536458333333333 0.9217592592592593 0.35390625 0.9199074074074074 0.35390625 0.9194444444444444 0.3541666666666667 0.9162037037037037 0.35442708333333334 0.9041666666666667 0.35703125 0.9009259259259259 0.3572916666666667 0.899537037037037 0.3578125 0.8944444444444445 0.3580729166666667 0.8921296296296296 0.35859375 0.888425925925926 0.35859375 0.8837962962962963 0.35989583333333336 0.8782407407407408 0.35989583333333336 0.8777777777777778 0.36015625 0.8763888888888889 0.36015625 0.8712962962962963 0.35911458333333335 0.8657407407407407 0.35885416666666664 0.8652777777777778 0.35859375 0.8629629629629629 0.35859375 0.8625 0.35833333333333334 0.8587962962962963 0.35833333333333334 0.8537037037037037 0.359375 0.850462962962963 0.35963541666666665 0.8495370370370371 0.35989583333333336 0.8476851851851852 0.3611979166666667 0.8476851851851852 0.3619791666666667 0.8458333333333333 0.3645833333333333 0.8458333333333333 0.3653645833333333 0.8444444444444444 0.36770833333333336 0.8444444444444444 0.36875 0.8439814814814814 0.3690104166666667 0.8444444444444444 0.36953125 0.8444444444444444 0.3734375 0.8462962962962963 0.37604166666666666 0.8462962962962963 0.3768229166666667 0.850925925925926 0.38125 0.8527777777777777 0.38255208333333335 0.8569444444444444 0.3846354166666667 0.8601851851851852 0.3854166666666667 0.8629629629629629 0.3854166666666667 0.8634259259259259 0.38567708333333334 0.8726851851851852 0.3846354166666667 0.8768518518518519 0.38229166666666664 0.8805555555555555 0.37786458333333334 0.8842592592592593 0.37526041666666665 0.888425925925926 0.37421875 0.8893518518518518 0.37421875 0.8925925925925926 0.3731770833333333 0.8962962962962963 0.3729166666666667 0.9 0.371875 0.9027777777777778 0.37161458333333336 0.9087962962962963 0.3703125 0.9148148148148149 0.3697916666666667 0.9171296296296296 0.3692708333333333 0.9189814814814815 0.3692708333333333 0.9231481481481482 0.36822916666666666 0.9277777777777778 0.36822916666666666 0.9314814814814815 0.36666666666666664 0.9361111111111111 0.36614583333333334 0.9393518518518519 0.3651041666666667 0.9430555555555555 0.36484375 0.9453703703703704 0.36380208333333336 0.9481481481481482 0.36302083333333335 0.9518518518518518 0.3609375 0.9537037037037037 0.3580729166666667 0.9537037037037037 0.3567708333333333 0.9518518518518518 0.35442708333333334
3 0.8726851851851852 0.5765625 0.8699074074074075 0.5778645833333333 0.8680555555555556 0.5796875 0.8675925925925926 0.5817708333333333 0.8671296296296296 0.58203125 0.8671296296296296 0.5833333333333334 0.8666666666666667 0.58359375 0.8666666666666667 0.5872395833333334 0.8662037037037037 0.5875 0.8675925925925926 0.5901041666666667 0.8708333333333333 0.5919270833333333 0.8712962962962963 0.5927083333333333 0.8712962962962963 0.5934895833333333 0.8726851851851852 0.5955729166666667 0.8722222222222222 0.5963541666666666 0.8722222222222222 0.59921875 0.8712962962962963 0.6005208333333333 0.8703703703703703 0.60390625 0.8675925925925926 0.6080729166666666 0.8666666666666667 0.6114583333333333 0.8634259259259259 0.6169270833333333 0.8634259259259259 0.61796875 0.8625 0.61953125 0.8625 0.6208333333333333 0.861574074074074 0.6221354166666667 0.861574074074074 0.6234375 0.8634259259259259 0.6265625 0.8689814814814815 0.62890625 0.8736111111111111 0.6291666666666667 0.875462962962963 0.6296875 0.8796296296296297 0.6299479166666667 0.8837962962962963 0.6307291666666667 0.8921296296296296 0.63046875 0.8930555555555556 0.6302083333333334 0.8986111111111111 0.6268229166666667 0.9009259259259259 0.6221354166666667 0.9041666666666667 0.6190104166666667 0.9041666666666667 0.6182291666666667 0.9050925925925926 0.6169270833333333 0.9050925925925926 0.6158854166666666 0.9055555555555556 0.615625 0.9055555555555556 0.6145833333333334 0.9060185185185186 0.6143229166666667 0.9060185185185186 0.61328125 0.9064814814814814 0.6130208333333333 0.9064814814814814 0.6119791666666666 0.9069444444444444 0.61171875 0.9069444444444444 0.6106770833333334 0.9083333333333333 0.6083333333333333 0.9083333333333333 0.6072916666666667 0.9092592592592592 0.6065104166666667 0.9120370370370371 0.6015625 0.9157407407407407 0.59921875 0.9171296296296296 0.59921875 0.9175925925925926 0.5989583333333334 0.9236111111111112 0.5989583333333334 0.9263888888888889 0.5981770833333333 0.9277777777777778 0.5973958333333333 0.9296296296296296 0.5950520833333334 0.9296296296296296 0.5940104166666667 0.9305555555555556 0.5924479166666666 0.9305555555555556 0.5888020833333333 0.9300925925925926 0.5885416666666666 0.9300925925925926 0.5877604166666667 0.9273148148148148 0.5861979166666667 0.9236111111111112 0.58515625 0.9199074074074074 0.5846354166666666 0.9175925925925926 0.58359375 0.9166666666666666 0.58359375 0.912962962962963 0.5825520833333333 0.9120370370370371 0.58203125 0.9106481481481481 0.58203125 0.9074074074074074 0.58125 0.9037037037037037 0.5809895833333333 0.899537037037037 0.5799479166666667 0.8930555555555556 0.5791666666666667 0.888425925925926 0.5778645833333333 0.8847222222222222 0.5778645833333333 0.8814814814814815 0.5768229166666666
4 0.8689814814814815 0.275 0.8689814814814815 0.27630208333333334 0.8694444444444445 0.2765625 0.8694444444444445 0.2799479166666667 0.8712962962962963 0.2830729166666667 0.8722222222222222 0.2833333333333333 0.8787037037037037 0.28359375 0.8791666666666667 0.2838541666666667 0.8861111111111111 0.2838541666666667 0.8865740740740741 0.28411458333333334 0.8907407407407407 0.2838541666666667 0.8939814814814815 0.2830729166666667 0.9004629629629629 0.2796875 0.9050925925925926 0.2794270833333333 0.9055555555555556 0.2796875 0.9083333333333333 0.2796875 0.9111111111111111 0.28020833333333334 0.9138888888888889 0.28020833333333334 0.9143518518518519 0.28046875 0.9171296296296296 0.28046875 0.9199074074074074 0.28098958333333335 0.9222222222222223 0.28098958333333335 0.9226851851851852 0.28125 0.924537037037037 0.28125 0.9273148148148148 0.28177083333333336 0.9319444444444445 0.28177083333333336 0.9324074074074075 0.28203125 0.9361111111111111 0.28229166666666666 0.9398148148148148 0.2830729166666667 0.9430555555555555 0.2830729166666667 0.9435185185185185 0.2833333333333333 0.9462962962962963 0.2833333333333333 0.9467592592592593 0.28359375 0.950462962962963 0.28359375 0.950925925925926 0.2838541666666667 0.9564814814814815 0.28411458333333334 0.9569444444444445 0.284375 0.9611111111111111 0.284375 0.961574074074074 0.28463541666666664 0.9712962962962963 0.28463541666666664 0.9726851851851852 0.28411458333333334 0.9745370370370371 0.2838541666666667 0.975925925925926 0.2830729166666667 0.9791666666666666 0.2796875 0.9791666666666666 0.2747395833333333 0.9782407407407407 0.2734375 0.975925925925926 0.27265625 0.9703703703703703 0.2716145833333333 0.9662037037037037 0.2716145833333333 0.9634259259259259 0.27109375 0.9606481481481481 0.27109375 0.9601851851851851 0.2708333333333333 0.9578703703703704 0.2708333333333333 0.9550925925925926 0.2703125 0.9458333333333333 0.26979166666666665 0.9453703703703704 0.26953125 0.9435185185185185 0.26953125 0.9430555555555555 0.26927083333333335 0.9412037037037037 0.26927083333333335 0.9384259259259259 0.26875 0.9356481481481481 0.26875 0.9328703703703703 0.2682291666666667 0.9305555555555556 0.2682291666666667 0.9300925925925926 0.26796875 0.9277777777777778 0.26796875 0.9273148148148148 0.2677083333333333 0.924537037037037 0.2677083333333333 0.9194444444444444 0.26666666666666666 0.9157407407407407 0.26640625 0.9125 0.265625 0.9087962962962963 0.26536458333333335 0.9060185185185186 0.26458333333333334 0.9037037037037037 0.26328125 0.9027777777777778 0.26145833333333335 0.9009259259259259 0.2596354166666667 0.9 0.259375 0.8981481481481481 0.259375 0.8976851851851851 0.2591145833333333 0.8958333333333334 0.2591145833333333 0.8953703703703704 0.25885416666666666 0.8930555555555556 0.25885416666666666 0.8925925925925926 0.25859375 0.8893518518518518 0.25859375 0.8888888888888888 0.25833333333333336 0.8814814814814815 0.25859375 0.8805555555555555 0.25885416666666666 0.8777777777777778 0.26067708333333334 0.874537037037037 0.2638020833333333 0.8740740740740741 0.26510416666666664 0.8726851851851852 0.26640625 0.8699074074074075 0.27109375 0.8694444444444445 0.2747395833333333
1 0.9712962962962963 0.6052083333333333 0.9708333333333333 0.6044270833333333 0.9638888888888889 0.6005208333333333 0.9634259259259259 0.5997395833333333 0.9625 0.59921875 0.9606481481481481 0.5986979166666667 0.9587962962962963 0.59765625 0.9532407407407407 0.59765625 0.9527777777777777 0.5979166666666667 0.9513888888888888 0.5979166666666667 0.950462962962963 0.5981770833333333 0.9486111111111111 0.59921875 0.9481481481481482 0.59921875 0.9462962962962963 0.6002604166666666 0.9449074074074074 0.6005208333333333 0.9412037037037037 0.6020833333333333 0.9356481481481481 0.6036458333333333 0.9351851851851852 0.6041666666666666 0.9351851851851852 0.6046875 0.9347222222222222 0.6049479166666667 0.9347222222222222 0.60546875 0.9342592592592592 0.6057291666666667 0.9342592592592592 0.60625 0.9337962962962963 0.6065104166666667 0.9337962962962963 0.60703125 0.9328703703703703 0.6080729166666666 0.9319444444444445 0.60859375 0.9314814814814815 0.609375 0.9273148148148148 0.61171875 0.9268518518518518 0.61171875 0.9259259259259259 0.6122395833333333 0.9254629629629629 0.6122395833333333 0.924537037037037 0.6127604166666667 0.9226851851851852 0.61328125 0.9199074074074074 0.6145833333333334 0.9185185185185185 0.61484375 0.9171296296296296 0.615625 0.9152777777777777 0.6161458333333333 0.9138888888888889 0.6169270833333333 0.9125 0.6171875 0.9092592592592592 0.6184895833333334 0.9060185185185186 0.6192708333333333 0.9013888888888889 0.621875 0.9004629629629629 0.6229166666666667 0.9004629629629629 0.6268229166666667 0.9013888888888889 0.62734375 0.9013888888888889 0.6276041666666666 0.9050925925925926 0.6296875 0.9055555555555556 0.6296875 0.9064814814814814 0.6302083333333334 0.9074074074074074 0.63046875 0.9101851851851852 0.63046875 0.9106481481481481 0.6302083333333334 0.9125 0.6302083333333334 0.912962962962963 0.6299479166666667 0.9138888888888889 0.6299479166666667 0.9166666666666666 0.6291666666666667 0.9199074074074074 0.6276041666666666 0.9208333333333333 0.6276041666666666 0.9217592592592593 0.62734375 0.9226851851851852 0.6268229166666667 0.924074074074074 0.6265625 0.9263888888888889 0.6255208333333333 0.9310185185185185 0.62421875 0.9347222222222222 0.62265625 0.9375 0.621875 0.9384259259259259 0.621875 0.9402777777777778 0.62109375 0.9430555555555555 0.6203125 0.9444444444444444 0.6203125 0.9449074074074074 0.6200520833333333 0.9467592592592593 0.6200520833333333 0.9472222222222222 0.6197916666666666 0.9495370370370371 0.6197916666666666 0.95 0.61953125 0.9523148148148148 0.61953125 0.9527777777777777 0.6197916666666666 0.9569444444444445 0.6197916666666666 0.9574074074074074 0.6200520833333333 0.9587962962962963 0.6200520833333333 0.9597222222222223 0.6197916666666666 0.9643518518518519 0.6171875 0.9648148148148148 0.6171875 0.9657407407407408 0.6166666666666667 0.9694444444444444 0.615625 0.9703703703703703 0.615625 0.9712962962962963 0.6151041666666667 0.9731481481481481 0.6145833333333334 0.975 0.6135416666666667 0.975462962962963 0.6130208333333333 0.975462962962963 0.6125 0.9763888888888889 0.61171875 0.9763888888888889 0.6106770833333334 0.975925925925926 0.6104166666666667 0.975925925925926 0.6098958333333333 0.975462962962963 0.6096354166666667 0.975462962962963 0.6091145833333333 0.9745370370370371 0.6083333333333333 0.9745370370370371 0.6078125
1 0.9277777777777778 0.42734375 0.9277777777777778 0.42890625 0.9273148148148148 0.42916666666666664 0.9273148148148148 0.43125 0.9268518518518518 0.4315104166666667 0.9277777777777778 0.4322916666666667 0.9277777777777778 0.4328125 0.9282407407407407 0.43307291666666664 0.9282407407407407 0.43385416666666665 0.9287037037037037 0.43411458333333336 0.9287037037037037 0.43463541666666666 0.9291666666666667 0.4348958333333333 0.9291666666666667 0.4354166666666667 0.9296296296296296 0.4356770833333333 0.9300925925925926 0.43645833333333334 0.9314814814814815 0.43723958333333335 0.9337962962962963 0.43776041666666665 0.9351851851851852 0.43854166666666666 0.937037037037037 0.43854166666666666 0.9375 0.4388020833333333 0.9393518518518519 0.4388020833333333 0.9398148148148148 0.4390625 0.9402777777777778 0.43984375 0.9412037037037037 0.44036458333333334 0.9412037037037037 0.440625 0.9430555555555555 0.44140625 0.9435185185185185 0.44140625 0.9439814814814815 0.44114583333333335 0.9458333333333333 0.44114583333333335 0.9462962962962963 0.44088541666666664 0.9472222222222222 0.44088541666666664 0.9476851851851852 0.44114583333333335 0.9486111111111111 0.44114583333333335 0.9490740740740741 0.44140625 0.9555555555555556 0.44140625 0.9560185185185185 0.44114583333333335 0.9583333333333334 0.44088541666666664 0.9625 0.4395833333333333 0.9680555555555556 0.4395833333333333 0.9685185185185186 0.43984375 0.9708333333333333 0.43984375 0.9712962962962963 0.4401041666666667 0.9731481481481481 0.4401041666666667 0.9736111111111111 0.44036458333333334 0.975 0.44036458333333334 0.975462962962963 0.440625 0.9768518518518519 0.440625 0.9773148148148149 0.44088541666666664 0.9787037037037037 0.44088541666666664 0.9791666666666666 0.44114583333333335 0.9805555555555555 0.44114583333333335 0.9810185185185185 0.44140625 0.9833333333333333 0.44140625 0.9837962962962963 0.44166666666666665 0.987037037037037 0.44166666666666665 0.9875 0.44192708333333336 0.9907407407407407 0.44192708333333336 0.9912037037037037 0.4421875 0.9949074074074075 0.4421875 0.9953703703703703 0.44192708333333336 0.9962962962962963 0.44192708333333336 0.9967592592592592 0.44166666666666665 0.9976851851851852 0.44166666666666665 0.9981481481481481 0.44140625 0.999537037037037 0.44140625 0.999537037037037 0.43307291666666664 0.9976851851851852 0.43307291666666664 0.9944444444444445 0.43203125 0.9935185185185185 0.43203125 0.9930555555555556 0.4317708333333333 0.9921296296296296 0.4317708333333333 0.9916666666666667 0.4315104166666667 0.9907407407407407 0.4315104166666667 0.9902777777777778 0.43125 0.9888888888888889 0.43125 0.9884259259259259 0.4309895833333333 0.987037037037037 0.4309895833333333 0.986574074074074 0.43072916666666666 0.9856481481481482 0.43072916666666666 0.9851851851851852 0.43046875 0.9828703703703704 0.43020833333333336 0.9814814814814815 0.4296875 0.9791666666666666 0.42942708333333335 0.9777777777777777 0.42890625 0.9768518518518519 0.42890625 0.9763888888888889 0.42864583333333334 0.9740740740740741 0.428125 0.9712962962962963 0.4265625 0.9712962962962963 0.42630208333333336 0.9703703703703703 0.42578125 0.9703703703703703 0.42552083333333335 0.9699074074074074 0.42526041666666664 0.9694444444444444 0.4244791666666667 0.9685185185185186 0.4239583333333333 0.9685185185185186 0.4236979166666667 0.9680555555555556 0.4236979166666667 0.9662037037037037 0.42291666666666666 0.9648148148148148 0.42291666666666666 0.9643518518518519 0.42265625 0.9634259259259259 0.42265625 0.9629629629629629 0.42239583333333336 0.961574074074074 0.42239583333333336 0.9611111111111111 0.42213541666666665 0.9597222222222223 0.42213541666666665 0.9592592592592593 0.421875 0.9527777777777777 0.421875 0.9523148148148148 0.42161458333333335 0.9472222222222222 0.42161458333333335 0.9467592592592593 0.42135416666666664 0.9458333333333333 0.42135416666666664 0.9453703703703704 0.42109375 0.9439814814814815 0.42109375 0.9435185185185185 0.42083333333333334 0.9384259259259259 0.42083333333333334 0.937962962962963 0.42109375 0.9365740740740741 0.42109375 0.9361111111111111 0.42135416666666664 0.9347222222222222 0.42161458333333335 0.9314814814814815 0.4234375 0.9291666666666667 0.42630208333333336
1 0.8768518518518519 0.42083333333333334 0.874537037037037 0.42239583333333336 0.874537037037037 0.42265625 0.8731481481481481 0.4236979166666667 0.8731481481481481 0.42473958333333334 0.8726851851851852 0.425 0.8726851851851852 0.4265625 0.8722222222222222 0.42682291666666666 0.8722222222222222 0.4278645833333333 0.8726851851851852 0.4283854166666667 0.8847222222222222 0.4348958333333333 0.8851851851851852 0.4348958333333333 0.8861111111111111 0.4354166666666667 0.887962962962963 0.4359375 0.8925925925925926 0.43854166666666666 0.8953703703703704 0.4393229166666667 0.8962962962962963 0.4393229166666667 0.8972222222222223 0.4395833333333333 0.9004629629629629 0.44140625 0.9013888888888889 0.44244791666666666 0.9013888888888889 0.44296875 0.9018518518518519 0.4432291666666667 0.9018518518518519 0.4471354166666667 0.9023148148148148 0.44765625 0.9046296296296297 0.44895833333333335 0.9050925925925926 0.44895833333333335 0.9060185185185186 0.44947916666666665 0.9064814814814814 0.44947916666666665 0.9074074074074074 0.45 0.9092592592592592 0.4505208333333333 0.9106481481481481 0.4513020833333333 0.9120370370370371 0.4515625 0.9148148148148149 0.45286458333333335 0.9175925925925926 0.45364583333333336 0.9185185185185185 0.45416666666666666 0.9194444444444444 0.4544270833333333 0.9212962962962963 0.4544270833333333 0.9217592592592593 0.4546875 0.9236111111111112 0.4546875 0.925 0.45390625 0.9254629629629629 0.45390625 0.9287037037037037 0.45234375 0.9291666666666667 0.45234375 0.9324074074074075 0.4505208333333333 0.9324074074074075 0.45026041666666666 0.937037037037037 0.4479166666666667 0.9384259259259259 0.44635416666666666 0.9393518518518519 0.44583333333333336 0.9398148148148148 0.44505208333333335 0.9421296296296297 0.4434895833333333 0.9421296296296297 0.44036458333333334 0.9416666666666667 0.4401041666666667 0.9416666666666667 0.4393229166666667 0.9361111111111111 0.4361979166666667 0.9361111111111111 0.4359375 0.9351851851851852 0.4354166666666667 0.9314814814814815 0.434375 0.9273148148148148 0.43125 0.9231481481481482 0.43125 0.9226851851851852 0.4315104166666667 0.9217592592592593 0.4315104166666667 0.9203703703703704 0.4322916666666667 0.9185185185185185 0.4328125 0.9162037037037037 0.43307291666666664 0.9157407407407407 0.43333333333333335 0.9152777777777777 0.4328125 0.912962962962963 0.4315104166666667 0.9125 0.4315104166666667 0.9115740740740741 0.4309895833333333 0.9097222222222222 0.43046875 0.9083333333333333 0.4296875 0.9050925925925926 0.42890625 0.9023148148148148 0.4276041666666667 0.9018518518518519 0.4276041666666667 0.9 0.4265625 0.899537037037037 0.4265625 0.8986111111111111 0.42604166666666665 0.8967592592592593 0.42552083333333335 0.888425925925926 0.42135416666666664 0.8875 0.42135416666666664 0.8856481481481482 0.42083333333333334 0.8847222222222222 0.4203125 0.8837962962962963 0.4203125 0.8833333333333333 0.4200520833333333 0.8814814814814815 0.4200520833333333 0.8810185185185185 0.4197916666666667
