1 0.44027777777777777 0.4119791666666667 0.44027777777777777 0.41302083333333334 0.4398148148148148 0.41328125 0.4398148148148148 0.41484375 0.4393518518518518 0.41510416666666666 0.4393518518518518 0.4161458333333333 0.44074074074074077 0.4171875 0.44074074074074077 0.41744791666666664 0.4425925925925926 0.41848958333333336 0.4439814814814815 0.41875 0.4476851851851852 0.4203125 0.45092592592592595 0.42109375 0.45231481481481484 0.421875 0.4527777777777778 0.421875 0.4550925925925926 0.42291666666666666 0.45601851851851855 0.42291666666666666 0.4583333333333333 0.4236979166666667 0.46064814814814814 0.4239583333333333 0.4652777777777778 0.42526041666666664 0.46620370370370373 0.42526041666666664 0.46805555555555556 0.42604166666666665 0.4685185185185185 0.42604166666666665 0.4699074074074074 0.42682291666666666 0.4703703703703704 0.42682291666666666 0.4736111111111111 0.42890625 0.475 0.43046875 0.475 0.43125 0.47824074074074074 0.4348958333333333 0.48148148148148145 0.4359375 0.4824074074074074 0.4359375 0.4861111111111111 0.4375 0.48703703703703705 0.4375 0.4888888888888889 0.43802083333333336 0.49398148148148147 0.43802083333333336 0.4976851851851852 0.4393229166666667 0.4986111111111111 0.4390625 0.5013888888888889 0.4375 0.5018518518518519 0.4375 0.5037037037037037 0.43645833333333334 0.5050925925925925 0.4361979166666667 0.5060185185185185 0.4356770833333333 0.5074074074074074 0.43385416666666665 0.5097222222222222 0.4322916666666667 0.5106481481481482 0.4309895833333333 0.513425925925926 0.42916666666666664 0.513425925925926 0.42890625 0.5143518518518518 0.4283854166666667 0.5152777777777777 0.42734375 0.5152777777777777 0.42604166666666665 0.5157407407407407 0.42578125 0.5157407407407407 0.4244791666666667 0.5162037037037037 0.42421875 0.5162037037037037 0.4236979166666667 0.5152777777777777 0.42265625 0.513425925925926 0.42135416666666664 0.513425925925926 0.42109375 0.5111111111111111 0.42109375 0.5106481481481482 0.42083333333333334 0.5055555555555555 0.4205729166666667 0.5050925925925925 0.4200520833333333 0.5009259259259259 0.41796875 0.5009259259259259 0.41770833333333335 0.49953703703703706 0.41692708333333334 0.49907407407407406 0.4161458333333333 0.49675925925925923 0.41510416666666666 0.49583333333333335 0.41510416666666666 0.49398148148148147 0.41458333333333336 0.4935185185185185 0.41484375 0.49212962962962964 0.41484375 0.49166666666666664 0.41510416666666666 0.49074074074074076 0.41510416666666666 0.487962962962963 0.4158854166666667 0.4861111111111111 0.41692708333333334 0.4842592592592593 0.41640625 0.48333333333333334 0.4158854166666667 0.4824074074074074 0.4158854166666667 0.4810185185185185 0.4153645833333333 0.48009259259259257 0.4153645833333333 0.4787037037037037 0.41484375 0.4777777777777778 0.41484375 0.475462962962963 0.4140625 0.47129629629629627 0.41354166666666664 0.4675925925925926 0.4125 0.4666666666666667 0.4119791666666667 0.46574074074074073 0.4119791666666667 0.46435185185185185 0.4114583333333333 0.462037037037037 0.41119791666666666 0.4587962962962963 0.41015625 0.45416666666666666 0.40963541666666664 0.45092592592592595 0.4083333333333333 0.44675925925925924 0.4083333333333333 0.4444444444444444 0.40963541666666664 0.4439814814814815 0.40963541666666664
3 0.4935185185185185 0.17838541666666666 0.49027777777777776 0.17760416666666667 0.4847222222222222 0.17760416666666667 0.47638888888888886 0.17916666666666667 0.4740740740740741 0.18020833333333333 0.4726851851851852 0.18203125 0.4726851851851852 0.18567708333333333 0.4703703703703704 0.18776041666666668 0.46805555555555556 0.18880208333333334 0.4648148148148148 0.18932291666666667 0.4601851851851852 0.190625 0.45787037037037037 0.19088541666666667 0.4546296296296296 0.19192708333333333 0.44722222222222224 0.19322916666666667 0.44305555555555554 0.19453125 0.4388888888888889 0.19505208333333332 0.4337962962962963 0.19661458333333334 0.4300925925925926 0.19713541666666667 0.42916666666666664 0.19765625 0.425462962962963 0.19869791666666667 0.41944444444444445 0.19973958333333333 0.41574074074074074 0.20104166666666667 0.41574074074074074 0.20494791666666667 0.41712962962962963 0.20703125 0.41805555555555557 0.20963541666666666 0.42407407407407405 0.2171875 0.4273148148148148 0.21927083333333333 0.42824074074074076 0.21953125 0.4337962962962963 0.21953125 0.43425925925925923 0.21927083333333333 0.4356481481481482 0.21927083333333333 0.4439814814814815 0.2171875 0.44537037037037036 0.2171875 0.45231481481481484 0.215625 0.4537037037037037 0.215625 0.45925925925925926 0.21432291666666667 0.46111111111111114 0.21432291666666667 0.46620370370370373 0.21328125 0.4675925925925926 0.21328125 0.4699074074074074 0.21276041666666667 0.4726851851851852 0.21276041666666667 0.47314814814814815 0.2125 0.4791666666666667 0.2125 0.47962962962962963 0.21276041666666667 0.48194444444444445 0.21276041666666667 0.4842592592592593 0.21354166666666666 0.4888888888888889 0.21432291666666667 0.4935185185185185 0.215625 0.5023148148148148 0.215625 0.5050925925925925 0.21510416666666668 0.5078703703703704 0.21354166666666666 0.5101851851851852 0.21041666666666667 0.5106481481481482 0.20755208333333333 0.5101851851851852 0.20729166666666668 0.5101851851851852 0.20494791666666667 0.5097222222222222 0.2046875 0.5097222222222222 0.20364583333333333 0.5092592592592593 0.20338541666666668 0.5092592592592593 0.20260416666666667 0.5087962962962963 0.20234375 0.5087962962962963 0.2015625 0.5074074074074074 0.19921875 0.5069444444444444 0.19661458333333334 0.5060185185185185 0.19557291666666668 0.5055555555555555 0.19375 0.5041666666666667 0.19244791666666666 0.5032407407407408 0.19088541666666667 0.5027777777777778 0.1890625 0.5009259259259259 0.18671875 0.500462962962963 0.18541666666666667 0.4986111111111111 0.18359375 0.4986111111111111 0.18307291666666667 0.49722222222222223 0.18177083333333333 0.49675925925925923 0.18072916666666666
4 0.3921296296296296 0.41171875 0.38796296296296295 0.4140625 0.3861111111111111 0.4158854166666667 0.3861111111111111 0.41848958333333336 0.38564814814814813 0.41875 0.38564814814814813 0.4197916666666667 0.38842592592592595 0.42239583333333336 0.39305555555555555 0.42473958333333334 0.3962962962962963 0.42578125 0.4 0.4276041666666667 0.4041666666666667 0.42890625 0.40925925925925927 0.43203125 0.4125 0.43307291666666664 0.4148148148148148 0.434375 0.4203703703703704 0.43671875 0.43194444444444446 0.44036458333333334 0.4351851851851852 0.440625 0.4375 0.4421875 0.4412037037037037 0.4432291666666667 0.4513888888888889 0.4471354166666667 0.4546296296296296 0.4479166666666667 0.4597222222222222 0.45078125 0.4583333333333333 0.4552083333333333 0.45925925925925926 0.45677083333333335 0.4615740740740741 0.4588541666666667 0.46620370370370373 0.45989583333333334 0.47129629629629627 0.4588541666666667 0.4736111111111111 0.45677083333333335 0.47685185185185186 0.4549479166666667 0.4773148148148148 0.45416666666666666 0.48564814814814816 0.44869791666666664 0.487962962962963 0.44609375 0.4898148148148148 0.44479166666666664 0.4898148148148148 0.44427083333333334 0.49074074074074076 0.4434895833333333 0.49074074074074076 0.4427083333333333 0.49027777777777776 0.44244791666666666 0.49027777777777776 0.44114583333333335 0.4888888888888889 0.4393229166666667 0.4824074074074074 0.43723958333333335 0.47824074074074074 0.43723958333333335 0.47453703703703703 0.4388020833333333 0.4703703703703704 0.43828125 0.46805555555555556 0.43671875 0.4666666666666667 0.43645833333333334 0.46296296296296297 0.43463541666666666 0.4587962962962963 0.43359375 0.45231481481481484 0.4309895833333333 0.45092592592592595 0.43072916666666666 0.44814814814814813 0.42916666666666664 0.44305555555555554 0.4276041666666667 0.4393518518518518 0.42604166666666665 0.43796296296296294 0.42578125 0.43148148148148147 0.4231770833333333 0.42916666666666664 0.42265625 0.42407407407407405 0.4205729166666667 0.42268518518518516 0.4203125 0.4166666666666667 0.41770833333333335 0.412962962962963 0.4166666666666667 0.40324074074074073 0.4127604166666667 0.40046296296296297 0.4119791666666667 0.3990740740740741 0.4119791666666667 0.39675925925925926 0.4114583333333333
4 0.4310185185185185 0.44895833333333335 0.42962962962962964 0.44765625 0.42962962962962964 0.4471354166666667 0.4273148148148148 0.44583333333333336 0.42314814814814816 0.44505208333333335 0.42268518518518516 0.4453125 0.41944444444444445 0.44557291666666665 0.4162037037037037 0.4466145833333333 0.412962962962963 0.4515625 0.4115740740740741 0.45234375 0.40694444444444444 0.45338541666666665 0.40555555555555556 0.45338541666666665 0.4 0.4544270833333333 0.3958333333333333 0.4544270833333333 0.39305555555555555 0.4549479166666667 0.38981481481481484 0.4549479166666667 0.38935185185185184 0.4552083333333333 0.38425925925925924 0.45546875 0.3837962962962963 0.4557291666666667 0.3819444444444444 0.4557291666666667 0.3814814814814815 0.45598958333333334 0.37962962962962965 0.45598958333333334 0.37916666666666665 0.45625 0.3773148148148148 0.45625 0.3768518518518518 0.45651041666666664 0.375 0.45651041666666664 0.37222222222222223 0.45703125 0.3685185185185185 0.45703125 0.3611111111111111 0.4583333333333333 0.3574074074074074 0.4583333333333333 0.35694444444444445 0.45859375 0.3537037037037037 0.45859375 0.35324074074074074 0.4588541666666667 0.34675925925925927 0.4588541666666667 0.34629629629629627 0.4591145833333333 0.33611111111111114 0.4596354166666667 0.33564814814814814 0.45989583333333334 0.3282407407407407 0.46041666666666664 0.3226851851851852 0.46145833333333336 0.3194444444444444 0.4625 0.31851851851851853 0.4625 0.3175925925925926 0.4630208333333333 0.3162037037037037 0.465625 0.31666666666666665 0.46848958333333335 0.31805555555555554 0.4708333333333333 0.32175925925925924 0.47265625 0.32731481481481484 0.47291666666666665 0.3277777777777778 0.47317708333333336 0.33101851851851855 0.47317708333333336 0.3314814814814815 0.4734375 0.3375 0.4734375 0.33796296296296297 0.47317708333333336 0.34074074074074073 0.47317708333333336 0.34120370370370373 0.47291666666666665 0.3453703703703704 0.47317708333333336 0.3458333333333333 0.47291666666666665 0.3490740740740741 0.47291666666666665 0.34953703703703703 0.47265625 0.3537037037037037 0.47265625 0.3541666666666667 0.47239583333333335 0.36157407407407405 0.471875 0.36203703703703705 0.47161458333333334 0.3648148148148148 0.47161458333333334 0.36527777777777776 0.4713541666666667 0.3680555555555556 0.4713541666666667 0.3685185185185185 0.47109375 0.37222222222222223 0.47109375 0.3726851851851852 0.4708333333333333 0.37546296296296294 0.4708333333333333 0.37592592592592594 0.4705729166666667 0.37962962962962965 0.4705729166666667 0.3824074074074074 0.4700520833333333 0.3851851851851852 0.4700520833333333 0.38564814814814813 0.46979166666666666 0.38842592592592595 0.46979166666666666 0.3907407407407407 0.46927083333333336 0.3962962962962963 0.46901041666666665 0.4009259259259259 0.46822916666666664 0.4115740740740741 0.46822916666666664 0.41435185185185186 0.46901041666666665 0.4152777777777778 0.46901041666666665 0.4203703703703704 0.47239583333333335 0.42314814814814816 0.47369791666666666 0.42777777777777776 0.47369791666666666 0.4310185185185185 0.47265625 0.43333333333333335 0.4708333333333333 0.43333333333333335 0.46848958333333335 0.4337962962962963 0.46822916666666664 0.43333333333333335 0.46432291666666664 0.43287037037037035 0.4640625 0.43287037037037035 0.45651041666666664 0.4324074074074074 0.45625 0.43194444444444446 0.4510416666666667 0.43148148148148147 0.45078125
4 0.22870370370370371 0.2872395833333333 0.2263888888888889 0.290625 0.2263888888888889 0.2950520833333333 0.22777777777777777 0.29635416666666664 0.2324074074074074 0.2986979166666667 0.24351851851851852 0.3015625 0.26296296296296295 0.30520833333333336 0.26805555555555555 0.3067708333333333 0.27037037037037037 0.30703125 0.27824074074074073 0.30911458333333336 0.2884259259259259 0.3109375 0.2898148148148148 0.3109375 0.29398148148148145 0.31171875 0.29907407407407405 0.31328125 0.30277777777777776 0.31354166666666666 0.3101851851851852 0.3151041666666667 0.31203703703703706 0.31614583333333335 0.31296296296296294 0.3171875 0.31342592592592594 0.3190104166666667 0.3138888888888889 0.31927083333333334 0.3138888888888889 0.32057291666666665 0.3148148148148148 0.3221354166666667 0.3175925925925926 0.32369791666666664 0.32037037037037036 0.32447916666666665 0.325 0.32526041666666666 0.32685185185185184 0.32526041666666666 0.3296296296296296 0.32473958333333336 0.3347222222222222 0.3221354166666667 0.33611111111111114 0.32083333333333336 0.34120370370370373 0.3140625 0.3421296296296296 0.31171875 0.34305555555555556 0.3106770833333333 0.34305555555555556 0.309375 0.3435185185185185 0.30911458333333336 0.3439814814814815 0.3020833333333333 0.3425925925925926 0.29921875 0.3416666666666667 0.2984375 0.33796296296296297 0.2984375 0.3337962962962963 0.29713541666666665 0.32916666666666666 0.29661458333333335 0.3287037037037037 0.296875 0.32546296296296295 0.29713541666666665 0.32175925925925924 0.29921875 0.3175925925925926 0.2994791666666667 0.31527777777777777 0.2986979166666667 0.3060185185185185 0.29765625 0.2986111111111111 0.2955729166666667 0.2916666666666667 0.2942708333333333 0.28194444444444444 0.29296875 0.275 0.2916666666666667 0.2712962962962963 0.290625 0.26851851851851855 0.2903645833333333 0.25462962962962965 0.2875 0.25324074074074077 0.2875 0.24675925925925926 0.28619791666666666 0.24351851851851852 0.2859375 0.24027777777777778 0.28515625 0.23796296296296296 0.28515625 0.2375 0.28489583333333335 0.2324074074074074 0.28515625
5 0.5837962962962963 0.36171875 0.5787037037037037 0.36171875 0.5782407407407407 0.3619791666666667 0.575925925925926 0.36223958333333334 0.5708333333333333 0.3651041666666667 0.5685185185185185 0.3690104166666667 0.5699074074074074 0.37083333333333335 0.5708333333333333 0.37135416666666665 0.5717592592592593 0.37265625 0.5736111111111111 0.37421875 0.5736111111111111 0.37473958333333335 0.5745370370370371 0.37578125 0.5745370370370371 0.37734375 0.5726851851851852 0.37942708333333336 0.5680555555555555 0.3828125 0.5657407407407408 0.3854166666666667 0.5601851851851852 0.3888020833333333 0.5592592592592592 0.38984375 0.5560185185185185 0.3919270833333333 0.5550925925925926 0.39296875 0.5486111111111112 0.39765625 0.5481481481481482 0.3984375 0.5453703703703704 0.4005208333333333 0.5453703703703704 0.4010416666666667 0.5435185185185185 0.4036458333333333 0.5435185185185185 0.4044270833333333 0.5449074074074074 0.40598958333333335 0.5449074074074074 0.40651041666666665 0.5458333333333333 0.40703125 0.5462962962962963 0.4078125 0.5481481481481482 0.4088541666666667 0.5555555555555556 0.4109375 0.5564814814814815 0.4114583333333333 0.5574074074074075 0.4114583333333333 0.5592592592592592 0.4119791666666667 0.5643518518518519 0.4119791666666667 0.5652777777777778 0.41171875 0.5703703703703704 0.4088541666666667 0.5703703703703704 0.40859375 0.5773148148148148 0.4049479166666667 0.5796296296296296 0.40260416666666665 0.5837962962962963 0.4 0.5851851851851851 0.39817708333333335 0.5879629629629629 0.3966145833333333 0.5902777777777778 0.39479166666666665 0.5921296296296297 0.39401041666666664 0.6 0.3893229166666667 0.6027777777777777 0.3885416666666667 0.6097222222222223 0.3888020833333333 0.6101851851851852 0.3890625 0.6125 0.3890625 0.6129629629629629 0.3893229166666667 0.6162037037037037 0.3893229166666667 0.6166666666666667 0.3890625 0.6189814814814815 0.3888020833333333 0.6240740740740741 0.3848958333333333 0.6240740740740741 0.3841145833333333 0.624537037037037 0.38385416666666666 0.624537037037037 0.3807291666666667 0.6194444444444445 0.37604166666666666 0.6185185185185185 0.37552083333333336 0.6157407407407407 0.37473958333333335 0.611574074074074 0.371875 0.6078703703703704 0.37057291666666664 0.6046296296296296 0.36875 0.5990740740740741 0.36640625 0.5976851851851852 0.36614583333333334 0.5953703703703703 0.3651041666666667 0.5944444444444444 0.3651041666666667 0.5912037037037037 0.36432291666666666 0.5875 0.36276041666666664
3 0.5680555555555555 0.4356770833333333 0.5666666666666667 0.4354166666666667 0.5615740740740741 0.4354166666666667 0.5601851851851852 0.4356770833333333 0.5541666666666667 0.43854166666666666 0.5527777777777778 0.4395833333333333 0.5527777777777778 0.44036458333333334 0.5518518518518518 0.44166666666666665 0.5518518518518518 0.4427083333333333 0.5513888888888889 0.44296875 0.5523148148148148 0.44479166666666664 0.5546296296296296 0.4471354166666667 0.5537037037037037 0.45078125 0.5481481481481482 0.45364583333333336 0.5458333333333333 0.45546875 0.5416666666666666 0.4578125 0.5412037037037037 0.4578125 0.5305555555555556 0.4640625 0.5291666666666667 0.46432291666666664 0.5263888888888889 0.46588541666666666 0.5236111111111111 0.4666666666666667 0.5203703703703704 0.46901041666666665 0.5125 0.47317708333333336 0.5115740740740741 0.47421875 0.5115740740740741 0.4752604166666667 0.513425925925926 0.4783854166666667 0.5138888888888888 0.4783854166666667 0.5199074074074074 0.4817708333333333 0.5199074074074074 0.48203125 0.5254629629629629 0.48541666666666666 0.5277777777777778 0.4861979166666667 0.5333333333333333 0.48671875 0.5337962962962963 0.4864583333333333 0.5370370370370371 0.4861979166666667 0.5402777777777777 0.48515625 0.5416666666666666 0.484375 0.5435185185185185 0.48385416666666664 0.5560185185185185 0.4765625 0.5597222222222222 0.4752604166666667 0.5648148148148148 0.47239583333333335 0.5680555555555555 0.4713541666666667 0.5717592592592593 0.46953125 0.5768518518518518 0.46822916666666664 0.5777777777777777 0.46770833333333334 0.5796296296296296 0.4671875 0.5837962962962963 0.4671875 0.5842592592592593 0.4674479166666667 0.5879629629629629 0.46770833333333334 0.5912037037037037 0.46848958333333335 0.5949074074074074 0.46848958333333335 0.5990740740740741 0.4674479166666667 0.600925925925926 0.4666666666666667 0.6037037037037037 0.4640625 0.6041666666666666 0.46328125 0.6041666666666666 0.45859375 0.6013888888888889 0.45625 0.600462962962963 0.4549479166666667 0.5967592592592592 0.45338541666666665 0.5907407407407408 0.45026041666666666 0.5884259259259259 0.4484375 0.5879629629629629 0.44765625 0.5800925925925926 0.4432291666666667 0.5763888888888888 0.440625 0.5740740740740741 0.4395833333333333 0.5726851851851852 0.43828125
4 0.7398148148148148 0.13125 0.737037037037037 0.13229166666666667 0.7342592592592593 0.134375 0.7333333333333333 0.13854166666666667 0.7342592592592593 0.13958333333333334 0.7351851851851852 0.1421875 0.7361111111111112 0.14322916666666666 0.7384259259259259 0.14453125 0.7398148148148148 0.14635416666666667 0.7430555555555556 0.1484375 0.7439814814814815 0.15 0.7467592592592592 0.1515625 0.7513888888888889 0.15546875 0.7532407407407408 0.15651041666666668 0.7555555555555555 0.15885416666666666 0.7592592592592593 0.16145833333333334 0.763425925925926 0.16588541666666667 0.7652777777777777 0.16692708333333334 0.7671296296296296 0.17005208333333333 0.7689814814814815 0.17135416666666667 0.7708333333333334 0.1734375 0.7708333333333334 0.17760416666666667 0.7675925925925926 0.18125 0.7675925925925926 0.18229166666666666 0.7689814814814815 0.184375 0.7689814814814815 0.18515625 0.7703703703703704 0.18645833333333334 0.7726851851851851 0.18776041666666668 0.774074074074074 0.18932291666666667 0.7754629629629629 0.19010416666666666 0.7763888888888889 0.19010416666666666 0.7787037037037037 0.19088541666666667 0.7842592592592592 0.18984375 0.7856481481481481 0.18984375 0.7875 0.18932291666666667 0.7888888888888889 0.18932291666666667 0.8 0.18567708333333333 0.8041666666666667 0.18333333333333332 0.8041666666666667 0.18307291666666667 0.8074074074074075 0.18151041666666667 0.8083333333333333 0.18046875 0.8125 0.17760416666666667 0.812962962962963 0.17369791666666667 0.8111111111111111 0.17213541666666668 0.8106481481481481 0.17109375 0.8092592592592592 0.16979166666666667 0.8060185185185185 0.16796875 0.8023148148148148 0.16666666666666666 0.8013888888888889 0.16692708333333334 0.7986111111111112 0.16692708333333334 0.7958333333333333 0.16770833333333332 0.7939814814814815 0.16770833333333332 0.7907407407407407 0.16614583333333333 0.787962962962963 0.1640625 0.7856481481481481 0.16171875 0.7828703703703703 0.15989583333333332 0.7810185185185186 0.15755208333333334 0.7791666666666667 0.15598958333333332 0.7773148148148148 0.15494791666666666 0.7768518518518519 0.15416666666666667 0.7736111111111111 0.15182291666666667 0.7722222222222223 0.15 0.7689814814814815 0.14739583333333334 0.7680555555555556 0.14583333333333334 0.7657407407407407 0.14427083333333332 0.763425925925926 0.14140625 0.7615740740740741 0.14036458333333332 0.7597222222222222 0.13802083333333334 0.7574074074074074 0.13671875 0.7555555555555555 0.13489583333333333 0.7513888888888889 0.13229166666666667 0.7476851851851852 0.13098958333333333 0.7435185185185185 0.13072916666666667 0.7430555555555556 0.13098958333333333
1 0.587037037037037 0.4765625 0.5847222222222223 0.47760416666666666 0.5833333333333334 0.4778645833333333 0.5819444444444445 0.4786458333333333 0.5819444444444445 0.4791666666666667 0.5814814814814815 0.47942708333333334 0.5814814814814815 0.48020833333333335 0.5810185185185185 0.48046875 0.5810185185185185 0.48151041666666666 0.5805555555555556 0.4817708333333333 0.5805555555555556 0.4822916666666667 0.5819444444444445 0.48359375 0.5819444444444445 0.48411458333333335 0.5837962962962963 0.4861979166666667 0.587037037037037 0.48854166666666665 0.5884259259259259 0.4903645833333333 0.5893518518518519 0.4908854166666667 0.5916666666666667 0.49375 0.5925925925925926 0.4942708333333333 0.5949074074074074 0.496875 0.5949074074074074 0.4973958333333333 0.5958333333333333 0.4984375 0.5958333333333333 0.49921875 0.5962962962962963 0.49947916666666664 0.5962962962962963 0.5005208333333333 0.5967592592592592 0.50078125 0.5967592592592592 0.5028645833333333 0.5962962962962963 0.503125 0.5962962962962963 0.5046875 0.5958333333333333 0.5049479166666667 0.5958333333333333 0.5059895833333333 0.5962962962962963 0.50625 0.5962962962962963 0.50703125 0.5967592592592592 0.5072916666666667 0.5967592592592592 0.5080729166666667 0.5976851851851852 0.5088541666666667 0.5976851851851852 0.509375 0.5986111111111111 0.5098958333333333 0.5986111111111111 0.51015625 0.6013888888888889 0.51171875 0.6027777777777777 0.51328125 0.6027777777777777 0.5138020833333333 0.6032407407407407 0.5143229166666666 0.6037037037037037 0.5143229166666666 0.6064814814814815 0.5158854166666667 0.6064814814814815 0.5161458333333333 0.6087962962962963 0.5174479166666667 0.6097222222222223 0.5177083333333333 0.6106481481481482 0.5177083333333333 0.6111111111111112 0.51796875 0.6157407407407407 0.51796875 0.6162037037037037 0.5177083333333333 0.6194444444444445 0.5174479166666667 0.6226851851851852 0.51640625 0.625462962962963 0.51640625 0.6259259259259259 0.5161458333333333 0.6268518518518519 0.5161458333333333 0.6282407407407408 0.5153645833333333 0.6300925925925925 0.51484375 0.6333333333333333 0.51328125 0.6333333333333333 0.5130208333333334 0.6356481481481482 0.51171875 0.6356481481481482 0.5114583333333333 0.6365740740740741 0.5109375 0.6375 0.5098958333333333 0.6375 0.5091145833333334 0.6365740740740741 0.5080729166666667 0.6365740740740741 0.5072916666666667 0.6361111111111111 0.50703125 0.6361111111111111 0.50625 0.6356481481481482 0.5059895833333333 0.6356481481481482 0.50546875 0.6342592592592593 0.5044270833333333 0.6342592592592593 0.5041666666666667 0.6328703703703704 0.5033854166666667 0.6314814814814815 0.5018229166666667 0.6314814814814815 0.5005208333333333 0.6310185185185185 0.5002604166666667 0.6310185185185185 0.4984375 0.6305555555555555 0.4981770833333333 0.6305555555555555 0.49765625 0.6291666666666667 0.496875 0.6287037037037037 0.496875 0.6268518518518519 0.49609375 0.6259259259259259 0.49609375 0.625462962962963 0.49583333333333335 0.6231481481481481 0.49583333333333335 0.6226851851851852 0.49557291666666664 0.6217592592592592 0.49557291666666664 0.6203703703703703 0.49505208333333334 0.6194444444444445 0.49505208333333334 0.6185185185185185 0.4947916666666667 0.6125 0.49166666666666664 0.611574074074074 0.490625 0.611574074074074 0.4901041666666667 0.6092592592592593 0.48880208333333336 0.6092592592592593 0.48854166666666665 0.6074074074074074 0.48723958333333334 0.6064814814814815 0.4859375 0.6050925925925926 0.48515625 0.6050925925925926 0.48489583333333336 0.6041666666666666 0.484375 0.6041666666666666 0.48411458333333335 0.600462962962963 0.48125 0.5995370370370371 0.47994791666666664 0.5949074074074074 0.47708333333333336 0.5935185185185186 0.47682291666666665 0.5916666666666667 0.47604166666666664 0.5907407407407408 0.47630208333333335 0.5879629629629629 0.47630208333333335
4 0.5699074074074074 0.6580729166666667 0.5680555555555555 0.65703125 0.5671296296296297 0.65703125 0.5648148148148148 0.65625 0.5615740740740741 0.65625 0.5592592592592592 0.6567708333333333 0.5564814814814815 0.6580729166666667 0.5560185185185185 0.6622395833333333 0.5541666666666667 0.6658854166666667 0.5486111111111112 0.66875 0.5439814814814815 0.6700520833333333 0.5407407407407407 0.6716145833333333 0.5375 0.6721354166666667 0.5328703703703703 0.6734375 0.5291666666666667 0.675 0.5143518518518518 0.6791666666666667 0.5097222222222222 0.6809895833333334 0.49583333333333335 0.6848958333333334 0.4925925925925926 0.6854166666666667 0.49166666666666664 0.6859375 0.48564814814814816 0.6875 0.48333333333333334 0.6885416666666667 0.47824074074074074 0.6901041666666666 0.4722222222222222 0.6932291666666667 0.4708333333333333 0.6973958333333333 0.4736111111111111 0.7005208333333334 0.47824074074074074 0.7020833333333333 0.48657407407407405 0.7018229166666666 0.49027777777777776 0.7010416666666667 0.49166666666666664 0.7010416666666667 0.49444444444444446 0.7005208333333334 0.5 0.6989583333333333 0.5009259259259259 0.6984375 0.5064814814814815 0.6971354166666667 0.5092592592592593 0.6958333333333333 0.5138888888888888 0.6947916666666667 0.5203703703703704 0.6921875 0.5291666666666667 0.6901041666666666 0.5328703703703703 0.6885416666666667 0.5361111111111111 0.6880208333333333 0.5430555555555555 0.6861979166666666 0.5439814814814815 0.6861979166666666 0.5564814814814815 0.6828125 0.5662037037037037 0.6815104166666667 0.5680555555555555 0.6809895833333334 0.5685185185185185 0.68125 0.5740740740740741 0.6815104166666667 0.5745370370370371 0.6817708333333333 0.5782407407407407 0.6817708333333333 0.5787037037037037 0.68203125 0.5796296296296296 0.68203125 0.5824074074074074 0.6809895833333334 0.5851851851851851 0.6791666666666667 0.5861111111111111 0.6776041666666667 0.5851851851851851 0.6765625 0.5842592592592593 0.6734375 0.5819444444444445 0.67109375 0.5814814814814815 0.6697916666666667 0.5782407407407407 0.6661458333333333 0.5773148148148148 0.665625 0.575462962962963 0.66328125 0.5736111111111111 0.6619791666666667 0.5717592592592593 0.6598958333333333 0.5699074074074074 0.65859375
5 0.6814814814814815 0.6153645833333333 0.6763888888888889 0.61875 0.6726851851851852 0.6236979166666666 0.6726851851851852 0.6244791666666667 0.6717592592592593 0.62578125 0.6717592592592593 0.62734375 0.6736111111111112 0.6294270833333333 0.6768518518518518 0.6307291666666667 0.6851851851851852 0.6322916666666667 0.6898148148148148 0.6338541666666667 0.6907407407407408 0.6338541666666667 0.6921296296296297 0.634375 0.6962962962962963 0.63515625 0.700925925925926 0.6356770833333333 0.7055555555555556 0.6372395833333333 0.7171296296296297 0.6393229166666666 0.7199074074074074 0.6403645833333333 0.725925925925926 0.6419270833333334 0.7287037037037037 0.6434895833333333 0.7287037037037037 0.6442708333333333 0.7296296296296296 0.6455729166666667 0.7305555555555555 0.6505208333333333 0.7333333333333333 0.6536458333333334 0.7351851851851852 0.6544270833333333 0.7384259259259259 0.6546875 0.7388888888888889 0.6549479166666666 0.7416666666666667 0.6549479166666666 0.7421296296296296 0.6552083333333333 0.7458333333333333 0.6552083333333333 0.7462962962962963 0.6549479166666666 0.7476851851851852 0.6549479166666666 0.7523148148148148 0.6520833333333333 0.7532407407407408 0.65078125 0.7541666666666667 0.6502604166666667 0.7541666666666667 0.6497395833333334 0.7601851851851852 0.64296875 0.7615740740740741 0.6403645833333333 0.763425925925926 0.6388020833333333 0.7648148148148148 0.63515625 0.7652777777777777 0.6348958333333333 0.7652777777777777 0.6341145833333334 0.7666666666666667 0.6317708333333333 0.7675925925925926 0.6309895833333333 0.7680555555555556 0.6286458333333333 0.7689814814814815 0.62734375 0.7689814814814815 0.6223958333333334 0.7680555555555556 0.6216145833333333 0.7662037037037037 0.62109375 0.7625 0.6208333333333333 0.7601851851851852 0.6200520833333333 0.7574074074074074 0.61953125 0.7560185185185185 0.61953125 0.7537037037037037 0.6190104166666667 0.7513888888888889 0.6190104166666667 0.7481481481481481 0.6223958333333334 0.7439814814814815 0.6247395833333333 0.7421296296296296 0.6247395833333333 0.7416666666666667 0.6244791666666667 0.7393518518518518 0.6244791666666667 0.736574074074074 0.6239583333333333 0.7319444444444444 0.6236979166666666 0.7287037037037037 0.62265625 0.7245370370370371 0.6223958333333334 0.7166666666666667 0.6203125 0.7125 0.61953125 0.7074074074074074 0.6190104166666667 0.6958333333333333 0.61640625 0.6944444444444444 0.61640625 0.6921296296296297 0.6158854166666666 0.6898148148148148 0.6158854166666666 0.6865740740740741 0.6151041666666667 0.6828703703703703 0.6151041666666667
2 0.8305555555555556 0.27395833333333336 0.8245370370370371 0.27395833333333336 0.8212962962962963 0.27447916666666666 0.8189814814814815 0.2755208333333333 0.8157407407407408 0.2791666666666667 0.8143518518518519 0.2833333333333333 0.8134259259259259 0.29270833333333335 0.8111111111111111 0.30182291666666666 0.8111111111111111 0.3072916666666667 0.8092592592592592 0.31588541666666664 0.8078703703703703 0.33046875 0.8064814814814815 0.3346354166666667 0.8064814814814815 0.3380208333333333 0.8037037037037037 0.3494791666666667 0.8027777777777778 0.3575520833333333 0.8013888888888889 0.3611979166666667 0.8004629629629629 0.37005208333333334 0.799074074074074 0.371875 0.7967592592592593 0.3731770833333333 0.7893518518518519 0.375 0.7865740740740741 0.3770833333333333 0.7861111111111111 0.3807291666666667 0.787962962962963 0.38385416666666666 0.7907407407407407 0.38645833333333335 0.7953703703703704 0.3880208333333333 0.8023148148148148 0.3890625 0.8106481481481481 0.3890625 0.8134259259259259 0.38776041666666666 0.8166666666666667 0.38723958333333336 0.825 0.3875 0.8300925925925926 0.38619791666666664 0.8328703703703704 0.3846354166666667 0.8337962962962963 0.3807291666666667 0.8319444444444445 0.37578125 0.8305555555555556 0.37421875 0.8263888888888888 0.37213541666666666 0.825 0.37005208333333334 0.8300925925925926 0.3302083333333333 0.8342592592592593 0.30911458333333336 0.8351851851851851 0.2984375 0.8379629629629629 0.28671875 0.8379629629629629 0.278125 0.8356481481481481 0.2755208333333333 0.8342592592592593 0.2747395833333333
4 0.9078703703703703 0.37838541666666664 0.9046296296296297 0.3768229166666667 0.9027777777777778 0.3768229166666667 0.9023148148148148 0.3765625 0.8949074074074074 0.3765625 0.8898148148148148 0.3776041666666667 0.888425925925926 0.3776041666666667 0.8763888888888889 0.3807291666666667 0.8726851851851852 0.3809895833333333 0.861574074074074 0.3846354166666667 0.8592592592592593 0.3848958333333333 0.8453703703703703 0.38828125 0.8425925925925926 0.38828125 0.8421296296296297 0.3885416666666667 0.8393518518518519 0.3885416666666667 0.8388888888888889 0.3888020833333333 0.8328703703703704 0.3888020833333333 0.8324074074074074 0.3885416666666667 0.8217592592592593 0.3888020833333333 0.8185185185185185 0.3880208333333333 0.8166666666666667 0.3880208333333333 0.8162037037037037 0.38828125 0.8143518518518519 0.38828125 0.8097222222222222 0.38984375 0.8064814814814815 0.38984375 0.8027777777777778 0.39140625 0.8013888888888889 0.3932291666666667 0.8009259259259259 0.3953125 0.8004629629629629 0.39557291666666666 0.8004629629629629 0.4010416666666667 0.8009259259259259 0.40130208333333334 0.8009259259259259 0.40234375 0.8013888888888889 0.40260416666666665 0.8023148148148148 0.4049479166666667 0.8032407407407407 0.40546875 0.8055555555555556 0.4083333333333333 0.8092592592592592 0.4109375 0.8101851851851852 0.4119791666666667 0.8143518518518519 0.4140625 0.8189814814814815 0.41510416666666666 0.8203703703703704 0.41510416666666666 0.8226851851851852 0.415625 0.825 0.415625 0.825462962962963 0.4158854166666667 0.8282407407407407 0.41510416666666666 0.8291666666666667 0.41510416666666666 0.8310185185185185 0.41458333333333336 0.8337962962962963 0.41328125 0.8379629629629629 0.40677083333333336 0.8444444444444444 0.403125 0.8486111111111111 0.40208333333333335 0.8495370370370371 0.40208333333333335 0.8537037037037037 0.40078125 0.8574074074074074 0.4002604166666667 0.8606481481481482 0.39895833333333336 0.8652777777777778 0.3984375 0.8675925925925926 0.39739583333333334 0.8717592592592592 0.3966145833333333 0.8759259259259259 0.3953125 0.8791666666666667 0.39479166666666665 0.8814814814814815 0.39401041666666664 0.8851851851851852 0.39348958333333334 0.8865740740740741 0.39296875 0.8888888888888888 0.3927083333333333 0.8916666666666667 0.39166666666666666 0.8953703703703704 0.390625 0.8962962962962963 0.390625 0.8986111111111111 0.38958333333333334 0.9037037037037037 0.38828125 0.9078703703703703 0.3859375 0.9087962962962963 0.3846354166666667 0.9092592592592592 0.3802083333333333 0.9083333333333333 0.37942708333333336
3 0.9472222222222222 0.18567708333333333 0.9416666666666667 0.18567708333333333 0.9412037037037037 0.1859375 0.9388888888888889 0.1859375 0.9328703703703703 0.1875 0.9319444444444445 0.1875 0.9287037037037037 0.18828125 0.9273148148148148 0.18828125 0.9212962962962963 0.19036458333333334 0.9199074074074074 0.19036458333333334 0.913425925925926 0.1921875 0.9069444444444444 0.19322916666666667 0.9 0.1953125 0.8962962962962963 0.19739583333333333 0.8935185185185185 0.20078125 0.8949074074074074 0.20494791666666667 0.8962962962962963 0.20598958333333334 0.9004629629629629 0.20833333333333334 0.9083333333333333 0.20989583333333334 0.9111111111111111 0.21145833333333333 0.9138888888888889 0.21432291666666667 0.9138888888888889 0.21484375 0.9152777777777777 0.21614583333333334 0.9152777777777777 0.21666666666666667 0.9175925925925926 0.21822916666666667 0.9199074074074074 0.22083333333333333 0.9217592592592593 0.22213541666666667 0.924537037037037 0.22552083333333334 0.9259259259259259 0.228125 0.9324074074074075 0.23515625 0.9356481481481481 0.2375 0.9384259259259259 0.23828125 0.9416666666666667 0.23828125 0.9421296296296297 0.23802083333333332 0.9435185185185185 0.23802083333333332 0.9444444444444444 0.2375 0.9495370370370371 0.23619791666666667 0.950925925925926 0.23541666666666666 0.9527777777777777 0.23515625 0.9625 0.23229166666666667 0.9625 0.23151041666666666 0.9629629629629629 0.23125 0.9629629629629629 0.22916666666666666 0.9634259259259259 0.22890625 0.9634259259259259 0.22838541666666667 0.962037037037037 0.22682291666666668 0.9587962962962963 0.22083333333333333 0.9564814814814815 0.21875 0.9564814814814815 0.21822916666666667 0.9555555555555556 0.21744791666666666 0.9555555555555556 0.21692708333333333 0.9546296296296296 0.21614583333333334 0.9546296296296296 0.215625 0.9537037037037037 0.21510416666666668 0.950925925925926 0.21197916666666666 0.950925925925926 0.21145833333333333 0.95 0.21067708333333332 0.95 0.21015625 0.9486111111111111 0.20833333333333334 0.9476851851851852 0.20572916666666666 0.9472222222222222 0.20546875 0.9472222222222222 0.20026041666666666 0.9486111111111111 0.19869791666666667 0.9523148148148148 0.19661458333333334 0.9541666666666667 0.19505208333333332 0.9546296296296296 0.19375 0.9550925925925926 0.19348958333333333 0.9532407407407407 0.18984375 0.950925925925926 0.1875
2 0.8726851851851852 0.5190104166666667 0.8601851851851852 0.51640625 0.8564814814814815 0.5161458333333333 0.8537037037037037 0.5169270833333334 0.8467592592592592 0.5213541666666667 0.8518518518518519 0.52890625 0.850925925925926 0.5333333333333333 0.8444444444444444 0.5408854166666667 0.8416666666666667 0.54296875 0.8333333333333334 0.55234375 0.8305555555555556 0.5565104166666667 0.825925925925926 0.5606770833333333 0.8134259259259259 0.5755208333333334 0.8106481481481481 0.5776041666666667 0.7972222222222223 0.5932291666666667 0.7944444444444444 0.5953125 0.7856481481481481 0.6065104166666667 0.7800925925925926 0.61171875 0.774074074074074 0.6190104166666667 0.7736111111111111 0.6231770833333333 0.774537037037037 0.6244791666666667 0.7814814814814814 0.62734375 0.7870370370370371 0.6276041666666666 0.7907407407407407 0.6268229166666667 0.7958333333333333 0.6236979166666666 0.8111111111111111 0.6075520833333333 0.812037037037037 0.60546875 0.8185185185185185 0.5986979166666667 0.8212962962962963 0.5947916666666667 0.825 0.5916666666666667 0.8310185185185185 0.5833333333333334 0.8421296296296297 0.5716145833333334 0.8472222222222222 0.56484375 0.8597222222222223 0.5513020833333333 0.8666666666666667 0.5447916666666667 0.8712962962962963 0.5390625 0.8768518518518519 0.5348958333333333 0.8865740740740741 0.5330729166666667 0.8888888888888888 0.5315104166666667 0.8902777777777777 0.5291666666666667 0.8888888888888888 0.525 0.8842592592592593 0.52265625
3 0.8523148148148149 0.6572916666666667 0.8518518518518519 0.6575520833333334 0.8486111111111111 0.6575520833333334 0.8481481481481481 0.6578125 0.8453703703703703 0.6580729166666667 0.8402777777777778 0.6619791666666667 0.8398148148148148 0.66328125 0.8379629629629629 0.6651041666666667 0.8361111111111111 0.66875 0.8347222222222223 0.6700520833333333 0.8347222222222223 0.6708333333333333 0.8333333333333334 0.67265625 0.8333333333333334 0.6734375 0.8310185185185185 0.67734375 0.8268518518518518 0.6817708333333333 0.8268518518518518 0.6822916666666666 0.8240740740740741 0.6854166666666667 0.8236111111111111 0.6864583333333333 0.8217592592592593 0.6877604166666667 0.8111111111111111 0.6903645833333333 0.8087962962962963 0.6916666666666667 0.8069444444444445 0.6934895833333333 0.8069444444444445 0.6940104166666666 0.8046296296296296 0.696875 0.8046296296296296 0.7 0.8041666666666667 0.7002604166666667 0.8041666666666667 0.7010416666666667 0.8069444444444445 0.7033854166666667 0.8078703703703703 0.7046875 0.8106481481481481 0.7065104166666667 0.8180555555555555 0.7096354166666666 0.8189814814814815 0.7096354166666666 0.8282407407407407 0.7122395833333334 0.8324074074074074 0.7138020833333333 0.8347222222222223 0.7143229166666667 0.8379629629629629 0.7145833333333333 0.8421296296296297 0.7158854166666667 0.8458333333333333 0.7161458333333334 0.8486111111111111 0.7169270833333333 0.8597222222222223 0.7169270833333333 0.8601851851851852 0.7166666666666667 0.861574074074074 0.7166666666666667 0.8652777777777778 0.7145833333333333 0.8666666666666667 0.7130208333333333 0.8675925925925926 0.7106770833333333 0.8680555555555556 0.7104166666666667 0.8680555555555556 0.709375 0.8685185185185185 0.7091145833333333 0.8694444444444445 0.70078125 0.8666666666666667 0.6963541666666667 0.8666666666666667 0.6940104166666666 0.8662037037037037 0.69375 0.8662037037037037 0.69296875 0.8666666666666667 0.6927083333333334 0.8671296296296296 0.6893229166666667 0.8675925925925926 0.6890625 0.8685185185185185 0.6854166666666667 0.8694444444444445 0.6841145833333333 0.8694444444444445 0.6830729166666667 0.8703703703703703 0.6817708333333333 0.8703703703703703 0.6807291666666667 0.8726851851851852 0.6778645833333333 0.8736111111111111 0.6755208333333333 0.8740740740740741 0.6752604166666667 0.8740740740740741 0.6744791666666666 0.874537037037037 0.67421875 0.875 0.6716145833333333 0.8759259259259259 0.6700520833333333 0.8763888888888889 0.665625 0.8736111111111111 0.6627604166666666 0.8717592592592592 0.66171875 0.8587962962962963 0.6578125 0.8550925925925926 0.6575520833333334 0.8546296296296296 0.6572916666666667
4 0.8875 0.4388020833333333 0.8828703703703704 0.4432291666666667 0.8828703703703704 0.44479166666666664 0.8824074074074074 0.44505208333333335 0.8824074074074074 0.4466145833333333 0.8819444444444444 0.4471354166666667 0.8833333333333333 0.44817708333333334 0.8888888888888888 0.4510416666666667 0.8916666666666667 0.45208333333333334 0.8949074074074074 0.45260416666666664 0.8962962962962963 0.453125 0.9 0.45234375 0.9046296296296297 0.45234375 0.9078703703703703 0.453125 0.9120370370370371 0.45364583333333336 0.9138888888888889 0.4549479166666667 0.9189814814814815 0.45651041666666664 0.9259259259259259 0.45989583333333334 0.9277777777777778 0.46041666666666664 0.9324074074074075 0.4627604166666667 0.9342592592592592 0.46328125 0.9393518518518519 0.4661458333333333 0.9421296296296297 0.4671875 0.9453703703703704 0.46901041666666665 0.9472222222222222 0.4708333333333333 0.95 0.47213541666666664 0.9518518518518518 0.47265625 0.962037037037037 0.47708333333333336 0.9662037037037037 0.4783854166666667 0.9703703703703703 0.47890625 0.9708333333333333 0.4791666666666667 0.9787037037037037 0.4791666666666667 0.9814814814814815 0.4783854166666667 0.9824074074074074 0.4783854166666667 0.9837962962962963 0.47734375 0.9851851851851852 0.47578125 0.9856481481481482 0.47421875 0.9837962962962963 0.471875 0.9833333333333333 0.4705729166666667 0.9745370370370371 0.46484375 0.9726851851851852 0.4640625 0.9712962962962963 0.4627604166666667 0.9662037037037037 0.46067708333333335 0.9625 0.45859375 0.9555555555555556 0.45598958333333334 0.950462962962963 0.453125 0.9472222222222222 0.45208333333333334 0.9458333333333333 0.4510416666666667 0.9444444444444444 0.45078125 0.9398148148148148 0.44895833333333335 0.9347222222222222 0.44583333333333336 0.9287037037037037 0.44296875 0.925 0.4395833333333333 0.925 0.43828125 0.9254629629629629 0.43802083333333336 0.9263888888888889 0.43515625 0.9231481481481482 0.4315104166666667 0.9217592592592593 0.43125 0.9194444444444444 0.43020833333333336 0.9185185185185185 0.43020833333333336 0.9162037037037037 0.42942708333333335 0.9148148148148149 0.42942708333333335 0.9143518518518519 0.42916666666666664 0.9097222222222222 0.42916666666666664 0.9092592592592592 0.42942708333333335 0.9078703703703703 0.42942708333333335 0.9004629629629629 0.4315104166666667 0.8976851851851851 0.43307291666666664 0.8962962962962963 0.43333333333333335 0.8925925925925926 0.4356770833333333 0.8912037037037037 0.43697916666666664
2 0.9388888888888889 0.48072916666666665 0.9328703703703703 0.47578125 0.924074074074074 0.47213541666666664 0.9171296296296296 0.4708333333333333 0.9125 0.47161458333333334 0.9074074074074074 0.47369791666666666 0.9041666666666667 0.48151041666666666 0.9 0.484375 0.8962962962962963 0.48515625 0.8921296296296296 0.4869791666666667 0.8805555555555555 0.490625 0.8680555555555556 0.4940104166666667 0.861574074074074 0.49661458333333336 0.8550925925925926 0.4979166666666667 0.8518518518518519 0.49947916666666664 0.8240740740740741 0.5083333333333333 0.8046296296296296 0.5135416666666667 0.7773148148148148 0.52265625 0.7680555555555556 0.5252604166666667 0.7638888888888888 0.5270833333333333 0.7527777777777778 0.5302083333333333 0.7486111111111111 0.5330729166666667 0.75 0.5369791666666667 0.7523148148148148 0.5395833333333333 0.7555555555555555 0.5411458333333333 0.762962962962963 0.54140625 0.7675925925925926 0.5408854166666667 0.774074074074074 0.5393229166666667 0.7907407407407407 0.534375 0.8143518518518519 0.5263020833333333 0.8300925925925926 0.521875 0.8416666666666667 0.5197916666666667 0.8453703703703703 0.5197916666666667 0.85 0.5171875 0.8657407407407407 0.5109375 0.8722222222222222 0.509375 0.8768518518518519 0.5072916666666667 0.8851851851851852 0.50546875 0.8921296296296296 0.5028645833333333 0.9046296296296297 0.49973958333333335 0.9083333333333333 0.4981770833333333 0.9111111111111111 0.4979166666666667 0.9194444444444444 0.49583333333333335 0.9328703703703703 0.49583333333333335 0.9393518518518519 0.4942708333333333 0.9430555555555555 0.4903645833333333 0.9430555555555555 0.4859375
5 0.9268518518518518 0.5903645833333333 0.9226851851851852 0.5916666666666667 0.9203703703703704 0.5934895833333333 0.9185185185185185 0.5958333333333333 0.9185185185185185 0.596875 0.9180555555555555 0.5971354166666667 0.9180555555555555 0.5981770833333333 0.9175925925925926 0.5984375 0.9175925925925926 0.5997395833333333 0.9171296296296296 0.6 0.9171296296296296 0.60234375 0.9166666666666666 0.6026041666666667 0.9166666666666666 0.6057291666666667 0.9162037037037037 0.6059895833333333 0.9162037037037037 0.6098958333333333 0.9157407407407407 0.61015625 0.9152777777777777 0.6151041666666667 0.9148148148148149 0.6153645833333333 0.9143518518518519 0.6182291666666667 0.9138888888888889 0.6184895833333334 0.9138888888888889 0.61953125 0.913425925925926 0.6197916666666666 0.912962962962963 0.62109375 0.9120370370370371 0.6221354166666667 0.9101851851851852 0.6229166666666667 0.9074074074074074 0.6231770833333333 0.9069444444444444 0.6234375 0.9041666666666667 0.6234375 0.9 0.6255208333333333 0.899074074074074 0.6265625 0.8986111111111111 0.62890625 0.8981481481481481 0.6291666666666667 0.8981481481481481 0.6302083333333334 0.8976851851851851 0.63046875 0.8976851851851851 0.6317708333333333 0.8981481481481481 0.63203125 0.8981481481481481 0.634375 0.899537037037037 0.6359375 0.9009259259259259 0.63671875 0.9013888888888889 0.63671875 0.9041666666666667 0.63828125 0.9041666666666667 0.6385416666666667 0.9050925925925926 0.6385416666666667 0.9069444444444444 0.6390625 0.913425925925926 0.6395833333333333 0.9138888888888889 0.63984375 0.9175925925925926 0.6401041666666667 0.9180555555555555 0.6403645833333333 0.9217592592592593 0.6403645833333333 0.9222222222222223 0.640625 0.925 0.640625 0.9254629629629629 0.6408854166666667 0.9310185185185185 0.6408854166666667 0.9314814814814815 0.6411458333333333 0.9342592592592592 0.6411458333333333 0.9347222222222222 0.64140625 0.9453703703703704 0.64140625 0.9458333333333333 0.6411458333333333 0.9518518518518518 0.6411458333333333 0.9532407407407407 0.640625 0.9541666666666667 0.640625 0.9574074074074074 0.6388020833333333 0.9578703703703704 0.63828125 0.9578703703703704 0.6372395833333333 0.9583333333333334 0.6369791666666667 0.9583333333333334 0.6356770833333333 0.9587962962962963 0.6354166666666666 0.9587962962962963 0.6341145833333334 0.9583333333333334 0.6338541666666667 0.9574074074074074 0.6302083333333334 0.9560185185185185 0.6286458333333333 0.95 0.625 0.9486111111111111 0.6231770833333333 0.9490740740740741 0.61796875 0.9495370370370371 0.6177083333333333 0.9495370370370371 0.61640625 0.95 0.6161458333333333 0.95 0.61484375 0.950462962962963 0.6145833333333334 0.950462962962963 0.6127604166666667 0.950925925925926 0.6125 0.950925925925926 0.6083333333333333 0.9513888888888888 0.6080729166666666 0.9513888888888888 0.6046875 0.9518518518518518 0.6044270833333333 0.9518518518518518 0.6018229166666667 0.9523148148148148 0.6015625 0.9523148148148148 0.5950520833333334 0.950925925925926 0.5934895833333333 0.950925925925926 0.59296875 0.9481481481481482 0.5916666666666667 0.9472222222222222 0.5916666666666667 0.9453703703703704 0.5911458333333334 0.9416666666666667 0.5908854166666667 0.9412037037037037 0.590625
6 0.9472222222222222 0.6739583333333333 0.9425925925925925 0.6768229166666667 0.9425925925925925 0.6770833333333334 0.9416666666666667 0.6776041666666667 0.9416666666666667 0.6778645833333333 0.9407407407407408 0.6783854166666666 0.9407407407407408 0.6786458333333333 0.9398148148148148 0.6791666666666667 0.9398148148148148 0.6794270833333333 0.937037037037037 0.68125 0.937037037037037 0.6815104166666667 0.9351851851851852 0.6833333333333333 0.9351851851851852 0.6838541666666667 0.9347222222222222 0.6841145833333333 0.9347222222222222 0.6846354166666667 0.9342592592592592 0.6848958333333334 0.9337962962962963 0.6861979166666666 0.9328703703703703 0.6869791666666667 0.9324074074074075 0.68828125 0.9314814814814815 0.6890625 0.9314814814814815 0.68984375 0.9319444444444445 0.6901041666666666 0.9319444444444445 0.6911458333333333 0.9324074074074075 0.69140625 0.9324074074074075 0.6927083333333334 0.9328703703703703 0.69296875 0.9328703703703703 0.6934895833333333 0.9347222222222222 0.6953125 0.9347222222222222 0.6958333333333333 0.9351851851851852 0.69609375 0.9356481481481481 0.696875 0.9384259259259259 0.6984375 0.9384259259259259 0.6986979166666667 0.9412037037037037 0.7002604166666667 0.9412037037037037 0.7005208333333334 0.9425925925925925 0.7013020833333333 0.9430555555555555 0.7013020833333333 0.9435185185185185 0.7015625 0.9444444444444444 0.7015625 0.9449074074074074 0.7018229166666666 0.9458333333333333 0.7018229166666666 0.9462962962962963 0.7020833333333333 0.9476851851851852 0.70234375 0.95 0.7033854166666667 0.9541666666666667 0.7044270833333334 0.9550925925925926 0.7049479166666667 0.9564814814814815 0.7049479166666667 0.9569444444444445 0.7052083333333333 0.9587962962962963 0.7052083333333333 0.9592592592592593 0.70546875 0.9634259259259259 0.70546875 0.9638888888888889 0.7057291666666666 0.9671296296296297 0.7057291666666666 0.9675925925925926 0.7059895833333333 0.9736111111111111 0.7059895833333333 0.9740740740740741 0.70625 0.9787037037037037 0.70625 0.9791666666666666 0.7059895833333333 0.9800925925925926 0.7059895833333333 0.9805555555555555 0.7057291666666666 0.9810185185185185 0.7057291666666666 0.9824074074074074 0.7049479166666667 0.9824074074074074 0.7046875 0.9828703703703704 0.7044270833333334 0.9833333333333333 0.7036458333333333 0.9842592592592593 0.703125 0.9879629629629629 0.6986979166666667 0.9888888888888889 0.6981770833333333 0.9888888888888889 0.6979166666666666 0.9898148148148148 0.6971354166666667 0.9898148148148148 0.6966145833333334 0.9902777777777778 0.6963541666666667 0.9902777777777778 0.6958333333333333 0.9907407407407407 0.6955729166666667 0.9912037037037037 0.6942708333333333 0.9921296296296296 0.6934895833333333 0.9921296296296296 0.6924479166666667 0.9925925925925926 0.6921875 0.9925925925925926 0.6911458333333333 0.9930555555555556 0.6908854166666667 0.9930555555555556 0.6901041666666666 0.9935185185185185 0.68984375 0.9935185185185185 0.68828125 0.9930555555555556 0.6880208333333333 0.9930555555555556 0.6869791666666667 0.9925925925925926 0.68671875 0.9925925925925926 0.6859375 0.9921296296296296 0.6856770833333333 0.9921296296296296 0.6848958333333334 0.9916666666666667 0.6846354166666667 0.9916666666666667 0.68359375 0.9912037037037037 0.6833333333333333 0.9912037037037037 0.6822916666666666 0.9907407407407407 0.68203125 0.9907407407407407 0.68125 0.9875 0.6794270833333333 0.9861111111111112 0.6776041666666667 0.9833333333333333 0.6760416666666667 0.9828703703703704 0.6760416666666667 0.9819444444444444 0.6755208333333333 0.9814814814814815 0.6755208333333333 0.9782407407407407 0.6739583333333333 0.9777777777777777 0.6739583333333333 0.9763888888888889 0.6734375 0.9740740740740741 0.6731770833333334 0.9736111111111111 0.6729166666666667 0.9717592592592592 0.6729166666666667 0.9712962962962963 0.67265625 0.9662037037037037 0.67265625 0.9657407407407408 0.6723958333333333 0.9592592592592593 0.6723958333333333 0.9587962962962963 0.67265625 0.9546296296296296 0.67265625 0.9541666666666667 0.6729166666666667 0.9523148148148148 0.6729166666666667 0.9518518518518518 0.6731770833333334 0.950462962962963 0.6731770833333334 0.95 0.6734375 0.9490740740740741 0.6734375 0.9486111111111111 0.6736979166666667
