1 0.30277777777777776 0.32786458333333335 0.3013888888888889 0.32864583333333336 0.3013888888888889 0.32890625 0.29953703703703705 0.3302083333333333 0.2967592592592593 0.33359375 0.2972222222222222 0.33567708333333335 0.29768518518518516 0.3359375 0.29768518518518516 0.33645833333333336 0.2986111111111111 0.3375 0.300462962962963 0.3385416666666667 0.3023148148148148 0.3390625 0.3060185185185185 0.34088541666666666 0.30925925925925923 0.3419270833333333 0.31203703703703706 0.34348958333333335 0.31574074074074077 0.34453125 0.31805555555555554 0.3455729166666667 0.325 0.34739583333333335 0.3277777777777778 0.34869791666666666 0.3277777777777778 0.3489583333333333 0.32916666666666666 0.35 0.32916666666666666 0.35052083333333334 0.3296296296296296 0.35078125 0.3296296296296296 0.35130208333333335 0.33055555555555555 0.35234375 0.33055555555555555 0.3533854166666667 0.33101851851851855 0.3536458333333333 0.33101851851851855 0.3546875 0.3314814814814815 0.35494791666666664 0.3314814814814815 0.35546875 0.33287037037037037 0.35703125 0.3337962962962963 0.3575520833333333 0.3351851851851852 0.3578125 0.33796296296296297 0.35911458333333335 0.33935185185185185 0.359375 0.3416666666666667 0.3606770833333333 0.3435185185185185 0.36015625 0.34629629629629627 0.36015625 0.34675925925925927 0.36041666666666666 0.3476851851851852 0.36041666666666666 0.3486111111111111 0.3609375 0.3490740740740741 0.3609375 0.35138888888888886 0.3625 0.35185185185185186 0.3625 0.3541666666666667 0.36354166666666665 0.35833333333333334 0.36354166666666665 0.3587962962962963 0.36328125 0.36018518518518516 0.36328125 0.36203703703703705 0.3625 0.3625 0.3625 0.36527777777777776 0.3609375 0.36574074074074076 0.36015625 0.36666666666666664 0.35963541666666665 0.3675925925925926 0.35859375 0.37453703703703706 0.3536458333333333 0.375 0.35260416666666666 0.37546296296296294 0.35234375 0.37546296296296294 0.35182291666666665 0.37592592592592594 0.3515625 0.37592592592592594 0.35104166666666664 0.3763888888888889 0.35078125 0.3763888888888889 0.3502604166666667 0.3768518518518518 0.35 0.3763888888888889 0.34817708333333336 0.37453703703703706 0.34609375 0.3731481481481482 0.3453125 0.3712962962962963 0.3450520833333333 0.37083333333333335 0.34479166666666666 0.3699074074074074 0.34479166666666666 0.36944444444444446 0.34453125 0.3680555555555556 0.34453125 0.3675925925925926 0.34427083333333336 0.3648148148148148 0.34401041666666665 0.3625 0.34270833333333334 0.3611111111111111 0.34088541666666666 0.3597222222222222 0.34010416666666665 0.3597222222222222 0.33984375 0.3578703703703704 0.3385416666666667 0.3574074074074074 0.3377604166666667 0.35648148148148145 0.3375 0.35555555555555557 0.3375 0.3541666666666667 0.33697916666666666 0.3509259259259259 0.33697916666666666 0.350462962962963 0.3372395833333333 0.3490740740740741 0.3372395833333333 0.3458333333333333 0.33828125 0.3439814814814815 0.33828125 0.3425925925925926 0.3377604166666667 0.33935185185185185 0.3375 0.3388888888888889 0.3372395833333333 0.33796296296296297 0.3372395833333333 0.3351851851851852 0.3359375 0.33287037037037037 0.33541666666666664 0.33055555555555555 0.334375 0.3277777777777778 0.33359375 0.32685185185185184 0.33359375 0.32314814814814813 0.33229166666666665 0.3212962962962963 0.33203125 0.31666666666666665 0.3302083333333333 0.3143518518518518 0.3299479166666667 0.3101851851851852 0.32760416666666664 0.3055555555555556 0.32734375 0.3050925925925926 0.32760416666666664
3 0.4 0.09453125 0.3962962962962963 0.09270833333333334 0.39351851851851855 0.09270833333333334 0.39305555555555555 0.09244791666666667 0.38796296296296295 0.09270833333333334 0.3837962962962963 0.09401041666666667 0.3814814814814815 0.09401041666666667 0.38055555555555554 0.09427083333333333 0.3787037037037037 0.09557291666666666 0.3773148148148148 0.10104166666666667 0.3763888888888889 0.10234375 0.37453703703703706 0.10338541666666666 0.3699074074074074 0.10442708333333334 0.3638888888888889 0.10494791666666667 0.35324074074074074 0.10729166666666666 0.350462962962963 0.10729166666666666 0.3472222222222222 0.10807291666666667 0.34120370370370373 0.10859375 0.3375 0.10963541666666667 0.3337962962962963 0.10963541666666667 0.3296296296296296 0.11067708333333333 0.325 0.11119791666666666 0.31805555555555554 0.11302083333333333 0.31666666666666665 0.11380208333333333 0.31574074074074077 0.11484375 0.31574074074074077 0.11901041666666666 0.31712962962962965 0.12109375 0.3175925925925926 0.12291666666666666 0.3189814814814815 0.12447916666666667 0.32175925925925924 0.1296875 0.324537037037037 0.13229166666666667 0.32592592592592595 0.13307291666666668 0.3287037037037037 0.13359375 0.3375 0.13359375 0.3449074074074074 0.13177083333333334 0.34953703703703703 0.13125 0.35138888888888886 0.13072916666666667 0.3527777777777778 0.13072916666666667 0.35694444444444445 0.1296875 0.36203703703703705 0.1296875 0.3662037037037037 0.12890625 0.3712962962962963 0.12864583333333332 0.37175925925925923 0.12838541666666667 0.3736111111111111 0.12838541666666667 0.37592592592592594 0.12890625 0.37916666666666665 0.12890625 0.37962962962962965 0.12864583333333332 0.38287037037037036 0.12890625 0.3861111111111111 0.1296875 0.3902777777777778 0.13151041666666666 0.3962962962962963 0.1328125 0.3976851851851852 0.13255208333333332 0.4060185185185185 0.13229166666666667 0.4064814814814815 0.13203125 0.4078703703703704 0.13203125 0.4115740740740741 0.13072916666666667 0.4134259259259259 0.12760416666666666 0.4134259259259259 0.12604166666666666 0.412962962962963 0.12578125 0.4125 0.12239583333333333 0.41203703703703703 0.12213541666666666 0.41203703703703703 0.11875 0.4115740740740741 0.11848958333333333 0.41064814814814815 0.11484375 0.40925925925925927 0.1125 0.40925925925925927 0.11119791666666666 0.4083333333333333 0.10989583333333333 0.4083333333333333 0.10885416666666667 0.4060185185185185 0.10546875 0.4060185185185185 0.10442708333333334 0.40555555555555556 0.10416666666666667 0.40555555555555556 0.103125 0.4041666666666667 0.10078125 0.4041666666666667 0.09973958333333334
4 0.24351851851851852 0.32864583333333336 0.2412037037037037 0.3299479166666667 0.23935185185185184 0.3338541666666667 0.23981481481481481 0.3341145833333333 0.24074074074074073 0.3372395833333333 0.24212962962962964 0.33880208333333334 0.25 0.34348958333333335 0.25787037037037036 0.346875 0.26805555555555555 0.35260416666666666 0.2740740740740741 0.35520833333333335 0.2810185185185185 0.359375 0.28379629629629627 0.35989583333333336 0.2912037037037037 0.36223958333333334 0.29814814814814816 0.3653645833333333 0.3055555555555556 0.3692708333333333 0.30925925925925923 0.3729166666666667 0.3074074074074074 0.3768229166666667 0.30925925925925923 0.3807291666666667 0.3143518518518518 0.3828125 0.31574074074074077 0.3828125 0.3175925925925926 0.38333333333333336 0.3189814814814815 0.38333333333333336 0.3226851851851852 0.38255208333333335 0.3263888888888889 0.38255208333333335 0.3333333333333333 0.3807291666666667 0.33935185185185185 0.37734375 0.34444444444444444 0.3731770833333333 0.3449074074074074 0.37213541666666666 0.34814814814814815 0.36953125 0.350462962962963 0.36666666666666664 0.3523148148148148 0.3651041666666667 0.3509259259259259 0.3625 0.3486111111111111 0.3609375 0.34629629629629627 0.36015625 0.3416666666666667 0.35989583333333336 0.33425925925925926 0.3578125 0.32592592592592595 0.3575520833333333 0.324537037037037 0.3567708333333333 0.31527777777777777 0.3533854166666667 0.31203703703703706 0.35260416666666666 0.3055555555555556 0.34921875 0.2986111111111111 0.34661458333333334 0.2949074074074074 0.34401041666666665 0.2916666666666667 0.34296875 0.2884259259259259 0.3411458333333333 0.2865740740740741 0.340625 0.2833333333333333 0.3390625 0.2791666666666667 0.3377604166666667 0.274537037037037 0.33489583333333334 0.2671296296296296 0.33229166666666665 0.26296296296296295 0.3299479166666667 0.25972222222222224 0.32864583333333336 0.25601851851851853 0.32760416666666664 0.25277777777777777 0.32708333333333334 0.2490740740740741 0.32708333333333334
4 0.2791666666666667 0.36640625 0.27824074074074073 0.3651041666666667 0.275 0.36380208333333336 0.2689814814814815 0.36380208333333336 0.26851851851851855 0.3640625 0.26435185185185184 0.36432291666666666 0.262037037037037 0.3651041666666667 0.2587962962962963 0.36953125 0.2569444444444444 0.37057291666666664 0.25462962962962965 0.37109375 0.2523148148148148 0.37109375 0.24814814814814815 0.37213541666666666 0.2263888888888889 0.37213541666666666 0.22592592592592592 0.3723958333333333 0.17407407407407408 0.37265625 0.1736111111111111 0.3729166666666667 0.16805555555555557 0.3729166666666667 0.16435185185185186 0.3736979166666667 0.16203703703703703 0.3736979166666667 0.15787037037037038 0.37473958333333335 0.15648148148148147 0.37552083333333336 0.1550925925925926 0.3768229166666667 0.1550925925925926 0.3809895833333333 0.15648148148148147 0.3828125 0.1574074074074074 0.38515625 0.16157407407407406 0.38697916666666665 0.16574074074074074 0.38776041666666666 0.16805555555555557 0.38776041666666666 0.1685185185185185 0.3880208333333333 0.1736111111111111 0.38828125 0.17407407407407408 0.3885416666666667 0.19907407407407407 0.3885416666666667 0.19953703703703704 0.38828125 0.2023148148148148 0.38828125 0.20277777777777778 0.3880208333333333 0.21388888888888888 0.3880208333333333 0.21435185185185185 0.38776041666666666 0.21851851851851853 0.38776041666666666 0.21898148148148147 0.3875 0.24351851851851852 0.3875 0.2439814814814815 0.38723958333333336 0.24814814814814815 0.38723958333333336 0.24953703703703703 0.3875 0.2518518518518518 0.3885416666666667 0.25601851851851853 0.3885416666666667 0.2574074074074074 0.3893229166666667 0.26064814814814813 0.39036458333333335 0.26296296296296295 0.3921875 0.2675925925925926 0.39427083333333335 0.2689814814814815 0.39401041666666664 0.27546296296296297 0.39401041666666664 0.2763888888888889 0.39348958333333334 0.27870370370370373 0.39296875 0.2796296296296296 0.3921875 0.2796296296296296 0.390625 0.2800925925925926 0.39036458333333335 0.2800925925925926 0.3888020833333333 0.28055555555555556 0.3885416666666667 0.28055555555555556 0.3854166666666667 0.2810185185185185 0.38515625 0.2810185185185185 0.3729166666666667 0.28055555555555556 0.37265625 0.28055555555555556 0.37109375 0.2800925925925926 0.37083333333333335 0.2800925925925926 0.3690104166666667 0.2796296296296296 0.36875
4 0.09907407407407408 0.18802083333333333 0.09814814814814815 0.18932291666666667 0.09768518518518518 0.19270833333333334 0.09722222222222222 0.19296875 0.09768518518518518 0.19479166666666667 0.09907407407407408 0.19713541666666667 0.1037037037037037 0.2 0.1050925925925926 0.20026041666666666 0.11018518518518519 0.20260416666666667 0.11666666666666667 0.20416666666666666 0.11805555555555555 0.20494791666666667 0.12314814814814815 0.20598958333333334 0.125 0.20677083333333332 0.13194444444444445 0.20859375 0.1375 0.20963541666666666 0.14212962962962963 0.21145833333333333 0.14629629629629629 0.21223958333333334 0.1486111111111111 0.21328125 0.1537037037037037 0.21458333333333332 0.1574074074074074 0.21614583333333334 0.16018518518518518 0.21692708333333333 0.1625 0.2171875 0.16898148148148148 0.21901041666666668 0.1699074074074074 0.21953125 0.17083333333333334 0.21953125 0.1736111111111111 0.22057291666666667 0.17916666666666667 0.221875 0.18055555555555555 0.22265625 0.1814814814814815 0.22395833333333334 0.1824074074074074 0.22838541666666667 0.18425925925925926 0.22994791666666667 0.1884259259259259 0.23229166666666667 0.1925925925925926 0.23307291666666666 0.20092592592592592 0.23333333333333334 0.20462962962962963 0.23229166666666667 0.21064814814814814 0.22890625 0.21666666666666667 0.221875 0.21898148148148147 0.2171875 0.21944444444444444 0.20885416666666667 0.21666666666666667 0.20572916666666666 0.2125 0.2046875 0.20601851851851852 0.20390625 0.20092592592592592 0.20260416666666667 0.19722222222222222 0.20286458333333332 0.1935185185185185 0.20364583333333333 0.18981481481481483 0.20494791666666667 0.1884259259259259 0.20494791666666667 0.18611111111111112 0.20416666666666666 0.18194444444444444 0.20364583333333333 0.17314814814814813 0.20104166666666667 0.16944444444444445 0.20052083333333334 0.16018518518518518 0.19791666666666666 0.15416666666666667 0.196875 0.14537037037037037 0.19401041666666666 0.13425925925925927 0.19166666666666668 0.12453703703703704 0.1890625 0.12361111111111112 0.18854166666666666 0.11990740740740741 0.18802083333333333 0.11527777777777778 0.18645833333333334 0.11157407407407408 0.18619791666666666 0.1111111111111111 0.1859375 0.1050925925925926 0.1859375 0.10185185185185185 0.18671875
5 0.4583333333333333 0.28828125 0.45694444444444443 0.28828125 0.4546296296296296 0.2877604166666667 0.45416666666666666 0.28802083333333334 0.45092592592592595 0.28802083333333334 0.4449074074074074 0.2911458333333333 0.4412037037037037 0.2947916666666667 0.44212962962962965 0.2955729166666667 0.44305555555555554 0.29739583333333336 0.4449074074074074 0.2986979166666667 0.44814814814814813 0.3026041666666667 0.4449074074074074 0.30625 0.4398148148148148 0.3098958333333333 0.4263888888888889 0.3171875 0.425 0.3184895833333333 0.4203703703703704 0.32135416666666666 0.4185185185185185 0.3229166666666667 0.412962962962963 0.3260416666666667 0.4125 0.3260416666666667 0.4083333333333333 0.3299479166666667 0.4111111111111111 0.33359375 0.41712962962962963 0.33697916666666666 0.41759259259259257 0.33697916666666666 0.4236111111111111 0.34010416666666665 0.425 0.34010416666666665 0.42777777777777776 0.340625 0.4361111111111111 0.3380208333333333 0.4449074074074074 0.33307291666666666 0.4476851851851852 0.33098958333333334 0.4564814814814815 0.3263020833333333 0.4601851851851852 0.32369791666666664 0.4689814814814815 0.32005208333333335 0.47453703703703703 0.31875 0.48009259259259257 0.31875 0.48055555555555557 0.3190104166666667 0.4837962962962963 0.3190104166666667 0.4842592592592593 0.31927083333333334 0.48657407407407405 0.31927083333333334 0.48703703703703705 0.3190104166666667 0.49027777777777776 0.31875 0.4925925925925926 0.31796875 0.49537037037037035 0.31640625 0.4976851851851852 0.3143229166666667 0.49722222222222223 0.3138020833333333 0.49722222222222223 0.31223958333333335 0.49675925925925923 0.31197916666666664 0.49675925925925923 0.3104166666666667 0.49398148148148147 0.30703125 0.49074074074074076 0.30494791666666665 0.49027777777777776 0.30416666666666664 0.48842592592592593 0.303125 0.48703703703703705 0.30182291666666666 0.48333333333333334 0.29973958333333334 0.48333333333333334 0.2994791666666667 0.4703703703703704 0.29244791666666664 0.4634259259259259 0.28958333333333336 0.46064814814814814 0.2890625
3 0.4236111111111111 0.36302083333333335 0.4199074074074074 0.36302083333333335 0.41574074074074074 0.3640625 0.4115740740740741 0.36614583333333334 0.4078703703703704 0.3690104166666667 0.4083333333333333 0.37265625 0.4101851851851852 0.37578125 0.4101851851851852 0.3770833333333333 0.40925925925925927 0.37786458333333334 0.40555555555555556 0.37994791666666666 0.4041666666666667 0.3802083333333333 0.4027777777777778 0.38125 0.39814814814814814 0.38359375 0.387037037037037 0.38828125 0.3837962962962963 0.39010416666666664 0.38055555555555554 0.39088541666666665 0.3699074074074074 0.39557291666666666 0.36574074074074076 0.396875 0.36064814814814816 0.3997395833333333 0.36018518518518516 0.4005208333333333 0.36064814814814816 0.40078125 0.36064814814814816 0.40234375 0.3611111111111111 0.40260416666666665 0.3611111111111111 0.40390625 0.36574074074074076 0.40729166666666666 0.3680555555555556 0.409375 0.3712962962962963 0.4114583333333333 0.3763888888888889 0.4140625 0.37916666666666665 0.41458333333333336 0.3814814814814815 0.41458333333333336 0.3851851851851852 0.41380208333333335 0.38935185185185184 0.41354166666666664 0.3925925925925926 0.4127604166666667 0.40185185185185185 0.40911458333333334 0.40324074074074073 0.4088541666666667 0.4083333333333333 0.40598958333333335 0.41203703703703703 0.4049479166666667 0.41574074074074074 0.403125 0.41944444444444445 0.40234375 0.4236111111111111 0.4002604166666667 0.42777777777777776 0.39947916666666666 0.4310185185185185 0.39817708333333335 0.4324074074074074 0.39791666666666664 0.4356481481481482 0.39791666666666664 0.4398148148148148 0.39921875 0.4425925925925926 0.3997395833333333 0.4476851851851852 0.3997395833333333 0.44814814814814813 0.39947916666666666 0.4513888888888889 0.39921875 0.4550925925925926 0.39817708333333335 0.4587962962962963 0.3963541666666667 0.45925925925925926 0.39427083333333335 0.4597222222222222 0.39401041666666664 0.4597222222222222 0.3919270833333333 0.4587962962962963 0.39036458333333335 0.4550925925925926 0.38723958333333336 0.4527777777777778 0.3841145833333333 0.45185185185185184 0.38359375 0.4513888888888889 0.3828125 0.4449074074074074 0.37864583333333335 0.44351851851851853 0.37734375 0.44351851851851853 0.3768229166666667 0.44027777777777777 0.37473958333333335 0.4388888888888889 0.3731770833333333 0.43425925925925923 0.3697916666666667 0.43148148148148147 0.3671875
4 0.6694444444444444 0.06588541666666667 0.6652777777777777 0.06770833333333333 0.6638888888888889 0.06953125 0.6638888888888889 0.0703125 0.662962962962963 0.07161458333333333 0.6638888888888889 0.07630208333333334 0.6689814814814815 0.08177083333333333 0.6699074074074074 0.08385416666666666 0.6712962962962963 0.08489583333333334 0.6731481481481482 0.08802083333333334 0.6763888888888889 0.09114583333333333 0.6763888888888889 0.09166666666666666 0.6814814814814815 0.09557291666666666 0.6847222222222222 0.09895833333333333 0.6847222222222222 0.09947916666666666 0.6875 0.10234375 0.6888888888888889 0.10520833333333333 0.6902777777777778 0.10651041666666666 0.6930555555555555 0.1109375 0.6921296296296297 0.11380208333333333 0.6893518518518519 0.11692708333333333 0.6893518518518519 0.11770833333333333 0.6888888888888889 0.11796875 0.6888888888888889 0.12005208333333334 0.6902777777777778 0.12265625 0.6958333333333333 0.128125 0.6976851851851852 0.12916666666666668 0.700462962962963 0.12994791666666666 0.7083333333333334 0.1296875 0.7162037037037037 0.12838541666666667 0.7203703703703703 0.12708333333333333 0.7231481481481481 0.12552083333333333 0.725 0.125 0.7282407407407407 0.1234375 0.7305555555555555 0.12161458333333333 0.7342592592592593 0.11953125 0.736574074074074 0.1171875 0.7375 0.115625 0.7375 0.11458333333333333 0.736574074074074 0.11354166666666667 0.7361111111111112 0.11197916666666667 0.7314814814814815 0.10729166666666666 0.7282407407407407 0.10520833333333333 0.725 0.10442708333333334 0.7166666666666667 0.10390625 0.7138888888888889 0.10208333333333333 0.7125 0.09947916666666666 0.7092592592592593 0.09609375 0.7092592592592593 0.09557291666666666 0.7069444444444445 0.09401041666666667 0.7055555555555556 0.09244791666666667 0.7055555555555556 0.09192708333333334 0.7027777777777777 0.0890625 0.7013888888888888 0.08645833333333333 0.7 0.08541666666666667 0.6990740740740741 0.08385416666666666 0.6976851851851852 0.0828125 0.6930555555555555 0.07708333333333334 0.6902777777777778 0.07473958333333333 0.6884259259259259 0.07265625 0.6884259259259259 0.07213541666666666 0.6875 0.07161458333333333 0.6851851851851852 0.06901041666666667 0.6851851851851852 0.06848958333333334 0.6814814814814815 0.06666666666666667 0.6777777777777778 0.065625 0.6731481481481482 0.06536458333333334 0.6726851851851852 0.065625
1 0.44027777777777777 0.4083333333333333 0.43472222222222223 0.40989583333333335 0.43287037037037035 0.4119791666666667 0.43333333333333335 0.4122395833333333 0.43333333333333335 0.41328125 0.4337962962962963 0.41354166666666664 0.4337962962962963 0.41458333333333336 0.43425925925925923 0.41484375 0.43425925925925923 0.4158854166666667 0.43472222222222223 0.4161458333333333 0.43472222222222223 0.4166666666666667 0.4361111111111111 0.41796875 0.4361111111111111 0.41848958333333336 0.43703703703703706 0.4192708333333333 0.43703703703703706 0.4200520833333333 0.43842592592592594 0.42161458333333335 0.4388888888888889 0.42291666666666666 0.44027777777777777 0.42421875 0.44027777777777777 0.42473958333333334 0.44212962962962965 0.42682291666666666 0.44212962962962965 0.42734375 0.4425925925925926 0.4276041666666667 0.44305555555555554 0.42890625 0.44537037037037036 0.4315104166666667 0.4449074074074074 0.43203125 0.4449074074074074 0.4348958333333333 0.4444444444444444 0.43515625 0.4444444444444444 0.4361979166666667 0.4439814814814815 0.43645833333333334 0.4439814814814815 0.43723958333333335 0.44351851851851853 0.4375 0.44351851851851853 0.43828125 0.44305555555555554 0.43854166666666666 0.44305555555555554 0.43984375 0.44351851851851853 0.4401041666666667 0.44351851851851853 0.440625 0.44583333333333336 0.4432291666666667 0.44907407407407407 0.4453125 0.45185185185185184 0.44921875 0.4527777777777778 0.44973958333333336 0.4537037037037037 0.45078125 0.4550925925925926 0.4515625 0.45601851851851855 0.4515625 0.4583333333333333 0.45234375 0.4648148148148148 0.45234375 0.4652777777777778 0.45208333333333334 0.4666666666666667 0.45208333333333334 0.4671296296296296 0.4518229166666667 0.4703703703703704 0.4515625 0.4722222222222222 0.4510416666666667 0.4736111111111111 0.4510416666666667 0.47824074074074074 0.44973958333333336 0.4791666666666667 0.44921875 0.4810185185185185 0.44869791666666664 0.4824074074074074 0.4479166666666667 0.48518518518518516 0.4471354166666667 0.48518518518518516 0.44583333333333336 0.48564814814814816 0.44557291666666665 0.48564814814814816 0.4432291666666667 0.4842592592592593 0.44192708333333336 0.4842592592592593 0.44140625 0.4824074074074074 0.4393229166666667 0.4824074074074074 0.43802083333333336 0.48194444444444445 0.43776041666666665 0.48194444444444445 0.4361979166666667 0.48148148148148145 0.4359375 0.48148148148148145 0.43463541666666666 0.4810185185185185 0.434375 0.4810185185185185 0.43359375 0.48055555555555557 0.43333333333333335 0.48055555555555557 0.4322916666666667 0.48009259259259257 0.43203125 0.48009259259259257 0.4315104166666667 0.47824074074074074 0.43046875 0.47685185185185186 0.43020833333333336 0.47453703703703703 0.42916666666666664 0.4703703703703704 0.4283854166666667 0.4671296296296296 0.4265625 0.4666666666666667 0.42578125 0.4648148148148148 0.42473958333333334 0.46435185185185185 0.4239583333333333 0.462037037037037 0.42265625 0.4587962962962963 0.41875 0.45787037037037037 0.41822916666666665 0.4564814814814815 0.4166666666666667 0.4564814814814815 0.4161458333333333 0.45092592592592595 0.40989583333333335 0.44722222222222224 0.4080729166666667 0.44537037037037036 0.4080729166666667 0.4449074074074074 0.4078125 0.4425925925925926 0.4078125 0.4412037037037037 0.4083333333333333
4 0.3824074074074074 0.5916666666666667 0.37916666666666665 0.58984375 0.3768518518518518 0.5890625 0.3731481481481482 0.5893229166666667 0.3699074074074074 0.5903645833333333 0.3675925925925926 0.5916666666666667 0.36712962962962964 0.5963541666666666 0.3638888888888889 0.6 0.3611111111111111 0.6013020833333333 0.35694444444444445 0.6020833333333333 0.3541666666666667 0.603125 0.35138888888888886 0.6033854166666667 0.35 0.60390625 0.34675925925925927 0.6044270833333333 0.34074074074074073 0.6065104166666667 0.3347222222222222 0.6072916666666667 0.3314814814814815 0.6083333333333333 0.32592592592592595 0.609375 0.32175925925925924 0.6106770833333334 0.3175925925925926 0.6111979166666667 0.30648148148148147 0.6140625 0.29444444444444445 0.6158854166666666 0.29305555555555557 0.61640625 0.29074074074074074 0.6166666666666667 0.28703703703703703 0.61796875 0.2814814814814815 0.6190104166666667 0.2791666666666667 0.6203125 0.2722222222222222 0.6229166666666667 0.2712962962962963 0.6247395833333333 0.2712962962962963 0.6265625 0.2708333333333333 0.6268229166666667 0.2740740740740741 0.6302083333333334 0.2740740740740741 0.6307291666666667 0.275 0.6315104166666666 0.2791666666666667 0.6325520833333333 0.28194444444444444 0.63203125 0.2916666666666667 0.63125 0.3050925925925926 0.6286458333333333 0.30648148148148147 0.6286458333333333 0.3138888888888889 0.6268229166666667 0.3175925925925926 0.6263020833333334 0.32175925925925924 0.625 0.3226851851851852 0.625 0.3296296296296296 0.6231770833333333 0.3314814814814815 0.6231770833333333 0.3351851851851852 0.6223958333333334 0.34074074074074073 0.621875 0.3458333333333333 0.6203125 0.35138888888888886 0.6192708333333333 0.35648148148148145 0.61875 0.3611111111111111 0.6171875 0.36944444444444446 0.61640625 0.3726851851851852 0.6153645833333333 0.3773148148148148 0.6166666666666667 0.3824074074074074 0.6174479166666667 0.38472222222222224 0.6182291666666667 0.38842592592592595 0.6177083333333333 0.3925925925925926 0.6151041666666667 0.3925925925925926 0.6122395833333333 0.39305555555555555 0.6119791666666666 0.3925925925925926 0.6067708333333334 0.38796296296296295 0.5989583333333334 0.3861111111111111 0.596875 0.38564814814814813 0.5955729166666667 0.3824074074074074 0.5924479166666666
5 0.5060185185185185 0.5575520833333333 0.5009259259259259 0.5606770833333333 0.4986111111111111 0.56328125 0.4986111111111111 0.5640625 0.49722222222222223 0.5658854166666667 0.4962962962962963 0.5682291666666667 0.49722222222222223 0.5697916666666667 0.49953703703703706 0.571875 0.5013888888888889 0.5729166666666666 0.5083333333333333 0.5747395833333333 0.5092592592592593 0.5752604166666667 0.512962962962963 0.5763020833333333 0.5138888888888888 0.5763020833333333 0.5180555555555556 0.5776041666666667 0.5212962962962963 0.578125 0.5277777777777778 0.5799479166666667 0.5310185185185186 0.58125 0.5370370370370371 0.5828125 0.5407407407407407 0.5833333333333334 0.5444444444444444 0.5846354166666666 0.549537037037037 0.5877604166666667 0.55 0.5895833333333333 0.5504629629629629 0.58984375 0.5504629629629629 0.5911458333333334 0.5509259259259259 0.59140625 0.5509259259259259 0.59609375 0.5523148148148148 0.59765625 0.5555555555555556 0.5994791666666667 0.5574074074074075 0.5997395833333333 0.5597222222222222 0.6005208333333333 0.5648148148148148 0.6005208333333333 0.5680555555555555 0.5997395833333333 0.5722222222222222 0.5971354166666667 0.575462962962963 0.59296875 0.5805555555555556 0.5888020833333333 0.5814814814814815 0.5869791666666667 0.5879629629629629 0.5796875 0.5884259259259259 0.5786458333333333 0.5921296296296297 0.5760416666666667 0.5935185185185186 0.5736979166666667 0.5939814814814814 0.57109375 0.5944444444444444 0.5708333333333333 0.5944444444444444 0.56796875 0.5935185185185186 0.5671875 0.5912037037037037 0.5661458333333333 0.5842592592592593 0.5643229166666667 0.5791666666666667 0.5640625 0.575925925925926 0.5653645833333333 0.5745370370370371 0.5669270833333333 0.5712962962962963 0.56875 0.5675925925925925 0.5692708333333333 0.5671296296296297 0.5690104166666666 0.5638888888888889 0.56875 0.5592592592592592 0.5674479166666667 0.5583333333333333 0.5669270833333333 0.5550925925925926 0.56640625 0.5476851851851852 0.5643229166666667 0.5435185185185185 0.5638020833333334 0.5430555555555555 0.5635416666666667 0.5416666666666666 0.5635416666666667 0.5365740740740741 0.56171875 0.5333333333333333 0.5609375 0.5324074074074074 0.5604166666666667 0.5300925925925926 0.56015625 0.5254629629629629 0.55859375 0.5185185185185185 0.5572916666666666 0.5171296296296296 0.5567708333333333 0.5157407407407407 0.5567708333333333 0.513425925925926 0.55625 0.5092592592592593 0.55625
2 0.7351851851851852 0.21640625 0.7282407407407407 0.21588541666666666 0.7245370370370371 0.21666666666666667 0.7203703703703703 0.22057291666666667 0.7166666666666667 0.22760416666666666 0.7138888888888889 0.23619791666666667 0.711574074074074 0.24010416666666667 0.7083333333333334 0.25 0.7050925925925926 0.25703125 0.7041666666666667 0.26197916666666665 0.6972222222222222 0.27838541666666666 0.6962962962962963 0.2825520833333333 0.6930555555555555 0.28932291666666665 0.6916666666666667 0.29453125 0.6888888888888889 0.29921875 0.6875 0.30546875 0.6856481481481481 0.30859375 0.6847222222222222 0.31276041666666665 0.6819444444444445 0.3151041666666667 0.6768518518518518 0.31588541666666664 0.6703703703703704 0.3177083333333333 0.6685185185185185 0.31953125 0.6675925925925926 0.32317708333333334 0.6694444444444444 0.32760416666666664 0.6736111111111112 0.3307291666666667 0.6810185185185185 0.33307291666666666 0.6851851851851852 0.3328125 0.6898148148148148 0.3333333333333333 0.6962962962962963 0.33203125 0.7037037037037037 0.33255208333333336 0.7087962962962963 0.33229166666666665 0.7134259259259259 0.33046875 0.7152777777777778 0.32890625 0.7162037037037037 0.3265625 0.7152777777777778 0.3221354166666667 0.7138888888888889 0.32083333333333336 0.7134259259259259 0.3182291666666667 0.7097222222222223 0.3143229166666667 0.7203703703703703 0.28567708333333336 0.7208333333333333 0.28229166666666666 0.725 0.2703125 0.7282407407407407 0.26328125 0.7310185185185185 0.2546875 0.7347222222222223 0.24765625 0.7384259259259259 0.23567708333333334 0.7407407407407407 0.23229166666666667 0.7425925925925926 0.225 0.7421296296296296 0.22057291666666667 0.7398148148148148 0.21822916666666667
4 0.7953703703703704 0.3296875 0.7907407407407407 0.3268229166666667 0.787962962962963 0.3263020833333333 0.7824074074074074 0.3260416666666667 0.7819444444444444 0.3263020833333333 0.7763888888888889 0.3268229166666667 0.774537037037037 0.32734375 0.7712962962962963 0.32734375 0.7666666666666667 0.32838541666666665 0.762962962962963 0.32864583333333336 0.7597222222222222 0.3294270833333333 0.7564814814814815 0.3296875 0.7416666666666667 0.3328125 0.7402777777777778 0.3328125 0.7361111111111112 0.33359375 0.7319444444444444 0.33359375 0.7282407407407407 0.334375 0.7245370370370371 0.3346354166666667 0.7212962962962963 0.33541666666666664 0.7162037037037037 0.33515625 0.700462962962963 0.33255208333333336 0.6949074074074074 0.33255208333333336 0.6944444444444444 0.3328125 0.6925925925925925 0.3328125 0.6893518518518519 0.3338541666666667 0.6884259259259259 0.33359375 0.6861111111111111 0.33359375 0.6856481481481481 0.3333333333333333 0.6833333333333333 0.3341145833333333 0.6814814814814815 0.3359375 0.6810185185185185 0.33828125 0.6805555555555556 0.3385416666666667 0.6800925925925926 0.34296875 0.6796296296296296 0.34322916666666664 0.6796296296296296 0.34661458333333334 0.6805555555555556 0.34817708333333336 0.6805555555555556 0.3494791666666667 0.6814814814814815 0.35052083333333334 0.6814814814814815 0.35130208333333335 0.6824074074074075 0.35208333333333336 0.6828703703703703 0.3536458333333333 0.6861111111111111 0.35703125 0.6898148148148148 0.359375 0.6925925925925925 0.36041666666666666 0.6967592592592593 0.3614583333333333 0.7 0.3614583333333333 0.700462962962963 0.36171875 0.7046296296296296 0.3611979166666667 0.7069444444444445 0.36015625 0.7083333333333334 0.35989583333333336 0.7129629629629629 0.3575520833333333 0.7134259259259259 0.35651041666666666 0.7175925925925926 0.35208333333333336 0.7203703703703703 0.35052083333333334 0.725462962962963 0.35 0.7347222222222223 0.34817708333333336 0.7435185185185185 0.34765625 0.7439814814814815 0.34739583333333335 0.7458333333333333 0.34739583333333335 0.749537037037037 0.34661458333333334 0.7583333333333333 0.3455729166666667 0.7615740740740741 0.34479166666666666 0.7648148148148148 0.34453125 0.7712962962962963 0.34322916666666664 0.7726851851851851 0.34322916666666664 0.774537037037037 0.34270833333333334 0.7791666666666667 0.3421875 0.7814814814814814 0.3411458333333333 0.7875 0.33984375 0.7921296296296296 0.3377604166666667 0.7953703703703704 0.3341145833333333
3 0.8689814814814815 0.13177083333333334 0.8680555555555556 0.13203125 0.8601851851851852 0.13203125 0.8597222222222223 0.13229166666666667 0.8574074074074074 0.13229166666666667 0.8560185185185185 0.1328125 0.8523148148148149 0.13333333333333333 0.850925925925926 0.13385416666666666 0.8458333333333333 0.13463541666666667 0.8416666666666667 0.13567708333333334 0.8402777777777778 0.13567708333333334 0.8361111111111111 0.13645833333333332 0.8347222222222223 0.13697916666666668 0.8337962962962963 0.13697916666666668 0.8324074074074074 0.1375 0.8268518518518518 0.13854166666666667 0.8185185185185185 0.14166666666666666 0.8166666666666667 0.14270833333333333 0.8157407407407408 0.14427083333333332 0.8157407407407408 0.14505208333333333 0.8152777777777778 0.1453125 0.8157407407407408 0.14895833333333333 0.8180555555555555 0.15208333333333332 0.8217592592592593 0.15416666666666667 0.8231481481481482 0.15416666666666667 0.825925925925926 0.1546875 0.8296296296296296 0.15625 0.8314814814814815 0.15729166666666666 0.8319444444444445 0.15807291666666667 0.8328703703703704 0.15859375 0.8347222222222223 0.16171875 0.8356481481481481 0.1625 0.8356481481481481 0.16302083333333334 0.837037037037037 0.16432291666666668 0.8375 0.16588541666666667 0.8393518518518519 0.16796875 0.8398148148148148 0.16953125 0.8407407407407408 0.17057291666666666 0.8407407407407408 0.17135416666666667 0.8444444444444444 0.17682291666666666 0.8444444444444444 0.17760416666666667 0.8453703703703703 0.17890625 0.8453703703703703 0.17994791666666668 0.8472222222222222 0.18229166666666666 0.8472222222222222 0.1828125 0.8481481481481481 0.18359375 0.8486111111111111 0.18489583333333334 0.8532407407407407 0.18828125 0.8560185185185185 0.18880208333333334 0.8578703703703704 0.18880208333333334 0.8597222222222223 0.18828125 0.8611111111111112 0.18828125 0.8652777777777778 0.1875 0.8726851851851852 0.18541666666666667 0.8768518518518519 0.18463541666666666 0.8800925925925925 0.18359375 0.8828703703703704 0.18151041666666667 0.8824074074074074 0.18125 0.8824074074074074 0.17838541666666666 0.8819444444444444 0.178125 0.8819444444444444 0.17708333333333334 0.8810185185185185 0.17604166666666668 0.8810185185185185 0.17526041666666667 0.8805555555555555 0.175 0.8805555555555555 0.17421875 0.8791666666666667 0.171875 0.8791666666666667 0.17083333333333334 0.8787037037037037 0.17057291666666666 0.8787037037037037 0.16979166666666667 0.8782407407407408 0.16953125 0.8782407407407408 0.16875 0.8777777777777778 0.16848958333333333 0.8777777777777778 0.16770833333333332 0.8773148148148148 0.16744791666666667 0.8773148148148148 0.16666666666666666 0.8768518518518519 0.16640625 0.874537037037037 0.16041666666666668 0.8736111111111111 0.159375 0.8731481481481481 0.15755208333333334 0.8722222222222222 0.15677083333333333 0.8708333333333333 0.15442708333333333 0.8708333333333333 0.15182291666666667 0.8703703703703703 0.1515625 0.8703703703703703 0.14973958333333334 0.8708333333333333 0.14947916666666666 0.8712962962962963 0.14791666666666667 0.8736111111111111 0.14635416666666667 0.8768518518518519 0.1453125 0.8787037037037037 0.14296875 0.8787037037037037 0.14166666666666666 0.8782407407407408 0.14140625 0.8777777777777778 0.13880208333333333 0.8759259259259259 0.13645833333333332 0.8759259259259259 0.1359375 0.875 0.13515625 0.875 0.13463541666666667 0.8722222222222222 0.13255208333333332
2 0.7314814814814815 0.4713541666666667 0.7194444444444444 0.46796875 0.7166666666666667 0.4666666666666667 0.7129629629629629 0.4661458333333333 0.7087962962962963 0.4661458333333333 0.7060185185185185 0.4669270833333333 0.6986111111111111 0.4705729166666667 0.6990740740740741 0.47421875 0.7027777777777777 0.4778645833333333 0.7027777777777777 0.4791666666666667 0.7013888888888888 0.4825520833333333 0.6976851851851852 0.4864583333333333 0.6930555555555555 0.48984375 0.6884259259259259 0.49453125 0.6787037037037037 0.5018229166666667 0.6680555555555555 0.5114583333333333 0.6648148148148149 0.5135416666666667 0.6583333333333333 0.5200520833333333 0.6467592592592593 0.52890625 0.6412037037037037 0.5346354166666667 0.6157407407407407 0.55625 0.6143518518518518 0.5580729166666667 0.6050925925925926 0.5645833333333333 0.6023148148148149 0.5682291666666667 0.6027777777777777 0.5723958333333333 0.6106481481481482 0.5760416666666667 0.6143518518518518 0.5765625 0.6180555555555556 0.5760416666666667 0.6222222222222222 0.5744791666666667 0.625 0.57265625 0.6351851851851852 0.56328125 0.6393518518518518 0.5604166666666667 0.6412037037037037 0.5580729166666667 0.6541666666666667 0.5479166666666667 0.6717592592592593 0.5317708333333333 0.6842592592592592 0.521875 0.6967592592592593 0.5106770833333333 0.7037037037037037 0.5057291666666667 0.7097222222222223 0.5002604166666667 0.7138888888888889 0.4979166666666667 0.7189814814814814 0.49244791666666665 0.7231481481481481 0.48932291666666666 0.7282407407407407 0.48671875 0.736574074074074 0.48723958333333334 0.7393518518518518 0.4864583333333333 0.7444444444444445 0.4828125 0.7449074074074075 0.48151041666666666 0.7439814814814815 0.4783854166666667 0.7388888888888889 0.4744791666666667
3 0.6782407407407407 0.6091145833333333 0.6703703703703704 0.609375 0.6689814814814815 0.6096354166666667 0.6648148148148149 0.6114583333333333 0.6611111111111111 0.6140625 0.6569444444444444 0.61875 0.6564814814814814 0.6200520833333333 0.6546296296296297 0.6221354166666667 0.6537037037037037 0.62265625 0.6518518518518519 0.625 0.65 0.6263020833333334 0.6476851851851851 0.6291666666666667 0.6462962962962963 0.6299479166666667 0.6435185185185185 0.6338541666666667 0.6412037037037037 0.6354166666666666 0.6393518518518518 0.6372395833333333 0.637962962962963 0.6380208333333334 0.6342592592592593 0.6388020833333333 0.6319444444444444 0.6388020833333333 0.6314814814814815 0.6390625 0.6282407407407408 0.6390625 0.6268518518518519 0.6388020833333333 0.6240740740740741 0.63984375 0.6189814814814815 0.64296875 0.6162037037037037 0.64609375 0.6157407407407407 0.6481770833333333 0.6152777777777778 0.6484375 0.6152777777777778 0.65 0.6148148148148148 0.6502604166666667 0.6171296296296296 0.6541666666666667 0.6203703703703703 0.6557291666666667 0.6240740740740741 0.6580729166666667 0.6282407407407408 0.6596354166666667 0.6305555555555555 0.6609375 0.6328703703703704 0.6614583333333334 0.6337962962962963 0.6619791666666667 0.6347222222222222 0.6619791666666667 0.6407407407407407 0.6640625 0.6444444444444445 0.6658854166666667 0.6504629629629629 0.6674479166666667 0.6541666666666667 0.66875 0.6550925925925926 0.66875 0.6583333333333333 0.6697916666666667 0.6601851851851852 0.6697916666666667 0.6606481481481481 0.6700520833333333 0.6699074074074074 0.6700520833333333 0.674074074074074 0.66796875 0.6763888888888889 0.6658854166666667 0.6773148148148148 0.6640625 0.6773148148148148 0.6630208333333333 0.6796296296296296 0.65859375 0.6796296296296296 0.6544270833333333 0.6800925925925926 0.6541666666666667 0.6773148148148148 0.6505208333333333 0.6782407407407407 0.64609375 0.6800925925925926 0.64375 0.6805555555555556 0.6424479166666667 0.6856481481481481 0.6375 0.687962962962963 0.6330729166666667 0.6930555555555555 0.6276041666666666 0.6944444444444444 0.6244791666666667 0.6962962962962963 0.62265625 0.6976851851851852 0.6200520833333333 0.6976851851851852 0.6182291666666667 0.6949074074074074 0.6151041666666667 0.6921296296296297 0.6140625 0.6865740740740741 0.6109375 0.6819444444444445 0.61015625
4 0.7662037037037037 0.3885416666666667 0.7657407407407407 0.3893229166666667 0.7597222222222222 0.39296875 0.7583333333333333 0.39453125 0.7550925925925925 0.3963541666666667 0.7550925925925925 0.3971354166666667 0.7555555555555555 0.39739583333333334 0.7555555555555555 0.4002604166666667 0.7606481481481482 0.403125 0.762962962962963 0.4041666666666667 0.7759259259259259 0.4044270833333333 0.7800925925925926 0.40546875 0.7875 0.40911458333333334 0.7976851851851852 0.4158854166666667 0.8027777777777778 0.41875 0.8101851851851852 0.42213541666666665 0.812962962962963 0.42421875 0.8217592592592593 0.42916666666666664 0.8217592592592593 0.42942708333333335 0.8305555555555556 0.434375 0.8333333333333334 0.4354166666666667 0.8407407407407408 0.43697916666666664 0.8458333333333333 0.43697916666666664 0.8495370370370371 0.4359375 0.8513888888888889 0.4348958333333333 0.8537037037037037 0.4322916666666667 0.8537037037037037 0.43046875 0.8532407407407407 0.43020833333333336 0.8523148148148149 0.4276041666666667 0.8472222222222222 0.4244791666666667 0.8467592592592592 0.4236979166666667 0.8416666666666667 0.4205729166666667 0.8402777777777778 0.4192708333333333 0.8347222222222223 0.41640625 0.8273148148148148 0.41171875 0.8268518518518518 0.41171875 0.8143518518518519 0.4049479166666667 0.8078703703703703 0.4002604166666667 0.8009259259259259 0.3963541666666667 0.7976851851851852 0.39401041666666664 0.7967592592592593 0.3927083333333333 0.7967592592592593 0.39166666666666666 0.7972222222222223 0.39140625 0.7976851851851852 0.38958333333333334 0.7986111111111112 0.3888020833333333 0.7986111111111112 0.384375 0.7916666666666666 0.3807291666666667 0.7875 0.3807291666666667 0.7847222222222222 0.38125 0.774537037037037 0.3846354166666667 0.7685185185185185 0.38776041666666666
2 0.8032407407407407 0.4356770833333333 0.799074074074074 0.43072916666666666 0.7944444444444444 0.42734375 0.7861111111111111 0.42473958333333334 0.7824074074074074 0.4244791666666667 0.7800925925925926 0.425 0.7731481481481481 0.4276041666666667 0.7703703703703704 0.43333333333333335 0.7680555555555556 0.4348958333333333 0.7625 0.43671875 0.7555555555555555 0.43776041666666665 0.7481481481481481 0.44036458333333334 0.7425925925925926 0.44140625 0.7356481481481482 0.4434895833333333 0.7277777777777777 0.44479166666666664 0.7041666666666667 0.45078125 0.7 0.4510416666666667 0.6962962962962963 0.45234375 0.6893518518518519 0.45338541666666665 0.6837962962962963 0.4552083333333333 0.663425925925926 0.4596354166666667 0.649537037037037 0.4635416666666667 0.6162037037037037 0.4705729166666667 0.600462962962963 0.475 0.5967592592592592 0.478125 0.5981481481481481 0.4828125 0.6018518518518519 0.4861979166666667 0.6064814814814815 0.4875 0.611574074074074 0.48723958333333334 0.6226851851851852 0.4856770833333333 0.6277777777777778 0.48385416666666664 0.649537037037037 0.47890625 0.6587962962962963 0.47578125 0.6680555555555555 0.47421875 0.6736111111111112 0.47265625 0.6888888888888889 0.4700520833333333 0.6981481481481482 0.46979166666666666 0.700925925925926 0.46927083333333336 0.7060185185185185 0.4661458333333333 0.7125 0.46510416666666665 0.7162037037037037 0.46536458333333336 0.7212962962962963 0.4622395833333333 0.7236111111111111 0.4622395833333333 0.7296296296296296 0.46015625 0.7574074074074074 0.4544270833333333 0.774537037037037 0.4515625 0.7842592592592592 0.4518229166666667 0.787962962962963 0.45234375 0.7949074074074074 0.45234375 0.7981481481481482 0.4518229166666667 0.8023148148148148 0.4505208333333333 0.8055555555555556 0.4471354166666667 0.8050925925925926 0.44036458333333334
5 0.7675925925925926 0.5463541666666667 0.7643518518518518 0.5473958333333333 0.762962962962963 0.5481770833333334 0.7592592592592593 0.55234375 0.7587962962962963 0.5541666666666667 0.7574074074074074 0.55625 0.7574074074074074 0.55703125 0.7555555555555555 0.5596354166666667 0.7555555555555555 0.5604166666666667 0.7537037037037037 0.5635416666666667 0.7527777777777778 0.5643229166666667 0.7509259259259259 0.5697916666666667 0.7467592592592592 0.5765625 0.7439814814814815 0.5783854166666667 0.7402777777777778 0.5783854166666667 0.7398148148148148 0.5786458333333333 0.7351851851851852 0.57890625 0.7324074074074074 0.5794270833333334 0.7310185185185185 0.5802083333333333 0.7291666666666666 0.5822916666666667 0.7277777777777777 0.5846354166666666 0.7273148148148149 0.58671875 0.7268518518518519 0.5869791666666667 0.7268518518518519 0.5885416666666666 0.7273148148148149 0.5888020833333333 0.7273148148148149 0.5895833333333333 0.7282407407407407 0.5911458333333334 0.7300925925925926 0.5927083333333333 0.7351851851851852 0.5955729166666667 0.7379629629629629 0.5963541666666666 0.7439814814814815 0.5973958333333333 0.7513888888888889 0.5994791666666667 0.7541666666666667 0.5997395833333333 0.7560185185185185 0.6002604166666666 0.7597222222222222 0.6005208333333333 0.7601851851851852 0.60078125 0.7652777777777777 0.6010416666666667 0.7657407407407407 0.6013020833333333 0.7685185185185185 0.6013020833333333 0.7689814814814815 0.6015625 0.7791666666666667 0.6013020833333333 0.7819444444444444 0.60078125 0.7856481481481481 0.5994791666666667 0.787962962962963 0.5979166666666667 0.7898148148148149 0.5955729166666667 0.7898148148148149 0.5940104166666667 0.7902777777777777 0.59375 0.7902777777777777 0.5903645833333333 0.7898148148148149 0.5901041666666667 0.7898148148148149 0.5888020833333333 0.7893518518518519 0.5885416666666666 0.7888888888888889 0.5869791666666667 0.7875 0.5856770833333333 0.7875 0.58515625 0.7856481481481481 0.5838541666666667 0.7842592592592592 0.5822916666666667 0.7833333333333333 0.5807291666666666 0.7833333333333333 0.57890625 0.7837962962962963 0.5786458333333333 0.7842592592592592 0.5755208333333334 0.7847222222222222 0.5752604166666667 0.7847222222222222 0.5744791666666667 0.7851851851851852 0.57421875 0.7851851851851852 0.5734375 0.7856481481481481 0.5731770833333333 0.7856481481481481 0.5723958333333333 0.7861111111111111 0.5721354166666667 0.7861111111111111 0.5713541666666667 0.7865740740740741 0.57109375 0.7865740740740741 0.5703125 0.787962962962963 0.56796875 0.787962962962963 0.5669270833333333 0.7888888888888889 0.565625 0.7893518518518519 0.56328125 0.7907407407407407 0.5609375 0.7907407407407407 0.5598958333333334 0.7912037037037037 0.5596354166666667 0.7912037037037037 0.55859375 0.7921296296296296 0.55703125 0.7925925925925926 0.553125 0.7930555555555555 0.5526041666666667 0.7912037037037037 0.5502604166666667 0.7888888888888889 0.54921875 0.7861111111111111 0.5484375 0.7837962962962963 0.5481770833333334 0.7800925925925926 0.5471354166666667 0.774074074074074 0.546875 0.7722222222222223 0.5463541666666667
6 0.7722222222222223 0.63203125 0.7703703703703704 0.6325520833333333 0.7666666666666667 0.6346354166666667 0.7662037037037037 0.6346354166666667 0.7648148148148148 0.6354166666666666 0.7643518518518518 0.6354166666666666 0.7638888888888888 0.6359375 0.7592592592592593 0.6385416666666667 0.7564814814814815 0.6416666666666667 0.7564814814814815 0.6421875 0.7555555555555555 0.6427083333333333 0.7555555555555555 0.64296875 0.7546296296296297 0.6434895833333333 0.7537037037037037 0.64453125 0.7537037037037037 0.6450520833333333 0.7527777777777778 0.64609375 0.7527777777777778 0.646875 0.7523148148148148 0.6471354166666666 0.7523148148148148 0.6481770833333333 0.7518518518518519 0.6484375 0.7518518518518519 0.65 0.7513888888888889 0.6502604166666667 0.7518518518518519 0.6505208333333333 0.7518518518518519 0.6513020833333333 0.7532407407407408 0.6528645833333333 0.7532407407407408 0.6536458333333334 0.7537037037037037 0.65390625 0.7537037037037037 0.6544270833333333 0.7546296296296297 0.6549479166666666 0.7555555555555555 0.65625 0.7574074074074074 0.6572916666666667 0.7597222222222222 0.6598958333333333 0.7601851851851852 0.6598958333333333 0.7615740740740741 0.6606770833333333 0.7615740740740741 0.6609375 0.762962962962963 0.66171875 0.762962962962963 0.6619791666666667 0.763425925925926 0.6619791666666667 0.7666666666666667 0.6635416666666667 0.7694444444444445 0.6643229166666667 0.7703703703703704 0.66484375 0.774074074074074 0.6658854166666667 0.775 0.6658854166666667 0.7754629629629629 0.6661458333333333 0.7763888888888889 0.6661458333333333 0.7768518518518519 0.66640625 0.7777777777777778 0.66640625 0.7782407407407408 0.6666666666666666 0.7791666666666667 0.6666666666666666 0.7796296296296297 0.6669270833333333 0.7805555555555556 0.6669270833333333 0.7824074074074074 0.6674479166666667 0.7842592592592592 0.6674479166666667 0.7847222222222222 0.6677083333333333 0.7861111111111111 0.6677083333333333 0.7865740740740741 0.66796875 0.7907407407407407 0.6682291666666667 0.7912037037037037 0.6684895833333333 0.7925925925925926 0.6684895833333333 0.7944444444444444 0.6690104166666667 0.7958333333333333 0.6690104166666667 0.7962962962962963 0.66875 0.7986111111111112 0.66875 0.8018518518518518 0.6671875 0.8023148148148148 0.6671875 0.8023148148148148 0.6669270833333333 0.8032407407407407 0.66640625 0.8097222222222222 0.6591145833333333 0.8106481481481481 0.65859375 0.8111111111111111 0.6580729166666667 0.8111111111111111 0.6575520833333334 0.8125 0.6559895833333333 0.8148148148148148 0.6541666666666667 0.8148148148148148 0.6533854166666667 0.8152777777777778 0.653125 0.8152777777777778 0.65234375 0.8157407407407408 0.6520833333333333 0.8157407407407408 0.6513020833333333 0.8162037037037037 0.6510416666666666 0.8162037037037037 0.6489583333333333 0.8157407407407408 0.6486979166666667 0.8157407407407408 0.6471354166666666 0.8152777777777778 0.646875 0.8152777777777778 0.6455729166666667 0.8148148148148148 0.6453125 0.8143518518518519 0.6440104166666667 0.8134259259259259 0.6432291666666666 0.8134259259259259 0.6427083333333333 0.8125 0.6416666666666667 0.8106481481481481 0.6403645833333333 0.8106481481481481 0.6401041666666667 0.8092592592592592 0.6393229166666666 0.8064814814814815 0.6361979166666667 0.8055555555555556 0.6356770833333333 0.8050925925925926 0.6356770833333333 0.8027777777777778 0.634375 0.8018518518518518 0.6341145833333334 0.8009259259259259 0.6341145833333334 0.7986111111111112 0.6333333333333333 0.7976851851851852 0.6333333333333333 0.7939814814814815 0.6322916666666667 0.7916666666666666 0.6322916666666667 0.7912037037037037 0.63203125 0.788425925925926 0.63203125 0.787962962962963 0.6317708333333333 0.7847222222222222 0.6317708333333333 0.7842592592592592 0.6315104166666666 0.7768518518518519 0.6315104166666666 0.7763888888888889 0.6317708333333333
2 0.9125 0.509375 0.9055555555555556 0.5096354166666667 0.9013888888888889 0.5106770833333333 0.9 0.5114583333333333 0.8986111111111111 0.5135416666666667 0.899074074074074 0.5177083333333333 0.9037037037037037 0.52109375 0.9060185185185186 0.525 0.9055555555555556 0.5296875 0.899537037037037 0.5526041666666667 0.8949074074074074 0.5653645833333333 0.8925925925925926 0.575 0.8898148148148148 0.5799479166666667 0.8875 0.590625 0.8828703703703704 0.6028645833333334 0.8777777777777778 0.6244791666666667 0.8777777777777778 0.6276041666666666 0.8796296296296297 0.63046875 0.8861111111111111 0.6328125 0.8912037037037037 0.63359375 0.8967592592592593 0.63359375 0.9004629629629629 0.6317708333333333 0.9041666666666667 0.6265625 0.9092592592592592 0.6091145833333333 0.9115740740740741 0.6036458333333333 0.9148148148148149 0.5989583333333334 0.9157407407407407 0.59453125 0.9175925925925926 0.59140625 0.9189814814814815 0.5830729166666667 0.9203703703703704 0.5799479166666667 0.9212962962962963 0.571875 0.9291666666666667 0.55078125 0.9296296296296296 0.5447916666666667 0.9342592592592592 0.53046875 0.9375 0.525 0.9402777777777778 0.5239583333333333 0.9467592592592593 0.52265625 0.9481481481481482 0.52109375 0.9486111111111111 0.5190104166666667 0.9481481481481482 0.5158854166666667 0.9467592592592593 0.5143229166666666 0.9439814814814815 0.51328125 0.9310185185185185 0.5111979166666667 0.9236111111111112 0.5109375 0.9189814814814815 0.5098958333333333
4 0.999537037037037 0.31953125 0.9939814814814815 0.31953125 0.9935185185185185 0.31979166666666664 0.9902777777777778 0.32005208333333335 0.9875 0.32083333333333336 0.986574074074074 0.32083333333333336 0.9847222222222223 0.32135416666666666 0.9833333333333333 0.32135416666666666 0.9828703703703704 0.3216145833333333 0.9800925925925926 0.3216145833333333 0.9796296296296296 0.321875 0.975462962962963 0.321875 0.975 0.3221354166666667 0.9722222222222222 0.3221354166666667 0.9717592592592592 0.3223958333333333 0.9689814814814814 0.3223958333333333 0.9685185185185186 0.32265625 0.9625 0.32265625 0.961574074074074 0.3221354166666667 0.9606481481481481 0.3221354166666667 0.9587962962962963 0.3216145833333333 0.9574074074074074 0.3216145833333333 0.9569444444444445 0.32135416666666666 0.9555555555555556 0.32135416666666666 0.9550925925925926 0.32109375 0.9495370370370371 0.32109375 0.9490740740740741 0.32083333333333336 0.9476851851851852 0.32083333333333336 0.9472222222222222 0.32057291666666665 0.9435185185185185 0.32057291666666665 0.9430555555555555 0.3203125 0.9393518518518519 0.3203125 0.9388888888888889 0.32057291666666665 0.9356481481481481 0.32083333333333336 0.9337962962962963 0.3216145833333333 0.9324074074074075 0.321875 0.9314814814814815 0.3223958333333333 0.9296296296296296 0.32473958333333336 0.9287037037037037 0.32526041666666666 0.9273148148148148 0.3268229166666667 0.9263888888888889 0.32890625 0.9254629629629629 0.3296875 0.9254629629629629 0.33098958333333334 0.925 0.33125 0.925 0.3333333333333333 0.924537037037037 0.33359375 0.924537037037037 0.3341145833333333 0.925 0.334375 0.925 0.33567708333333335 0.9254629629629629 0.3359375 0.9254629629629629 0.3372395833333333 0.9259259259259259 0.3375 0.9259259259259259 0.33828125 0.9263888888888889 0.3385416666666667 0.9263888888888889 0.3390625 0.9268518518518518 0.33932291666666664 0.9277777777777778 0.34140625 0.9291666666666667 0.3424479166666667 0.9314814814814815 0.3450520833333333 0.9356481481481481 0.34739583333333335 0.9384259259259259 0.34765625 0.9388888888888889 0.34791666666666665 0.9402777777777778 0.34791666666666665 0.9407407407407408 0.34817708333333336 0.9421296296296297 0.34817708333333336 0.9425925925925925 0.3484375 0.9458333333333333 0.3484375 0.9462962962962963 0.34869791666666666 0.9472222222222222 0.34869791666666666 0.9476851851851852 0.3484375 0.9495370370370371 0.3484375 0.95 0.34817708333333336 0.9532407407407407 0.34817708333333336 0.9537037037037037 0.34791666666666665 0.9555555555555556 0.34791666666666665 0.9564814814814815 0.34739583333333335 0.9578703703703704 0.34713541666666664 0.9597222222222223 0.34609375 0.9611111111111111 0.34401041666666665 0.9643518518518519 0.3416666666666667 0.9643518518518519 0.3411458333333333 0.9666666666666667 0.3390625 0.9685185185185186 0.33880208333333334 0.9689814814814814 0.3385416666666667 0.9708333333333333 0.3385416666666667 0.9712962962962963 0.33828125 0.9722222222222222 0.33828125 0.9726851851851852 0.3380208333333333 0.9736111111111111 0.3380208333333333 0.975462962962963 0.3375 0.9787037037037037 0.3372395833333333 0.9805555555555555 0.33671875 0.9824074074074074 0.33671875 0.9828703703703704 0.33645833333333336 0.9837962962962963 0.33645833333333336 0.9856481481481482 0.3359375 0.987037037037037 0.3359375 0.9875 0.33567708333333335 0.9898148148148148 0.33567708333333335 0.9902777777777778 0.33541666666666664 0.9916666666666667 0.33541666666666664 0.9921296296296296 0.33515625 0.9935185185185185 0.33515625 0.9939814814814815 0.33489583333333334 0.9958333333333333 0.33489583333333334 0.9962962962962963 0.3346354166666667 0.999537037037037 0.3346354166666667
3 0.9342592592592592 0.5513020833333333 0.9324074074074075 0.5518229166666667 0.9310185185185185 0.5526041666666667 0.9310185185185185 0.553125 0.9300925925925926 0.55390625 0.9287037037037037 0.55625 0.9287037037037037 0.5572916666666666 0.9282407407407407 0.5575520833333333 0.9282407407407407 0.55859375 0.9273148148148148 0.56015625 0.9277777777777778 0.5611979166666666 0.9314814814814815 0.5643229166666667 0.9314814814814815 0.56484375 0.9328703703703703 0.5661458333333333 0.9328703703703703 0.5669270833333333 0.9333333333333333 0.5671875 0.9333333333333333 0.57109375 0.9328703703703703 0.5713541666666667 0.9328703703703703 0.5729166666666666 0.9319444444444445 0.5739583333333333 0.9319444444444445 0.5747395833333333 0.9305555555555556 0.5770833333333333 0.9268518518518518 0.5817708333333333 0.924537037037037 0.5864583333333333 0.9231481481481482 0.5880208333333333 0.9217592592592593 0.5916666666666667 0.9189814814814815 0.5955729166666667 0.9189814814814815 0.5973958333333333 0.9185185185185185 0.59765625 0.9185185185185185 0.5989583333333334 0.9180555555555555 0.5994791666666667 0.9208333333333333 0.6028645833333334 0.9231481481481482 0.60390625 0.9277777777777778 0.6041666666666666 0.9351851851851852 0.6057291666666667 0.9375 0.6057291666666667 0.937962962962963 0.6059895833333333 0.9458333333333333 0.6059895833333333 0.9481481481481482 0.60546875 0.95 0.6044270833333333 0.9541666666666667 0.6 0.9546296296296296 0.5989583333333334 0.9587962962962963 0.5955729166666667 0.9601851851851851 0.5940104166666667 0.961574074074074 0.5908854166666667 0.9629629629629629 0.58984375 0.9634259259259259 0.5888020833333333 0.9648148148148148 0.5875 0.9652777777777778 0.5861979166666667 0.9671296296296297 0.5841145833333333 0.9671296296296297 0.5833333333333334 0.9703703703703703 0.5796875 0.9726851851851852 0.57578125 0.9736111111111111 0.575 0.975462962962963 0.57421875 0.9777777777777777 0.57421875 0.9787037037037037 0.5739583333333333 0.9791666666666666 0.57421875 0.9814814814814815 0.57421875 0.9819444444444444 0.5744791666666667 0.986574074074074 0.5744791666666667 0.9898148148148148 0.5731770833333333 0.9921296296296296 0.57109375 0.9935185185185185 0.56875 0.9939814814814815 0.5658854166666667 0.9944444444444445 0.565625 0.9944444444444445 0.5640625 0.9916666666666667 0.5622395833333333 0.986574074074074 0.5604166666666667 0.9851851851851852 0.5604166666666667 0.9824074074074074 0.5596354166666667 0.975925925925926 0.55859375 0.9699074074074074 0.55703125 0.9657407407407408 0.5565104166666667 0.9587962962962963 0.5546875 0.9578703703703704 0.5546875 0.9555555555555556 0.55390625 0.9523148148148148 0.5533854166666666 0.95 0.5526041666666667 0.9435185185185185 0.5518229166666667 0.9430555555555555 0.5515625
4 0.9939814814814815 0.2171875 0.9888888888888889 0.2171875 0.9884259259259259 0.21692708333333333 0.9828703703703704 0.21692708333333333 0.9824074074074074 0.2171875 0.9819444444444444 0.2171875 0.9814814814814815 0.21692708333333333 0.9796296296296296 0.21692708333333333 0.9791666666666666 0.21666666666666667 0.9777777777777777 0.21666666666666667 0.9773148148148149 0.21692708333333333 0.9763888888888889 0.21692708333333333 0.975925925925926 0.2171875 0.9745370370370371 0.2171875 0.9740740740740741 0.21744791666666666 0.9740740740740741 0.21770833333333334 0.9712962962962963 0.21927083333333333 0.9712962962962963 0.21953125 0.9699074074074074 0.2203125 0.9699074074074074 0.22057291666666667 0.9694444444444444 0.22083333333333333 0.9694444444444444 0.22109375 0.9689814814814814 0.22135416666666666 0.9685185185185186 0.22213541666666667 0.9675925925925926 0.22265625 0.9675925925925926 0.22291666666666668 0.9662037037037037 0.22369791666666666 0.9662037037037037 0.22395833333333334 0.9657407407407408 0.22421875 0.9657407407407408 0.22473958333333333 0.9648148148148148 0.22552083333333334 0.9648148148148148 0.22604166666666667 0.9643518518518519 0.22630208333333332 0.9643518518518519 0.2265625 0.9634259259259259 0.22708333333333333 0.9634259259259259 0.22734375 0.9625 0.22786458333333334 0.9625 0.228125 0.962037037037037 0.22838541666666667 0.962037037037037 0.22916666666666666 0.961574074074074 0.22942708333333334 0.961574074074074 0.23020833333333332 0.9611111111111111 0.23046875 0.9611111111111111 0.23125 0.9606481481481481 0.23151041666666666 0.9606481481481481 0.23307291666666666 0.9601851851851851 0.23333333333333334 0.9601851851851851 0.240625 0.9606481481481481 0.24088541666666666 0.9606481481481481 0.24140625 0.9611111111111111 0.24166666666666667 0.9611111111111111 0.24192708333333332 0.962037037037037 0.24244791666666668 0.962037037037037 0.24270833333333333 0.9625 0.24296875 0.9643518518518519 0.24296875 0.9648148148148148 0.24322916666666666 0.9662037037037037 0.24322916666666666 0.9666666666666667 0.24348958333333334 0.9671296296296297 0.24348958333333334 0.9694444444444444 0.24427083333333333 0.9703703703703703 0.24427083333333333 0.9708333333333333 0.24453125 0.9722222222222222 0.24453125 0.9726851851851852 0.24479166666666666 0.9736111111111111 0.24479166666666666 0.9740740740740741 0.24505208333333334 0.9828703703703704 0.24505208333333334 0.9842592592592593 0.24453125 0.9851851851851852 0.24453125 0.9856481481481482 0.24427083333333333 0.9861111111111112 0.24427083333333333 0.986574074074074 0.24401041666666667 0.9879629629629629 0.24375 0.9888888888888889 0.24322916666666666 0.9893518518518518 0.24322916666666666 0.9898148148148148 0.24296875 0.9902777777777778 0.24296875 0.9907407407407407 0.24270833333333333 0.9912037037037037 0.24270833333333333 0.9935185185185185 0.24192708333333332 0.9958333333333333 0.24192708333333332 0.9962962962962963 0.24166666666666667 0.999537037037037 0.24166666666666667 0.999537037037037 0.21848958333333332 0.9976851851851852 0.21848958333333332 0.9972222222222222 0.21822916666666667 0.9967592592592592 0.21822916666666667 0.9958333333333333 0.21770833333333334 0.9953703703703703 0.21770833333333334
1 0.999537037037037 0.5825520833333333 0.9981481481481481 0.5825520833333333 0.9976851851851852 0.5828125 0.9972222222222222 0.5828125 0.9962962962962963 0.5833333333333334 0.9958333333333333 0.5833333333333334 0.9953703703703703 0.58359375 0.9939814814814815 0.5838541666666667 0.9939814814814815 0.584375 0.9935185185185185 0.5846354166666666 0.9935185185185185 0.58515625 0.9930555555555556 0.5854166666666667 0.9930555555555556 0.5856770833333333 0.9893518518518518 0.5877604166666667 0.9888888888888889 0.5877604166666667 0.987037037037037 0.5888020833333333 0.986574074074074 0.5888020833333333 0.9842592592592593 0.58984375 0.9828703703703704 0.5901041666666667 0.9819444444444444 0.590625 0.9814814814814815 0.590625 0.9810185185185185 0.5908854166666667 0.9805555555555555 0.5908854166666667 0.9800925925925926 0.5911458333333334 0.9796296296296296 0.5911458333333334 0.9782407407407407 0.5916666666666667 0.9773148148148149 0.5916666666666667 0.9763888888888889 0.5921875 0.975925925925926 0.5921875 0.975462962962963 0.5924479166666666 0.9745370370370371 0.5924479166666666 0.9731481481481481 0.5932291666666667 0.9726851851851852 0.5932291666666667 0.9703703703703703 0.5942708333333333 0.9694444444444444 0.5942708333333333 0.9689814814814814 0.59453125 0.9675925925925926 0.5947916666666667 0.9666666666666667 0.5953125 0.9657407407407408 0.5953125 0.9652777777777778 0.5955729166666667 0.9648148148148148 0.5955729166666667 0.9638888888888889 0.59609375 0.9634259259259259 0.59609375 0.9629629629629629 0.5963541666666666 0.9625 0.5963541666666666 0.962037037037037 0.5966145833333333 0.961574074074074 0.5966145833333333 0.9611111111111111 0.596875 0.9606481481481481 0.596875 0.9601851851851851 0.5971354166666667 0.9587962962962963 0.5973958333333333 0.9564814814814815 0.5986979166666667 0.9564814814814815 0.5989583333333334 0.9555555555555556 0.5994791666666667 0.9555555555555556 0.6 0.9550925925925926 0.6002604166666666 0.9550925925925926 0.6010416666666667 0.9546296296296296 0.6013020833333333 0.9546296296296296 0.6018229166666667 0.9541666666666667 0.6020833333333333 0.9541666666666667 0.6026041666666667 0.9537037037037037 0.6028645833333334 0.9537037037037037 0.6033854166666667 0.9541666666666667 0.6036458333333333 0.9541666666666667 0.60390625 0.9564814814814815 0.6052083333333333 0.9564814814814815 0.60546875 0.9592592592592593 0.60703125 0.9597222222222223 0.60703125 0.9601851851851851 0.6072916666666667 0.9606481481481481 0.6072916666666667 0.962037037037037 0.6078125 0.9666666666666667 0.6078125 0.9671296296296297 0.6075520833333333 0.9680555555555556 0.6075520833333333 0.9685185185185186 0.6072916666666667 0.9694444444444444 0.6072916666666667 0.9699074074074074 0.60703125 0.9703703703703703 0.60703125 0.9708333333333333 0.6067708333333334 0.9712962962962963 0.6067708333333334 0.9717592592592592 0.6065104166666667 0.9722222222222222 0.6065104166666667 0.9726851851851852 0.60625 0.9731481481481481 0.60625 0.9736111111111111 0.6059895833333333 0.975 0.6057291666666667 0.9763888888888889 0.6049479166666667 0.9768518518518519 0.6049479166666667 0.9777777777777777 0.6044270833333333 0.9782407407407407 0.6044270833333333 0.9787037037037037 0.6041666666666666 0.9791666666666666 0.6041666666666666 0.9796296296296296 0.60390625 0.9800925925925926 0.60390625 0.9805555555555555 0.6036458333333333 0.9819444444444444 0.6033854166666667 0.9828703703703704 0.6028645833333334 0.9833333333333333 0.6028645833333334 0.9847222222222223 0.60234375 0.9856481481481482 0.60234375 0.9861111111111112 0.6020833333333333 0.986574074074074 0.6020833333333333 0.987037037037037 0.6018229166666667 0.9875 0.6018229166666667 0.9879629629629629 0.6015625 0.9884259259259259 0.6015625 0.9888888888888889 0.6013020833333333 0.9902777777777778 0.6010416666666667 0.9912037037037037 0.6005208333333333 0.9916666666666667 0.6005208333333333 0.9921296296296296 0.6002604166666666 0.9925925925925926 0.6002604166666666 0.9935185185185185 0.5997395833333333 0.9949074074074075 0.5994791666666667 0.9972222222222222 0.5984375 0.9976851851851852 0.5984375 0.9981481481481481 0.5981770833333333 0.999537037037037 0.5981770833333333
1 0.950925925925926 0.3885416666666667 0.950925925925926 0.3888020833333333 0.9490740740740741 0.390625 0.9490740740740741 0.39114583333333336 0.9481481481481482 0.3919270833333333 0.9481481481481482 0.3927083333333333 0.9486111111111111 0.39296875 0.9486111111111111 0.39348958333333334 0.9490740740740741 0.39375 0.9495370370370371 0.39453125 0.950462962962963 0.39505208333333336 0.950925925925926 0.3958333333333333 0.9532407407407407 0.39739583333333334 0.9532407407407407 0.39765625 0.9555555555555556 0.39895833333333336 0.9560185185185185 0.39895833333333336 0.9578703703703704 0.4 0.9578703703703704 0.4002604166666667 0.9583333333333334 0.4005208333333333 0.9587962962962963 0.4005208333333333 0.9611111111111111 0.4015625 0.9625 0.40182291666666664 0.9643518518518519 0.40286458333333336 0.9643518518518519 0.403125 0.9675925925925926 0.40520833333333334 0.9708333333333333 0.40598958333333335 0.9731481481481481 0.40729166666666666 0.9731481481481481 0.4075520833333333 0.975462962962963 0.40911458333333334 0.975462962962963 0.409375 0.9768518518518519 0.41041666666666665 0.9768518518518519 0.4109375 0.9773148148148149 0.41119791666666666 0.9773148148148149 0.41171875 0.9777777777777777 0.4119791666666667 0.9777777777777777 0.41458333333333336 0.9782407407407407 0.41484375 0.9782407407407407 0.4158854166666667 0.9824074074074074 0.41822916666666665 0.9828703703703704 0.41822916666666665 0.9861111111111112 0.4203125 0.9893518518518518 0.42109375 0.9907407407407407 0.421875 0.9912037037037037 0.421875 0.9944444444444445 0.4234375 0.9949074074074075 0.4234375 0.9972222222222222 0.42421875 0.999537037037037 0.42421875 0.999537037037037 0.4015625 0.9939814814814815 0.4015625 0.9935185185185185 0.40130208333333334 0.9930555555555556 0.4005208333333333 0.9907407407407407 0.39921875 0.9907407407407407 0.39895833333333336 0.9902777777777778 0.39895833333333336 0.9884259259259259 0.39791666666666664 0.9879629629629629 0.39791666666666664 0.9851851851851852 0.3966145833333333 0.9828703703703704 0.39609375 0.9782407407407407 0.39348958333333334 0.9782407407407407 0.3932291666666667 0.9777777777777777 0.3932291666666667 0.975 0.39166666666666666 0.9745370370370371 0.39166666666666666 0.9717592592592592 0.39036458333333335 0.9712962962962963 0.39036458333333335 0.9703703703703703 0.38984375 0.9699074074074074 0.38984375 0.9689814814814814 0.3893229166666667 0.9685185185185186 0.3893229166666667 0.9671296296296297 0.3885416666666667 0.9666666666666667 0.3885416666666667 0.9657407407407408 0.3880208333333333 0.9652777777777778 0.3880208333333333 0.9638888888888889 0.38723958333333336 0.9634259259259259 0.38723958333333336 0.9611111111111111 0.38645833333333335 0.9601851851851851 0.38645833333333335 0.9597222222222223 0.38619791666666664 0.9583333333333334 0.38619791666666664 0.9578703703703704 0.38645833333333335 0.9569444444444445 0.38645833333333335 0.9564814814814815 0.38671875 0.9550925925925926 0.38697916666666665 0.9513888888888888 0.3885416666666667
