1 0.6583333333333333 0.440625 0.6560185185185186 0.4432291666666667 0.6560185185185186 0.4473958333333333 0.6564814814814814 0.4479166666666667 0.6578703703703703 0.44869791666666664 0.6615740740740741 0.44973958333333336 0.6625 0.44973958333333336 0.662962962962963 0.45 0.6638888888888889 0.45 0.6657407407407407 0.4505208333333333 0.6689814814814815 0.45078125 0.6722222222222223 0.4518229166666667 0.6731481481481482 0.4518229166666667 0.6736111111111112 0.45208333333333334 0.675 0.45208333333333334 0.6754629629629629 0.45234375 0.6768518518518518 0.45234375 0.6773148148148148 0.45260416666666664 0.6782407407407407 0.45260416666666664 0.6787037037037037 0.45286458333333335 0.6796296296296296 0.45286458333333335 0.6800925925925926 0.453125 0.6810185185185185 0.453125 0.6814814814814815 0.45338541666666665 0.6824074074074075 0.45338541666666665 0.6828703703703703 0.45364583333333336 0.6851851851851852 0.45390625 0.6902777777777778 0.45546875 0.6916666666666667 0.45546875 0.6935185185185185 0.45598958333333334 0.6953703703703704 0.45703125 0.6967592592592593 0.45859375 0.700925925925926 0.4609375 0.7023148148148148 0.46119791666666665 0.7055555555555556 0.4625 0.7064814814814815 0.4625 0.7069444444444445 0.4627604166666667 0.7083333333333334 0.4627604166666667 0.7087962962962963 0.4630208333333333 0.7106481481481481 0.4630208333333333 0.7111111111111111 0.46328125 0.7125 0.46328125 0.7138888888888889 0.46380208333333334 0.7148148148148148 0.46380208333333334 0.7166666666666667 0.46458333333333335 0.7199074074074074 0.46458333333333335 0.7203703703703703 0.46484375 0.7217592592592592 0.4640625 0.7231481481481481 0.46380208333333334 0.725462962962963 0.4627604166666667 0.7268518518518519 0.4609375 0.7277777777777777 0.46041666666666664 0.7291666666666666 0.4588541666666667 0.7296296296296296 0.45755208333333336 0.7305555555555555 0.45677083333333335 0.7310185185185185 0.45546875 0.7319444444444444 0.4546875 0.7319444444444444 0.45390625 0.7324074074074074 0.45364583333333336 0.7324074074074074 0.453125 0.7328703703703704 0.45286458333333335 0.7328703703703704 0.45234375 0.7333333333333333 0.45208333333333334 0.7333333333333333 0.4515625 0.7342592592592593 0.4505208333333333 0.7342592592592593 0.44765625 0.7347222222222223 0.4471354166666667 0.7342592592592593 0.4466145833333333 0.7319444444444444 0.4453125 0.7310185185185185 0.4453125 0.7305555555555555 0.44505208333333335 0.7287037037037037 0.44505208333333335 0.7282407407407407 0.44479166666666664 0.725925925925926 0.44479166666666664 0.725462962962963 0.44453125 0.7212962962962963 0.44453125 0.7129629629629629 0.44088541666666664 0.7097222222222223 0.44114583333333335 0.7046296296296296 0.44296875 0.7032407407407407 0.44296875 0.7027777777777777 0.4432291666666667 0.7013888888888888 0.4432291666666667 0.700925925925926 0.4434895833333333 0.700462962962963 0.4432291666666667 0.6990740740740741 0.4432291666666667 0.6986111111111111 0.44296875 0.6967592592592593 0.44296875 0.6962962962962963 0.4427083333333333 0.6953703703703704 0.4427083333333333 0.6949074074074074 0.44244791666666666 0.6935185185185185 0.44244791666666666 0.6930555555555555 0.4421875 0.6912037037037037 0.4421875 0.6907407407407408 0.44192708333333336 0.6884259259259259 0.44192708333333336 0.687962962962963 0.44166666666666665 0.6856481481481481 0.44166666666666665 0.6851851851851852 0.44140625 0.6833333333333333 0.44140625 0.6828703703703703 0.44114583333333335 0.6810185185185185 0.44114583333333335 0.6805555555555556 0.44088541666666664 0.6791666666666667 0.44088541666666664 0.6787037037037037 0.440625 0.6763888888888889 0.440625 0.6759259259259259 0.44036458333333334 0.6731481481481482 0.44036458333333334 0.6726851851851852 0.4401041666666667 0.6712962962962963 0.4401041666666667 0.6708333333333333 0.43984375 0.6689814814814815 0.43984375 0.6685185185185185 0.4395833333333333 0.6662037037037037 0.4395833333333333 0.6657407407407407 0.4393229166666667 0.6611111111111111 0.4393229166666667
3 0.6347222222222222 0.21276041666666667 0.6310185185185185 0.21197916666666666 0.6296296296296297 0.21197916666666666 0.6291666666666667 0.21223958333333334 0.6277777777777778 0.21223958333333334 0.6236111111111111 0.21302083333333333 0.6189814814814815 0.21432291666666667 0.6171296296296296 0.21510416666666668 0.6148148148148148 0.21666666666666667 0.6143518518518518 0.21666666666666667 0.6111111111111112 0.22083333333333333 0.6111111111111112 0.22213541666666667 0.6106481481481482 0.22239583333333332 0.6101851851851852 0.22395833333333334 0.6074074074074074 0.22578125 0.600462962962963 0.228125 0.5986111111111111 0.22916666666666666 0.5958333333333333 0.22994791666666667 0.5939814814814814 0.23098958333333333 0.5898148148148148 0.23229166666666667 0.587037037037037 0.23359375 0.5833333333333334 0.23411458333333332 0.5819444444444445 0.23489583333333333 0.5791666666666667 0.23567708333333334 0.575925925925926 0.23723958333333334 0.5689814814814815 0.23984375 0.5675925925925925 0.24010416666666667 0.5638888888888889 0.2421875 0.5625 0.24375 0.562962962962963 0.246875 0.5634259259259259 0.24713541666666666 0.5638888888888889 0.24895833333333334 0.5662037037037037 0.2513020833333333 0.5671296296296297 0.25286458333333334 0.5703703703703704 0.25546875 0.5708333333333333 0.25625 0.575 0.25885416666666666 0.5763888888888888 0.259375 0.5782407407407407 0.259375 0.5787037037037037 0.2596354166666667 0.5833333333333334 0.259375 0.5875 0.25807291666666665 0.5912037037037037 0.25755208333333335 0.5921296296296297 0.25703125 0.5935185185185186 0.25677083333333334 0.6027777777777777 0.2526041666666667 0.612037037037037 0.25 0.6189814814814815 0.24869791666666666 0.6217592592592592 0.24869791666666666 0.6222222222222222 0.2484375 0.625 0.2484375 0.625462962962963 0.24817708333333333 0.6282407407407408 0.24817708333333333 0.6287037037037037 0.2484375 0.637962962962963 0.2484375 0.638425925925926 0.24869791666666666 0.6388888888888888 0.2484375 0.6421296296296296 0.2484375 0.6425925925925926 0.24817708333333333 0.6458333333333334 0.24791666666666667 0.6504629629629629 0.24661458333333333 0.6546296296296297 0.24427083333333333 0.6574074074074074 0.240625 0.6574074074074074 0.2359375 0.6569444444444444 0.23567708333333334 0.6569444444444444 0.23489583333333333 0.6560185185185186 0.23385416666666667 0.6555555555555556 0.23229166666666667 0.6546296296296297 0.23151041666666666 0.6532407407407408 0.22864583333333333 0.6476851851851851 0.22291666666666668 0.6462962962962963 0.22057291666666667 0.6435185185185185 0.21875 0.6416666666666667 0.21666666666666667
4 0.6101851851851852 0.44921875 0.6078703703703704 0.4518229166666667 0.6078703703703704 0.453125 0.6074074074074074 0.45338541666666665 0.6069444444444444 0.4552083333333333 0.6074074074074074 0.45546875 0.6074074074074074 0.45677083333333335 0.6083333333333333 0.4578125 0.6083333333333333 0.45859375 0.6111111111111112 0.46041666666666664 0.6166666666666667 0.46197916666666666 0.6175925925925926 0.4625 0.6240740740740741 0.4640625 0.6263888888888889 0.46510416666666665 0.6300925925925925 0.4661458333333333 0.6356481481481482 0.4671875 0.637962962962963 0.46796875 0.6402777777777777 0.46822916666666664 0.6449074074074074 0.46953125 0.649074074074074 0.4700520833333333 0.649537037037037 0.4703125 0.6509259259259259 0.4703125 0.6532407407407408 0.4713541666666667 0.6560185185185186 0.47213541666666664 0.6587962962962963 0.47239583333333335 0.6592592592592592 0.47265625 0.6611111111111111 0.47265625 0.662962962962963 0.47317708333333336 0.6662037037037037 0.4734375 0.6699074074074074 0.47421875 0.6736111111111112 0.4744791666666667 0.6824074074074075 0.47708333333333336 0.6833333333333333 0.47708333333333336 0.6861111111111111 0.4778645833333333 0.6884259259259259 0.47994791666666664 0.6902777777777778 0.48333333333333334 0.6925925925925925 0.4859375 0.6967592592592593 0.4875 0.700925925925926 0.4875 0.7050925925925926 0.4859375 0.7087962962962963 0.4828125 0.7106481481481481 0.48046875 0.7125 0.4791666666666667 0.7171296296296297 0.4739583333333333 0.7185185185185186 0.4713541666666667 0.7194444444444444 0.4705729166666667 0.7199074074074074 0.46640625 0.7185185185185186 0.465625 0.7162037037037037 0.46510416666666665 0.7129629629629629 0.46380208333333334 0.711574074074074 0.46380208333333334 0.7111111111111111 0.4635416666666667 0.7064814814814815 0.4635416666666667 0.7060185185185185 0.46380208333333334 0.7046296296296296 0.46380208333333334 0.7013888888888888 0.46484375 0.700462962962963 0.46484375 0.6990740740740741 0.46432291666666664 0.6976851851851852 0.46432291666666664 0.6935185185185185 0.4635416666666667 0.6916666666666667 0.4635416666666667 0.6912037037037037 0.46328125 0.6893518518518519 0.46328125 0.6847222222222222 0.46197916666666666 0.6791666666666667 0.4609375 0.6726851851851852 0.4591145833333333 0.6643518518518519 0.45755208333333336 0.6611111111111111 0.45651041666666664 0.6569444444444444 0.4557291666666667 0.6541666666666667 0.4546875 0.6504629629629629 0.45416666666666666 0.6472222222222223 0.453125 0.6435185185185185 0.45260416666666664 0.6370370370370371 0.45078125 0.6361111111111111 0.45078125 0.6337962962962963 0.45 0.6296296296296297 0.44921875 0.6240740740740741 0.44869791666666664 0.6199074074074075 0.4479166666666667 0.6175925925925926 0.4479166666666667 0.6171296296296296 0.44765625 0.6148148148148148 0.44765625 0.6125 0.4484375 0.611574074074074 0.4484375
4 0.662962962962963 0.4796875 0.6583333333333333 0.47734375 0.6550925925925926 0.47682291666666665 0.6513888888888889 0.47682291666666665 0.65 0.47708333333333336 0.6467592592592593 0.4783854166666667 0.6467592592592593 0.4791666666666667 0.6462962962962963 0.47942708333333334 0.6462962962962963 0.4825520833333333 0.6444444444444445 0.48515625 0.6416666666666667 0.48671875 0.6277777777777778 0.4901041666666667 0.6240740740740741 0.4903645833333333 0.6152777777777778 0.49244791666666665 0.611574074074074 0.49296875 0.6078703703703704 0.4940104166666667 0.6041666666666666 0.49453125 0.5953703703703703 0.496875 0.5828703703703704 0.4984375 0.575925925925926 0.49973958333333335 0.5722222222222222 0.50078125 0.5680555555555555 0.5013020833333334 0.5601851851851852 0.5041666666666667 0.5583333333333333 0.5057291666666667 0.5583333333333333 0.51015625 0.5606481481481481 0.5130208333333334 0.562037037037037 0.5138020833333333 0.5657407407407408 0.5145833333333333 0.5717592592592593 0.5145833333333333 0.5722222222222222 0.5143229166666666 0.575925925925926 0.5143229166666666 0.5763888888888888 0.5140625 0.5824074074074074 0.5138020833333333 0.5893518518518519 0.5125 0.5907407407407408 0.5125 0.5958333333333333 0.5109375 0.600925925925926 0.51015625 0.6032407407407407 0.509375 0.6069444444444444 0.5091145833333334 0.6106481481481482 0.5078125 0.6152777777777778 0.5072916666666667 0.6166666666666667 0.5067708333333333 0.6217592592592592 0.5059895833333333 0.6240740740740741 0.5052083333333334 0.6291666666666667 0.5044270833333333 0.6305555555555555 0.50390625 0.6319444444444444 0.50390625 0.6351851851851852 0.503125 0.6365740740740741 0.503125 0.638425925925926 0.5026041666666666 0.6402777777777777 0.5026041666666666 0.6425925925925926 0.5020833333333333 0.6462962962962963 0.5020833333333333 0.65 0.5013020833333334 0.6541666666666667 0.5020833333333333 0.6611111111111111 0.5044270833333333 0.6657407407407407 0.5046875 0.6689814814814815 0.50390625 0.6703703703703704 0.503125 0.6722222222222223 0.5013020833333334 0.6731481481481482 0.4981770833333333 0.6736111111111112 0.4979166666666667 0.6731481481481482 0.49765625 0.6722222222222223 0.4934895833333333 0.6712962962962963 0.4921875 0.6708333333333333 0.4901041666666667 0.6689814814814815 0.48723958333333334 0.6675925925925926 0.4859375 0.6662037037037037 0.48359375 0.6662037037037037 0.4828125
4 0.4162037037037037 0.3458333333333333 0.41574074074074074 0.34817708333333336 0.4152777777777778 0.3484375 0.4152777777777778 0.3536458333333333 0.41898148148148145 0.35598958333333336 0.4236111111111111 0.3572916666666667 0.4263888888888889 0.3572916666666667 0.42685185185185187 0.3575520833333333 0.4287037037037037 0.3575520833333333 0.4310185185185185 0.3580729166666667 0.43472222222222223 0.3580729166666667 0.4393518518518518 0.35911458333333335 0.44212962962962965 0.35911458333333335 0.4425925925925926 0.359375 0.4476851851851852 0.35963541666666665 0.45046296296296295 0.36015625 0.4532407407407407 0.36015625 0.4537037037037037 0.36041666666666666 0.4564814814814815 0.36041666666666666 0.45694444444444443 0.3606770833333333 0.45925925925925926 0.3606770833333333 0.4597222222222222 0.3609375 0.462037037037037 0.3609375 0.4625 0.3611979166666667 0.4652777777777778 0.3611979166666667 0.46574074074074073 0.3614583333333333 0.46805555555555556 0.3614583333333333 0.4703703703703704 0.3619791666666667 0.47453703703703703 0.3619791666666667 0.475 0.36223958333333334 0.4773148148148148 0.36223958333333334 0.4777777777777778 0.3625 0.4810185185185185 0.3625 0.48518518518518516 0.36328125 0.49074074074074076 0.36354166666666665 0.4935185185185185 0.3640625 0.49722222222222223 0.3640625 0.4981481481481482 0.36432291666666666 0.5092592592592593 0.37083333333333335 0.5106481481481482 0.37109375 0.5125 0.37109375 0.5152777777777777 0.37161458333333336 0.5180555555555556 0.37161458333333336 0.5203703703703704 0.37109375 0.5222222222222223 0.37005208333333334 0.5231481481481481 0.3690104166666667 0.5236111111111111 0.3671875 0.525 0.365625 0.5254629629629629 0.36171875 0.5259259259259259 0.3614583333333333 0.5259259259259259 0.35885416666666664 0.5263888888888889 0.35859375 0.5263888888888889 0.35625 0.5268518518518519 0.35598958333333336 0.5268518518518519 0.35390625 0.5273148148148148 0.3536458333333333 0.5268518518518519 0.3484375 0.525 0.3463541666666667 0.5236111111111111 0.34609375 0.5208333333333334 0.34609375 0.5203703703703704 0.3458333333333333 0.5143518518518518 0.3458333333333333 0.513425925925926 0.34609375 0.512962962962963 0.34713541666666664 0.5106481481481482 0.3484375 0.5064814814814815 0.34921875 0.5046296296296297 0.34921875 0.5041666666666667 0.3489583333333333 0.5 0.34869791666666666 0.49953703703703706 0.3484375 0.4930555555555556 0.34817708333333336 0.4925925925925926 0.34791666666666665 0.4898148148148148 0.34791666666666665 0.48935185185185187 0.34765625 0.48703703703703705 0.34765625 0.48657407407407405 0.34739583333333335 0.4828703703703704 0.34739583333333335 0.4824074074074074 0.34713541666666664 0.47638888888888886 0.346875 0.4759259259259259 0.34661458333333334 0.4736111111111111 0.34661458333333334 0.47314814814814815 0.3463541666666667 0.4708333333333333 0.3463541666666667 0.4703703703703704 0.34609375 0.4675925925925926 0.34609375 0.4671296296296296 0.3458333333333333 0.46435185185185185 0.3458333333333333 0.4638888888888889 0.3455729166666667 0.4550925925925926 0.3453125 0.4546296296296296 0.3450520833333333 0.45231481481481484 0.3450520833333333 0.45185185185185184 0.34479166666666666 0.44583333333333336 0.34453125 0.44351851851851853 0.34401041666666665 0.4388888888888889 0.34401041666666665 0.4361111111111111 0.34322916666666664 0.4310185185185185 0.34322916666666664 0.4305555555555556 0.34296875 0.4273148148148148 0.34296875 0.42685185185185187 0.34270833333333334 0.42268518518518516 0.34270833333333334 0.4222222222222222 0.34296875 0.41944444444444445 0.34322916666666664 0.41712962962962963 0.34479166666666666
5 0.7805555555555556 0.3796875 0.7754629629629629 0.3796875 0.775 0.37994791666666666 0.7712962962962963 0.3802083333333333 0.7675925925925926 0.38307291666666665 0.7662037037037037 0.3846354166666667 0.7648148148148148 0.3885416666666667 0.7671296296296296 0.39140625 0.7689814814814815 0.3924479166666667 0.7689814814814815 0.39296875 0.7712962962962963 0.3963541666666667 0.7699074074074074 0.3984375 0.7699074074074074 0.3997395833333333 0.7694444444444445 0.4 0.7694444444444445 0.40078125 0.7689814814814815 0.4010416666666667 0.7675925925925926 0.40390625 0.7648148148148148 0.40625 0.7606481481481482 0.41119791666666666 0.7597222222222222 0.41171875 0.7569444444444444 0.41510416666666666 0.7560185185185185 0.415625 0.7523148148148148 0.4197916666666667 0.7523148148148148 0.4203125 0.7509259259259259 0.42161458333333335 0.750462962962963 0.4231770833333333 0.75 0.4234375 0.7509259259259259 0.42578125 0.7523148148148148 0.42734375 0.7537037037037037 0.428125 0.7601851851851852 0.42994791666666665 0.7611111111111111 0.42994791666666665 0.762962962962963 0.43046875 0.7643518518518518 0.43046875 0.7648148148148148 0.43072916666666666 0.7689814814814815 0.4309895833333333 0.7694444444444445 0.43125 0.7722222222222223 0.43125 0.7726851851851851 0.4309895833333333 0.775 0.43072916666666666 0.7791666666666667 0.42890625 0.7805555555555556 0.4278645833333333 0.7819444444444444 0.42604166666666665 0.7828703703703703 0.42552083333333335 0.7847222222222222 0.4231770833333333 0.7875 0.42109375 0.7939814814814815 0.41328125 0.7962962962962963 0.4119791666666667 0.7976851851851852 0.41067708333333336 0.8064814814814815 0.40546875 0.8101851851851852 0.4049479166666667 0.812962962962963 0.40390625 0.8180555555555555 0.4036458333333333 0.8222222222222222 0.4010416666666667 0.8236111111111111 0.39947916666666666 0.8236111111111111 0.39895833333333336 0.825925925925926 0.3966145833333333 0.825925925925926 0.39557291666666666 0.825462962962963 0.3953125 0.8245370370370371 0.3924479166666667 0.8217592592592593 0.390625 0.8194444444444444 0.38984375 0.8166666666666667 0.38828125 0.8138888888888889 0.38723958333333336 0.8078703703703703 0.38567708333333334 0.8055555555555556 0.3846354166666667 0.8046296296296296 0.3846354166666667 0.8023148148148148 0.38385416666666666 0.7986111111111112 0.38333333333333336 0.7939814814814815 0.38177083333333334 0.7916666666666666 0.3815104166666667 0.7888888888888889 0.3807291666666667 0.7870370370370371 0.3807291666666667 0.7865740740740741 0.38046875 0.7851851851851852 0.38046875 0.7828703703703703 0.37994791666666666 0.7810185185185186 0.37994791666666666
3 0.7925925925925926 0.45390625 0.7888888888888889 0.45364583333333336 0.788425925925926 0.45338541666666665 0.7865740740740741 0.45338541666666665 0.7861111111111111 0.45364583333333336 0.7837962962962963 0.45390625 0.7787037037037037 0.45651041666666664 0.7759259259259259 0.4588541666666667 0.7763888888888889 0.4627604166666667 0.7773148148148148 0.4635416666666667 0.7773148148148148 0.4640625 0.7791666666666667 0.46640625 0.7787037037037037 0.4703125 0.7782407407407408 0.4705729166666667 0.7782407407407408 0.47109375 0.7754629629629629 0.4734375 0.774074074074074 0.4752604166666667 0.7699074074074074 0.4783854166666667 0.7689814814814815 0.4796875 0.7671296296296296 0.48125 0.7643518518518518 0.4828125 0.762962962962963 0.484375 0.7592592592592593 0.48671875 0.7583333333333333 0.48802083333333335 0.7550925925925925 0.48984375 0.749537037037037 0.49453125 0.749537037037037 0.49557291666666664 0.7490740740740741 0.49583333333333335 0.7490740740740741 0.4981770833333333 0.7518518518518519 0.5005208333333333 0.7546296296296297 0.5018229166666667 0.7583333333333333 0.5028645833333333 0.7597222222222222 0.5036458333333333 0.7671296296296296 0.5057291666666667 0.7680555555555556 0.5057291666666667 0.7685185185185185 0.50546875 0.7712962962962963 0.50546875 0.7731481481481481 0.5046875 0.7754629629629629 0.5041666666666667 0.7791666666666667 0.5026041666666666 0.7828703703703703 0.5 0.7842592592592592 0.4984375 0.7953703703703704 0.49114583333333334 0.7981481481481482 0.48854166666666665 0.799074074074074 0.48828125 0.8027777777777778 0.4859375 0.8078703703703703 0.48411458333333335 0.8092592592592592 0.48385416666666664 0.8101851851851852 0.48333333333333334 0.8111111111111111 0.48333333333333334 0.8143518518518519 0.4825520833333333 0.8148148148148148 0.4828125 0.8171296296296297 0.4828125 0.8175925925925925 0.4830729166666667 0.8231481481481482 0.4830729166666667 0.825925925925926 0.4822916666666667 0.8268518518518518 0.48046875 0.8282407407407407 0.47942708333333334 0.8324074074074074 0.4744791666666667 0.8324074074074074 0.4705729166666667 0.8319444444444445 0.4703125 0.8305555555555556 0.4700520833333333 0.8277777777777777 0.46875 0.825925925925926 0.46822916666666664 0.8162037037037037 0.4627604166666667 0.812037037037037 0.46145833333333336 0.8097222222222222 0.46015625 0.8050925925925926 0.4583333333333333 0.8013888888888889 0.45729166666666665 0.7958333333333333 0.4546875
4 0.8453703703703703 0.13880208333333333 0.8416666666666667 0.140625 0.8412037037037037 0.14140625 0.8398148148148148 0.14244791666666667 0.8398148148148148 0.14453125 0.8393518518518519 0.14479166666666668 0.8393518518518519 0.146875 0.8402777777777778 0.1484375 0.8453703703703703 0.15286458333333333 0.8458333333333333 0.15286458333333333 0.8467592592592592 0.15364583333333334 0.8731481481481481 0.16822916666666668 0.875 0.17005208333333333 0.8777777777777778 0.17135416666666667 0.8870370370370371 0.17682291666666666 0.888425925925926 0.178125 0.888425925925926 0.1796875 0.8888888888888888 0.17994791666666668 0.8888888888888888 0.18125 0.8893518518518518 0.18151041666666667 0.8888888888888888 0.18203125 0.8888888888888888 0.18567708333333333 0.8921296296296296 0.18958333333333333 0.8962962962962963 0.19192708333333333 0.8972222222222223 0.19192708333333333 0.9 0.19296875 0.9083333333333333 0.19088541666666667 0.9194444444444444 0.1859375 0.9208333333333333 0.18489583333333334 0.924074074074074 0.18333333333333332 0.9263888888888889 0.18125 0.9277777777777778 0.18046875 0.9296296296296296 0.17838541666666666 0.9305555555555556 0.17786458333333333 0.9310185185185185 0.17578125 0.9314814814814815 0.17552083333333332 0.9314814814814815 0.17395833333333333 0.9319444444444445 0.17369791666666667 0.9305555555555556 0.17213541666666668 0.9291666666666667 0.17135416666666667 0.9282407407407407 0.1703125 0.9236111111111112 0.16822916666666668 0.9199074074074074 0.16822916666666668 0.9157407407407407 0.16953125 0.9143518518518519 0.16953125 0.9115740740740741 0.17005208333333333 0.9050925925925926 0.16796875 0.9037037037037037 0.1671875 0.9013888888888889 0.16484375 0.8907407407407407 0.15885416666666666 0.8898148148148148 0.1578125 0.8777777777777778 0.15130208333333334 0.8768518518518519 0.15026041666666667 0.874537037037037 0.14921875 0.8726851851851852 0.14765625 0.8685185185185185 0.1453125 0.8680555555555556 0.1453125 0.8601851851851852 0.140625 0.8555555555555555 0.13854166666666667 0.8541666666666666 0.13854166666666667 0.8537037037037037 0.13828125 0.8490740740740741 0.13828125 0.8486111111111111 0.13854166666666667
1 0.8138888888888889 0.49270833333333336 0.8138888888888889 0.49296875 0.8125 0.49375 0.8125 0.4947916666666667 0.812962962962963 0.49505208333333334 0.812962962962963 0.49583333333333335 0.8134259259259259 0.49609375 0.8134259259259259 0.496875 0.8138888888888889 0.49713541666666666 0.8138888888888889 0.49765625 0.8171296296296297 0.49947916666666664 0.8171296296296297 0.49973958333333335 0.8194444444444444 0.5010416666666667 0.8194444444444444 0.5013020833333334 0.8273148148148148 0.50546875 0.8273148148148148 0.5057291666666667 0.8296296296296296 0.50703125 0.8296296296296296 0.5072916666666667 0.8300925925925926 0.5072916666666667 0.8314814814814815 0.5080729166666667 0.8314814814814815 0.5083333333333333 0.8333333333333334 0.509375 0.8333333333333334 0.5096354166666667 0.8379629629629629 0.5122395833333333 0.8398148148148148 0.5143229166666666 0.8398148148148148 0.515625 0.8402777777777778 0.5158854166666667 0.8402777777777778 0.5177083333333333 0.8407407407407408 0.51796875 0.8407407407407408 0.5190104166666667 0.8412037037037037 0.5192708333333333 0.8416666666666667 0.52109375 0.8425925925925926 0.5213541666666667 0.8444444444444444 0.5223958333333333 0.8449074074074074 0.5223958333333333 0.850462962962963 0.5255208333333333 0.850925925925926 0.5255208333333333 0.8518518518518519 0.5260416666666666 0.8564814814814815 0.52734375 0.8601851851851852 0.52734375 0.8611111111111112 0.5276041666666667 0.862037037037037 0.5270833333333333 0.8634259259259259 0.5268229166666667 0.8652777777777778 0.5260416666666666 0.8662037037037037 0.5260416666666666 0.8666666666666667 0.52578125 0.8675925925925926 0.52578125 0.8680555555555556 0.5255208333333333 0.8689814814814815 0.5255208333333333 0.8699074074074075 0.5252604166666667 0.8787037037037037 0.5208333333333334 0.8787037037037037 0.5205729166666667 0.8805555555555555 0.5192708333333333 0.8810185185185185 0.51875 0.8810185185185185 0.5182291666666666 0.8814814814814815 0.51796875 0.8814814814814815 0.5166666666666667 0.8810185185185185 0.51640625 0.8805555555555555 0.5151041666666667 0.8796296296296297 0.5145833333333333 0.8787037037037037 0.5135416666666667 0.8782407407407408 0.5135416666666667 0.8768518518518519 0.5127604166666667 0.875462962962963 0.5125 0.874537037037037 0.5119791666666667 0.874537037037037 0.51171875 0.8731481481481481 0.5106770833333333 0.8726851851851852 0.509375 0.8699074074074075 0.50625 0.8689814814814815 0.5057291666666667 0.8680555555555556 0.50546875 0.8652777777777778 0.50546875 0.8648148148148148 0.5052083333333334 0.8634259259259259 0.5052083333333334 0.8629629629629629 0.50546875 0.8606481481481482 0.50546875 0.8601851851851852 0.5052083333333334 0.8569444444444444 0.5052083333333334 0.8564814814814815 0.5049479166666667 0.8555555555555555 0.5049479166666667 0.8550925925925926 0.5046875 0.8541666666666666 0.5046875 0.8532407407407407 0.5044270833333333 0.8523148148148149 0.50390625 0.8518518518518519 0.50390625 0.850462962962963 0.503125 0.850462962962963 0.5028645833333333 0.8490740740740741 0.5020833333333333 0.8490740740740741 0.5018229166666667 0.8486111111111111 0.5018229166666667 0.8472222222222222 0.5010416666666667 0.8467592592592592 0.5010416666666667 0.8421296296296297 0.4984375 0.8421296296296297 0.4981770833333333 0.8402777777777778 0.49713541666666666 0.8398148148148148 0.49713541666666666 0.8351851851851851 0.49453125 0.8351851851851851 0.4942708333333333 0.8328703703703704 0.49296875 0.8324074074074074 0.49296875 0.8300925925925926 0.49166666666666664 0.8296296296296296 0.49166666666666664 0.8282407407407407 0.4908854166666667 0.8277777777777777 0.4908854166666667 0.825925925925926 0.48984375 0.8212962962962963 0.48984375 0.8208333333333333 0.4901041666666667 0.8185185185185185 0.4903645833333333 0.8175925925925925 0.4908854166666667 0.8171296296296297 0.4908854166666667
4 0.8893518518518518 0.6791666666666667 0.8856481481481482 0.6765625 0.8708333333333333 0.6684895833333333 0.8671296296296296 0.6677083333333333 0.8648148148148148 0.6677083333333333 0.8601851851851852 0.6690104166666667 0.8583333333333333 0.6697916666666667 0.8574074074074074 0.6708333333333333 0.8564814814814815 0.6734375 0.8560185185185185 0.6736979166666667 0.8555555555555555 0.6770833333333334 0.8518518518518519 0.6815104166666667 0.8439814814814814 0.6859375 0.8421296296296297 0.6864583333333333 0.8379629629629629 0.6888020833333334 0.8324074074074074 0.6908854166666667 0.8291666666666667 0.6927083333333334 0.8263888888888888 0.6934895833333333 0.8180555555555555 0.6979166666666666 0.8138888888888889 0.6997395833333333 0.8087962962962963 0.7010416666666667 0.8055555555555556 0.703125 0.8009259259259259 0.7046875 0.7976851851851852 0.7067708333333333 0.7949074074074074 0.7075520833333333 0.7907407407407407 0.7098958333333333 0.787962962962963 0.7125 0.788425925925926 0.7169270833333333 0.7912037037037037 0.7190104166666667 0.7972222222222223 0.7205729166666667 0.8004629629629629 0.7205729166666667 0.8023148148148148 0.7200520833333334 0.8055555555555556 0.7197916666666667 0.8138888888888889 0.7171875 0.8148148148148148 0.7166666666666667 0.8171296296296297 0.7161458333333334 0.8194444444444444 0.71484375 0.8277777777777777 0.7114583333333333 0.8296296296296296 0.7104166666666667 0.8402777777777778 0.70625 0.8472222222222222 0.7028645833333333 0.8574074074074074 0.6989583333333333 0.8625 0.6963541666666667 0.8675925925925926 0.69453125 0.8708333333333333 0.69375 0.8731481481481481 0.6927083333333334 0.8837962962962963 0.69296875 0.8842592592592593 0.6927083333333334 0.888425925925926 0.6927083333333334 0.8916666666666667 0.6916666666666667 0.8962962962962963 0.6893229166666667 0.8962962962962963 0.6854166666666667
2 0.999537037037037 0.39140625 0.9981481481481481 0.39140625 0.9981481481481481 0.39166666666666666 0.9976851851851852 0.3919270833333333 0.9976851851851852 0.3927083333333333 0.9981481481481481 0.39296875 0.999537037037037 0.39296875 0.999537037037037 0.39140625 0.999537037037037 0.38385416666666666 0.999537037037037 0.2986979166666667 0.9981481481481481 0.2986979166666667 0.9972222222222222 0.29765625 0.9967592592592592 0.29244791666666664 0.9925925925925926 0.2794270833333333 0.9925925925925926 0.2752604166666667 0.9907407407407407 0.27109375 0.9898148148148148 0.27005208333333336 0.986574074074074 0.26848958333333334 0.9763888888888889 0.26848958333333334 0.9745370370370371 0.26875 0.9703703703703703 0.27109375 0.9685185185185186 0.275 0.9685185185185186 0.2791666666666667 0.9703703703703703 0.29140625 0.9726851851851852 0.29713541666666665 0.9768518518518519 0.315625 0.9768518518518519 0.31796875 0.9800925925925926 0.32890625 0.9819444444444444 0.3416666666666667 0.9842592592592593 0.34765625 0.9861111111111112 0.35625 0.9884259259259259 0.3611979166666667 0.9884259259259259 0.365625 0.987037037037037 0.3671875 0.9851851851851852 0.36822916666666666 0.9814814814814815 0.3690104166666667 0.9782407407407407 0.37161458333333336 0.9777777777777777 0.37265625 0.9782407407407407 0.37734375 0.9819444444444444 0.38125 0.9861111111111112 0.38229166666666664 0.9902777777777778 0.38255208333333335 0.9939814814814815 0.38359375 0.999537037037037 0.38385416666666666
5 0.9574074074074074 0.6177083333333333 0.9574074074074074 0.61796875 0.9564814814814815 0.6184895833333334 0.9564814814814815 0.61875 0.9560185185185185 0.6190104166666667 0.9560185185185185 0.6197916666666666 0.9555555555555556 0.6200520833333333 0.9555555555555556 0.6208333333333333 0.9550925925925926 0.62109375 0.9550925925925926 0.6221354166666667 0.9546296296296296 0.6223958333333334 0.9546296296296296 0.6255208333333333 0.9541666666666667 0.62578125 0.9541666666666667 0.6268229166666667 0.9546296296296296 0.6270833333333333 0.9546296296296296 0.6278645833333333 0.9550925925925926 0.628125 0.9550925925925926 0.6286458333333333 0.9555555555555556 0.62890625 0.9555555555555556 0.6291666666666667 0.9560185185185185 0.6294270833333333 0.9560185185185185 0.6296875 0.9564814814814815 0.6299479166666667 0.9564814814814815 0.6302083333333334 0.9578703703703704 0.6309895833333333 0.9583333333333334 0.6309895833333333 0.9587962962962963 0.63125 0.9601851851851851 0.63125 0.9606481481481481 0.6315104166666666 0.962037037037037 0.6315104166666666 0.9625 0.6317708333333333 0.9671296296296297 0.6317708333333333 0.9675925925925926 0.63203125 0.9708333333333333 0.63203125 0.9712962962962963 0.6322916666666667 0.9731481481481481 0.6322916666666667 0.9736111111111111 0.6325520833333333 0.975462962962963 0.6325520833333333 0.975925925925926 0.6328125 0.9777777777777777 0.6328125 0.9782407407407407 0.6330729166666667 0.9828703703703704 0.6330729166666667 0.9833333333333333 0.6333333333333333 0.9847222222222223 0.6333333333333333 0.9851851851851852 0.63359375 0.987037037037037 0.63359375 0.9875 0.6338541666666667 0.9902777777777778 0.6338541666666667 0.9907407407407407 0.6341145833333334 0.9916666666666667 0.6341145833333334 0.9921296296296296 0.634375 0.9930555555555556 0.634375 0.9935185185185185 0.6346354166666667 0.999537037037037 0.6346354166666667 0.999537037037037 0.6184895833333334 0.9967592592592592 0.6184895833333334 0.9962962962962963 0.6182291666666667 0.9949074074074075 0.6182291666666667 0.9944444444444445 0.61796875 0.9925925925925926 0.61796875 0.9921296296296296 0.6177083333333333 0.9902777777777778 0.6177083333333333 0.9898148148148148 0.6174479166666667 0.987037037037037 0.6174479166666667 0.986574074074074 0.6171875 0.9851851851851852 0.6171875 0.9847222222222223 0.6169270833333333 0.9833333333333333 0.6169270833333333 0.9828703703703704 0.6166666666666667 0.9819444444444444 0.6166666666666667 0.9814814814814815 0.61640625 0.9800925925925926 0.61640625 0.9796296296296296 0.6161458333333333 0.9787037037037037 0.6161458333333333 0.9782407407407407 0.6158854166666666 0.9768518518518519 0.6158854166666666 0.9763888888888889 0.615625 0.9731481481481481 0.615625 0.9726851851851852 0.6153645833333333 0.9689814814814814 0.6153645833333333 0.9685185185185186 0.615625 0.9652777777777778 0.615625 0.9648148148148148 0.6153645833333333 0.9625 0.6153645833333333 0.961574074074074 0.6158854166666666 0.9611111111111111 0.6158854166666666 0.9601851851851851 0.61640625 0.9597222222222223 0.61640625
