4 0.218151 0.911589 0.137553 0.090093
4 0.056377 0.744302 0.109328 0.100490
4 0.525097 0.737760 0.114813 0.099983
3 0.053780 0.494006 0.079444 0.120167
3 0.513018 0.921592 0.147482 0.116577
3 0.153514 0.221910 0.175184 0.078676
3 0.872536 0.264606 0.079361 0.125105
2 0.557770 0.610943 0.139991 0.099104
2 0.203624 0.708156 0.104387 0.102009
2 0.820821 0.905395 0.141731 0.107890
2 0.766541 0.157712 0.102895 0.109652
1 0.624566 0.305285 0.313074 0.054768
1 0.798981 0.726052 0.322112 0.055566
1 0.203965 0.488025 0.131336 0.216024
0 0.155366 0.074069 0.118560 0.042781
0 0.828448 0.490189 0.116714 0.061407
0 0.342708 0.323127 0.114956 0.061417
0 0.639599 0.101330 0.071741 0.083276
0 0.353531 0.116888 0.117544 0.048483
0 0.374917 0.208812 0.077700 0.080885
0 0.484792 0.464773 0.057540 0.081503