4 0.217196 0.922367 0.141449 0.093136
4 0.741121 0.725357 0.143721 0.079070
3 0.474796 0.086637 0.148518 0.112302
3 0.221978 0.219670 0.148883 0.111816
3 0.518071 0.931068 0.150305 0.117618
3 0.391999 0.723775 0.176967 0.059686
3 0.395297 0.312676 0.179338 0.065721
3 0.597025 0.238145 0.175762 0.072629
3 0.280900 0.091461 0.154055 0.115305
3 0.874984 0.270180 0.146773 0.111521
2 0.572525 0.621444 0.140455 0.102189
2 0.825465 0.915249 0.142363 0.111145
1 0.207507 0.491020 0.122250 0.219586
1 0.786736 0.124682 0.330305 0.060446
1 0.542555 0.458627 0.136252 0.216100
0 0.834716 0.509399 0.115503 0.068085
0 0.333561 0.210623 0.119873 0.050963