4 0.208312 0.909644 0.138288 0.089987
4 0.108702 0.114752 0.106807 0.101357
3 0.146752 0.721449 0.181767 0.063440
3 0.499262 0.919935 0.145479 0.115937
3 0.050021 0.556561 0.080913 0.120795
3 0.511804 0.380832 0.166720 0.077650
3 0.679987 0.339745 0.077872 0.120439
3 0.376108 0.151781 0.171568 0.078027
3 0.859681 0.265298 0.079179 0.125046
3 0.504534 0.256002 0.137000 0.115329
2 0.801769 0.903568 0.138639 0.107234
2 0.130280 0.248732 0.151027 0.075412
2 0.545819 0.611256 0.138395 0.099060
1 0.199645 0.479740 0.115336 0.217205
1 0.791198 0.149675 0.176663 0.221567
0 0.336232 0.324603 0.112988 0.061637
0 0.403058 0.739423 0.056978 0.083699
0 0.814769 0.490928 0.114600 0.061903
0 0.465498 0.481055 0.115605 0.041704
0 0.631793 0.102142 0.072188 0.083386