0 0.43 0.21616766467065868 0.42916666666666664 0.21616766467065868 0.42833333333333334 0.2155688622754491 0.42333333333333334 0.2155688622754491 0.4225 0.21616766467065868 0.42 0.21676646706586827 0.4175 0.218562874251497 0.4166666666666667 0.218562874251497 0.41083333333333333 0.22275449101796407 0.41 0.22275449101796407 0.405 0.22634730538922157 0.4041666666666667 0.22634730538922157 0.39416666666666667 0.23353293413173654 0.3933333333333333 0.23353293413173654 0.3908333333333333 0.23532934131736527 0.3883333333333333 0.23592814371257484 0.38666666666666666 0.237125748502994 0.3858333333333333 0.237125748502994 0.385 0.2377245508982036 0.38416666666666666 0.2377245508982036 0.38333333333333336 0.237125748502994 0.38166666666666665 0.237125748502994 0.38083333333333336 0.23652694610778444 0.37916666666666665 0.23652694610778444 0.37833333333333335 0.23592814371257484 0.36916666666666664 0.23592814371257484 0.36833333333333335 0.23652694610778444 0.3675 0.23652694610778444 0.36583333333333334 0.2377245508982036 0.365 0.2377245508982036 0.3625 0.23952095808383234 0.3625 0.2401197604790419 0.36083333333333334 0.24191616766467067 0.36083333333333334 0.24311377245508983 0.36 0.2437125748502994 0.36 0.24491017964071857 0.3591666666666667 0.24550898203592814 0.3591666666666667 0.2467065868263473 0.35833333333333334 0.2473053892215569 0.35833333333333334 0.24850299401197604 0.355 0.2508982035928144 0.35333333333333333 0.2508982035928144 0.3525 0.25149700598802394 0.35 0.25209580838323353 0.3475 0.25389221556886227 0.3466666666666667 0.25389221556886227 0.3416666666666667 0.25748502994011974 0.3416666666666667 0.25808383233532933 0.3408333333333333 0.25868263473053893 0.3408333333333333 0.26107784431137726 0.34 0.2616766467065868 0.34 0.2634730538922156 0.3408333333333333 0.26407185628742513 0.3408333333333333 0.26586826347305387 0.3416666666666667 0.26646706586826346 0.3416666666666667 0.26766467065868266 0.3441666666666667 0.27065868263473053 0.3441666666666667 0.2718562874251497 0.3458333333333333 0.27305389221556886 0.3458333333333333 0.27365269461077846 0.35833333333333334 0.28263473053892213 0.3591666666666667 0.28263473053892213 0.36083333333333334 0.2838323353293413 0.3625 0.2838323353293413 0.365 0.28502994011976046 0.36916666666666664 0.28502994011976046 0.37 0.2844311377245509 0.37333333333333335 0.2844311377245509 0.37416666666666665 0.2838323353293413 0.37583333333333335 0.2838323353293413 0.37666666666666665 0.2832335329341317 0.3775 0.2832335329341317 0.38166666666666665 0.28023952095808385 0.38166666666666665 0.27964071856287426 0.3825 0.27904191616766466 0.38416666666666666 0.2760479041916168 0.38666666666666666 0.274251497005988 0.3875 0.274251497005988 0.3883333333333333 0.27365269461077846 0.3958333333333333 0.27365269461077846 0.39666666666666667 0.27305389221556886 0.3975 0.27305389221556886 0.39916666666666667 0.2718562874251497 0.4 0.2718562874251497 0.40166666666666667 0.27065868263473053 0.40166666666666667 0.27005988023952093 0.4033333333333333 0.2688622754491018 0.4033333333333333 0.2682634730538922 0.4041666666666667 0.26766467065868266 0.4041666666666667 0.25748502994011974 0.4033333333333333 0.2568862275449102 0.4033333333333333 0.255688622754491 0.4041666666666667 0.25508982035928146 0.4041666666666667 0.25449101796407186 0.4075 0.25209580838323353 0.4083333333333333 0.25209580838323353 0.4116666666666667 0.2497005988023952 0.4116666666666667 0.24910179640718563 0.4241666666666667 0.2401197604790419 0.425 0.2401197604790419 0.43416666666666665 0.23353293413173654 0.435 0.23353293413173654 0.43666666666666665 0.23233532934131737 0.43666666666666665 0.23173652694610777 0.4375 0.2311377245508982 0.4375 0.22994011976047904 0.43833333333333335 0.22934131736526947 0.43833333333333335 0.22694610778443114 0.4375 0.22634730538922157 0.4375 0.2251497005988024 0.435 0.2221556886227545 0.435 0.22035928143712574
0 0.4925 0.11077844311377245 0.49166666666666664 0.11137724550898204 0.48833333333333334 0.11137724550898204 0.4875 0.11197604790419162 0.48583333333333334 0.11197604790419162 0.48333333333333334 0.11377245508982035 0.48333333333333334 0.11437125748502994 0.4825 0.11497005988023952 0.4825 0.11736526946107785 0.4816666666666667 0.11796407185628742 0.4816666666666667 0.12035928143712575 0.4825 0.12095808383233533 0.4825 0.12395209580838323 0.48333333333333334 0.12455089820359282 0.48333333333333334 0.12634730538922156 0.4841666666666667 0.12694610778443113 0.4841666666666667 0.13353293413173653 0.48333333333333334 0.1341317365269461 0.48333333333333334 0.13892215568862276 0.4841666666666667 0.13952095808383233 0.4841666666666667 0.14011976047904193 0.48833333333333334 0.14311377245508983 0.48833333333333334 0.1437125748502994 0.4891666666666667 0.144311377245509 0.4891666666666667 0.14550898203592813 0.49 0.14610778443113773 0.49 0.1467065868263473 0.4891666666666667 0.1473053892215569 0.4891666666666667 0.15089820359281436 0.48833333333333334 0.15149700598802396 0.48833333333333334 0.15508982035928143 0.4875 0.15568862275449102 0.4875 0.1598802395209581 0.4866666666666667 0.16047904191616766 0.4866666666666667 0.16347305389221556 0.48583333333333334 0.16407185628742516 0.48583333333333334 0.1688622754491018 0.485 0.1694610778443114 0.485 0.1754491017964072 0.4841666666666667 0.17604790419161676 0.4841666666666667 0.18083832335329342 0.48333333333333334 0.181437125748503 0.48333333333333334 0.18742514970059881 0.4825 0.18802395209580838 0.4825 0.19461077844311378 0.48333333333333334 0.19520958083832335 0.4841666666666667 0.19700598802395208 0.485 0.19700598802395208 0.48583333333333334 0.19760479041916168 0.48833333333333334 0.19760479041916168 0.4891666666666667 0.19820359281437125 0.5016666666666667 0.19820359281437125 0.5025 0.19760479041916168 0.5033333333333333 0.19760479041916168 0.5058333333333334 0.19580838323353295 0.5058333333333334 0.19461077844311378 0.5066666666666667 0.19401197604790418 0.5066666666666667 0.19281437125748502 0.5075 0.19221556886227545 0.5075 0.18862275449101795 0.5083333333333333 0.18802395209580838 0.5083333333333333 0.18562874251497005 0.5091666666666667 0.18502994011976048 0.5091666666666667 0.17964071856287425 0.51 0.17904191616766468 0.51 0.1754491017964072 0.5108333333333334 0.17485029940119762 0.5108333333333334 0.17125748502994012 0.5116666666666667 0.17065868263473055 0.5116666666666667 0.1664670658682635 0.5125 0.1658682634730539 0.5125 0.16167664670658682 0.5133333333333333 0.16107784431137726 0.5133333333333333 0.15808383233532936 0.5141666666666667 0.15748502994011976 0.5141666666666667 0.15269461077844312 0.515 0.15209580838323353 0.515 0.1502994011976048 0.5158333333333334 0.1497005988023952 0.5158333333333334 0.1473053892215569 0.5175 0.14550898203592813 0.5216666666666666 0.14550898203592813 0.5225 0.14610778443113773 0.5258333333333334 0.14610778443113773 0.5266666666666666 0.14550898203592813 0.5275 0.14550898203592813 0.5291666666666667 0.1437125748502994 0.5291666666666667 0.14191616766467066 0.5266666666666666 0.13952095808383233 0.5266666666666666 0.13532934131736526 0.5258333333333334 0.1347305389221557 0.5258333333333334 0.1341317365269461 0.5266666666666666 0.13353293413173653 0.5266666666666666 0.1317365269461078 0.5275 0.1311377245508982 0.5275 0.13053892215568863 0.5283333333333333 0.12994011976047903 0.5291666666666667 0.12994011976047903 0.5291666666666667 0.12934131736526946 0.5316666666666666 0.12634730538922156 0.5316666666666666 0.12455089820359282 0.5325 0.12395209580838323 0.5325 0.11736526946107785 0.53 0.11497005988023952 0.5291666666666667 0.11497005988023952 0.525 0.11317365269461079 0.5225 0.11317365269461079 0.5216666666666666 0.1125748502994012 0.5191666666666667 0.1125748502994012 0.5183333333333333 0.11197604790419162 0.5133333333333333 0.11197604790419162 0.5125 0.11137724550898204 0.5041666666666667 0.11137724550898204 0.5033333333333333 0.11077844311377245
0 0.275 0.6485029940119761 0.27416666666666667 0.6479041916167665 0.2725 0.6449101796407186 0.27 0.6431137724550898 0.26916666666666667 0.6431137724550898 0.26666666666666666 0.6419161676646706 0.2608333333333333 0.6419161676646706 0.26 0.6425149700598802 0.25666666666666665 0.6425149700598802 0.25583333333333336 0.6431137724550898 0.25333333333333335 0.6437125748502994 0.25166666666666665 0.6449101796407186 0.25 0.6449101796407186 0.24916666666666668 0.6455089820359281 0.24666666666666667 0.6455089820359281 0.24583333333333332 0.6449101796407186 0.24333333333333335 0.644311377245509 0.24166666666666667 0.6431137724550898 0.24083333333333334 0.6431137724550898 0.24 0.6425149700598802 0.2375 0.6425149700598802 0.23666666666666666 0.6419161676646706 0.235 0.6419161676646706 0.23416666666666666 0.6425149700598802 0.23166666666666666 0.6425149700598802 0.22916666666666666 0.644311377245509 0.22833333333333333 0.644311377245509 0.2275 0.6449101796407186 0.2275 0.6455089820359281 0.225 0.6485029940119761 0.225 0.6497005988023952 0.22416666666666665 0.6502994011976048 0.22333333333333333 0.6520958083832336 0.22166666666666668 0.6532934131736527 0.22083333333333333 0.6532934131736527 0.22 0.6538922155688622 0.21666666666666667 0.6538922155688622 0.21583333333333332 0.6544910179640718 0.21083333333333334 0.6544910179640718 0.21 0.6550898203592814 0.20416666666666666 0.6550898203592814 0.20333333333333334 0.655688622754491 0.1975 0.655688622754491 0.19666666666666666 0.6562874251497006 0.19 0.6562874251497006 0.18916666666666668 0.6568862275449102 0.185 0.6568862275449102 0.18416666666666667 0.6574850299401198 0.17916666666666667 0.6574850299401198 0.17833333333333334 0.6580838323353293 0.17416666666666666 0.6580838323353293 0.17333333333333334 0.6586826347305389 0.17083333333333334 0.6586826347305389 0.17 0.6592814371257485 0.1675 0.6598802395209581 0.165 0.6616766467065869 0.165 0.662874251497006 0.16416666666666666 0.6634730538922156 0.16416666666666666 0.6712574850299401 0.165 0.6718562874251497 0.165 0.6742514970059881 0.16916666666666666 0.677245508982036 0.1725 0.677245508982036 0.17333333333333334 0.6778443113772455 0.18 0.6778443113772455 0.18083333333333335 0.677245508982036 0.18833333333333332 0.677245508982036 0.18916666666666668 0.6766467065868264 0.19583333333333333 0.6766467065868264 0.19666666666666666 0.6760479041916168 0.20083333333333334 0.6760479041916168 0.20166666666666666 0.6754491017964072 0.20666666666666667 0.6754491017964072 0.2075 0.6748502994011976 0.22 0.6748502994011976 0.22083333333333333 0.6742514970059881 0.22416666666666665 0.6742514970059881 0.225 0.6748502994011976 0.2275 0.6748502994011976 0.23666666666666666 0.6808383233532934 0.23916666666666667 0.6808383233532934 0.24 0.681437125748503 0.24083333333333334 0.6808383233532934 0.24416666666666667 0.6808383233532934 0.245 0.6802395209580838 0.2475 0.6796407185628742 0.24833333333333332 0.6790419161676646 0.24833333333333332 0.6784431137724551 0.25083333333333335 0.6766467065868264 0.2525 0.6766467065868264 0.25333333333333335 0.6760479041916168 0.25583333333333336 0.6760479041916168 0.25666666666666665 0.6766467065868264 0.25916666666666666 0.6766467065868264 0.26 0.677245508982036 0.26916666666666667 0.677245508982036 0.27 0.6766467065868264 0.27166666666666667 0.6766467065868264 0.2733333333333333 0.6754491017964072 0.27416666666666667 0.6754491017964072 0.2775 0.6730538922155689 0.2775 0.6712574850299401 0.2783333333333333 0.6706586826347305 0.2783333333333333 0.662874251497006 0.2775 0.6622754491017964 0.2775 0.6580838323353293 0.27666666666666667 0.6574850299401198 0.27666666666666667 0.6538922155688622 0.2758333333333333 0.6532934131736527 0.2758333333333333 0.6508982035928144 0.275 0.6502994011976048
1 0.8 0.5664670658682635 0.7966666666666666 0.5568862275449101 0.7925 0.5520958083832336 0.7783333333333333 0.551497005988024 0.775 0.5520958083832336 0.7733333333333333 0.5550898203592814 0.7725 0.5616766467065868 0.7683333333333333 0.5652694610778443 0.7508333333333334 0.5652694610778443 0.7466666666666667 0.5664670658682635 0.7116666666666667 0.5676646706586826 0.7008333333333333 0.5688622754491018 0.6791666666666667 0.5688622754491018 0.6666666666666666 0.5700598802395209 0.6475 0.5700598802395209 0.6466666666666666 0.5706586826347305 0.6316666666666667 0.5706586826347305 0.6166666666666667 0.5718562874251497 0.5958333333333333 0.5718562874251497 0.5808333333333333 0.5730538922155689 0.5758333333333333 0.5724550898203593 0.5625 0.5736526946107784 0.5008333333333334 0.5754491017964072 0.49666666666666665 0.5760479041916168 0.4891666666666667 0.5796407185628742 0.49 0.5952095808383233 0.49333333333333335 0.5982035928143713 0.5008333333333334 0.6 0.525 0.6 0.5258333333333334 0.5994011976047904 0.5475 0.5994011976047904 0.5566666666666666 0.5976047904191617 0.5916666666666667 0.5976047904191617 0.5958333333333333 0.5964071856287425 0.65 0.5952095808383233 0.6575 0.5940119760479042 0.6708333333333333 0.5940119760479042 0.6716666666666666 0.5934131736526946 0.7008333333333333 0.5934131736526946 0.7133333333333334 0.5922155688622754 0.75 0.5922155688622754 0.7508333333333334 0.592814371257485 0.7683333333333333 0.5934131736526946 0.7725 0.5958083832335329 0.775 0.6023952095808384 0.7775 0.6035928143712574 0.7825 0.604191616766467 0.7941666666666667 0.6029940119760479 0.7991666666666667 0.5958083832335329
1 0.83 0.7161676646706587 0.8008333333333333 0.7155688622754491 0.8 0.7149700598802395 0.7816666666666666 0.7155688622754491 0.7766666666666666 0.7167664670658682 0.7741666666666667 0.7203592814371258 0.775 0.7287425149700599 0.7858333333333334 0.7305389221556886 0.7933333333333333 0.7341317365269461 0.7925 0.7485029940119761 0.7908333333333334 0.7526946107784431 0.7891666666666667 0.7832335329341318 0.7883333333333333 0.7838323353293413 0.7866666666666666 0.8107784431137725 0.7833333333333333 0.8365269461077844 0.7825 0.8544910179640719 0.7816666666666666 0.8550898203592814 0.7808333333333334 0.8676646706586826 0.7783333333333333 0.8766467065868263 0.7758333333333334 0.9233532934131736 0.7791666666666667 0.9347305389221557 0.7841666666666667 0.9341317365269461 0.7925 0.9353293413173652 0.8041666666666667 0.9341317365269461 0.8066666666666666 0.932934131736527 0.8091666666666667 0.9269461077844311 0.8125 0.9029940119760479 0.8125 0.8946107784431138 0.8141666666666667 0.8874251497005988 0.8141666666666667 0.8766467065868263 0.8183333333333334 0.8473053892215568 0.8183333333333334 0.8383233532934131 0.8216666666666667 0.8173652694610778 0.8225 0.7970059880239521 0.8258333333333333 0.7730538922155689 0.8266666666666667 0.7568862275449102 0.8291666666666667 0.7449101796407186 0.8291666666666667 0.7371257485029941 0.8341666666666666 0.7347305389221557 0.8458333333333333 0.7335329341317365 0.8483333333333334 0.7311377245508982 0.8491666666666666 0.7281437125748503 0.8491666666666666 0.7215568862275449 0.8475 0.7197604790419162 0.8425 0.7179640718562874
2 0.9125 0.2467065868263473 0.9108333333333334 0.2473053892215569 0.9075 0.2473053892215569 0.9016666666666666 0.2502994011976048 0.8983333333333333 0.25149700598802394 0.8966666666666666 0.25149700598802394 0.8925 0.25389221556886227 0.8875 0.25449101796407186 0.8841666666666667 0.255688622754491 0.8825 0.2568862275449102 0.8733333333333333 0.25988023952095807 0.8708333333333333 0.2616766467065868 0.865 0.2634730538922156 0.86 0.26646706586826346 0.8566666666666667 0.26706586826347306 0.8508333333333333 0.27065868263473053 0.8466666666666667 0.2718562874251497 0.8441666666666666 0.27365269461077846 0.84 0.2748502994011976 0.8341666666666666 0.27904191616766466 0.8341666666666666 0.2808383233532934 0.8333333333333334 0.281437125748503 0.8333333333333334 0.2880239520958084 0.8341666666666666 0.288622754491018 0.8341666666666666 0.2904191616766467 0.8366666666666667 0.29281437125748505 0.8366666666666667 0.2946107784431138 0.8383333333333334 0.2958083832335329 0.8391666666666666 0.2958083832335329 0.8416666666666667 0.29820359281437125 0.845 0.2994011976047904 0.8508333333333333 0.2994011976047904 0.8541666666666666 0.29820359281437125 0.8566666666666667 0.29820359281437125 0.8583333333333333 0.2970059880239521 0.86 0.2970059880239521 0.8608333333333333 0.2964071856287425 0.8658333333333333 0.2994011976047904 0.8666666666666667 0.3017964071856287 0.8708333333333333 0.3077844311377245 0.8725 0.3089820359281437 0.8733333333333333 0.31077844311377245 0.8775 0.3149700598802395 0.8816666666666667 0.3215568862275449 0.8858333333333334 0.325748502994012 0.8883333333333333 0.32994011976047904 0.89 0.3311377245508982 0.8958333333333334 0.3395209580838323 0.8975 0.3407185628742515 0.9 0.3461077844311377 0.9083333333333333 0.3520958083832335 0.9116666666666666 0.3520958083832335 0.9166666666666666 0.3502994011976048 0.9183333333333333 0.3502994011976048 0.935 0.344311377245509 0.9375 0.34251497005988024 0.9383333333333334 0.34251497005988024 0.9441666666666667 0.3377245508982036 0.945 0.3377245508982036 0.9466666666666667 0.33652694610778444 0.9475 0.3347305389221557 0.9491666666666667 0.3335329341317365 0.9491666666666667 0.33053892215568864 0.95 0.32994011976047904 0.9491666666666667 0.32934131736526945 0.9483333333333334 0.325748502994012 0.9466666666666667 0.32395209580838324 0.9466666666666667 0.32275449101796405 0.9433333333333334 0.3191616766467066 0.9425 0.3161676646706587 0.9391666666666667 0.3119760479041916 0.9391666666666667 0.31077844311377245 0.9366666666666666 0.3089820359281437 0.9358333333333333 0.3065868263473054 0.935 0.3059880239520958 0.935 0.30479041916167665 0.9333333333333333 0.30359281437125746 0.9316666666666666 0.3011976047904192 0.9316666666666666 0.3 0.9283333333333333 0.2964071856287425 0.9275 0.2940119760479042 0.9258333333333333 0.29281437125748505 0.9233333333333333 0.288622754491018 0.9216666666666666 0.2874251497005988 0.92 0.28502994011976046 0.92 0.2832335329341317 0.9166666666666666 0.27904191616766466 0.9158333333333334 0.274251497005988 0.9225 0.27005988023952093 0.9233333333333333 0.27005988023952093 0.9233333333333333 0.2694610778443114 0.9258333333333333 0.26766467065868266 0.9275 0.262874251497006 0.9266666666666666 0.2622754491017964 0.9266666666666666 0.25988023952095807 0.9208333333333333 0.25149700598802394 0.9158333333333334 0.2473053892215569 0.9133333333333333 0.2473053892215569
2 0.78 0.6449101796407186 0.7766666666666666 0.644311377245509 0.775 0.6431137724550898 0.7733333333333333 0.6431137724550898 0.7725 0.6425149700598802 0.7658333333333334 0.6425149700598802 0.7616666666666667 0.644311377245509 0.76 0.644311377245509 0.7566666666666667 0.6455089820359281 0.7466666666666667 0.6520958083832336 0.7433333333333333 0.6532934131736527 0.74 0.6562874251497006 0.7391666666666666 0.6562874251497006 0.7325 0.6610778443113773 0.7316666666666667 0.6610778443113773 0.7208333333333333 0.6688622754491018 0.72 0.6688622754491018 0.715 0.6724550898203593 0.7141666666666666 0.6724550898203593 0.7091666666666666 0.6766467065868264 0.7066666666666667 0.677245508982036 0.705 0.6784431137724551 0.7016666666666667 0.6784431137724551 0.6991666666666667 0.677245508982036 0.6975 0.677245508982036 0.6966666666666667 0.6766467065868264 0.6933333333333334 0.6766467065868264 0.6925 0.6760479041916168 0.6833333333333333 0.6760479041916168 0.6825 0.6766467065868264 0.6783333333333333 0.677245508982036 0.675 0.6796407185628742 0.6708333333333333 0.681437125748503 0.6675 0.6844311377245509 0.6658333333333334 0.6868263473053893 0.6658333333333334 0.6880239520958084 0.6641666666666667 0.6898203592814371 0.6641666666666667 0.6922155688622754 0.6633333333333333 0.692814371257485 0.6633333333333333 0.6970059880239521 0.6641666666666667 0.6976047904191617 0.6641666666666667 0.6988023952095809 0.665 0.6994011976047905 0.6658333333333334 0.7017964071856287 0.6683333333333333 0.7035928143712575 0.6683333333333333 0.7047904191616766 0.6716666666666666 0.707185628742515 0.6725 0.7089820359281437 0.68 0.7149700598802395 0.68 0.7161676646706587 0.6841666666666667 0.7191616766467066 0.6841666666666667 0.7197604790419162 0.6858333333333333 0.7209580838323353 0.6866666666666666 0.7209580838323353 0.6891666666666667 0.7227544910179641 0.6891666666666667 0.7233532934131737 0.69 0.7233532934131737 0.6908333333333333 0.7245508982035929 0.6916666666666667 0.7245508982035929 0.6958333333333333 0.7275449101796407 0.6958333333333333 0.7281437125748503 0.6975 0.7293413173652694 0.6983333333333334 0.7293413173652694 0.7041666666666667 0.732934131736527 0.7058333333333333 0.732934131736527 0.7083333333333334 0.7341317365269461 0.71 0.7341317365269461 0.7125 0.7359281437125749 0.7141666666666666 0.7359281437125749 0.715 0.7365269461077845 0.7208333333333333 0.7365269461077845 0.7216666666666667 0.7371257485029941 0.725 0.7371257485029941 0.7258333333333333 0.7365269461077845 0.7325 0.7365269461077845 0.7333333333333333 0.7359281437125749 0.735 0.7359281437125749 0.7391666666666666 0.732934131736527 0.74 0.732934131736527 0.7441666666666666 0.7293413173652694 0.745 0.7275449101796407 0.7466666666666667 0.7263473053892215 0.7483333333333333 0.7239520958083833 0.7483333333333333 0.7215568862275449 0.7491666666666666 0.7209580838323353 0.7491666666666666 0.7167664670658682 0.7483333333333333 0.7161676646706587 0.7483333333333333 0.7131736526946107 0.7475 0.7125748502994012 0.7475 0.707185628742515 0.7483333333333333 0.7065868263473054 0.7483333333333333 0.7053892215568862 0.7508333333333334 0.7035928143712575 0.7516666666666667 0.7035928143712575 0.7516666666666667 0.7029940119760479 0.7583333333333333 0.6982035928143713 0.7583333333333333 0.6976047904191617 0.76 0.6970059880239521 0.7608333333333334 0.6958083832335329 0.7616666666666667 0.6958083832335329 0.7758333333333334 0.6856287425149701 0.7766666666666666 0.6856287425149701 0.7825 0.681437125748503 0.7833333333333333 0.681437125748503 0.795 0.6730538922155689 0.795 0.6724550898203593 0.7983333333333333 0.6694610778443114 0.7991666666666667 0.665868263473054 0.8 0.6652694610778443 0.7991666666666667 0.6646706586826348 0.7991666666666667 0.6616766467065869 0.795 0.6586826347305389 0.795 0.6580838323353293 0.7916666666666666 0.6562874251497006 0.7866666666666666 0.6491017964071857
2 0.5483333333333333 0.6011976047904192 0.5466666666666666 0.6023952095808384 0.5458333333333333 0.6023952095808384 0.5391666666666667 0.6077844311377245 0.535 0.6137724550898204 0.5325 0.615568862275449 0.5325 0.6167664670658682 0.53 0.6197604790419161 0.53 0.6215568862275449 0.5291666666666667 0.6221556886227545 0.5325 0.6275449101796408 0.5425 0.6341317365269461 0.5458333333333333 0.6353293413173653 0.5508333333333333 0.6383233532934132 0.5533333333333333 0.6389221556886228 0.5691666666666667 0.6502994011976048 0.57 0.6502994011976048 0.5733333333333334 0.6526946107784432 0.5741666666666667 0.6526946107784432 0.5825 0.6574850299401198 0.5891666666666666 0.6598802395209581 0.5908333333333333 0.6598802395209581 0.5933333333333334 0.6616766467065869 0.5933333333333334 0.6688622754491018 0.5925 0.6694610778443114 0.5925 0.6712574850299401 0.5908333333333333 0.6736526946107785 0.5916666666666667 0.6742514970059881 0.5916666666666667 0.6766467065868264 0.595 0.6808383233532934 0.6025 0.6862275449101797 0.605 0.6868263473053893 0.61 0.6898203592814371 0.6133333333333333 0.6898203592814371 0.6141666666666666 0.6904191616766467 0.6158333333333333 0.6904191616766467 0.6166666666666667 0.6898203592814371 0.6216666666666667 0.6898203592814371 0.6275 0.6868263473053893 0.6316666666666667 0.6856287425149701 0.6375 0.681437125748503 0.6391666666666667 0.6808383233532934 0.6391666666666667 0.6802395209580838 0.6433333333333333 0.677245508982036 0.6433333333333333 0.6766467065868264 0.6483333333333333 0.6730538922155689 0.6483333333333333 0.6724550898203593 0.6508333333333334 0.6706586826347305 0.6525 0.6682634730538922 0.6558333333333334 0.665868263473054 0.6558333333333334 0.6652694610778443 0.6625 0.6592814371257485 0.6641666666666667 0.6562874251497006 0.6658333333333334 0.6550898203592814 0.6691666666666667 0.6502994011976048 0.6691666666666667 0.6491017964071857 0.6708333333333333 0.6467065868263473 0.67 0.6419161676646706 0.6666666666666666 0.6395209580838324 0.6658333333333334 0.6377245508982036 0.665 0.6377245508982036 0.6608333333333334 0.6341317365269461 0.66 0.6341317365269461 0.6558333333333334 0.6311377245508982 0.65 0.6287425149700598 0.6416666666666667 0.6287425149700598 0.6408333333333334 0.6293413173652694 0.6391666666666667 0.6293413173652694 0.6358333333333334 0.6305389221556886 0.6341666666666667 0.6317365269461078 0.6341666666666667 0.6323353293413174 0.6308333333333334 0.6341317365269461 0.6258333333333334 0.6341317365269461 0.6225 0.6317365269461078 0.6225 0.6311377245508982 0.6191666666666666 0.629940119760479 0.615 0.6269461077844312 0.615 0.6263473053892216 0.6125 0.625748502994012 0.6083333333333333 0.6227544910179641 0.6041666666666666 0.6209580838323353 0.5983333333333334 0.6167664670658682 0.5975 0.6167664670658682 0.5908333333333333 0.6125748502994012 0.5875 0.611377245508982 0.5833333333333334 0.6077844311377245 0.58 0.6071856287425149 0.5758333333333333 0.604191616766467 0.5658333333333333 0.6005988023952096 0.5641666666666667 0.5994011976047904 0.5541666666666667 0.5994011976047904 0.5533333333333333 0.6 0.5516666666666666 0.6
3 0.315 0.19700598802395208 0.3125 0.19700598802395208 0.31166666666666665 0.19640718562874251 0.3025 0.19700598802395208 0.3 0.19880239520958085 0.2975 0.19940119760479041 0.2891666666666667 0.20538922155688621 0.285 0.21017964071856288 0.2825 0.2119760479041916 0.2808333333333333 0.2149700598802395 0.275 0.21976047904191617 0.2733333333333333 0.22275449101796407 0.27166666666666667 0.22395209580838324 0.2683333333333333 0.22874251497005987 0.26166666666666666 0.23592814371257484 0.25666666666666665 0.2401197604790419 0.24916666666666668 0.24910179640718563 0.24416666666666667 0.25269461077844313 0.2375 0.26047904191616766 0.23333333333333334 0.2634730538922156 0.2325 0.2652694610778443 0.23 0.26706586826347306 0.22833333333333333 0.26766467065868266 0.21916666666666668 0.2682634730538922 0.21666666666666667 0.2694610778443114 0.2075 0.27005988023952093 0.20416666666666666 0.2712574850299401 0.20416666666666666 0.2718562874251497 0.20083333333333334 0.274251497005988 0.2 0.27664670658682633 0.1975 0.27964071856287426 0.19833333333333333 0.28023952095808385 0.19833333333333333 0.28263473053892213 0.20083333333333334 0.28622754491017965 0.20416666666666666 0.2892215568862275 0.205 0.29101796407185626 0.20666666666666667 0.29161676646706586 0.20666666666666667 0.29221556886227545 0.215 0.29820359281437125 0.21583333333333332 0.2994011976047904 0.21666666666666667 0.2994011976047904 0.22083333333333333 0.3023952095808383 0.22583333333333333 0.30419161676646705 0.2325 0.3083832335329341 0.23833333333333334 0.31017964071856285 0.245 0.31017964071856285 0.24583333333333332 0.3095808383233533 0.25583333333333336 0.3095808383233533 0.25666666666666665 0.3089820359281437 0.25916666666666666 0.3089820359281437 0.2633333333333333 0.3059880239520958 0.2633333333333333 0.30479041916167665 0.26666666666666666 0.3011976047904192 0.26666666666666666 0.29760479041916166 0.2625 0.29161676646706586 0.25833333333333336 0.2874251497005988 0.25833333333333336 0.2832335329341317 0.26166666666666666 0.2808383233532934 0.2625 0.2808383233532934 0.26666666666666666 0.2772455089820359 0.2725 0.27005988023952093 0.27666666666666667 0.26706586826347306 0.28 0.262874251497006 0.2866666666666667 0.2568862275449102 0.2875 0.25508982035928146 0.29083333333333333 0.25269461077844313 0.2941666666666667 0.24910179640718563 0.29583333333333334 0.24610778443113773 0.2991666666666667 0.2437125748502994 0.3 0.24131736526946107 0.3025 0.23952095808383234 0.30666666666666664 0.23353293413173654 0.31 0.2311377245508982 0.3125 0.2275449101796407 0.31666666666666665 0.22395209580838324 0.3233333333333333 0.21616766467065868 0.3233333333333333 0.21437125748502994 0.3258333333333333 0.21077844311377245 0.3258333333333333 0.20479041916167665 0.3225 0.20479041916167665 0.32083333333333336 0.20359281437125748 0.31916666666666665 0.2
3 0.30333333333333334 0.37604790419161677 0.30083333333333334 0.37305389221556884 0.2966666666666667 0.3718562874251497 0.2916666666666667 0.3718562874251497 0.29083333333333333 0.3712574850299401 0.2866666666666667 0.3724550898203593 0.2775 0.3724550898203593 0.27666666666666667 0.37305389221556884 0.2725 0.37305389221556884 0.27166666666666667 0.37365269461077844 0.2658333333333333 0.37365269461077844 0.265 0.37425149700598803 0.26 0.37425149700598803 0.25916666666666666 0.37485029940119763 0.255 0.37485029940119763 0.25416666666666665 0.37544910179640717 0.24916666666666668 0.37544910179640717 0.24833333333333332 0.37604790419161677 0.2425 0.37604790419161677 0.24166666666666667 0.37664670658682636 0.23083333333333333 0.3772455089820359 0.22666666666666666 0.3784431137724551 0.2225 0.3784431137724551 0.22166666666666668 0.3790419161676647 0.2175 0.3790419161676647 0.21666666666666667 0.37964071856287424 0.21083333333333334 0.37964071856287424 0.21 0.38023952095808383 0.20583333333333334 0.38023952095808383 0.205 0.38083832335329343 0.19833333333333333 0.38083832335329343 0.19416666666666665 0.38203592814371257 0.185 0.38263473053892216 0.18416666666666667 0.38323353293413176 0.18083333333333335 0.38323353293413176 0.18 0.3838323353293413 0.17666666666666667 0.3838323353293413 0.17583333333333334 0.3844311377245509 0.16583333333333333 0.3844311377245509 0.16416666666666666 0.38323353293413176 0.16166666666666665 0.37964071856287424 0.16083333333333333 0.37664670658682636 0.1575 0.37305389221556884 0.15583333333333332 0.37305389221556884 0.155 0.3724550898203593 0.15 0.3724550898203593 0.14583333333333334 0.37365269461077844 0.1425 0.37365269461077844 0.13916666666666666 0.37604790419161677 0.13916666666666666 0.3772455089820359 0.13833333333333334 0.3778443113772455 0.13833333333333334 0.38922155688622756 0.13916666666666666 0.3898203592814371 0.14 0.39580838323353296 0.14166666666666666 0.39880239520958083 0.1425 0.4035928143712575 0.14416666666666667 0.4053892215568862 0.14416666666666667 0.40658682634730536 0.14583333333333334 0.4089820359281437 0.14583333333333334 0.41077844311377243 0.14666666666666667 0.411377245508982 0.14666666666666667 0.41317365269461076 0.1475 0.41377245508982036 0.1475 0.4155688622754491 0.14833333333333334 0.4161676646706587 0.14916666666666667 0.42095808383233535 0.15416666666666667 0.4251497005988024 0.15583333333333332 0.42574850299401196 0.1625 0.42574850299401196 0.16333333333333333 0.4251497005988024 0.16916666666666666 0.4245508982035928 0.17083333333333334 0.4233532934131736 0.17083333333333334 0.41317365269461076 0.17166666666666666 0.4125748502994012 0.17166666666666666 0.411377245508982 0.175 0.4095808383233533 0.18333333333333332 0.4089820359281437 0.18416666666666667 0.40838323353293415 0.1875 0.40838323353293415 0.18833333333333332 0.40778443113772456 0.195 0.40778443113772456 0.19583333333333333 0.40718562874251496 0.2 0.40718562874251496 0.20083333333333334 0.40658682634730536 0.2075 0.4059880239520958 0.20833333333333334 0.4053892215568862 0.21166666666666667 0.4053892215568862 0.2125 0.40479041916167663 0.21666666666666667 0.40479041916167663 0.2175 0.4041916167664671 0.22666666666666666 0.4035928143712575 0.2275 0.4029940119760479 0.2325 0.4029940119760479 0.23333333333333334 0.4023952095808383 0.2375 0.4023952095808383 0.23833333333333334 0.40179640718562876 0.24333333333333335 0.40179640718562876 0.24416666666666667 0.40119760479041916 0.25083333333333335 0.40119760479041916 0.25166666666666665 0.40179640718562876 0.2525 0.40119760479041916 0.265 0.40059880239520956 0.2658333333333333 0.4 0.27 0.4 0.27416666666666667 0.39880239520958083 0.2783333333333333 0.39880239520958083 0.2841666666666667 0.3970059880239521 0.2875 0.3970059880239521 0.28833333333333333 0.3964071856287425 0.2916666666666667 0.3964071856287425 0.2925 0.39580838323353296 0.29583333333333334 0.39580838323353296 0.2966666666666667 0.39520958083832336 0.30083333333333334 0.39461077844311376 0.30583333333333335 0.39281437125748503 0.3075 0.3916167664670659 0.3075 0.3904191616766467 0.30833333333333335 0.3898203592814371 0.30833333333333335 0.3874251497005988 0.3075 0.38682634730538923 0.30666666666666664 0.38263473053892216 0.305 0.38083832335329343
3 0.3975 0.31796407185628744 0.3875 0.3209580838323353 0.38416666666666666 0.32335329341317365 0.3825 0.3251497005988024 0.3825 0.3281437125748503 0.38166666666666665 0.3287425149700599 0.38166666666666665 0.3341317365269461 0.3825 0.3347305389221557 0.3825 0.33712574850299404 0.38333333333333336 0.3377245508982036 0.38416666666666666 0.34191616766467064 0.3858333333333333 0.344311377245509 0.3858333333333333 0.3461077844311377 0.38666666666666666 0.3467065868263473 0.3883333333333333 0.3532934131736527 0.38916666666666666 0.3538922155688623 0.38916666666666666 0.35508982035928144 0.3925 0.36107784431137724 0.3925 0.362874251497006 0.395 0.36706586826347304 0.395 0.36946107784431137 0.3975 0.37365269461077844 0.3975 0.37604790419161677 0.39916666666666667 0.3784431137724551 0.39916666666666667 0.38083832335329343 0.4008333333333333 0.38323353293413176 0.4008333333333333 0.3850299401197605 0.40166666666666667 0.38562874251497004 0.40166666666666667 0.3874251497005988 0.4033333333333333 0.3904191616766467 0.4033333333333333 0.39281437125748503 0.405 0.39520958083832336 0.405 0.3970059880239521 0.4058333333333333 0.3976047904191617 0.4075 0.4041916167664671 0.4091666666666667 0.40658682634730536 0.41 0.4101796407185629 0.4116666666666667 0.4119760479041916 0.41083333333333333 0.4125748502994012 0.41083333333333333 0.4149700598802395 0.41 0.4161676646706587 0.4083333333333333 0.4167664670658683 0.4 0.4233532934131736 0.39916666666666667 0.42694610778443115 0.3983333333333333 0.4275449101796407 0.39916666666666667 0.4281437125748503 0.39916666666666667 0.4311377245508982 0.4041666666666667 0.43832335329341315 0.4075 0.43952095808383235 0.4166666666666667 0.44011976047904194 0.4175 0.4407185628742515 0.42833333333333334 0.4407185628742515 0.42916666666666664 0.44011976047904194 0.43833333333333335 0.43952095808383235 0.44333333333333336 0.4377245508982036 0.445 0.4377245508982036 0.44583333333333336 0.437125748502994 0.45166666666666666 0.4359281437125748 0.45666666666666667 0.43293413173652695 0.46166666666666667 0.4311377245508982 0.4625 0.429940119760479 0.46416666666666667 0.4293413173652695 0.47 0.4251497005988024 0.4716666666666667 0.4233532934131736 0.4716666666666667 0.418562874251497 0.4708333333333333 0.4179640718562874 0.4708333333333333 0.4155688622754491 0.47 0.4149700598802395 0.47 0.41377245508982036 0.4666666666666667 0.41077844311377243 0.45916666666666667 0.40838323353293415 0.45666666666666667 0.40838323353293415 0.4558333333333333 0.40778443113772456 0.4508333333333333 0.40718562874251496 0.44666666666666666 0.40479041916167663 0.445 0.40179640718562876 0.445 0.4 0.44333333333333336 0.3976047904191617 0.4425 0.3934131736526946 0.44166666666666665 0.39281437125748503 0.44166666666666665 0.3916167664670659 0.43916666666666665 0.3874251497005988 0.43916666666666665 0.38562874251497004 0.43666666666666665 0.38143712574850297 0.43583333333333335 0.37664670658682636 0.43333333333333335 0.37305389221556884 0.43166666666666664 0.3664670658682635 0.43083333333333335 0.3658682634730539 0.43 0.36227544910179643 0.42916666666666664 0.36167664670658684 0.42916666666666664 0.3598802395209581 0.4275 0.35748502994011977 0.4275 0.35508982035928144 0.4241666666666667 0.34910179640718564 0.42333333333333334 0.3449101796407186 0.4216666666666667 0.34311377245508984 0.4216666666666667 0.34191616766467064 0.42 0.3395209580838323 0.42 0.3377245508982036 0.4166666666666667 0.3317365269461078 0.4166666666666667 0.32994011976047904 0.41583333333333333 0.32934131736526945 0.415 0.3263473053892216 0.4125 0.32335329341317365 0.4125 0.3221556886227545 0.4075 0.318562874251497 0.4058333333333333 0.31796407185628744
3 0.4483333333333333 0.29820359281437125 0.44333333333333336 0.30359281437125746 0.44333333333333336 0.30479041916167665 0.4425 0.30538922155688625 0.4425 0.3077844311377245 0.44333333333333336 0.3083832335329341 0.44333333333333336 0.31017964071856285 0.44583333333333336 0.3125748502994012 0.44666666666666666 0.3143712574850299 0.4533333333333333 0.3191616766467066 0.45416666666666666 0.3191616766467066 0.4583333333333333 0.3221556886227545 0.46166666666666667 0.32335329341317365 0.4658333333333333 0.3263473053892216 0.4691666666666667 0.3275449101796407 0.4716666666666667 0.32934131736526945 0.4825 0.3341317365269461 0.49416666666666664 0.3407185628742515 0.49916666666666665 0.34311377245508984 0.5016666666666667 0.3437125748502994 0.505 0.3461077844311377 0.5083333333333333 0.3473053892215569 0.5116666666666667 0.34970059880239523 0.515 0.3508982035928144 0.5183333333333333 0.3532934131736527 0.525 0.3562874251497006 0.5325 0.36107784431137724 0.5408333333333334 0.36407185628742517 0.545 0.3664670658682635 0.5466666666666666 0.36826347305389223 0.5466666666666666 0.37065868263473056 0.5458333333333333 0.3712574850299401 0.545 0.37485029940119763 0.5433333333333333 0.37664670658682636 0.5433333333333333 0.38203592814371257 0.5466666666666666 0.38562874251497004 0.5533333333333333 0.38802395209580837 0.5541666666666667 0.3874251497005988 0.5575 0.3874251497005988 0.5583333333333333 0.38682634730538923 0.56 0.38682634730538923 0.5666666666666667 0.3844311377245509 0.57 0.38143712574850297 0.5725 0.38083832335329343 0.5733333333333334 0.37964071856287424 0.5758333333333333 0.3784431137724551 0.5758333333333333 0.3778443113772455 0.585 0.37065868263473056 0.59 0.3652694610778443 0.5933333333333334 0.36047904191616764 0.5933333333333334 0.3592814371257485 0.5958333333333333 0.35568862275449104 0.5966666666666667 0.35149700598802397 0.5983333333333334 0.34910179640718564 0.5983333333333334 0.34550898203592817 0.5916666666666667 0.3407185628742515 0.5883333333333334 0.3395209580838323 0.5816666666666667 0.3395209580838323 0.5808333333333333 0.3401197604790419 0.5783333333333334 0.3401197604790419 0.5725 0.34191616766467064 0.5691666666666667 0.344311377245509 0.5633333333333334 0.344311377245509 0.5525 0.3377245508982036 0.5475 0.33592814371257484 0.5375 0.32994011976047904 0.535 0.32934131736526945 0.5325 0.3275449101796407 0.53 0.3269461077844311 0.5258333333333334 0.32395209580838324 0.5183333333333333 0.3203592814371258 0.515 0.31796407185628744 0.51 0.3161676646706587 0.5075 0.3143712574850299 0.5041666666666667 0.3131736526946108 0.49916666666666665 0.3095808383233533 0.4875 0.30419161676646705 0.485 0.3023952095808383 0.4841666666666667 0.3023952095808383 0.4816666666666667 0.3005988023952096 0.48083333333333333 0.3005988023952096 0.47833333333333333 0.29880239520958085 0.4708333333333333 0.2952095808383233 0.465 0.2940119760479042 0.46416666666666667 0.2934131736526946 0.45666666666666667 0.2934131736526946 0.4558333333333333 0.2940119760479042 0.45416666666666666 0.2940119760479042
3 0.5291666666666667 0.4041916167664671 0.5291666666666667 0.4167664670658683 0.53 0.4173652694610778 0.53 0.4221556886227545 0.5308333333333334 0.4227544910179641 0.5308333333333334 0.42694610778443115 0.5316666666666666 0.4275449101796407 0.5325 0.43293413173652695 0.5375 0.43892215568862275 0.5408333333333334 0.4413173652694611 0.5441666666666667 0.4425149700598802 0.5483333333333333 0.4425149700598802 0.5491666666666667 0.4419161676646707 0.5566666666666666 0.4413173652694611 0.56 0.43832335329341315 0.5608333333333333 0.43233532934131735 0.5616666666666666 0.43173652694610776 0.5625 0.4293413173652695 0.5641666666666667 0.4281437125748503 0.5658333333333333 0.4281437125748503 0.5666666666666667 0.4275449101796407 0.57 0.4275449101796407 0.5708333333333333 0.42694610778443115 0.5733333333333334 0.42694610778443115 0.5741666666666667 0.42634730538922155 0.5808333333333333 0.42634730538922155 0.5816666666666667 0.42574850299401196 0.5858333333333333 0.42574850299401196 0.5866666666666667 0.4251497005988024 0.5925 0.4251497005988024 0.5933333333333334 0.4245508982035928 0.6083333333333333 0.4245508982035928 0.6091666666666666 0.4239520958083832 0.64 0.4239520958083832 0.6408333333333334 0.4233532934131736 0.6508333333333334 0.4233532934131736 0.6516666666666666 0.4227544910179641 0.655 0.4227544910179641 0.6558333333333334 0.4221556886227545 0.6658333333333334 0.4215568862275449 0.6666666666666666 0.42095808383233535 0.6716666666666666 0.42095808383233535 0.6725 0.42035928143712575 0.6875 0.41976047904191616 0.695 0.4173652694610778 0.6975 0.4149700598802395 0.6975 0.4101796407185629 0.6958333333333333 0.40778443113772456 0.6958333333333333 0.40479041916167663 0.695 0.4041916167664671 0.6966666666666667 0.40179640718562876 0.6966666666666667 0.3994011976047904 0.6941666666666667 0.3976047904191617 0.6908333333333333 0.3964071856287425 0.6883333333333334 0.3964071856287425 0.6875 0.39580838323353296 0.66 0.3964071856287425 0.6591666666666667 0.3970059880239521 0.6383333333333333 0.3976047904191617 0.6375 0.39820359281437123 0.63 0.39820359281437123 0.6291666666666667 0.39880239520958083 0.6033333333333334 0.3994011976047904 0.6025 0.4 0.58 0.4 0.5791666666666667 0.40059880239520956 0.5725 0.40059880239520956 0.5716666666666667 0.40119760479041916 0.5675 0.40119760479041916 0.5666666666666667 0.40179640718562876 0.56 0.40179640718562876 0.5583333333333333 0.3994011976047904 0.5583333333333333 0.3976047904191617 0.5575 0.3970059880239521 0.5566666666666666 0.3934131736526946 0.5516666666666666 0.38922155688622756 0.5483333333333333 0.38922155688622756 0.5475 0.38862275449101796 0.5391666666666667 0.38862275449101796 0.5383333333333333 0.38922155688622756 0.5366666666666666 0.38922155688622756 0.5333333333333333 0.39221556886227543 0.5333333333333333 0.3934131736526946 0.5316666666666666 0.39520958083832336 0.5316666666666666 0.3976047904191617 0.5308333333333334 0.39820359281437123 0.53 0.4035928143712575
3 0.3416666666666667 0.5059880239520959 0.33916666666666667 0.5071856287425149 0.3375 0.5071856287425149 0.3325 0.5089820359281437 0.3275 0.5125748502994012 0.32666666666666666 0.5137724550898204 0.32666666666666666 0.5179640718562875 0.3275 0.518562874251497 0.3275 0.5209580838323353 0.3283333333333333 0.5215568862275449 0.32916666666666666 0.5245508982035928 0.33166666666666667 0.5269461077844312 0.3325 0.5293413173652695 0.345 0.5467065868263473 0.345 0.5479041916167665 0.3466666666666667 0.5491017964071856 0.35333333333333333 0.5592814371257485 0.355 0.5604790419161677 0.35583333333333333 0.562874251497006 0.3641666666666667 0.5748502994011976 0.36583333333333334 0.5760479041916168 0.37333333333333335 0.5874251497005988 0.375 0.588622754491018 0.375 0.5898203592814372 0.3775 0.5934131736526946 0.37916666666666665 0.5946107784431137 0.38 0.5976047904191617 0.38166666666666665 0.5994011976047904 0.37666666666666665 0.6035928143712574 0.37666666666666665 0.604191616766467 0.37166666666666665 0.6077844311377245 0.37166666666666665 0.6089820359281437 0.37 0.6107784431137725 0.37166666666666665 0.6149700598802396 0.37666666666666665 0.6197604790419161 0.37916666666666665 0.6197604790419161 0.38 0.6203592814371257 0.3933333333333333 0.6203592814371257 0.39416666666666667 0.6197604790419161 0.39916666666666667 0.6197604790419161 0.4 0.6191616766467066 0.40166666666666667 0.6191616766467066 0.4058333333333333 0.6173652694610778 0.4075 0.615568862275449 0.4116666666666667 0.615568862275449 0.41333333333333333 0.61437125748503 0.4266666666666667 0.6095808383233533 0.43666666666666665 0.6029940119760479 0.44 0.5994011976047904 0.44 0.5970059880239521 0.44083333333333335 0.5964071856287425 0.43916666666666665 0.5916167664670658 0.435 0.5874251497005988 0.41583333333333333 0.5874251497005988 0.41083333333333333 0.5844311377245509 0.41083333333333333 0.5832335329341317 0.4091666666666667 0.581437125748503 0.4091666666666667 0.5802395209580838 0.4075 0.5778443113772455 0.4058333333333333 0.5766467065868264 0.3958333333333333 0.5616766467065868 0.39416666666666667 0.5604790419161677 0.38416666666666666 0.5461077844311377 0.3825 0.5449101796407185 0.37666666666666665 0.5365269461077844 0.37666666666666665 0.5353293413173653 0.37333333333333335 0.5323353293413173 0.36916666666666664 0.5263473053892216 0.36916666666666664 0.5251497005988024 0.3675 0.5239520958083832 0.365 0.5203592814371257 0.365 0.5191616766467065 0.3616666666666667 0.5155688622754491 0.36083333333333334 0.5137724550898204 0.3575 0.5101796407185629 0.35333333333333333 0.5071856287425149 0.3475 0.5053892215568863 0.3441666666666667 0.5053892215568863 0.3433333333333333 0.5059880239520959
3 0.4166666666666667 0.6167664670658682 0.4125 0.6167664670658682 0.4116666666666667 0.6173652694610778 0.4075 0.6173652694610778 0.4058333333333333 0.6179640718562874 0.4033333333333333 0.6197604790419161 0.40166666666666667 0.6227544910179641 0.40166666666666667 0.6269461077844312 0.4025 0.6281437125748504 0.405 0.629940119760479 0.405 0.6305389221556886 0.4083333333333333 0.6317365269461078 0.41 0.6317365269461078 0.41333333333333333 0.6335329341317365 0.41583333333333333 0.637125748502994 0.41583333333333333 0.6395209580838324 0.415 0.640119760479042 0.415 0.6419161676646706 0.4141666666666667 0.6425149700598802 0.41333333333333333 0.6461077844311377 0.4116666666666667 0.6479041916167665 0.4116666666666667 0.6491017964071857 0.41083333333333333 0.6497005988023952 0.41083333333333333 0.6508982035928144 0.4075 0.6568862275449102 0.4075 0.6586826347305389 0.4066666666666667 0.6592814371257485 0.4058333333333333 0.6622754491017964 0.4041666666666667 0.6640718562874252 0.40166666666666667 0.6706586826347305 0.4 0.6724550898203593 0.4 0.6742514970059881 0.39916666666666667 0.6748502994011976 0.3983333333333333 0.6784431137724551 0.39666666666666667 0.6802395209580838 0.39666666666666667 0.681437125748503 0.3958333333333333 0.6820359281437126 0.3958333333333333 0.6832335329341317 0.395 0.6838323353293413 0.3908333333333333 0.6940119760479042 0.3883333333333333 0.6970059880239521 0.3883333333333333 0.6988023952095809 0.3875 0.6994011976047905 0.3875 0.7005988023952096 0.38416666666666666 0.7065868263473054 0.38333333333333336 0.7107784431137725 0.38166666666666665 0.7125748502994012 0.38166666666666665 0.7143712574850299 0.38083333333333336 0.7149700598802395 0.38 0.718562874251497 0.37916666666666665 0.7191616766467066 0.37916666666666665 0.7209580838323353 0.37833333333333335 0.7215568862275449 0.37833333333333335 0.7287425149700599 0.38 0.7311377245508982 0.38166666666666665 0.7323353293413174 0.3875 0.7335329341317365 0.3883333333333333 0.7341317365269461 0.3933333333333333 0.7341317365269461 0.39416666666666667 0.7347305389221557 0.40166666666666667 0.7347305389221557 0.4025 0.7341317365269461 0.4041666666666667 0.7341317365269461 0.4083333333333333 0.7305389221556886 0.4116666666666667 0.725748502994012 0.4116666666666667 0.7245508982035929 0.4125 0.7239520958083833 0.4141666666666667 0.7191616766467066 0.41583333333333333 0.7173652694610778 0.41583333333333333 0.7155688622754491 0.4166666666666667 0.7149700598802395 0.4166666666666667 0.7137724550898203 0.4175 0.7131736526946107 0.4175 0.7119760479041917 0.42083333333333334 0.7059880239520958 0.4216666666666667 0.7017964071856287 0.4241666666666667 0.6982035928143713 0.425 0.6940119760479042 0.4266666666666667 0.6922155688622754 0.4266666666666667 0.6910179640718563 0.42916666666666664 0.6874251497005988 0.43083333333333335 0.6826347305389222 0.4325 0.6808383233532934 0.43333333333333335 0.677245508982036 0.435 0.6754491017964072 0.435 0.6742514970059881 0.43666666666666665 0.6724550898203593 0.4375 0.6694610778443114 0.43916666666666665 0.6676646706586826 0.43916666666666665 0.6664670658682634 0.44 0.665868263473054 0.44 0.6646706586826348 0.44083333333333335 0.6640718562874252 0.44083333333333335 0.662874251497006 0.44416666666666665 0.6568862275449102 0.44416666666666665 0.6550898203592814 0.44583333333333336 0.6526946107784432 0.44666666666666666 0.6485029940119761 0.44916666666666666 0.6449101796407186 0.4508333333333333 0.6437125748502994 0.4558333333333333 0.6437125748502994 0.46 0.6449101796407186 0.4675 0.6455089820359281 0.4708333333333333 0.6437125748502994 0.4716666666666667 0.6425149700598802 0.4716666666666667 0.6407185628742516 0.47333333333333333 0.6383233532934132 0.47333333333333333 0.6353293413173653 0.4741666666666667 0.6347305389221557 0.4725 0.6329341317365269 0.4666666666666667 0.6293413173652694 0.46 0.6281437125748504 0.4583333333333333 0.6269461077844312 0.45666666666666667 0.6269461077844312 0.45166666666666666 0.6251497005988024 0.45 0.6251497005988024 0.445 0.6227544910179641 0.44333333333333336 0.6227544910179641 0.44 0.6215568862275449 0.435 0.6215568862275449 0.43166666666666664 0.6203592814371257 0.42833333333333334 0.6203592814371257 0.42583333333333334 0.6191616766467066 0.4241666666666667 0.6191616766467066 0.4216666666666667 0.6179640718562874 0.42 0.6179640718562874
3 0.37 0.7796407185628742 0.36666666666666664 0.7796407185628742 0.365 0.7802395209580838 0.3575 0.7862275449101797 0.3575 0.7874251497005988 0.3566666666666667 0.7880239520958083 0.3566666666666667 0.7892215568862275 0.35583333333333333 0.7898203592814371 0.35583333333333333 0.7910179640718563 0.3525 0.7970059880239521 0.3525 0.7988023952095809 0.3516666666666667 0.7994011976047904 0.35083333333333333 0.8035928143712575 0.3491666666666667 0.8059880239520958 0.34833333333333333 0.8107784431137725 0.3458333333333333 0.8149700598802395 0.345 0.8191616766467066 0.3441666666666667 0.8197604790419162 0.3441666666666667 0.8209580838323354 0.3408333333333333 0.8269461077844311 0.3408333333333333 0.8287425149700599 0.3375 0.8347305389221557 0.33666666666666667 0.8395209580838323 0.3358333333333333 0.8401197604790419 0.335 0.8431137724550898 0.3333333333333333 0.8449101796407186 0.3333333333333333 0.8461077844311378 0.3325 0.8467065868263473 0.3325 0.8479041916167664 0.32916666666666666 0.8538922155688623 0.3283333333333333 0.858682634730539 0.3258333333333333 0.8622754491017964 0.3258333333333333 0.8640718562874251 0.325 0.8646706586826347 0.325 0.8670658682634731 0.32416666666666666 0.8676646706586826 0.3233333333333333 0.8712574850299402 0.31833333333333336 0.8748502994011976 0.3125 0.8748502994011976 0.3075 0.8730538922155688 0.3025 0.8736526946107784 0.29833333333333334 0.8796407185628743 0.29833333333333334 0.884431137724551 0.30583333333333335 0.888622754491018 0.31083333333333335 0.888622754491018 0.31416666666666665 0.8898203592814371 0.3175 0.8898203592814371 0.32166666666666666 0.8910179640718563 0.3233333333333333 0.8922155688622755 0.32666666666666666 0.8922155688622755 0.33 0.8934131736526946 0.3333333333333333 0.8934131736526946 0.3375 0.8946107784431138 0.3408333333333333 0.8946107784431138 0.345 0.8964071856287426 0.35 0.8964071856287426 0.3525 0.8976047904191616 0.355 0.8976047904191616 0.3625 0.9 0.365 0.9 0.36916666666666664 0.8976047904191616 0.37 0.8964071856287426 0.37 0.8946107784431138 0.3725 0.8922155688622755 0.3725 0.8880239520958084 0.36916666666666664 0.8862275449101796 0.3675 0.8862275449101796 0.365 0.884431137724551 0.3575 0.8838323353293414 0.35583333333333333 0.8826347305389222 0.35583333333333333 0.8784431137724551 0.3566666666666667 0.8778443113772455 0.3575 0.8736526946107784 0.36083333333333334 0.8676646706586826 0.36083333333333334 0.8658682634730539 0.3625 0.8634730538922155 0.3625 0.8616766467065868 0.365 0.8574850299401198 0.36666666666666664 0.8508982035928143 0.36916666666666664 0.8473053892215568 0.36916666666666664 0.8449101796407186 0.37 0.844311377245509 0.37 0.8425149700598802 0.3725 0.8383233532934131 0.3725 0.8365269461077844 0.37333333333333335 0.8359281437125748 0.37416666666666665 0.832934131736527 0.37666666666666665 0.829940119760479 0.37666666666666665 0.8275449101796407 0.3775 0.8269461077844311 0.37833333333333335 0.822754491017964 0.38083333333333336 0.818562874251497 0.38083333333333336 0.8161676646706587 0.3825 0.8137724550898203 0.3825 0.811377245508982 0.385 0.807185628742515 0.3858333333333333 0.8029940119760479 0.3883333333333333 0.7994011976047904 0.3883333333333333 0.7964071856287425 0.38916666666666666 0.795808383233533 0.38916666666666666 0.7934131736526946 0.39 0.792814371257485 0.39 0.7862275449101797 0.3875 0.7838323353293413 0.38416666666666666 0.7826347305389222 0.3825 0.7826347305389222 0.37666666666666665 0.7808383233532934 0.37333333333333335 0.7808383233532934
4 0.6208333333333333 0.2634730538922156 0.6166666666666667 0.26586826347305387 0.6133333333333333 0.26706586826347306 0.6075 0.2712574850299401 0.6066666666666667 0.2712574850299401 0.6066666666666667 0.2718562874251497 0.6041666666666666 0.27365269461077846 0.6033333333333334 0.27365269461077846 0.6025 0.2748502994011976 0.59 0.2832335329341317 0.59 0.2838323353293413 0.5791666666666667 0.29221556886227545 0.5791666666666667 0.29281437125748505 0.5766666666666667 0.2946107784431138 0.5758333333333333 0.2946107784431138 0.575 0.2964071856287425 0.5683333333333334 0.3023952095808383 0.5658333333333333 0.3059880239520958 0.5658333333333333 0.31077844311377245 0.5766666666666667 0.318562874251497 0.5775 0.318562874251497 0.5791666666666667 0.3197604790419162 0.5833333333333334 0.3197604790419162 0.5908333333333333 0.3143712574850299 0.5933333333333334 0.3137724550898204 0.595 0.3125748502994012 0.6 0.3125748502994012 0.6025 0.3143712574850299 0.6033333333333334 0.3143712574850299 0.6291666666666667 0.332934131736527 0.6291666666666667 0.3335329341317365 0.6341666666666667 0.33712574850299404 0.6341666666666667 0.3377245508982036 0.635 0.3377245508982036 0.6383333333333333 0.3401197604790419 0.6383333333333333 0.3407185628742515 0.655 0.3538922155688623 0.6591666666666667 0.35508982035928144 0.6608333333333334 0.3562874251497006 0.6658333333333334 0.3562874251497006 0.6666666666666666 0.35568862275449104 0.6691666666666667 0.35568862275449104 0.6725 0.3538922155688623 0.6775 0.3520958083832335 0.6816666666666666 0.34910179640718564 0.6816666666666666 0.34850299401197604 0.685 0.34550898203592817 0.6858333333333333 0.34311377245508984 0.6908333333333333 0.3395209580838323 0.6916666666666667 0.3395209580838323 0.6925 0.3383233532934132 0.6925 0.33592814371257484 0.6916666666666667 0.33532934131736525 0.6916666666666667 0.3341317365269461 0.6908333333333333 0.332934131736527 0.6825 0.3263473053892216 0.6825 0.325748502994012 0.6625 0.31077844311377245 0.6625 0.31017964071856285 0.6583333333333333 0.3077844311377245 0.6583333333333333 0.307185628742515 0.6475 0.2994011976047904 0.6475 0.29880239520958085 0.6425 0.2952095808383233 0.6425 0.2946107784431138 0.6366666666666667 0.2904191616766467 0.635 0.2880239520958084 0.635 0.28622754491017965 0.6375 0.2838323353293413 0.6433333333333333 0.2754491017964072 0.6425 0.2718562874251497 0.64 0.27005988023952093 0.6383333333333333 0.26766467065868266 0.6375 0.26766467065868266 0.6308333333333334 0.262874251497006 0.6241666666666666 0.262874251497006 0.6233333333333333 0.2634730538922156
4 0.19583333333333333 0.7461077844311377 0.17916666666666667 0.7461077844311377 0.17833333333333334 0.7467065868263473 0.17166666666666666 0.7467065868263473 0.17083333333333334 0.7473053892215569 0.16416666666666666 0.7473053892215569 0.16333333333333333 0.7479041916167665 0.15583333333333332 0.7479041916167665 0.155 0.7485029940119761 0.15166666666666667 0.7485029940119761 0.14833333333333334 0.7497005988023953 0.1425 0.7502994011976047 0.14 0.7514970059880239 0.13666666666666666 0.7520958083832335 0.135 0.7532934131736527 0.12833333333333333 0.755688622754491 0.12666666666666668 0.755688622754491 0.12083333333333333 0.7592814371257485 0.12083333333333333 0.7604790419161677 0.12 0.7610778443113773 0.12 0.7640718562874251 0.12083333333333333 0.7646706586826347 0.12083333333333333 0.7682634730538922 0.12166666666666667 0.7688622754491018 0.12166666666666667 0.7712574850299401 0.1225 0.7718562874251497 0.1225 0.7730538922155689 0.12583333333333332 0.7754491017964071 0.1275 0.7760479041916167 0.13 0.7760479041916167 0.13083333333333333 0.7766467065868263 0.13583333333333333 0.7766467065868263 0.13666666666666666 0.7772455089820359 0.13916666666666666 0.7772455089820359 0.14 0.7778443113772455 0.14333333333333334 0.7778443113772455 0.14416666666666667 0.7784431137724551 0.14583333333333334 0.7784431137724551 0.14833333333333334 0.7802395209580838 0.14833333333333334 0.7844311377245509 0.14916666666666667 0.7850299401197605 0.14916666666666667 0.7904191616766467 0.15 0.7910179640718563 0.15 0.7946107784431138 0.15083333333333335 0.7952095808383234 0.15083333333333335 0.7970059880239521 0.15166666666666667 0.7976047904191617 0.15166666666666667 0.8011976047904191 0.1525 0.8017964071856287 0.1525 0.8047904191616766 0.15333333333333332 0.8053892215568862 0.15333333333333332 0.8095808383233533 0.15416666666666667 0.8101796407185629 0.15416666666666667 0.8131736526946107 0.155 0.8137724550898203 0.155 0.8161676646706587 0.15583333333333332 0.8167664670658683 0.15583333333333332 0.8197604790419162 0.15666666666666668 0.8203592814371258 0.1575 0.8269461077844311 0.15833333333333333 0.8275449101796407 0.15833333333333333 0.8293413173652695 0.15916666666666668 0.829940119760479 0.15916666666666668 0.8317365269461078 0.16 0.8323353293413174 0.16083333333333333 0.8359281437125748 0.16166666666666665 0.837125748502994 0.16583333333333333 0.8401197604790419 0.18083333333333335 0.8401197604790419 0.18166666666666667 0.8395209580838323 0.18416666666666667 0.8395209580838323 0.185 0.8389221556886227 0.19166666666666668 0.8383233532934131 0.1925 0.8377245508982036 0.19416666666666665 0.8377245508982036 0.1975 0.8359281437125748 0.20083333333333334 0.8353293413173652 0.20333333333333334 0.8335329341317366 0.20333333333333334 0.8317365269461078 0.20416666666666666 0.8311377245508982 0.20416666666666666 0.8251497005988024 0.20333333333333334 0.8245508982035928 0.20333333333333334 0.8215568862275449 0.2025 0.8209580838323354 0.2025 0.818562874251497 0.20166666666666666 0.8179640718562874 0.20083333333333334 0.811377245508982 0.2 0.8107784431137725 0.2 0.8083832335329342 0.19916666666666666 0.8077844311377246 0.19916666666666666 0.8053892215568862 0.19833333333333333 0.8047904191616766 0.19833333333333333 0.8023952095808383 0.1975 0.8017964071856287 0.19666666666666666 0.792814371257485 0.19583333333333333 0.7922155688622754 0.19583333333333333 0.7898203592814371 0.195 0.7892215568862275 0.195 0.7862275449101797 0.19416666666666665 0.7856287425149701 0.19333333333333333 0.7796407185628742 0.1925 0.7790419161676647 0.1925 0.7772455089820359 0.19083333333333333 0.7748502994011977 0.1925 0.7724550898203593 0.19416666666666665 0.7712574850299401 0.19583333333333333 0.7712574850299401 0.20083333333333334 0.7688622754491018 0.2075 0.7676646706586826 0.21083333333333334 0.7658682634730539 0.21166666666666667 0.7658682634730539 0.2125 0.7652694610778443 0.21333333333333335 0.7628742514970059 0.2125 0.7622754491017965 0.2125 0.7580838323353294 0.21083333333333334 0.755688622754491 0.21 0.7514970059880239 0.2075 0.7497005988023953 0.205 0.7491017964071857 0.20333333333333334 0.7479041916167665 0.20166666666666666 0.7479041916167665 0.20083333333333334 0.7473053892215569 0.19916666666666666 0.7473053892215569
4 0.5858333333333333 0.8592814371257484 0.5725 0.8592814371257484 0.5716666666666667 0.859880239520958 0.5666666666666667 0.859880239520958 0.5658333333333333 0.8604790419161676 0.5616666666666666 0.8604790419161676 0.5608333333333333 0.8610778443113772 0.5541666666666667 0.8610778443113772 0.5533333333333333 0.8616766467065868 0.5466666666666666 0.8622754491017964 0.5458333333333333 0.862874251497006 0.5433333333333333 0.862874251497006 0.5425 0.8634730538922155 0.5375 0.8640718562874251 0.5316666666666666 0.8664670658682635 0.5291666666666667 0.8682634730538922 0.5283333333333333 0.8682634730538922 0.5233333333333333 0.8718562874251496 0.5233333333333333 0.8724550898203592 0.5191666666666667 0.8766467065868263 0.52 0.8772455089820359 0.52 0.881437125748503 0.5208333333333334 0.8820359281437126 0.5208333333333334 0.88562874251497 0.5216666666666666 0.8862275449101796 0.5216666666666666 0.8880239520958084 0.525 0.8922155688622755 0.5275 0.8922155688622755 0.5283333333333333 0.8928143712574851 0.5308333333333334 0.8928143712574851 0.5316666666666666 0.8934131736526946 0.5333333333333333 0.8934131736526946 0.5366666666666666 0.8946107784431138 0.5391666666666667 0.8946107784431138 0.5425 0.895808383233533 0.545 0.895808383233533 0.5491666666666667 0.8982035928143712 0.5491666666666667 0.9005988023952096 0.55 0.9011976047904192 0.55 0.9047904191616767 0.5508333333333333 0.9053892215568863 0.5508333333333333 0.9077844311377246 0.5516666666666666 0.9083832335329342 0.5516666666666666 0.9107784431137724 0.5525 0.911377245508982 0.5525 0.9137724550898204 0.5533333333333333 0.9143712574850299 0.5533333333333333 0.9167664670658683 0.5541666666666667 0.9173652694610779 0.5541666666666667 0.9203592814371258 0.555 0.9209580838323354 0.555 0.922754491017964 0.5558333333333333 0.9233532934131736 0.5566666666666666 0.9305389221556887 0.5575 0.9311377245508982 0.5575 0.932934131736527 0.5583333333333333 0.9335329341317365 0.5583333333333333 0.937125748502994 0.5591666666666667 0.9377245508982036 0.5591666666666667 0.9419161676646707 0.56 0.9425149700598803 0.56 0.9461077844311377 0.5608333333333333 0.9467065868263473 0.5608333333333333 0.948502994011976 0.5616666666666666 0.9497005988023952 0.5691666666666667 0.9550898203592815 0.57 0.9550898203592815 0.5716666666666667 0.9562874251497006 0.575 0.9562874251497006 0.5758333333333333 0.9568862275449102 0.5766666666666667 0.9562874251497006 0.5825 0.9562874251497006 0.5833333333333334 0.9556886227544911 0.5883333333333334 0.9556886227544911 0.5891666666666666 0.9550898203592815 0.5925 0.9550898203592815 0.5966666666666667 0.9532934131736527 0.6 0.9526946107784431 0.6041666666666666 0.9502994011976048 0.6058333333333333 0.9479041916167664 0.6058333333333333 0.9377245508982036 0.605 0.937125748502994 0.605 0.9341317365269461 0.6041666666666666 0.9335329341317365 0.6041666666666666 0.9311377245508982 0.6033333333333334 0.9305389221556887 0.6033333333333334 0.9281437125748503 0.6025 0.9275449101796407 0.6016666666666667 0.9209580838323354 0.6008333333333333 0.9203592814371258 0.6008333333333333 0.9179640718562875 0.6 0.9173652694610779 0.6 0.9149700598802395 0.5991666666666666 0.9143712574850299 0.5991666666666666 0.911377245508982 0.5983333333333334 0.9107784431137724 0.5983333333333334 0.9083832335329342 0.5975 0.9077844311377246 0.5975 0.9053892215568863 0.5966666666666667 0.9047904191616767 0.5966666666666667 0.9023952095808383 0.5958333333333333 0.9017964071856287 0.5958333333333333 0.9 0.595 0.8994011976047904 0.595 0.8970059880239521 0.5941666666666666 0.8964071856287426 0.5941666666666666 0.8940119760479042 0.5933333333333334 0.8934131736526946 0.5933333333333334 0.8922155688622755 0.5958333333333333 0.8898203592814371 0.5958333333333333 0.8892215568862275 0.5983333333333334 0.8874251497005988 0.5991666666666666 0.8874251497005988 0.6016666666666667 0.88562874251497 0.6041666666666666 0.8850299401197604 0.61 0.8808383233532934 0.6108333333333333 0.8808383233532934 0.6108333333333333 0.8796407185628743 0.6116666666666667 0.8790419161676647 0.6116666666666667 0.8736526946107784 0.6108333333333333 0.8730538922155688 0.6108333333333333 0.8694610778443114 0.6083333333333333 0.8658682634730539 0.6083333333333333 0.8646706586826347 0.6066666666666667 0.8634730538922155 0.6033333333333334 0.8622754491017964 0.6016666666666667 0.8622754491017964 0.5991666666666666 0.8610778443113772 0.5958333333333333 0.8610778443113772 0.595 0.8604790419161676 0.5925 0.8604790419161676 0.5916666666666667 0.859880239520958 0.5866666666666667 0.859880239520958
5 0.11083333333333334 0.05688622754491018 0.11 0.05688622754491018 0.10916666666666666 0.05748502994011976 0.10416666666666667 0.05748502994011976 0.10333333333333333 0.05688622754491018 0.1025 0.05748502994011976 0.09833333333333333 0.05748502994011976 0.0975 0.05808383233532934 0.095 0.05808383233532934 0.09416666666666666 0.058682634730538925 0.09166666666666666 0.058682634730538925 0.09083333333333334 0.0592814371257485 0.08916666666666667 0.0592814371257485 0.08833333333333333 0.059880239520958084 0.08583333333333333 0.059880239520958084 0.085 0.06047904191616767 0.08416666666666667 0.06047904191616767 0.08333333333333333 0.06107784431137724 0.07916666666666666 0.06227544910179641 0.0775 0.06347305389221557 0.07666666666666666 0.06347305389221557 0.075 0.06467065868263473 0.07416666666666667 0.06467065868263473 0.0675 0.06946107784431138 0.0675 0.07005988023952096 0.06333333333333334 0.07365269461077845 0.06333333333333334 0.0748502994011976 0.0625 0.07544910179640718 0.0625 0.07664670658682635 0.06166666666666667 0.07724550898203593 0.06166666666666667 0.07904191616766468 0.060833333333333336 0.07964071856287425 0.060833333333333336 0.08083832335329341 0.06 0.081437125748503 0.06 0.08383233532934131 0.059166666666666666 0.0844311377245509 0.059166666666666666 0.08622754491017964 0.058333333333333334 0.08682634730538923 0.058333333333333334 0.09221556886227544 0.0575 0.09281437125748503 0.0575 0.09700598802395209 0.058333333333333334 0.09760479041916167 0.058333333333333334 0.10059880239520957 0.059166666666666666 0.10119760479041916 0.059166666666666666 0.1029940119760479 0.06 0.10359281437125749 0.06 0.10479041916167664 0.060833333333333336 0.10538922155688622 0.060833333333333336 0.10658682634730539 0.06166666666666667 0.10718562874251497 0.06166666666666667 0.10838323353293414 0.0625 0.1089820359281437 0.06333333333333334 0.11077844311377245 0.06583333333333333 0.1125748502994012 0.06583333333333333 0.11317365269461079 0.075 0.11976047904191617 0.07583333333333334 0.11976047904191617 0.0775 0.12095808383233533 0.07833333333333334 0.12095808383233533 0.08083333333333333 0.12275449101796407 0.08166666666666667 0.12275449101796407 0.0825 0.12335329341317365 0.08333333333333333 0.12335329341317365 0.08416666666666667 0.12395209580838323 0.085 0.12395209580838323 0.09083333333333334 0.12634730538922156 0.0925 0.12634730538922156 0.09333333333333334 0.12694610778443113 0.095 0.12694610778443113 0.09583333333333334 0.12754491017964073 0.10583333333333333 0.12754491017964073 0.10666666666666667 0.12694610778443113 0.11333333333333333 0.12694610778443113 0.11416666666666667 0.12634730538922156 0.11666666666666667 0.12634730538922156 0.1175 0.12574850299401197 0.11916666666666667 0.12574850299401197 0.12 0.1251497005988024 0.12166666666666667 0.1251497005988024 0.1225 0.12455089820359282 0.12416666666666666 0.12455089820359282 0.125 0.12395209580838323 0.12583333333333332 0.12395209580838323 0.12833333333333333 0.12215568862275449 0.12916666666666668 0.12215568862275449 0.13166666666666665 0.12035928143712575 0.1325 0.12035928143712575 0.14166666666666666 0.11377245508982035 0.14166666666666666 0.11317365269461079 0.14333333333333334 0.11197604790419162 0.14333333333333334 0.11137724550898204 0.14666666666666667 0.10838323353293414 0.14666666666666667 0.10778443113772455 0.1475 0.10718562874251497 0.1475 0.1059880239520958 0.15 0.1029940119760479 0.15 0.10119760479041916 0.15083333333333335 0.10059880239520957 0.15083333333333335 0.09880239520958084 0.15166666666666667 0.09820359281437126 0.15166666666666667 0.09640718562874251 0.1525 0.09580838323353294 0.1525 0.09041916167664671 0.15333333333333332 0.08982035928143713 0.15333333333333332 0.08383233532934131 0.1525 0.08323353293413174 0.1525 0.08083832335329341 0.15166666666666667 0.08023952095808383 0.15166666666666667 0.07904191616766468 0.15083333333333335 0.0784431137724551 0.15083333333333335 0.07784431137724551 0.15 0.07724550898203593 0.15 0.07664670658682635 0.14916666666666667 0.07604790419161676 0.14916666666666667 0.07544910179640718 0.14833333333333334 0.0748502994011976 0.14666666666666667 0.0718562874251497 0.1425 0.0688622754491018 0.1425 0.06826347305389222 0.13666666666666666 0.06407185628742515 0.13583333333333333 0.06407185628742515 0.13166666666666665 0.061676646706586825 0.13 0.061676646706586825 0.12916666666666668 0.06107784431137724 0.12833333333333333 0.06107784431137724 0.12583333333333332 0.059880239520958084 0.12416666666666666 0.059880239520958084 0.12166666666666667 0.058682634730538925 0.11916666666666667 0.058682634730538925 0.11833333333333333 0.05808383233532934 0.115 0.05808383233532934 0.11416666666666667 0.05748502994011976 0.11166666666666666 0.05748502994011976
5 0.895 0.03053892215568862 0.8933333333333333 0.03053892215568862 0.8925 0.029940119760479042 0.8866666666666667 0.029940119760479042 0.8858333333333334 0.03053892215568862 0.8808333333333334 0.03053892215568862 0.88 0.031137724550898204 0.8766666666666667 0.031137724550898204 0.8758333333333334 0.03173652694610778 0.87 0.03173652694610778 0.8691666666666666 0.032335329341317366 0.8675 0.032335329341317366 0.8666666666666667 0.03293413173652695 0.865 0.03293413173652695 0.8641666666666666 0.033532934131736525 0.8616666666666667 0.033532934131736525 0.8608333333333333 0.03413173652694611 0.8566666666666667 0.03413173652694611 0.8541666666666666 0.035329341317365266 0.8525 0.035329341317365266 0.8516666666666667 0.03592814371257485 0.85 0.03592814371257485 0.8491666666666666 0.03652694610778443 0.8475 0.03652694610778443 0.8466666666666667 0.037125748502994015 0.8458333333333333 0.037125748502994015 0.8416666666666667 0.0407185628742515 0.8416666666666667 0.04251497005988024 0.8408333333333333 0.04311377245508982 0.8408333333333333 0.04491017964071856 0.84 0.045508982035928146 0.84 0.04730538922155689 0.8391666666666666 0.04790419161676647 0.8391666666666666 0.04970059880239521 0.8383333333333334 0.05029940119760479 0.8383333333333334 0.052095808383233536 0.8375 0.05269461077844311 0.8375 0.05389221556886228 0.8366666666666667 0.05449101796407185 0.8366666666666667 0.05568862275449102 0.8358333333333333 0.0562874251497006 0.835 0.0592814371257485 0.8333333333333334 0.06107784431137724 0.8333333333333334 0.06227544910179641 0.8291666666666667 0.06766467065868263 0.8291666666666667 0.06946107784431138 0.8283333333333334 0.07005988023952096 0.8283333333333334 0.0718562874251497 0.8275 0.07245508982035928 0.8275 0.07425149700598803 0.8266666666666667 0.0748502994011976 0.8266666666666667 0.07604790419161676 0.8258333333333333 0.07664670658682635 0.8258333333333333 0.0844311377245509 0.8275 0.08562874251497006 0.8283333333333334 0.08742514970059881 0.8325 0.09041916167664671 0.8325 0.09101796407185629 0.8441666666666666 0.09880239520958084 0.8441666666666666 0.09940119760479042 0.8475 0.10179640718562874 0.8475 0.10239520958083832 0.8491666666666666 0.10359281437125749 0.8491666666666666 0.10419161676646707 0.8525 0.1059880239520958 0.8566666666666667 0.10658682634730539 0.8575 0.1059880239520958 0.8583333333333333 0.1059880239520958 0.8608333333333333 0.10359281437125749 0.865 0.10359281437125749 0.8658333333333333 0.10419161676646707 0.8666666666666667 0.10419161676646707 0.8691666666666666 0.1059880239520958 0.8708333333333333 0.1059880239520958 0.8716666666666667 0.10538922155688622 0.875 0.10538922155688622 0.8758333333333334 0.10479041916167664 0.8791666666666667 0.10479041916167664 0.88 0.10419161676646707 0.8825 0.10419161676646707 0.8833333333333333 0.10359281437125749 0.8866666666666667 0.10359281437125749 0.8875 0.1029940119760479 0.8891666666666667 0.1029940119760479 0.8933333333333333 0.10119760479041916 0.8958333333333334 0.10119760479041916 0.8983333333333333 0.1 0.9 0.1 0.9008333333333334 0.09940119760479042 0.9033333333333333 0.09940119760479042 0.9041666666666667 0.09880239520958084 0.9066666666666666 0.09820359281437126 0.9083333333333333 0.09700598802395209 0.9083333333333333 0.09640718562874251 0.9091666666666667 0.09580838323353294 0.9091666666666667 0.09461077844311377 0.91 0.09401197604790419 0.91 0.09281437125748503 0.9116666666666666 0.09161676646706587 0.9116666666666666 0.08982035928143713 0.9125 0.08922155688622754 0.9125 0.08802395209580838 0.9133333333333333 0.08742514970059881 0.9133333333333333 0.08383233532934131 0.9141666666666667 0.08323353293413174 0.9141666666666667 0.08203592814371258 0.915 0.081437125748503 0.915 0.08023952095808383 0.9158333333333334 0.07964071856287425 0.9158333333333334 0.0784431137724551 0.9166666666666666 0.07784431137724551 0.9166666666666666 0.07544910179640718 0.9191666666666667 0.07245508982035928 0.9191666666666667 0.07125748502994012 0.92 0.07065868263473053 0.92 0.06946107784431138 0.9208333333333333 0.0688622754491018 0.9208333333333333 0.06766467065868263 0.9216666666666666 0.06706586826347305 0.9216666666666666 0.06526946107784432 0.9225 0.06467065868263473 0.9225 0.058682634730538925 0.9233333333333333 0.05808383233532934 0.9233333333333333 0.052095808383233536 0.9216666666666666 0.05089820359281437 0.92 0.04790419161676647 0.9116666666666666 0.041916167664670656 0.9116666666666666 0.04131736526946108 0.8991666666666667 0.032335329341317366 0.8983333333333333 0.032335329341317366
