0 0.5758333333333333 0.5856287425149701 0.5725 0.5856287425149701 0.5716666666666667 0.5862275449101796 0.5708333333333333 0.5862275449101796 0.57 0.5868263473053892 0.5675 0.5874251497005988 0.565 0.5892215568862276 0.5641666666666667 0.5892215568862276 0.5583333333333333 0.592814371257485 0.5575 0.592814371257485 0.5558333333333333 0.5940119760479042 0.555 0.5940119760479042 0.5533333333333333 0.5952095808383233 0.5525 0.5952095808383233 0.5491666666666667 0.5976047904191617 0.5483333333333333 0.5976047904191617 0.5466666666666666 0.5988023952095808 0.5458333333333333 0.5988023952095808 0.5425 0.6011976047904192 0.5416666666666666 0.6011976047904192 0.54 0.6023952095808384 0.5391666666666667 0.6023952095808384 0.5358333333333334 0.6047904191616766 0.535 0.6047904191616766 0.5325 0.6065868263473054 0.53 0.6071856287425149 0.5266666666666666 0.6095808383233533 0.5258333333333334 0.6095808383233533 0.5241666666666667 0.6107784431137725 0.5233333333333333 0.6107784431137725 0.5191666666666667 0.6131736526946108 0.5183333333333333 0.6131736526946108 0.5175 0.6137724550898204 0.5141666666666667 0.6137724550898204 0.5133333333333333 0.6131736526946108 0.5083333333333333 0.6131736526946108 0.5066666666666667 0.61437125748503 0.5058333333333334 0.61437125748503 0.5033333333333333 0.6161676646706586 0.5025 0.6161676646706586 0.5016666666666667 0.6167664670658682 0.5008333333333334 0.6167664670658682 0.5 0.6173652694610778 0.4975 0.6179640718562874 0.49583333333333335 0.6191616766467066 0.495 0.6191616766467066 0.49333333333333335 0.6203592814371257 0.4925 0.6203592814371257 0.49 0.6221556886227545 0.4891666666666667 0.6221556886227545 0.48833333333333334 0.6227544910179641 0.48583333333333334 0.6233532934131737 0.48583333333333334 0.6239520958083832 0.4841666666666667 0.6251497005988024 0.4841666666666667 0.6275449101796408 0.48583333333333334 0.6293413173652694 0.48583333333333334 0.6311377245508982 0.4875 0.6323353293413174 0.4875 0.6329341317365269 0.48833333333333334 0.6335329341317365 0.4891666666666667 0.6353293413173653 0.49166666666666664 0.637125748502994 0.49166666666666664 0.6377245508982036 0.4975 0.6419161676646706 0.4975 0.6425149700598802 0.49833333333333335 0.6431137724550898 0.49916666666666665 0.6431137724550898 0.5008333333333334 0.644311377245509 0.5016666666666667 0.6461077844311377 0.5066666666666667 0.6502994011976048 0.5125 0.6502994011976048 0.5141666666666667 0.6491017964071857 0.515 0.6491017964071857 0.5175 0.6473053892215569 0.5183333333333333 0.6473053892215569 0.5225 0.644311377245509 0.5225 0.6437125748502994 0.5258333333333334 0.641317365269461 0.5266666666666666 0.641317365269461 0.5266666666666666 0.6407185628742516 0.5283333333333333 0.6389221556886228 0.5283333333333333 0.637125748502994 0.5291666666666667 0.6365269461077845 0.5291666666666667 0.6347305389221557 0.53 0.6341317365269461 0.53 0.6335329341317365 0.5308333333333334 0.6329341317365269 0.5316666666666666 0.6311377245508982 0.5341666666666667 0.6293413173652694 0.535 0.6293413173652694 0.5391666666666667 0.6269461077844312 0.54 0.6269461077844312 0.5408333333333334 0.6263473053892216 0.5433333333333333 0.625748502994012 0.545 0.6245508982035928 0.545 0.6233532934131737 0.5491666666666667 0.6203592814371257 0.55 0.6203592814371257 0.5516666666666666 0.6191616766467066 0.5525 0.6191616766467066 0.5558333333333333 0.6167664670658682 0.5566666666666666 0.6167664670658682 0.5583333333333333 0.615568862275449 0.5591666666666667 0.615568862275449 0.5633333333333334 0.6125748502994012 0.5641666666666667 0.6125748502994012 0.5658333333333333 0.611377245508982 0.5666666666666667 0.611377245508982 0.5741666666666667 0.6065868263473054 0.575 0.6065868263473054 0.5775 0.6047904191616766 0.5783333333333334 0.6047904191616766 0.5808333333333333 0.6029940119760479 0.5816666666666667 0.6029940119760479 0.5866666666666667 0.5994011976047904 0.5866666666666667 0.5982035928143713 0.5858333333333333 0.5976047904191617 0.5858333333333333 0.5964071856287425 0.585 0.5958083832335329 0.585 0.5952095808383233 0.5816666666666667 0.5922155688622754 0.5816666666666667 0.5916167664670658 0.5808333333333333 0.5910179640718562 0.5808333333333333 0.5904191616766467 0.5791666666666667 0.5892215568862276 0.5783333333333334 0.5874251497005988
0 0.5566666666666666 0.40059880239520956 0.5541666666666667 0.40059880239520956 0.5533333333333333 0.40119760479041916 0.5516666666666666 0.40119760479041916 0.5508333333333333 0.40179640718562876 0.55 0.40179640718562876 0.5491666666666667 0.4023952095808383 0.5466666666666666 0.4029940119760479 0.5425 0.4059880239520958 0.5425 0.40658682634730536 0.5416666666666666 0.40718562874251496 0.5416666666666666 0.40838323353293415 0.5408333333333334 0.4089820359281437 0.5408333333333334 0.41976047904191616 0.54 0.42035928143712575 0.54 0.437125748502994 0.5391666666666667 0.4377245508982036 0.5391666666666667 0.43892215568862275 0.5333333333333333 0.4431137724550898 0.5325 0.4431137724550898 0.5266666666666666 0.4467065868263473 0.5266666666666666 0.4473053892215569 0.5258333333333334 0.4479041916167665 0.5258333333333334 0.4497005988023952 0.525 0.4502994011976048 0.525 0.45089820359281435 0.5258333333333334 0.45149700598802395 0.5258333333333334 0.45269461077844314 0.5266666666666666 0.4532934131736527 0.5266666666666666 0.4544910179640719 0.53 0.4568862275449102 0.53 0.45748502994011975 0.5316666666666666 0.45868263473053894 0.5316666666666666 0.46347305389221555 0.5308333333333334 0.46407185628742514 0.5308333333333334 0.46467065868263474 0.53 0.46526946107784434 0.53 0.4664670658682635 0.5291666666666667 0.46706586826347307 0.5291666666666667 0.4748502994011976 0.53 0.4754491017964072 0.53 0.47664670658682634 0.5308333333333334 0.47724550898203594 0.5308333333333334 0.47784431137724553 0.5325 0.47904191616766467 0.5341666666666667 0.47904191616766467 0.5366666666666666 0.4802395209580838 0.5416666666666666 0.4802395209580838 0.5425 0.4808383233532934 0.5458333333333333 0.4808383233532934 0.5466666666666666 0.481437125748503 0.5616666666666666 0.481437125748503 0.5625 0.4808383233532934 0.5666666666666667 0.4808383233532934 0.5675 0.4802395209580838 0.5691666666666667 0.4802395209580838 0.57 0.47964071856287427 0.5716666666666667 0.47964071856287427 0.5733333333333334 0.4784431137724551 0.5733333333333334 0.47784431137724553 0.5741666666666667 0.47724550898203594 0.5741666666666667 0.47604790419161674 0.575 0.4754491017964072 0.575 0.47365269461077847 0.5758333333333333 0.47305389221556887 0.5758333333333333 0.4664670658682635 0.5733333333333334 0.46347305389221555 0.5733333333333334 0.46107784431137727 0.5741666666666667 0.4604790419161677 0.5741666666666667 0.4592814371257485 0.58 0.4550898203592814 0.58 0.4544910179640719 0.5808333333333333 0.4538922155688623 0.5808333333333333 0.4502994011976048 0.58 0.4497005988023952 0.58 0.4485029940119761 0.5791666666666667 0.4479041916167665 0.5791666666666667 0.4473053892215569 0.5766666666666667 0.44550898203592815 0.5766666666666667 0.44491017964071855 0.575 0.4437125748502994 0.575 0.4431137724550898 0.5741666666666667 0.4431137724550898 0.5733333333333334 0.4425149700598802 0.5725 0.4425149700598802 0.5708333333333333 0.4413173652694611 0.57 0.4413173652694611 0.5691666666666667 0.4407185628742515 0.5691666666666667 0.44011976047904194 0.5675 0.43892215568862275 0.5675 0.4305389221556886 0.5666666666666667 0.429940119760479 0.5666666666666667 0.41077844311377243 0.5658333333333333 0.4101796407185629 0.5658333333333333 0.40718562874251496 0.565 0.40658682634730536 0.565 0.4059880239520958 0.5591666666666667 0.40179640718562876 0.5583333333333333 0.40179640718562876
1 0.2275 0.46706586826347307 0.225 0.47365269461077847 0.22583333333333333 0.4784431137724551 0.23416666666666666 0.4844311377245509 0.2475 0.4880239520958084 0.25166666666666665 0.49041916167664673 0.26666666666666666 0.49221556886227547 0.27166666666666667 0.4940119760479042 0.27416666666666667 0.4940119760479042 0.2833333333333333 0.49820359281437127 0.29833333333333334 0.4994011976047904 0.315 0.5023952095808383 0.33666666666666667 0.5083832335329341 0.3458333333333333 0.5077844311377245 0.3516666666666667 0.5089820359281437 0.37333333333333335 0.5167664670658683 0.4 0.5233532934131736 0.4033333333333333 0.5233532934131736 0.4091666666666667 0.525748502994012 0.4166666666666667 0.5269461077844312 0.43583333333333335 0.5323353293413173 0.44 0.5323353293413173 0.44666666666666666 0.5305389221556887 0.4558333333333333 0.5317365269461077 0.475 0.5419161676646707 0.4825 0.5473053892215569 0.485 0.5473053892215569 0.4866666666666667 0.548502994011976 0.48583333333333334 0.5508982035928144 0.4866666666666667 0.5532934131736527 0.49333333333333335 0.5604790419161677 0.49666666666666665 0.5616766467065868 0.5016666666666667 0.5622754491017964 0.5058333333333334 0.5604790419161677 0.5141666666666667 0.5526946107784431 0.5158333333333334 0.5461077844311377 0.5208333333333334 0.5365269461077844 0.5216666666666666 0.5311377245508982 0.5258333333333334 0.5221556886227545 0.525 0.5167664670658683 0.5191666666666667 0.5137724550898204 0.5141666666666667 0.5125748502994012 0.5083333333333333 0.5125748502994012 0.5033333333333333 0.518562874251497 0.5 0.5209580838323353 0.49666666666666665 0.5215568862275449 0.4891666666666667 0.5191616766467065 0.48333333333333334 0.518562874251497 0.475 0.5155688622754491 0.47 0.5149700598802395 0.4658333333333333 0.5125748502994012 0.4625 0.5125748502994012 0.4525 0.5095808383233533 0.43583333333333335 0.5065868263473053 0.43333333333333335 0.5053892215568863 0.41833333333333333 0.5023952095808383 0.41 0.4994011976047904 0.39666666666666667 0.49820359281437127 0.38666666666666666 0.4934131736526946 0.37666666666666665 0.49221556886227547 0.3725 0.49041916167664673 0.35833333333333334 0.4880239520958084 0.35333333333333333 0.48622754491017967 0.3458333333333333 0.48562874251497007 0.3358333333333333 0.4820359281437126 0.31333333333333335 0.47784431137724553 0.30333333333333334 0.4748502994011976 0.2825 0.47125748502994014 0.2783333333333333 0.4682634730538922 0.27166666666666667 0.46706586826347307 0.26416666666666666 0.46407185628742514 0.25083333333333335 0.4622754491017964 0.2475 0.4604790419161677 0.24333333333333335 0.4598802395209581 0.23416666666666666 0.46107784431137727 0.23083333333333333 0.462874251497006
1 0.49083333333333334 0.5598802395209581 0.47 0.5443113772455089 0.4683333333333333 0.5413173652694611 0.455 0.5329341317365269 0.4508333333333333 0.5323353293413173 0.44666666666666666 0.5329341317365269 0.43583333333333335 0.5437125748502994 0.4375 0.551497005988024 0.43666666666666665 0.5532934131736527 0.4266666666666667 0.5604790419161677 0.4216666666666667 0.5622754491017964 0.40166666666666667 0.574251497005988 0.39666666666666667 0.5760479041916168 0.3925 0.5790419161676646 0.38333333333333336 0.5832335329341317 0.3775 0.5874251497005988 0.37 0.5910179640718562 0.36666666666666664 0.5940119760479042 0.3591666666666667 0.5976047904191617 0.35 0.604191616766467 0.3458333333333333 0.6053892215568862 0.34 0.6089820359281437 0.3383333333333333 0.6089820359281437 0.33416666666666667 0.6125748502994012 0.3283333333333333 0.6149700598802396 0.31916666666666665 0.6209580838323353 0.31416666666666665 0.6227544910179641 0.30583333333333335 0.6287425149700598 0.29833333333333334 0.6323353293413174 0.2916666666666667 0.637125748502994 0.28833333333333333 0.6383233532934132 0.25083333333333335 0.6604790419161677 0.23666666666666666 0.670059880239521 0.23333333333333334 0.677245508982036 0.23416666666666666 0.681437125748503 0.24583333333333332 0.6892215568862275 0.25416666666666665 0.688622754491018 0.27 0.681437125748503 0.285 0.6718562874251497 0.31083333333333335 0.6586826347305389 0.32 0.6526946107784432 0.3258333333333333 0.6502994011976048 0.3283333333333333 0.6479041916167665 0.3566666666666667 0.6323353293413174 0.37 0.6227544910179641 0.37666666666666665 0.6197604790419161 0.41 0.6 0.4125 0.5994011976047904 0.42833333333333334 0.5898203592814372 0.44333333333333336 0.5832335329341317 0.44666666666666666 0.5802395209580838 0.45 0.5796407185628742 0.4583333333333333 0.5724550898203593 0.4625 0.5712574850299401 0.4766666666666667 0.5766467065868264 0.4825 0.5760479041916168 0.49 0.5724550898203593 0.49333333333333335 0.5682634730538922 0.49333333333333335 0.5640718562874252
2 0.345 0.38023952095808383 0.34 0.3784431137724551 0.3325 0.3784431137724551 0.33166666666666667 0.3790419161676647 0.32916666666666666 0.3790419161676647 0.32666666666666666 0.38023952095808383 0.325 0.38023952095808383 0.32166666666666666 0.38143712574850297 0.32 0.38263473053892216 0.3175 0.38323353293413176 0.31583333333333335 0.3844311377245509 0.315 0.3844311377245509 0.31 0.38862275449101796 0.31 0.3904191616766467 0.30916666666666665 0.3910179640718563 0.30916666666666665 0.39520958083832336 0.30833333333333335 0.39580838323353296 0.30833333333333335 0.3970059880239521 0.30916666666666665 0.3976047904191617 0.30916666666666665 0.4023952095808383 0.305 0.4059880239520958 0.30333333333333334 0.4059880239520958 0.29083333333333333 0.41077844311377243 0.2841666666666667 0.4119760479041916 0.2775 0.4149700598802395 0.2733333333333333 0.4155688622754491 0.2675 0.4179640718562874 0.2658333333333333 0.4179640718562874 0.2608333333333333 0.41976047904191616 0.25916666666666666 0.41976047904191616 0.2575 0.42095808383233535 0.25583333333333336 0.42095808383233535 0.2525 0.4227544910179641 0.25 0.4233532934131736 0.24583333333333332 0.42574850299401196 0.23916666666666667 0.4275449101796407 0.23416666666666666 0.4311377245508982 0.2325 0.4353293413173653 0.23333333333333334 0.4359281437125748 0.23333333333333334 0.43832335329341315 0.23416666666666666 0.43892215568862275 0.235 0.4425149700598802 0.2375 0.44491017964071855 0.23916666666666667 0.4479041916167665 0.24166666666666667 0.4497005988023952 0.24333333333333335 0.45209580838323354 0.24333333333333335 0.4532934131736527 0.25 0.4598802395209581 0.25333333333333335 0.46107784431137727 0.26 0.46107784431137727 0.2608333333333333 0.4604790419161677 0.265 0.4604790419161677 0.2658333333333333 0.4598802395209581 0.27 0.4592814371257485 0.27416666666666667 0.45748502994011975 0.2816666666666667 0.4562874251497006 0.285 0.4544910179640719 0.2866666666666667 0.4544910179640719 0.29083333333333333 0.45269461077844314 0.2941666666666667 0.45209580838323354 0.3 0.4491017964071856 0.3016666666666667 0.4491017964071856 0.30416666666666664 0.4479041916167665 0.30583333333333335 0.4479041916167665 0.31666666666666665 0.4437125748502994 0.31833333333333336 0.4437125748502994 0.3258333333333333 0.4407185628742515 0.3275 0.4407185628742515 0.33 0.43952095808383235 0.3325 0.43952095808383235 0.3333333333333333 0.43892215568862275 0.335 0.43952095808383235 0.3425 0.44491017964071855 0.3433333333333333 0.44491017964071855 0.345 0.4467065868263473 0.34833333333333333 0.4473053892215569 0.3491666666666667 0.4479041916167665 0.3616666666666667 0.4479041916167665 0.3625 0.4473053892215569 0.36583333333333334 0.4467065868263473 0.37416666666666665 0.4425149700598802 0.3775 0.4377245508982036 0.3775 0.4281437125748503 0.37666666666666665 0.4275449101796407 0.37666666666666665 0.4251497005988024 0.37583333333333335 0.4245508982035928 0.37416666666666665 0.41976047904191616 0.37 0.41437125748502995 0.36916666666666664 0.411377245508982 0.36666666666666664 0.40838323353293415 0.36666666666666664 0.40718562874251496 0.365 0.4053892215568862 0.365 0.4041916167664671 0.36333333333333334 0.4029940119760479 0.36 0.3976047904191617 0.35833333333333334 0.3964071856287425 0.3575 0.39401197604790417 0.35333333333333333 0.38922155688622756 0.35333333333333333 0.38802395209580837 0.35083333333333333 0.38622754491017963 0.3491666666666667 0.38323353293413176 0.34833333333333333 0.38323353293413176
2 0.63 0.4491017964071856 0.6225 0.4491017964071856 0.62 0.4502994011976048 0.6183333333333333 0.4502994011976048 0.615 0.45149700598802395 0.6058333333333333 0.45149700598802395 0.5991666666666666 0.4538922155688623 0.5983333333333334 0.4550898203592814 0.5966666666666667 0.455688622754491 0.5925 0.45868263473053894 0.5925 0.4616766467065868 0.5916666666666667 0.4622754491017964 0.5916666666666667 0.4682634730538922 0.5925 0.4688622754491018 0.5925 0.4784431137724551 0.5933333333333334 0.47904191616766467 0.5933333333333334 0.48922155688622754 0.5941666666666666 0.48982035928143713 0.5941666666666666 0.49820359281437127 0.595 0.49880239520958086 0.595 0.5035928143712575 0.5958333333333333 0.5041916167664671 0.5958333333333333 0.5071856287425149 0.5966666666666667 0.5077844311377245 0.5966666666666667 0.5137724550898204 0.5933333333333334 0.5167664670658683 0.5925 0.5167664670658683 0.5891666666666666 0.5191616766467065 0.585 0.5203592814371257 0.58 0.5239520958083832 0.5783333333333334 0.5263473053892216 0.5783333333333334 0.5281437125748503 0.5775 0.5287425149700599 0.5775 0.5335329341317365 0.5783333333333334 0.5341317365269461 0.5783333333333334 0.5365269461077844 0.5791666666666667 0.537125748502994 0.5791666666666667 0.5407185628742515 0.5816666666666667 0.5443113772455089 0.59 0.5491017964071856 0.5916666666666667 0.5491017964071856 0.5925 0.5497005988023952 0.5958333333333333 0.5497005988023952 0.5966666666666667 0.5502994011976048 0.6366666666666667 0.5502994011976048 0.6375 0.5497005988023952 0.645 0.5497005988023952 0.6458333333333334 0.5491017964071856 0.6566666666666666 0.548502994011976 0.6591666666666667 0.5473053892215569 0.6616666666666666 0.5473053892215569 0.6625 0.5467065868263473 0.6666666666666666 0.5461077844311377 0.6683333333333333 0.5449101796407185 0.6708333333333333 0.5443113772455089 0.6741666666666667 0.5413173652694611 0.6741666666666667 0.5383233532934132 0.675 0.5377245508982036 0.675 0.5329341317365269 0.6741666666666667 0.5323353293413173 0.6741666666666667 0.525748502994012 0.6725 0.5239520958083832 0.6716666666666666 0.5209580838323353 0.67 0.518562874251497 0.6658333333333334 0.5155688622754491 0.6558333333333334 0.5125748502994012 0.6516666666666666 0.5089820359281437 0.6516666666666666 0.5053892215568863 0.6508333333333334 0.5047904191616767 0.6508333333333334 0.49760479041916167 0.65 0.49700598802395207 0.65 0.48862275449101794 0.6491666666666667 0.4880239520958084 0.6491666666666667 0.481437125748503 0.6483333333333333 0.4808383233532934 0.6483333333333333 0.47305389221556887 0.6475 0.4724550898203593 0.6475 0.4658682634730539 0.6466666666666666 0.46526946107784434 0.6466666666666666 0.4616766467065868 0.6458333333333334 0.46107784431137727 0.6458333333333334 0.4592814371257485 0.6433333333333333 0.4562874251497006 0.6425 0.4538922155688623 0.6408333333333334 0.45269461077844314 0.64 0.45269461077844314 0.6383333333333333 0.45149700598802395 0.6341666666666667 0.45089820359281435
3 0.31666666666666665 0.5479041916167665 0.31666666666666665 0.5550898203592814 0.3175 0.555688622754491 0.3175 0.5562874251497006 0.31833333333333336 0.5568862275449101 0.32 0.5568862275449101 0.3225 0.5580838323353293 0.32666666666666666 0.5586826347305389 0.32916666666666666 0.5598802395209581 0.33166666666666667 0.5598802395209581 0.3325 0.5592814371257485 0.3333333333333333 0.5592814371257485 0.3358333333333333 0.5574850299401197 0.3358333333333333 0.5568862275449101 0.3408333333333333 0.5532934131736527 0.3416666666666667 0.5532934131736527 0.3425 0.5526946107784431 0.3433333333333333 0.5508982035928144 0.345 0.5497005988023952 0.3475 0.5497005988023952 0.34833333333333333 0.5502994011976048 0.35 0.5502994011976048 0.3541666666666667 0.5532934131736527 0.355 0.5532934131736527 0.3625 0.5562874251497006 0.3641666666666667 0.5562874251497006 0.365 0.5568862275449101 0.37 0.5568862275449101 0.37083333333333335 0.5574850299401197 0.37666666666666665 0.5574850299401197 0.3775 0.5580838323353293 0.38 0.5580838323353293 0.38083333333333336 0.5586826347305389 0.3825 0.5586826347305389 0.38333333333333336 0.5592814371257485 0.3858333333333333 0.5592814371257485 0.38666666666666666 0.5598802395209581 0.39 0.5598802395209581 0.3908333333333333 0.5604790419161677 0.39416666666666667 0.5604790419161677 0.395 0.5610778443113772 0.3983333333333333 0.5610778443113772 0.39916666666666667 0.5616766467065868 0.4033333333333333 0.5616766467065868 0.4075 0.5634730538922156 0.415 0.5634730538922156 0.4191666666666667 0.5616766467065868 0.42083333333333334 0.5616766467065868 0.4216666666666667 0.5610778443113772 0.4241666666666667 0.5604790419161677 0.4275 0.5580838323353293 0.42833333333333334 0.5580838323353293 0.43083333333333335 0.5562874251497006 0.43166666666666664 0.5562874251497006 0.43166666666666664 0.555688622754491 0.43333333333333335 0.5544910179640719 0.43333333333333335 0.5532934131736527 0.43416666666666665 0.5526946107784431 0.43416666666666665 0.5479041916167665 0.43166666666666664 0.5461077844311377 0.43083333333333335 0.5461077844311377 0.43 0.5455089820359281 0.42833333333333334 0.5455089820359281 0.4275 0.5449101796407185 0.42583333333333334 0.5449101796407185 0.425 0.5443113772455089 0.42333333333333334 0.5443113772455089 0.4225 0.5437125748502994 0.42 0.5437125748502994 0.4175 0.5425149700598803 0.41333333333333333 0.5419161676646707 0.41083333333333333 0.5407185628742515 0.4083333333333333 0.5407185628742515 0.4058333333333333 0.5395209580838324 0.4041666666666667 0.5395209580838324 0.40166666666666667 0.5383233532934132 0.4 0.5383233532934132 0.3958333333333333 0.5365269461077844 0.3933333333333333 0.5365269461077844 0.3908333333333333 0.5353293413173653 0.38916666666666666 0.5353293413173653 0.38333333333333336 0.5329341317365269 0.38083333333333336 0.5329341317365269 0.38 0.5323353293413173 0.37833333333333335 0.5323353293413173 0.37333333333333335 0.5299401197604791 0.37166666666666665 0.5299401197604791 0.37083333333333335 0.5293413173652695 0.36916666666666664 0.5293413173652695 0.36833333333333335 0.5287425149700599 0.36666666666666664 0.5287425149700599 0.36583333333333334 0.5281437125748503 0.3641666666666667 0.5281437125748503 0.36333333333333334 0.5275449101796407 0.3591666666666667 0.5269461077844312 0.3575 0.525748502994012 0.3575 0.5239520958083832 0.3566666666666667 0.5233532934131736 0.3566666666666667 0.5209580838323353 0.3575 0.5203592814371257 0.3575 0.518562874251497 0.35833333333333334 0.5179640718562875 0.35833333333333334 0.51437125748503 0.3591666666666667 0.5137724550898204 0.35833333333333334 0.5131736526946108 0.35833333333333334 0.5125748502994012 0.3575 0.5125748502994012 0.35333333333333333 0.5107784431137724 0.3516666666666667 0.5107784431137724 0.3491666666666667 0.5095808383233533 0.3458333333333333 0.5095808383233533 0.345 0.5089820359281437 0.3441666666666667 0.5095808383233533 0.3408333333333333 0.5095808383233533 0.33666666666666667 0.5125748502994012 0.33666666666666667 0.5137724550898204 0.3358333333333333 0.51437125748503 0.335 0.5161676646706587 0.3333333333333333 0.5173652694610779 0.3333333333333333 0.518562874251497 0.3325 0.5191616766467065 0.33166666666666667 0.5209580838323353 0.33 0.5221556886227545 0.3275 0.5263473053892216 0.3258333333333333 0.5275449101796407 0.3258333333333333 0.5293413173652695 0.325 0.5299401197604791 0.325 0.5311377245508982 0.32416666666666666 0.5317365269461077 0.3233333333333333 0.5347305389221557 0.32166666666666666 0.5365269461077844 0.32166666666666666 0.5377245508982036 0.32083333333333336 0.5383233532934132 0.32 0.5413173652694611 0.31833333333333336 0.5431137724550898 0.31833333333333336 0.5443113772455089 0.3175 0.5449101796407185 0.3175 0.5473053892215569
3 0.2075 0.5365269461077844 0.20583333333333334 0.5389221556886228 0.20583333333333334 0.5401197604790419 0.20416666666666666 0.5419161676646707 0.205 0.5526946107784431 0.20666666666666667 0.5526946107784431 0.22333333333333333 0.5586826347305389 0.2275 0.5592814371257485 0.23 0.5604790419161677 0.23166666666666666 0.5604790419161677 0.23666666666666666 0.5622754491017964 0.24 0.5622754491017964 0.2425 0.5634730538922156 0.2475 0.5640718562874252 0.25916666666666666 0.5682634730538922 0.2658333333333333 0.5694610778443113 0.27166666666666667 0.5718562874251497 0.2783333333333333 0.5730538922155689 0.28583333333333333 0.5760479041916168 0.2875 0.5760479041916168 0.2916666666666667 0.5778443113772455 0.29333333333333333 0.5778443113772455 0.2991666666666667 0.5802395209580838 0.30083333333333334 0.5802395209580838 0.30583333333333335 0.5820359281437125 0.3075 0.5820359281437125 0.31666666666666665 0.5856287425149701 0.31833333333333336 0.5856287425149701 0.3233333333333333 0.5874251497005988 0.3258333333333333 0.5904191616766467 0.3258333333333333 0.6005988023952096 0.3275 0.6017964071856288 0.3275 0.6029940119760479 0.335 0.6059880239520958 0.33666666666666667 0.6059880239520958 0.3375 0.6065868263473054 0.3408333333333333 0.6065868263473054 0.345 0.6035928143712574 0.3475 0.6029940119760479 0.3566666666666667 0.5964071856287425 0.35833333333333334 0.5922155688622754 0.36083333333333334 0.5898203592814372 0.3625 0.5874251497005988 0.3625 0.5862275449101796 0.365 0.5832335329341317 0.365 0.5820359281437125 0.36666666666666664 0.5802395209580838 0.36666666666666664 0.578443113772455 0.36916666666666664 0.574251497005988 0.36916666666666664 0.5676646706586826 0.37 0.567065868263473 0.37 0.5634730538922156 0.36916666666666664 0.562874251497006 0.36916666666666664 0.5610778443113772 0.3675 0.5598802395209581 0.36583333333333334 0.5598802395209581 0.3575 0.5568862275449101 0.3525 0.5568862275449101 0.3416666666666667 0.5634730538922156 0.3375 0.5652694610778443 0.335 0.5634730538922156 0.325 0.5598802395209581 0.305 0.555688622754491 0.2941666666666667 0.5520958083832336 0.2916666666666667 0.5520958083832336 0.28583333333333333 0.5497005988023952 0.2825 0.5491017964071856 0.2816666666666667 0.5479041916167665 0.2791666666666667 0.5467065868263473 0.2775 0.5467065868263473 0.27166666666666667 0.5443113772455089 0.26916666666666667 0.5443113772455089 0.2683333333333333 0.5437125748502994 0.25916666666666666 0.5419161676646707 0.25666666666666665 0.5407185628742515 0.25416666666666665 0.5407185628742515 0.24333333333333335 0.5365269461077844 0.24083333333333334 0.5365269461077844 0.23583333333333334 0.5347305389221557 0.23416666666666666 0.5347305389221557 0.23083333333333333 0.5329341317365269 0.22833333333333333 0.5329341317365269 0.22416666666666665 0.5317365269461077 0.215 0.5317365269461077 0.21416666666666667 0.5323353293413173 0.2125 0.5323353293413173
3 0.5266666666666666 0.4221556886227545 0.525 0.42035928143712575 0.5208333333333334 0.4179640718562874 0.5108333333333334 0.4179640718562874 0.51 0.418562874251497 0.5016666666666667 0.41916167664670656 0.495 0.4221556886227545 0.49 0.4227544910179641 0.4825 0.42574850299401196 0.47583333333333333 0.42694610778443115 0.4666666666666667 0.4305389221556886 0.46166666666666667 0.4311377245508982 0.45 0.4353293413173653 0.4475 0.4353293413173653 0.44416666666666665 0.437125748502994 0.4425 0.437125748502994 0.44 0.43832335329341315 0.43583333333333335 0.43892215568862275 0.43333333333333335 0.44011976047904194 0.43166666666666664 0.44011976047904194 0.4266666666666667 0.4419161676646707 0.4241666666666667 0.4419161676646707 0.42333333333333334 0.4425149700598802 0.4191666666666667 0.4431137724550898 0.4116666666666667 0.44610778443113774 0.4075 0.4467065868263473 0.3958333333333333 0.45089820359281435 0.39 0.4502994011976048 0.3858333333333333 0.4473053892215569 0.3825 0.44610778443113774 0.38083333333333336 0.444311377245509 0.37666666666666665 0.4431137724550898 0.375 0.44491017964071855 0.3675 0.4473053892215569 0.365 0.4502994011976048 0.3641666666666667 0.4550898203592814 0.365 0.455688622754491 0.365 0.45808383233532934 0.3675 0.46107784431137727 0.3675 0.462874251497006 0.36833333333333335 0.46347305389221555 0.36916666666666664 0.4664670658682635 0.37083333333333335 0.4676646706586826 0.37083333333333335 0.4688622754491018 0.37166666666666665 0.4694610778443114 0.3725 0.47365269461077847 0.37583333333333335 0.47604790419161674 0.37583333333333335 0.47784431137724553 0.37833333333333335 0.4820359281437126 0.38 0.48323353293413174 0.38083333333333336 0.48502994011976047 0.38416666666666666 0.48862275449101794 0.3875 0.49101796407185627 0.39416666666666667 0.4934131736526946 0.39666666666666667 0.4934131736526946 0.39916666666666667 0.49161676646706587 0.4041666666666667 0.48982035928143713 0.4041666666666667 0.4880239520958084 0.405 0.4874251497005988 0.405 0.48263473053892214 0.4041666666666667 0.4820359281437126 0.405 0.4808383233532934 0.405 0.474251497005988 0.4075 0.4724550898203593 0.4091666666666667 0.4724550898203593 0.41 0.4718562874251497 0.41833333333333333 0.4718562874251497 0.4191666666666667 0.47125748502994014 0.42333333333333334 0.47065868263473054 0.42916666666666664 0.4682634730538922 0.43083333333333335 0.4682634730538922 0.43333333333333335 0.46706586826347307 0.43583333333333335 0.46706586826347307 0.44166666666666665 0.46467065868263474 0.44333333333333336 0.46467065868263474 0.44916666666666666 0.4622754491017964 0.4508333333333333 0.4622754491017964 0.455 0.4598802395209581 0.45666666666666667 0.4598802395209581 0.46 0.45868263473053894 0.4625 0.45868263473053894 0.4716666666666667 0.4550898203592814 0.475 0.4544910179640719 0.4766666666666667 0.4532934131736527 0.4816666666666667 0.45149700598802395 0.48333333333333334 0.45149700598802395 0.49 0.4491017964071856 0.5041666666666667 0.44610778443113774 0.5083333333333333 0.444311377245509 0.51 0.444311377245509 0.5133333333333333 0.4431137724550898 0.5166666666666667 0.4431137724550898 0.52 0.4407185628742515 0.5216666666666666 0.4407185628742515 0.53 0.4353293413173653 0.53 0.4341317365269461 0.5308333333333334 0.43353293413173655 0.5308333333333334 0.4293413173652695 0.53 0.4287425149700599 0.53 0.42634730538922155 0.5275 0.4239520958083832
3 0.5641666666666667 0.6455089820359281 0.5616666666666666 0.644311377245509 0.56 0.640119760479042 0.555 0.6353293413173653 0.5508333333333333 0.6293413173652694 0.5475 0.6269461077844312 0.5441666666666667 0.6263473053892216 0.5425 0.6275449101796408 0.5325 0.6311377245508982 0.5316666666666666 0.6323353293413174 0.5316666666666666 0.6425149700598802 0.5266666666666666 0.6467065868263473 0.5233333333333333 0.6479041916167665 0.5216666666666666 0.6479041916167665 0.5125 0.651497005988024 0.51 0.651497005988024 0.505 0.6544910179640718 0.5016666666666667 0.6544910179640718 0.49916666666666665 0.655688622754491 0.4975 0.655688622754491 0.49416666666666664 0.6574850299401198 0.49 0.6580838323353293 0.4841666666666667 0.6604790419161677 0.475 0.6622754491017964 0.4666666666666667 0.6652694610778443 0.4625 0.665868263473054 0.4608333333333333 0.667065868263473 0.45916666666666667 0.667065868263473 0.45666666666666667 0.6682634730538922 0.45 0.6694610778443114 0.4425 0.6724550898203593 0.43583333333333335 0.6736526946107785 0.43 0.6760479041916168 0.42833333333333334 0.6760479041916168 0.4216666666666667 0.6784431137724551 0.4166666666666667 0.6808383233532934 0.41083333333333333 0.6850299401197605 0.41083333333333333 0.6862275449101797 0.41 0.6868263473053893 0.41 0.6904191616766467 0.41083333333333333 0.6910179640718563 0.41083333333333333 0.692814371257485 0.4141666666666667 0.6976047904191617 0.41583333333333333 0.6988023952095809 0.42083333333333334 0.7005988023952096 0.4266666666666667 0.7005988023952096 0.42916666666666664 0.6994011976047905 0.43333333333333335 0.6988023952095809 0.44083333333333335 0.6958083832335329 0.4425 0.6958083832335329 0.44666666666666666 0.6940119760479042 0.45166666666666666 0.6934131736526946 0.45416666666666666 0.6922155688622754 0.4658333333333333 0.6898203592814371 0.4716666666666667 0.6874251497005988 0.47333333333333333 0.6874251497005988 0.47833333333333333 0.6856287425149701 0.4825 0.6850299401197605 0.4866666666666667 0.6832335329341317 0.5075 0.6790419161676646 0.5158333333333334 0.6760479041916168 0.5275 0.6736526946107785 0.5325 0.6712574850299401 0.535 0.6712574850299401 0.5433333333333333 0.6688622754491018 0.5483333333333333 0.6694610778443114 0.5516666666666666 0.6718562874251497 0.5525 0.6736526946107785 0.555 0.6754491017964072 0.5558333333333333 0.677245508982036 0.5591666666666667 0.6790419161676646 0.5633333333333334 0.6790419161676646 0.5683333333333334 0.677245508982036 0.57 0.677245508982036 0.5758333333333333 0.6736526946107785 0.5758333333333333 0.670059880239521 0.5725 0.6652694610778443 0.5716666666666667 0.6622754491017964 0.5691666666666667 0.6598802395209581 0.5683333333333334 0.6550898203592814 0.565 0.6497005988023952
3 0.46416666666666667 0.5820359281437125 0.4583333333333333 0.5820359281437125 0.4575 0.581437125748503 0.4508333333333333 0.5808383233532934 0.44666666666666666 0.5826347305389221 0.44166666666666665 0.5862275449101796 0.44083333333333335 0.5874251497005988 0.44166666666666665 0.5910179640718562 0.44333333333333336 0.5922155688622754 0.445 0.5922155688622754 0.4483333333333333 0.5934131736526946 0.45 0.5952095808383233 0.44916666666666666 0.6011976047904192 0.44583333333333336 0.6059880239520958 0.43916666666666665 0.611377245508982 0.4375 0.61437125748503 0.43166666666666664 0.6197604790419161 0.42916666666666664 0.6233532934131737 0.4241666666666667 0.6269461077844312 0.42083333333333334 0.6311377245508982 0.41583333333333333 0.6347305389221557 0.415 0.6365269461077845 0.4116666666666667 0.640119760479042 0.4075 0.6431137724550898 0.4066666666666667 0.6449101796407186 0.4033333333333333 0.6485029940119761 0.4008333333333333 0.6502994011976048 0.4 0.6502994011976048 0.39916666666666667 0.6520958083832336 0.39666666666666667 0.6538922155688622 0.3958333333333333 0.655688622754491 0.39166666666666666 0.6586826347305389 0.37666666666666665 0.6754491017964072 0.37666666666666665 0.677245508982036 0.37583333333333335 0.6778443113772455 0.37666666666666665 0.6784431137724551 0.37666666666666665 0.6820359281437126 0.38083333333333336 0.6850299401197605 0.38333333333333336 0.6856287425149701 0.385 0.6868263473053893 0.38666666666666666 0.6868263473053893 0.3908333333333333 0.6892215568862275 0.3925 0.6892215568862275 0.3958333333333333 0.6904191616766467 0.3983333333333333 0.6892215568862275 0.4 0.6892215568862275 0.4058333333333333 0.6856287425149701 0.4066666666666667 0.6856287425149701 0.41083333333333333 0.6820359281437126 0.4116666666666667 0.6820359281437126 0.41333333333333333 0.6790419161676646 0.4166666666666667 0.6766467065868264 0.42 0.6718562874251497 0.4266666666666667 0.6664670658682634 0.4275 0.6640718562874252 0.435 0.6580838323353293 0.43583333333333335 0.6562874251497006 0.43833333333333335 0.6544910179640718 0.43916666666666665 0.6544910179640718 0.44 0.6526946107784432 0.44333333333333336 0.6502994011976048 0.44416666666666665 0.6485029940119761 0.4508333333333333 0.6431137724550898 0.45166666666666666 0.641317365269461 0.45916666666666667 0.6353293413173653 0.46 0.6335329341317365 0.4633333333333333 0.6311377245508982 0.465 0.6287425149700598 0.4675 0.6269461077844312 0.4683333333333333 0.6251497005988024 0.475 0.6197604790419161 0.47583333333333333 0.6179640718562874 0.4775 0.6167664670658682 0.4825 0.6161676646706586 0.48583333333333334 0.618562874251497 0.4875 0.618562874251497 0.48833333333333334 0.6191616766467066 0.495 0.6191616766467066 0.5 0.6173652694610778 0.5016666666666667 0.6173652694610778 0.5083333333333333 0.6125748502994012 0.5091666666666667 0.611377245508982 0.5083333333333333 0.6071856287425149 0.5008333333333334 0.6017964071856288 0.49916666666666665 0.5994011976047904 0.49666666666666665 0.5976047904191617 0.48833333333333334 0.5946107784431137 0.4825 0.5910179640718562 0.4766666666666667 0.5892215568862276
3 0.4225 0.47365269461077847 0.4225 0.48263473053892214 0.4266666666666667 0.4868263473053892 0.4325 0.48862275449101794 0.43416666666666665 0.48982035928143713 0.44583333333333336 0.49221556886227547 0.4508333333333333 0.4940119760479042 0.4533333333333333 0.4940119760479042 0.45416666666666666 0.4946107784431138 0.4608333333333333 0.49580838323353293 0.4708333333333333 0.4994011976047904 0.47333333333333333 0.4994011976047904 0.4741666666666667 0.5 0.4766666666666667 0.5 0.4775 0.5005988023952096 0.4866666666666667 0.5017964071856288 0.4891666666666667 0.5029940119760479 0.4925 0.5029940119760479 0.4975 0.5047904191616767 0.5016666666666667 0.5047904191616767 0.5091666666666667 0.5083832335329341 0.5175 0.5101796407185629 0.5191666666666667 0.511377245508982 0.5258333333333334 0.5125748502994012 0.53 0.51437125748503 0.5325 0.51437125748503 0.5375 0.5161676646706587 0.54 0.5161676646706587 0.5433333333333333 0.5173652694610779 0.5491666666666667 0.5179640718562875 0.5533333333333333 0.5209580838323353 0.5533333333333333 0.5227544910179641 0.5525 0.5233532934131736 0.5525 0.5299401197604791 0.5516666666666666 0.5305389221556887 0.5516666666666666 0.5329341317365269 0.5558333333333333 0.5347305389221557 0.5608333333333333 0.5353293413173653 0.5633333333333334 0.5365269461077844 0.565 0.5365269461077844 0.5683333333333334 0.5353293413173653 0.5683333333333334 0.5347305389221557 0.5716666666666667 0.5323353293413173 0.5725 0.5305389221556887 0.5766666666666667 0.5263473053892216 0.5783333333333334 0.5233532934131736 0.585 0.518562874251497 0.5908333333333333 0.5167664670658683 0.5941666666666666 0.5137724550898204 0.5941666666666666 0.5083832335329341 0.5925 0.5053892215568863 0.5925 0.49880239520958086 0.5916666666666667 0.49820359281437127 0.5916666666666667 0.49640718562874253 0.5925 0.49580838323353293 0.5916666666666667 0.48862275449101794 0.5883333333333334 0.48622754491017967 0.5866666666666667 0.48622754491017967 0.5858333333333333 0.48562874251497007 0.5783333333333334 0.48502994011976047 0.5775 0.4844311377245509 0.5741666666666667 0.48502994011976047 0.5716666666666667 0.4868263473053892 0.5708333333333333 0.48862275449101794 0.5683333333333334 0.49041916167664673 0.5658333333333333 0.4934131736526946 0.5641666666666667 0.4946107784431138 0.56 0.49520958083832334 0.5558333333333333 0.4934131736526946 0.5508333333333333 0.492814371257485 0.55 0.49221556886227547 0.5483333333333333 0.49221556886227547 0.5475 0.49161676646706587 0.5458333333333333 0.49161676646706587 0.535 0.48862275449101794 0.5316666666666666 0.48862275449101794 0.5291666666666667 0.4874251497005988 0.5266666666666666 0.4874251497005988 0.5216666666666666 0.48562874251497007 0.5183333333333333 0.48562874251497007 0.5141666666666667 0.48383233532934133 0.51 0.48323353293413174 0.5075 0.4820359281437126 0.5025 0.481437125748503 0.4925 0.4784431137724551 0.4866666666666667 0.47784431137724553 0.4816666666666667 0.47604790419161674 0.4791666666666667 0.47604790419161674 0.4708333333333333 0.47365269461077847 0.4683333333333333 0.47365269461077847 0.465 0.4724550898203593 0.4625 0.4724550898203593 0.46 0.47125748502994014 0.455 0.47065868263473054 0.44916666666666666 0.4682634730538922 0.44666666666666666 0.4682634730538922 0.44583333333333336 0.4676646706586826 0.4375 0.4676646706586826 0.43666666666666665 0.4682634730538922 0.43166666666666664 0.4682634730538922 0.4266666666666667 0.47005988023952094
4 0.5941666666666666 0.35449101796407184 0.5933333333333334 0.35508982035928144 0.59 0.35508982035928144 0.5891666666666666 0.35568862275449104 0.5866666666666667 0.35568862275449104 0.5858333333333333 0.3562874251497006 0.5816666666666667 0.3568862275449102 0.5783333333333334 0.3586826347305389 0.575 0.3592814371257485 0.57 0.36107784431137724 0.5675 0.362874251497006 0.5616666666666666 0.3646706586826347 0.5591666666666667 0.3664670658682635 0.5566666666666666 0.36706586826347304 0.5541666666666667 0.3688622754491018 0.5533333333333333 0.3688622754491018 0.5533333333333333 0.36946107784431137 0.5508333333333333 0.3712574850299401 0.5483333333333333 0.3718562874251497 0.5441666666666667 0.37485029940119763 0.5408333333333334 0.37604790419161677 0.535 0.38023952095808383 0.5341666666666667 0.38023952095808383 0.53 0.3838323353293413 0.5283333333333333 0.3844311377245509 0.5283333333333333 0.3850299401197605 0.525 0.3874251497005988 0.5241666666666667 0.38862275449101796 0.5241666666666667 0.3898203592814371 0.5225 0.3916167664670659 0.5225 0.3934131736526946 0.5233333333333333 0.39401197604790417 0.5233333333333333 0.39520958083832336 0.525 0.3976047904191617 0.5308333333333334 0.4023952095808383 0.5316666666666666 0.4041916167664671 0.5333333333333333 0.4053892215568862 0.5375 0.4053892215568862 0.5383333333333333 0.4059880239520958 0.5408333333333334 0.4059880239520958 0.5425 0.40479041916167663 0.5433333333333333 0.40479041916167663 0.545 0.4035928143712575 0.5508333333333333 0.40119760479041916 0.5525 0.40119760479041916 0.5558333333333333 0.4 0.5591666666666667 0.40119760479041916 0.5683333333333334 0.40778443113772456 0.5683333333333334 0.4089820359281437 0.57 0.411377245508982 0.5725 0.41317365269461076 0.5741666666666667 0.4155688622754491 0.5775 0.4179640718562874 0.5775 0.418562874251497 0.5808333333333333 0.4215568862275449 0.5816666666666667 0.4233532934131736 0.5858333333333333 0.42634730538922155 0.5858333333333333 0.42694610778443115 0.5891666666666666 0.429940119760479 0.59 0.43173652694610776 0.5941666666666666 0.4347305389221557 0.595 0.4365269461077844 0.5975 0.43832335329341315 0.5975 0.43892215568862275 0.6016666666666667 0.4425149700598802 0.6016666666666667 0.4431137724550898 0.6066666666666667 0.4467065868263473 0.6075 0.4479041916167665 0.6108333333333333 0.4485029940119761 0.6116666666666667 0.4491017964071856 0.6133333333333333 0.4491017964071856 0.6141666666666666 0.4497005988023952 0.6166666666666667 0.4497005988023952 0.6175 0.4491017964071856 0.6191666666666666 0.4491017964071856 0.62 0.4485029940119761 0.6216666666666667 0.4485029940119761 0.625 0.4473053892215569 0.6308333333333334 0.444311377245509 0.6308333333333334 0.4437125748502994 0.6366666666666667 0.43892215568862275 0.6366666666666667 0.43832335329341315 0.6383333333333333 0.4377245508982036 0.6416666666666667 0.4353293413173653 0.6425 0.4341317365269461 0.6425 0.4305389221556886 0.6416666666666667 0.429940119760479 0.6408333333333334 0.4275449101796407 0.6391666666666667 0.42634730538922155 0.6375 0.4233532934131736 0.635 0.4215568862275449 0.6341666666666667 0.41976047904191616 0.6308333333333334 0.4173652694610778 0.63 0.4155688622754491 0.6266666666666667 0.41317365269461076 0.6266666666666667 0.4125748502994012 0.6233333333333333 0.4095808383233533 0.6225 0.40778443113772456 0.6216666666666667 0.40778443113772456 0.6183333333333333 0.40479041916167663 0.615 0.4 0.6083333333333333 0.39401197604790417 0.6075 0.39221556886227543 0.5991666666666666 0.38622754491017963 0.5958333333333333 0.38203592814371257 0.5958333333333333 0.37964071856287424 0.5966666666666667 0.3784431137724551 0.5991666666666666 0.37664670658682636 0.5991666666666666 0.37604790419161677 0.6041666666666666 0.3718562874251497 0.6041666666666666 0.3712574850299401 0.6075 0.3688622754491018 0.6075 0.3652694610778443 0.6041666666666666 0.36227544910179643 0.6033333333333334 0.36047904191616764 0.6008333333333333 0.3586826347305389 0.5991666666666666 0.3562874251497006
