5 0.013425925925925926 0.2838541666666667 0.011111111111111112 0.2838541666666667 0.010648148148148148 0.28359375 0.004629629629629629 0.28359375 0.004166666666666667 0.2838541666666667 0.002777777777777778 0.2838541666666667 0.0023148148148148147 0.28411458333333334 0.0 0.28411458333333334 0.0 0.3151041666666667 0.006481481481481481 0.3151041666666667 0.006944444444444444 0.31484375 0.010185185185185186 0.31484375 0.010648148148148148 0.3145833333333333 0.014814814814814815 0.3145833333333333 0.015277777777777777 0.3143229166666667 0.016666666666666666 0.3143229166666667 0.01712962962962963 0.3140625 0.017592592592592594 0.3140625 0.018055555555555554 0.3138020833333333 0.018518518518518517 0.3138020833333333 0.01898148148148148 0.31354166666666666 0.020370370370370372 0.31328125 0.021296296296296296 0.31276041666666665 0.02175925925925926 0.31276041666666665 0.02361111111111111 0.31171875 0.024074074074074074 0.31171875 0.02638888888888889 0.3104166666666667 0.02638888888888889 0.31015625 0.027314814814814816 0.30963541666666666 0.027314814814814816 0.309375 0.029166666666666667 0.30833333333333335 0.02962962962962963 0.30755208333333334 0.030555555555555555 0.30703125 0.030555555555555555 0.3067708333333333 0.031018518518518518 0.3065104166666667 0.031018518518518518 0.3059895833333333 0.03148148148148148 0.30572916666666666 0.03148148148148148 0.30520833333333336 0.032407407407407406 0.30442708333333335 0.032407407407407406 0.30390625 0.03287037037037037 0.30364583333333334 0.03287037037037037 0.3028645833333333 0.03333333333333333 0.3026041666666667 0.03333333333333333 0.29713541666666665 0.03287037037037037 0.296875 0.03287037037037037 0.2953125 0.032407407407407406 0.2950520833333333 0.032407407407407406 0.29453125 0.03194444444444444 0.2942708333333333 0.03194444444444444 0.29401041666666666 0.03148148148148148 0.29375 0.03148148148148148 0.29348958333333336 0.031018518518518518 0.29322916666666665 0.031018518518518518 0.29296875 0.030555555555555555 0.29270833333333335 0.03009259259259259 0.29192708333333334 0.029166666666666667 0.29140625 0.029166666666666667 0.2911458333333333 0.028703703703703703 0.2908854166666667 0.028703703703703703 0.290625 0.027777777777777776 0.29010416666666666 0.027314814814814816 0.28932291666666665 0.025925925925925925 0.28854166666666664 0.025925925925925925 0.28828125 0.02361111111111111 0.2869791666666667 0.023148148148148147 0.2869791666666667 0.022222222222222223 0.2864583333333333 0.02175925925925926 0.2864583333333333 0.020833333333333332 0.2859375 0.020370370370370372 0.2859375 0.018055555555555554 0.28489583333333335 0.017592592592592594 0.28489583333333335 0.01712962962962963 0.28463541666666664 0.016203703703703703 0.28463541666666664 0.01574074074074074 0.284375 0.014814814814814815 0.284375
5 0.014351851851851852 0.31484375 0.007407407407407408 0.31484375 0.006944444444444444 0.3151041666666667 0.0 0.3151041666666667 0.0 0.34609375 0.002777777777777778 0.34609375 0.0032407407407407406 0.3463541666666667 0.005092592592592593 0.3463541666666667 0.005555555555555556 0.34661458333333334 0.007407407407407408 0.34661458333333334 0.00787037037037037 0.3463541666666667 0.013888888888888888 0.3463541666666667 0.014351851851851852 0.34609375 0.017592592592592594 0.34609375 0.018055555555555554 0.3458333333333333 0.019444444444444445 0.3458333333333333 0.01990740740740741 0.3455729166666667 0.021296296296296296 0.3455729166666667 0.02175925925925926 0.3453125 0.022222222222222223 0.3453125 0.022685185185185187 0.3450520833333333 0.023148148148148147 0.3450520833333333 0.02361111111111111 0.34479166666666666 0.025 0.34453125 0.026851851851851852 0.34348958333333335 0.027314814814814816 0.34348958333333335 0.02962962962962963 0.3421875 0.03009259259259259 0.3421875 0.031018518518518518 0.3416666666666667 0.031018518518518518 0.34140625 0.03287037037037037 0.34036458333333336 0.03287037037037037 0.34010416666666665 0.033796296296296297 0.33958333333333335 0.033796296296296297 0.33932291666666664 0.034722222222222224 0.33880208333333334 0.034722222222222224 0.3385416666666667 0.03564814814814815 0.3377604166666667 0.03564814814814815 0.3372395833333333 0.03611111111111111 0.33697916666666666 0.03611111111111111 0.33645833333333336 0.03657407407407407 0.33619791666666665 0.03657407407407407 0.33567708333333335 0.037037037037037035 0.33541666666666664 0.037037037037037035 0.3346354166666667 0.0375 0.334375 0.0375 0.3333333333333333 0.03796296296296296 0.33307291666666666 0.03796296296296296 0.3307291666666667 0.038425925925925926 0.33046875 0.038425925925925926 0.3294270833333333 0.03796296296296296 0.32916666666666666 0.03796296296296296 0.32786458333333335 0.0375 0.32760416666666664 0.0375 0.3263020833333333 0.037037037037037035 0.3260416666666667 0.037037037037037035 0.3255208333333333 0.03657407407407407 0.32526041666666666 0.03657407407407407 0.325 0.03611111111111111 0.32473958333333336 0.03611111111111111 0.32447916666666665 0.03564814814814815 0.32421875 0.03564814814814815 0.32395833333333335 0.03518518518518519 0.32369791666666664 0.034722222222222224 0.3229166666666667 0.033796296296296297 0.3223958333333333 0.03333333333333333 0.3216145833333333 0.03194444444444444 0.32083333333333336 0.03194444444444444 0.32057291666666665 0.027314814814814816 0.31796875 0.026851851851851852 0.31796875 0.02638888888888889 0.3177083333333333 0.025925925925925925 0.3177083333333333 0.02546296296296296 0.31744791666666666 0.025 0.31744791666666666 0.024537037037037038 0.3171875 0.024074074074074074 0.3171875 0.02361111111111111 0.31692708333333336 0.022222222222222223 0.31666666666666665 0.020833333333333332 0.31588541666666664 0.01990740740740741 0.31588541666666664 0.019444444444444445 0.315625 0.018518518518518517 0.315625 0.018055555555555554 0.31536458333333334 0.016203703703703703 0.31536458333333334 0.01574074074074074 0.3151041666666667 0.014814814814814815 0.3151041666666667
0 0.0 0.5825520833333333 0.0 0.6013020833333333 0.001851851851851852 0.6013020833333333 0.0023148148148148147 0.6010416666666667 0.002777777777777778 0.6010416666666667 0.0032407407407407406 0.60078125 0.004166666666666667 0.60078125 0.005555555555555556 0.6002604166666666 0.0060185185185185185 0.6005208333333333 0.007407407407407408 0.6005208333333333 0.00787037037037037 0.60078125 0.009722222222222222 0.60078125 0.010648148148148148 0.6013020833333333 0.012037037037037037 0.6015625 0.013425925925925926 0.60234375 0.01574074074074074 0.6028645833333334 0.016666666666666666 0.6033854166666667 0.01712962962962963 0.6033854166666667 0.019444444444444445 0.6041666666666666 0.020370370370370372 0.6041666666666666 0.020833333333333332 0.6044270833333333 0.021296296296296296 0.6044270833333333 0.022222222222222223 0.6049479166666667 0.022685185185185187 0.6049479166666667 0.02546296296296296 0.6065104166666667 0.025925925925925925 0.6065104166666667 0.02638888888888889 0.6067708333333334 0.027777777777777776 0.6067708333333334 0.02824074074074074 0.60703125 0.029166666666666667 0.60703125 0.03148148148148148 0.6080729166666666 0.03194444444444444 0.6080729166666666 0.032407407407407406 0.6083333333333333 0.03287037037037037 0.6083333333333333 0.03333333333333333 0.60859375 0.03564814814814815 0.6091145833333333 0.03657407407407407 0.6096354166666667 0.037037037037037035 0.6096354166666667 0.03935185185185185 0.6104166666666667 0.04027777777777778 0.6104166666666667 0.040740740740740744 0.6106770833333334 0.04212962962962963 0.6106770833333334 0.04259259259259259 0.6104166666666667 0.04490740740740741 0.6104166666666667 0.04537037037037037 0.61015625 0.04583333333333333 0.61015625 0.049074074074074076 0.6091145833333333 0.050462962962962966 0.6091145833333333 0.05092592592592592 0.6088541666666667 0.05185185185185185 0.6088541666666667 0.05277777777777778 0.6083333333333333 0.053703703703703705 0.60703125 0.05324074074074074 0.6067708333333334 0.05324074074074074 0.6059895833333333 0.05277777777777778 0.6057291666666667 0.05277777777777778 0.6049479166666667 0.052314814814814814 0.6046875 0.052314814814814814 0.6041666666666666 0.05185185185185185 0.60390625 0.05185185185185185 0.6033854166666667 0.05138888888888889 0.6033854166666667 0.049074074074074076 0.6020833333333333 0.04861111111111111 0.6020833333333333 0.047685185185185185 0.6015625 0.04722222222222222 0.6015625 0.04583333333333333 0.60078125 0.04537037037037037 0.60078125 0.04398148148148148 0.6 0.04351851851851852 0.6 0.04259259259259259 0.5994791666666667 0.03796296296296296 0.5984375 0.037037037037037035 0.5979166666666667 0.03564814814814815 0.59765625 0.034722222222222224 0.5971354166666667 0.03425925925925926 0.5971354166666667 0.03333333333333333 0.5966145833333333 0.03287037037037037 0.5966145833333333 0.028703703703703703 0.59453125 0.02824074074074074 0.59453125 0.027314814814814816 0.5940104166666667 0.026851851851851852 0.5940104166666667 0.024537037037037038 0.5927083333333333 0.024074074074074074 0.5927083333333333 0.019444444444444445 0.5901041666666667 0.019444444444444445 0.58984375 0.018518518518518517 0.5893229166666667 0.018518518518518517 0.5888020833333333 0.018055555555555554 0.5885416666666666 0.018055555555555554 0.5880208333333333 0.017592592592592594 0.5877604166666667 0.017592592592592594 0.5872395833333334 0.01712962962962963 0.5869791666666667 0.01712962962962963 0.58671875 0.015277777777777777 0.5856770833333333 0.014814814814814815 0.5856770833333333 0.014351851851851852 0.5854166666666667 0.012962962962962963 0.5854166666666667 0.0125 0.58515625 0.010648148148148148 0.58515625 0.010185185185185186 0.5848958333333333 0.005555555555555556 0.5848958333333333 0.001388888888888889 0.5825520833333333
0 0.05555555555555555 0.3736979166666667 0.055092592592592596 0.3736979166666667 0.05277777777777778 0.37265625 0.04814814814814815 0.37265625 0.047685185185185185 0.3729166666666667 0.04722222222222222 0.3729166666666667 0.044444444444444446 0.37421875 0.044444444444444446 0.37447916666666664 0.03518518518518519 0.37994791666666666 0.03518518518518519 0.3802083333333333 0.033796296296296297 0.3809895833333333 0.033796296296296297 0.38125 0.03287037037037037 0.38177083333333334 0.03287037037037037 0.38203125 0.03194444444444444 0.38255208333333335 0.03194444444444444 0.3828125 0.030555555555555555 0.38359375 0.030555555555555555 0.38385416666666666 0.028703703703703703 0.3848958333333333 0.028703703703703703 0.38515625 0.026851851851851852 0.38619791666666664 0.026851851851851852 0.38645833333333335 0.02638888888888889 0.38671875 0.025925925925925925 0.38671875 0.025 0.38723958333333336 0.023148148148148147 0.38723958333333336 0.022685185185185187 0.3875 0.01898148148148148 0.3875 0.018518518518518517 0.38723958333333336 0.01712962962962963 0.38723958333333336 0.016666666666666666 0.3875 0.013425925925925926 0.38776041666666666 0.013425925925925926 0.3880208333333333 0.0125 0.3888020833333333 0.0125 0.38984375 0.012037037037037037 0.39010416666666664 0.012037037037037037 0.390625 0.011574074074074073 0.39088541666666665 0.011574074074074073 0.39140625 0.011111111111111112 0.39166666666666666 0.011111111111111112 0.3919270833333333 0.00787037037037037 0.39375 0.007407407407407408 0.39375 0.004629629629629629 0.39505208333333336 0.004629629629629629 0.3953125 0.0032407407407407406 0.3963541666666667 0.0023148148148148147 0.39869791666666665 0.001388888888888889 0.39921875 0.0 0.39921875 0.0 0.4015625 0.001851851851851852 0.4015625 0.0023148148148148147 0.40182291666666664 0.0023148148148148147 0.40234375 0.0032407407407407406 0.40286458333333336 0.0032407407407407406 0.403125 0.005092592592592593 0.4041666666666667 0.005555555555555556 0.4041666666666667 0.008796296296296297 0.40520833333333334 0.009722222222222222 0.40520833333333334 0.012962962962962963 0.40625 0.013888888888888888 0.40625 0.014351851851851852 0.40651041666666665 0.01574074074074074 0.40677083333333336 0.01712962962962963 0.4075520833333333 0.018055555555555554 0.4075520833333333 0.019444444444444445 0.4080729166666667 0.02175925925925926 0.4080729166666667 0.022222222222222223 0.4083333333333333 0.024537037037037038 0.4083333333333333 0.025 0.40859375 0.02546296296296296 0.4083333333333333 0.029166666666666667 0.4083333333333333 0.02962962962962963 0.4080729166666667 0.03009259259259259 0.4080729166666667 0.034722222222222224 0.40546875 0.034722222222222224 0.40520833333333334 0.03518518518518519 0.4049479166666667 0.03564814814814815 0.4049479166666667 0.037037037037037035 0.4041666666666667 0.037037037037037035 0.40390625 0.038425925925925926 0.403125 0.038425925925925926 0.40286458333333336 0.0412037037037037 0.40078125 0.0412037037037037 0.4002604166666667 0.041666666666666664 0.4 0.041666666666666664 0.39739583333333334 0.04212962962962963 0.3971354166666667 0.04212962962962963 0.3932291666666667 0.04259259259259259 0.39296875 0.04259259259259259 0.3921875 0.043055555555555555 0.3919270833333333 0.043055555555555555 0.39140625 0.04351851851851852 0.39114583333333336 0.04398148148148148 0.39036458333333335 0.04490740740740741 0.38984375 0.04537037037037037 0.3890625 0.04953703703703704 0.38671875 0.05 0.38671875 0.05138888888888889 0.3859375 0.05185185185185185 0.3859375 0.052314814814814814 0.38567708333333334 0.052314814814814814 0.38515625 0.05277777777777778 0.3848958333333333 0.053703703703703705 0.38359375 0.05462962962962963 0.38307291666666665 0.05462962962962963 0.3828125 0.058333333333333334 0.3807291666666667 0.058333333333333334 0.38046875 0.0587962962962963 0.3802083333333333 0.0587962962962963 0.37942708333333336 0.05925925925925926 0.37916666666666665 0.05925925925925926 0.37864583333333335 0.059722222222222225 0.37838541666666664 0.059722222222222225 0.3776041666666667 0.06018518518518518 0.37734375 0.06018518518518518 0.3768229166666667 0.05740740740740741 0.375 0.05740740740740741 0.37473958333333335
3 0.05694444444444444 0.4544270833333333 0.05324074074074074 0.45625 0.05324074074074074 0.45651041666666664 0.04861111111111111 0.459375 0.04675925925925926 0.4625 0.04861111111111111 0.46510416666666665 0.052314814814814814 0.4661458333333333 0.05648148148148148 0.46588541666666666 0.05694444444444444 0.465625 0.060648148148148145 0.465625 0.06481481481481481 0.46796875 0.06666666666666667 0.46979166666666666 0.06666666666666667 0.4705729166666667 0.06898148148148148 0.47239583333333335 0.075 0.47942708333333334 0.07592592592592592 0.47994791666666664 0.07777777777777778 0.48203125 0.07777777777777778 0.4825520833333333 0.08101851851851852 0.48541666666666666 0.09212962962962963 0.49765625 0.09675925925925925 0.5015625 0.09907407407407408 0.5041666666666667 0.10185185185185185 0.5057291666666667 0.10416666666666667 0.50625 0.11018518518518519 0.50625 0.11064814814814815 0.5059895833333333 0.11574074074074074 0.5057291666666667 0.11851851851851852 0.5044270833333333 0.11898148148148148 0.50390625 0.11898148148148148 0.5028645833333333 0.11944444444444445 0.5026041666666666 0.11944444444444445 0.5005208333333333 0.11898148148148148 0.5002604166666667 0.11898148148148148 0.4986979166666667 0.11851851851851852 0.4984375 0.11805555555555555 0.496875 0.1162037037037037 0.49453125 0.11388888888888889 0.49270833333333336 0.1125 0.4903645833333333 0.10740740740740741 0.48463541666666665 0.10601851851851851 0.48385416666666664 0.10324074074074074 0.48046875 0.10138888888888889 0.4791666666666667 0.09907407407407408 0.4765625 0.09814814814814815 0.47604166666666664 0.09675925925925925 0.4739583333333333 0.09351851851851851 0.4713541666666667 0.09212962962962963 0.46901041666666665 0.0875 0.46380208333333334 0.08611111111111111 0.4627604166666667 0.08796296296296297 0.45989583333333334 0.08796296296296297 0.4591145833333333 0.09074074074074075 0.45625 0.09166666666666666 0.4557291666666667 0.09166666666666666 0.45416666666666666 0.09074074074074075 0.45338541666666665 0.08981481481481482 0.4518229166666667 0.08981481481481482 0.4510416666666667 0.0875 0.44973958333333336 0.08564814814814815 0.44973958333333336 0.08518518518518518 0.44947916666666665 0.08101851851851852 0.44947916666666665 0.08055555555555556 0.44973958333333336 0.07685185185185185 0.45 0.07361111111111111 0.45078125 0.07037037037037037 0.4510416666666667 0.06342592592592593 0.45286458333333335 0.06018518518518518 0.45338541666666665 0.05925925925925926 0.45390625
3 0.12685185185185185 0.3307291666666667 0.12407407407407407 0.3338541666666667 0.12407407407407407 0.334375 0.12129629629629629 0.3385416666666667 0.12129629629629629 0.33932291666666664 0.11898148148148148 0.34270833333333334 0.11851851851851852 0.3450520833333333 0.11805555555555555 0.3453125 0.11805555555555555 0.3463541666666667 0.11851851851851852 0.34661458333333334 0.11851851851851852 0.3489583333333333 0.11898148148148148 0.3494791666666667 0.12129629629629629 0.35052083333333334 0.12314814814814815 0.35104166666666664 0.12453703703703704 0.35104166666666664 0.1259259259259259 0.3515625 0.1310185185185185 0.3515625 0.13472222222222222 0.35052083333333334 0.13842592592592592 0.35052083333333334 0.14074074074074075 0.35 0.14351851851851852 0.35 0.1439814814814815 0.3502604166666667 0.1476851851851852 0.35078125 0.15 0.3515625 0.15416666666666667 0.35182291666666665 0.16574074074074074 0.3541666666666667 0.1675925925925926 0.3541666666666667 0.16805555555555557 0.35442708333333334 0.17083333333333334 0.3546875 0.17407407407407408 0.35572916666666665 0.175 0.35572916666666665 0.18101851851851852 0.3572916666666667 0.18472222222222223 0.3575520833333333 0.19027777777777777 0.359375 0.19166666666666668 0.359375 0.19444444444444445 0.36015625 0.19537037037037036 0.36015625 0.19768518518518519 0.3609375 0.20092592592592592 0.3611979166666667 0.20462962962962963 0.36223958333333334 0.20555555555555555 0.36223958333333334 0.20879629629629629 0.36302083333333335 0.21064814814814814 0.36302083333333335 0.2111111111111111 0.36328125 0.21666666666666667 0.36328125 0.22083333333333333 0.3611979166666667 0.22314814814814815 0.35703125 0.2222222222222222 0.35625 0.22175925925925927 0.35520833333333335 0.21898148148148147 0.3533854166666667 0.21712962962962962 0.353125 0.21435185185185185 0.35234375 0.21342592592592594 0.35182291666666665 0.21157407407407408 0.3515625 0.20879629629629629 0.35052083333333334 0.20787037037037037 0.35052083333333334 0.20462962962962963 0.3494791666666667 0.20092592592592592 0.34921875 0.1986111111111111 0.3484375 0.19768518518518519 0.3484375 0.1962962962962963 0.34791666666666665 0.19537037037037036 0.34791666666666665 0.19398148148148148 0.34739583333333335 0.19074074074074074 0.346875 0.18518518518518517 0.3450520833333333 0.1814814814814815 0.34453125 0.1763888888888889 0.34296875 0.17407407407407408 0.34270833333333334 0.17037037037037037 0.3416666666666667 0.16898148148148148 0.3416666666666667 0.1685185185185185 0.34140625 0.1648148148148148 0.34088541666666666 0.15787037037037038 0.33880208333333334 0.1550925925925926 0.3385416666666667 0.15185185185185185 0.3375 0.15092592592592594 0.3375 0.14814814814814814 0.33671875 0.1439814814814815 0.3338541666666667 0.1439814814814815 0.33255208333333336 0.14351851851851852 0.33229166666666665 0.14305555555555555 0.3299479166666667 0.1425925925925926 0.3299479166666667 0.13842592592592592 0.32760416666666664 0.13842592592592592 0.32734375 0.13796296296296295 0.32760416666666664 0.1361111111111111 0.32760416666666664 0.13564814814814816 0.32786458333333335 0.13148148148148148 0.328125 0.13055555555555556 0.32838541666666665
3 0.15092592592592594 0.4546875 0.15046296296296297 0.45677083333333335 0.15 0.45703125 0.15 0.4583333333333333 0.14907407407407408 0.4596354166666667 0.14907407407407408 0.46067708333333335 0.1486111111111111 0.4609375 0.1486111111111111 0.4622395833333333 0.14814814814814814 0.4627604166666667 0.1486111111111111 0.4630208333333333 0.1486111111111111 0.4640625 0.14907407407407408 0.46432291666666664 0.14907407407407408 0.46510416666666665 0.14953703703703702 0.46536458333333336 0.15 0.4666666666666667 0.15185185185185185 0.4671875 0.1527777777777778 0.4671875 0.15462962962962962 0.46770833333333334 0.1587962962962963 0.46796875 0.15925925925925927 0.46770833333333334 0.1625 0.4674479166666667 0.16435185185185186 0.4669270833333333 0.16574074074074074 0.4661458333333333 0.1675925925925926 0.4666666666666667 0.17083333333333334 0.4666666666666667 0.17314814814814813 0.46588541666666666 0.17546296296296296 0.4661458333333333 0.17685185185185184 0.4666666666666667 0.18101851851851852 0.4666666666666667 0.18425925925925926 0.4674479166666667 0.18564814814814815 0.4674479166666667 0.18796296296296297 0.46822916666666664 0.19490740740740742 0.46927083333333336 0.19768518518518519 0.4700520833333333 0.2037037037037037 0.4705729166666667 0.21296296296296297 0.47239583333333335 0.21666666666666667 0.47265625 0.22314814814814815 0.4744791666666667 0.22407407407407406 0.4744791666666667 0.23703703703703705 0.47708333333333336 0.23842592592592593 0.47708333333333336 0.2388888888888889 0.47734375 0.24583333333333332 0.47734375 0.2462962962962963 0.47708333333333336 0.24814814814814815 0.47708333333333336 0.25046296296296294 0.47630208333333335 0.25324074074074077 0.4744791666666667 0.2537037037037037 0.47239583333333335 0.25416666666666665 0.47213541666666664 0.25416666666666665 0.4708333333333333 0.25462962962962965 0.4705729166666667 0.2523148148148148 0.46770833333333334 0.2513888888888889 0.4671875 0.24953703703703703 0.4666666666666667 0.24814814814814815 0.4666666666666667 0.2449074074074074 0.46588541666666666 0.24351851851851852 0.46588541666666666 0.24305555555555555 0.465625 0.23935185185185184 0.46510416666666665 0.23796296296296296 0.46458333333333335 0.23703703703703705 0.46458333333333335 0.23425925925925925 0.46380208333333334 0.23287037037037037 0.46380208333333334 0.22777777777777777 0.4625 0.2263888888888889 0.4625 0.22314814814814815 0.46171875 0.22037037037037038 0.46145833333333336 0.2162037037037037 0.46015625 0.21388888888888888 0.45989583333333334 0.2125 0.459375 0.21157407407407408 0.459375 0.20555555555555555 0.45807291666666666 0.20092592592592592 0.45755208333333336 0.19953703703703704 0.45703125 0.1986111111111111 0.45703125 0.19722222222222222 0.45651041666666664 0.1962962962962963 0.45651041666666664 0.19490740740740742 0.45598958333333334 0.19398148148148148 0.45598958333333334 0.18981481481481483 0.4549479166666667 0.18472222222222223 0.45286458333333335 0.18287037037037038 0.45286458333333335 0.1787037037037037 0.4518229166666667 0.17685185185185184 0.4510416666666667 0.1763888888888889 0.44895833333333335 0.17592592592592593 0.44869791666666664 0.17592592592592593 0.4471354166666667 0.17453703703703705 0.4453125 0.1712962962962963 0.4432291666666667 0.16944444444444445 0.4427083333333333 0.16435185185185186 0.4432291666666667 0.16435185185185186 0.4434895833333333 0.1574074074074074 0.4471354166666667 0.1550925925925926 0.44973958333333336 0.15416666666666667 0.45026041666666666 0.1527777777777778 0.45286458333333335
0 0.16203703703703703 0.5796875 0.16157407407407406 0.5799479166666667 0.16064814814814815 0.5799479166666667 0.16018518518518518 0.5802083333333333 0.16018518518518518 0.58046875 0.1587962962962963 0.5817708333333333 0.1587962962962963 0.5822916666666667 0.15833333333333333 0.5825520833333333 0.15833333333333333 0.58359375 0.15787037037037038 0.5838541666666667 0.15787037037037038 0.5846354166666666 0.15833333333333333 0.5848958333333333 0.15833333333333333 0.5880208333333333 0.15787037037037038 0.58828125 0.15787037037037038 0.5890625 0.1574074074074074 0.5893229166666667 0.1574074074074074 0.58984375 0.15648148148148147 0.590625 0.15648148148148147 0.5911458333333334 0.15601851851851853 0.59140625 0.15601851851851853 0.5919270833333333 0.15555555555555556 0.5921875 0.15555555555555556 0.5958333333333333 0.15648148148148147 0.5963541666666666 0.15648148148148147 0.5966145833333333 0.1574074074074074 0.5971354166666667 0.1574074074074074 0.5973958333333333 0.15833333333333333 0.5979166666666667 0.15833333333333333 0.5981770833333333 0.16064814814814815 0.5997395833333333 0.16064814814814815 0.6005208333333333 0.16111111111111112 0.60078125 0.16111111111111112 0.6020833333333333 0.16157407407407406 0.60234375 0.16157407407407406 0.61015625 0.16203703703703703 0.6104166666666667 0.16203703703703703 0.6177083333333333 0.1625 0.61796875 0.1625 0.6190104166666667 0.16296296296296298 0.6192708333333333 0.16296296296296298 0.61953125 0.16574074074074074 0.62109375 0.16620370370370371 0.62109375 0.16666666666666666 0.6213541666666667 0.1685185185185185 0.6213541666666667 0.16898148148148148 0.6216145833333333 0.17037037037037037 0.6216145833333333 0.17083333333333334 0.6213541666666667 0.1726851851851852 0.6213541666666667 0.17314814814814813 0.62109375 0.17407407407407408 0.62109375 0.17546296296296296 0.6203125 0.17592592592592593 0.6203125 0.17685185185185184 0.6197916666666666 0.17731481481481481 0.6197916666666666 0.17777777777777778 0.61953125 0.17777777777777778 0.6192708333333333 0.1787037037037037 0.6184895833333334 0.1787037037037037 0.61796875 0.17916666666666667 0.6177083333333333 0.17916666666666667 0.6169270833333333 0.17962962962962964 0.6166666666666667 0.17962962962962964 0.615625 0.18009259259259258 0.6153645833333333 0.18009259259259258 0.61171875 0.18055555555555555 0.6114583333333333 0.18055555555555555 0.6083333333333333 0.18101851851851852 0.6080729166666666 0.18101851851851852 0.60546875 0.1814814814814815 0.6052083333333333 0.1814814814814815 0.6028645833333334 0.18194444444444444 0.6026041666666667 0.18194444444444444 0.6010416666666667 0.1824074074074074 0.60078125 0.1824074074074074 0.5994791666666667 0.18287037037037038 0.59921875 0.18287037037037038 0.5984375 0.18333333333333332 0.5981770833333333 0.18333333333333332 0.59765625 0.18703703703703703 0.5955729166666667 0.18703703703703703 0.59453125 0.1875 0.5942708333333333 0.1875 0.5934895833333333 0.18796296296296297 0.5932291666666667 0.18796296296296297 0.5927083333333333 0.1884259259259259 0.5924479166666666 0.1884259259259259 0.5919270833333333 0.18888888888888888 0.5916666666666667 0.18888888888888888 0.5885416666666666 0.1884259259259259 0.58828125 0.1884259259259259 0.5877604166666667 0.18888888888888888 0.5875 0.18888888888888888 0.5864583333333333 0.18935185185185185 0.5861979166666667 0.18935185185185185 0.5833333333333334 0.18518518518518517 0.58125 0.1837962962962963 0.58125 0.18333333333333332 0.5809895833333333 0.1814814814814815 0.5809895833333333 0.17824074074074073 0.5799479166666667 0.17592592592592593 0.5799479166666667 0.17546296296296296 0.5796875 0.1685185185185185 0.5796875 0.16805555555555557 0.5799479166666667 0.16620370370370371 0.5799479166666667 0.16574074074074074 0.5802083333333333 0.16527777777777777 0.5799479166666667 0.1625 0.5799479166666667
4 0.22453703703703703 0.42552083333333335 0.22407407407407406 0.4265625 0.22361111111111112 0.42682291666666666 0.22361111111111112 0.42734375 0.22314814814814815 0.4276041666666667 0.22314814814814815 0.42890625 0.22268518518518518 0.42916666666666664 0.22268518518518518 0.43046875 0.2222222222222222 0.43072916666666666 0.2222222222222222 0.43255208333333334 0.22268518518518518 0.4328125 0.22268518518518518 0.43385416666666665 0.22314814814814815 0.43411458333333336 0.22314814814814815 0.4348958333333333 0.22361111111111112 0.4354166666666667 0.22685185185185186 0.43697916666666664 0.23055555555555557 0.43802083333333336 0.2324074074074074 0.4388020833333333 0.23333333333333334 0.4388020833333333 0.2361111111111111 0.4395833333333333 0.2375 0.4395833333333333 0.23796296296296296 0.43984375 0.24027777777777778 0.4401041666666667 0.24166666666666667 0.440625 0.24259259259259258 0.440625 0.2439814814814815 0.44114583333333335 0.2462962962962963 0.44140625 0.24768518518518517 0.44192708333333336 0.2490740740740741 0.44192708333333336 0.24953703703703703 0.4421875 0.2523148148148148 0.44244791666666666 0.25555555555555554 0.4434895833333333 0.2569444444444444 0.4434895833333333 0.2574074074074074 0.44375 0.25833333333333336 0.44375 0.2587962962962963 0.4440104166666667 0.25972222222222224 0.4440104166666667 0.2601851851851852 0.44427083333333334 0.2611111111111111 0.44427083333333334 0.26157407407407407 0.44453125 0.2625 0.44453125 0.2657407407407407 0.4453125 0.26805555555555555 0.446875 0.26805555555555555 0.4473958333333333 0.2689814814814815 0.4484375 0.2689814814814815 0.44921875 0.26944444444444443 0.44947916666666665 0.26944444444444443 0.4505208333333333 0.2712962962962963 0.45260416666666664 0.275 0.45364583333333336 0.2759259259259259 0.45364583333333336 0.2791666666666667 0.4544270833333333 0.28055555555555556 0.4544270833333333 0.2824074074074074 0.4549479166666667 0.2865740740740741 0.4546875 0.28703703703703703 0.4544270833333333 0.29074074074074074 0.45390625 0.2949074074074074 0.45260416666666664 0.2949074074074074 0.45234375 0.3 0.44895833333333335 0.30277777777777776 0.44583333333333336 0.30277777777777776 0.4453125 0.30416666666666664 0.44375 0.30462962962962964 0.44166666666666665 0.3050925925925926 0.44140625 0.3050925925925926 0.440625 0.3055555555555556 0.44036458333333334 0.3055555555555556 0.43828125 0.3060185185185185 0.43802083333333336 0.3060185185185185 0.43411458333333336 0.3055555555555556 0.43385416666666665 0.3055555555555556 0.4309895833333333 0.3050925925925926 0.43072916666666666 0.3050925925925926 0.42994791666666665 0.30416666666666664 0.42890625 0.3037037037037037 0.42734375 0.30277777777777776 0.42682291666666666 0.30277777777777776 0.4265625 0.300462962962963 0.42552083333333335 0.29398148148148145 0.4236979166666667 0.28935185185185186 0.4236979166666667 0.287962962962963 0.42421875 0.28703703703703703 0.42421875 0.2847222222222222 0.42526041666666664 0.28194444444444444 0.42604166666666665 0.27870370370370373 0.42630208333333336 0.2759259259259259 0.4270833333333333 0.2708333333333333 0.4270833333333333 0.26805555555555555 0.42630208333333336 0.2625 0.42604166666666665 0.262037037037037 0.42578125 0.2601851851851852 0.42578125 0.25972222222222224 0.42552083333333335 0.25787037037037036 0.42552083333333335 0.2574074074074074 0.42526041666666664 0.2537037037037037 0.425 0.2518518518518518 0.4244791666666667 0.24722222222222223 0.42421875 0.24537037037037038 0.4236979166666667 0.2439814814814815 0.4236979166666667 0.24351851851851852 0.4234375 0.24212962962962964 0.4234375 0.24166666666666667 0.4231770833333333 0.24027777777777778 0.4231770833333333 0.23981481481481481 0.42291666666666666 0.2361111111111111 0.42291666666666666 0.23564814814814813 0.42265625 0.2337962962962963 0.42265625 0.23333333333333334 0.42239583333333336 0.23148148148148148 0.42239583333333336 0.22962962962962963 0.42291666666666666 0.22824074074074074 0.42291666666666666
3 0.24814814814814815 0.3182291666666667 0.24722222222222223 0.31875 0.2449074074074074 0.321875 0.2449074074074074 0.3229166666666667 0.24537037037037038 0.32317708333333334 0.24537037037037038 0.32526041666666666 0.24583333333333332 0.3255208333333333 0.24583333333333332 0.3265625 0.2462962962962963 0.3268229166666667 0.24675925925925926 0.32890625 0.24768518518518517 0.3302083333333333 0.24768518518518517 0.33125 0.24861111111111112 0.33255208333333336 0.24861111111111112 0.33359375 0.24953703703703703 0.3346354166666667 0.24953703703703703 0.33567708333333335 0.25046296296296294 0.33697916666666666 0.25046296296296294 0.33828125 0.2513888888888889 0.33958333333333335 0.2513888888888889 0.340625 0.2518518518518518 0.34088541666666666 0.2518518518518518 0.3416666666666667 0.2537037037037037 0.34427083333333336 0.2537037037037037 0.3450520833333333 0.25416666666666665 0.3453125 0.25416666666666665 0.34609375 0.2550925925925926 0.34739583333333335 0.25555555555555554 0.3497395833333333 0.2569444444444444 0.35182291666666665 0.2574074074074074 0.35442708333333334 0.25787037037037036 0.3546875 0.25787037037037036 0.35572916666666665 0.25833333333333336 0.35598958333333336 0.25833333333333336 0.35703125 0.2587962962962963 0.3572916666666667 0.25833333333333336 0.3575520833333333 0.25833333333333336 0.35833333333333334 0.25787037037037036 0.35859375 0.25787037037037036 0.359375 0.2574074074074074 0.35963541666666665 0.2569444444444444 0.3609375 0.2537037037037037 0.3640625 0.2518518518518518 0.3651041666666667 0.2518518518518518 0.36692708333333335 0.2513888888888889 0.3671875 0.2513888888888889 0.3697916666666667 0.2518518518518518 0.37005208333333334 0.2518518518518518 0.37083333333333335 0.25277777777777777 0.371875 0.25416666666666665 0.37265625 0.25972222222222224 0.37395833333333334 0.2611111111111111 0.37395833333333334 0.26157407407407407 0.37421875 0.26296296296296295 0.37421875 0.26342592592592595 0.37447916666666664 0.26481481481481484 0.37447916666666664 0.2671296296296296 0.375 0.26990740740740743 0.375 0.27037037037037037 0.37526041666666665 0.27175925925925926 0.37526041666666665 0.2722222222222222 0.375 0.27546296296296297 0.375 0.2759259259259259 0.37473958333333335 0.27870370370370373 0.37473958333333335 0.2828703703703704 0.3734375 0.28703703703703703 0.3729166666666667 0.28888888888888886 0.371875 0.28935185185185186 0.371875 0.29398148148148145 0.3692708333333333 0.2949074074074074 0.36822916666666666 0.2949074074074074 0.36770833333333336 0.29583333333333334 0.36692708333333335 0.2967592592592593 0.36484375 0.2949074074074074 0.36276041666666664 0.2949074074074074 0.36223958333333334 0.29259259259259257 0.3609375 0.28703703703703703 0.359375 0.2851851851851852 0.35911458333333335 0.2810185185185185 0.35651041666666666 0.2800925925925926 0.35546875 0.2796296296296296 0.3536458333333333 0.2791666666666667 0.3533854166666667 0.2791666666666667 0.35234375 0.2777777777777778 0.35052083333333334 0.2777777777777778 0.3497395833333333 0.2773148148148148 0.3494791666666667 0.2773148148148148 0.34869791666666666 0.27685185185185185 0.3484375 0.27685185185185185 0.34765625 0.2763888888888889 0.34739583333333335 0.2763888888888889 0.34661458333333334 0.2759259259259259 0.3463541666666667 0.2759259259259259 0.3455729166666667 0.275 0.34427083333333336 0.275 0.34322916666666664 0.274537037037037 0.34296875 0.274537037037037 0.3419270833333333 0.2740740740740741 0.3416666666666667 0.2740740740740741 0.340625 0.27361111111111114 0.34036458333333336 0.2726851851851852 0.33671875 0.2722222222222222 0.33645833333333336 0.2722222222222222 0.33567708333333335 0.2712962962962963 0.334375 0.2712962962962963 0.3333333333333333 0.26990740740740743 0.33125 0.26990740740740743 0.3302083333333333 0.2689814814814815 0.32890625 0.2689814814814815 0.32786458333333335 0.26851851851851855 0.32760416666666664 0.26851851851851855 0.3265625 0.26805555555555555 0.3263020833333333 0.2675925925925926 0.32447916666666665 0.26666666666666666 0.3234375 0.26666666666666666 0.32265625 0.2662037037037037 0.3223958333333333 0.2657407407407407 0.32109375 0.26342592592592595 0.3184895833333333 0.2601851851851852 0.31744791666666666 0.25555555555555554 0.31744791666666666 0.2550925925925926 0.3177083333333333 0.2523148148148148 0.3177083333333333 0.2518518518518518 0.31796875
3 0.3787037037037037 0.3302083333333333 0.37453703703703706 0.3302083333333333 0.37407407407407406 0.3299479166666667 0.37175925925925923 0.3299479166666667 0.3712962962962963 0.3302083333333333 0.3648148148148148 0.3302083333333333 0.3574074074074074 0.33229166666666665 0.35555555555555557 0.33359375 0.3560185185185185 0.3372395833333333 0.3574074074074074 0.33828125 0.3611111111111111 0.33932291666666664 0.3638888888888889 0.34140625 0.3638888888888889 0.34401041666666665 0.36435185185185187 0.34427083333333336 0.36435185185185187 0.3455729166666667 0.3638888888888889 0.3458333333333333 0.36342592592592593 0.3484375 0.362962962962963 0.34869791666666666 0.3625 0.35130208333333335 0.36203703703703705 0.3515625 0.36157407407407405 0.3541666666666667 0.3611111111111111 0.35442708333333334 0.36064814814814816 0.3580729166666667 0.3597222222222222 0.359375 0.3597222222222222 0.36041666666666666 0.3592592592592593 0.3606770833333333 0.3592592592592593 0.36171875 0.3587962962962963 0.3619791666666667 0.3587962962962963 0.36302083333333335 0.35833333333333334 0.36328125 0.35833333333333334 0.36432291666666666 0.3578703703703704 0.3645833333333333 0.3578703703703704 0.365625 0.3574074074074074 0.3658854166666667 0.35694444444444445 0.3692708333333333 0.35648148148148145 0.36953125 0.3560185185185185 0.37213541666666666 0.35555555555555557 0.3723958333333333 0.35555555555555557 0.3736979166666667 0.35509259259259257 0.37395833333333334 0.35509259259259257 0.375 0.35462962962962963 0.37526041666666665 0.35462962962962963 0.3763020833333333 0.3541666666666667 0.3765625 0.3537037037037037 0.3802083333333333 0.35324074074074074 0.38046875 0.35324074074074074 0.38307291666666665 0.3527777777777778 0.38333333333333336 0.3527777777777778 0.38515625 0.35324074074074074 0.3854166666666667 0.3537037037037037 0.38671875 0.35648148148148145 0.38828125 0.3574074074074074 0.3885416666666667 0.3592592592592593 0.3885416666666667 0.3597222222222222 0.3888020833333333 0.362962962962963 0.3888020833333333 0.36342592592592593 0.3890625 0.36898148148148147 0.3888020833333333 0.37037037037037035 0.3880208333333333 0.3726851851851852 0.3859375 0.3726851851851852 0.3854166666666667 0.3736111111111111 0.3846354166666667 0.3736111111111111 0.38385416666666666 0.37407407407407406 0.38359375 0.375 0.3802083333333333 0.37546296296296294 0.37994791666666666 0.37546296296296294 0.37864583333333335 0.37592592592592594 0.37838541666666664 0.37592592592592594 0.3770833333333333 0.3763888888888889 0.3768229166666667 0.3763888888888889 0.37578125 0.3768518518518518 0.37552083333333336 0.3768518518518518 0.37447916666666664 0.3773148148148148 0.37421875 0.3773148148148148 0.3731770833333333 0.37777777777777777 0.3729166666666667 0.3787037037037037 0.3684895833333333 0.37916666666666665 0.36822916666666666 0.37916666666666665 0.3671875 0.37962962962962965 0.36692708333333335 0.37962962962962965 0.36614583333333334 0.38055555555555554 0.36484375 0.38101851851851853 0.36223958333333334 0.3814814814814815 0.3619791666666667 0.3814814814814815 0.3606770833333333 0.3819444444444444 0.36041666666666666 0.3819444444444444 0.359375 0.3824074074074074 0.35911458333333335 0.3824074074074074 0.35833333333333334 0.38333333333333336 0.35703125 0.3837962962962963 0.35442708333333334 0.38425925925925924 0.3541666666666667 0.38425925925925924 0.3533854166666667 0.38564814814814813 0.35130208333333335 0.38564814814814813 0.35052083333333334 0.3861111111111111 0.3502604166666667 0.3861111111111111 0.3494791666666667 0.38657407407407407 0.34921875 0.38657407407407407 0.3484375 0.387037037037037 0.34817708333333336 0.3875 0.346875 0.38842592592592595 0.3458333333333333 0.38981481481481484 0.3450520833333333 0.39305555555555555 0.34375 0.3972222222222222 0.34270833333333334 0.3990740740740741 0.3419270833333333 0.4 0.3411458333333333 0.40046296296296297 0.3375 0.3990740740740741 0.33567708333333335 0.3958333333333333 0.33359375 0.3921296296296296 0.33255208333333336 0.38842592592592595 0.33229166666666665 0.38564814814814813 0.33125 0.38472222222222224 0.33125 0.38287037037037036 0.3307291666666667 0.3814814814814815 0.3307291666666667 0.38101851851851853 0.33046875 0.37916666666666665 0.33046875
1 0.39675925925925926 0.4119791666666667 0.3921296296296296 0.41328125 0.38564814814814813 0.4158854166666667 0.38055555555555554 0.41875 0.37962962962962965 0.4197916666666667 0.38055555555555554 0.4239583333333333 0.38425925925925924 0.42552083333333335 0.3925925925925926 0.42552083333333335 0.39861111111111114 0.4296875 0.4023148148148148 0.4348958333333333 0.40879629629629627 0.44140625 0.4185185185185185 0.4549479166666667 0.425462962962963 0.4630208333333333 0.4305555555555556 0.4708333333333333 0.43333333333333335 0.47369791666666666 0.4351851851851852 0.47708333333333336 0.4412037037037037 0.484375 0.44212962962962965 0.4864583333333333 0.44814814814814813 0.49375 0.4532407407407407 0.4979166666666667 0.4550925925925926 0.5018229166666667 0.45740740740740743 0.50390625 0.4587962962962963 0.50625 0.4634259259259259 0.5096354166666667 0.4666666666666667 0.5104166666666666 0.4708333333333333 0.5104166666666666 0.4736111111111111 0.5096354166666667 0.47453703703703703 0.5088541666666667 0.47453703703703703 0.5041666666666667 0.4699074074074074 0.49895833333333334 0.4689814814814815 0.49635416666666665 0.46620370370370373 0.49322916666666666 0.46435185185185185 0.4890625 0.45740740740740743 0.48020833333333335 0.4513888888888889 0.4703125 0.4486111111111111 0.46770833333333334 0.4375 0.45208333333333334 0.43333333333333335 0.4479166666666667 0.4305555555555556 0.4434895833333333 0.425 0.43697916666666664 0.4236111111111111 0.43411458333333336 0.4162037037037037 0.4239583333333333 0.4162037037037037 0.4197916666666667 0.4222222222222222 0.4158854166666667 0.42083333333333334 0.4119791666666667 0.4162037037037037 0.41015625 0.4060185185185185 0.41041666666666665
2 0.41203703703703703 0.49244791666666665 0.4078703703703704 0.4953125 0.4050925925925926 0.4986979166666667 0.40370370370370373 0.49973958333333335 0.40370370370370373 0.5002604166666667 0.39861111111111114 0.5059895833333333 0.39861111111111114 0.5065104166666666 0.3972222222222222 0.5080729166666667 0.3962962962962963 0.50859375 0.3962962962962963 0.5091145833333334 0.39537037037037037 0.51015625 0.39490740740740743 0.5122395833333333 0.39444444444444443 0.5125 0.39351851851851855 0.5145833333333333 0.39166666666666666 0.5166666666666667 0.39166666666666666 0.5184895833333333 0.3921296296296296 0.51875 0.3921296296296296 0.5197916666666667 0.3925925925925926 0.5200520833333333 0.3925925925925926 0.5208333333333334 0.39305555555555555 0.5213541666666667 0.3958333333333333 0.52265625 0.4027777777777778 0.52421875 0.4101851851851852 0.52421875 0.41064814814814815 0.5239583333333333 0.42314814814814816 0.5239583333333333 0.4236111111111111 0.52421875 0.425 0.52421875 0.4273148148148148 0.5247395833333334 0.42916666666666664 0.5247395833333334 0.42962962962962964 0.525 0.43333333333333335 0.5252604166666667 0.4356481481481482 0.52578125 0.4398148148148148 0.52734375 0.44074074074074077 0.52734375 0.44351851851851853 0.528125 0.4444444444444444 0.528125 0.4476851851851852 0.52890625 0.44907407407407407 0.52890625 0.449537037037037 0.5291666666666667 0.45046296296296295 0.5291666666666667 0.4550925925925926 0.5302083333333333 0.45694444444444443 0.5302083333333333 0.45740740740740743 0.53046875 0.46435185185185185 0.5307291666666667 0.4648148148148148 0.53046875 0.4666666666666667 0.53046875 0.46944444444444444 0.5294270833333333 0.47314814814814815 0.52734375 0.4736111111111111 0.5265625 0.47453703703703703 0.5260416666666666 0.47453703703703703 0.5255208333333333 0.475462962962963 0.5247395833333334 0.475462962962963 0.52421875 0.4773148148148148 0.5216145833333333 0.4773148148148148 0.51875 0.47685185185185186 0.5184895833333333 0.47685185185185186 0.5171875 0.475 0.5153645833333333 0.4726851851851852 0.5140625 0.4685185185185185 0.5125 0.4671296296296296 0.5122395833333333 0.46620370370370373 0.51171875 0.462037037037037 0.5106770833333333 0.4587962962962963 0.5091145833333334 0.45787037037037037 0.5091145833333334 0.4564814814814815 0.50859375 0.45555555555555555 0.50859375 0.4537037037037037 0.5080729166666667 0.45092592592592595 0.5080729166666667 0.449537037037037 0.5075520833333333 0.4462962962962963 0.50703125 0.44305555555555554 0.5057291666666667 0.4393518518518518 0.5049479166666667 0.43842592592592594 0.5044270833333333 0.43425925925925923 0.5033854166666667 0.4305555555555556 0.5018229166666667 0.4305555555555556 0.496875 0.42962962962962964 0.49583333333333335 0.42962962962962964 0.49505208333333334 0.4287037037037037 0.4940104166666667 0.425462962962963 0.49270833333333336 0.42083333333333334 0.49140625 0.4152777777777778 0.49140625
3 0.5555555555555556 0.37265625 0.5537037037037037 0.37057291666666664 0.5513888888888889 0.3692708333333333 0.549074074074074 0.36875 0.5416666666666666 0.36875 0.5412037037037037 0.3690104166666667 0.538425925925926 0.3690104166666667 0.5356481481481481 0.3697916666666667 0.5347222222222222 0.3697916666666667 0.5300925925925926 0.37083333333333335 0.5287037037037037 0.37083333333333335 0.5268518518518519 0.37135416666666665 0.525 0.37135416666666665 0.524537037037037 0.37161458333333336 0.5212962962962963 0.371875 0.5208333333333334 0.37213541666666666 0.5157407407407407 0.3729166666666667 0.513425925925926 0.3736979166666667 0.5125 0.3736979166666667 0.5078703703703704 0.37473958333333335 0.5050925925925925 0.375 0.5018518518518519 0.37604166666666666 0.4976851851851852 0.3765625 0.49444444444444446 0.3776041666666667 0.4935185185185185 0.3776041666666667 0.4861111111111111 0.37916666666666665 0.4842592592592593 0.37916666666666665 0.4824074074074074 0.3796875 0.47685185185185186 0.37994791666666666 0.47638888888888886 0.3796875 0.4740740740740741 0.37942708333333336 0.4708333333333333 0.37838541666666664 0.46944444444444444 0.37838541666666664 0.4689814814814815 0.378125 0.4587962962962963 0.37838541666666664 0.45555555555555555 0.38046875 0.45555555555555555 0.38229166666666664 0.4550925925925926 0.38255208333333335 0.45555555555555555 0.3885416666666667 0.45601851851851855 0.3888020833333333 0.45787037037037037 0.3924479166666667 0.4587962962962963 0.3932291666666667 0.4587962962962963 0.39375 0.4597222222222222 0.39427083333333335 0.4615740740740741 0.3966145833333333 0.4648148148148148 0.39869791666666665 0.46620370370370373 0.4 0.4671296296296296 0.4005208333333333 0.4699074074074074 0.40130208333333334 0.47453703703703703 0.40130208333333334 0.475 0.4010416666666667 0.4773148148148148 0.40078125 0.4787037037037037 0.4002604166666667 0.47962962962962963 0.4002604166666667 0.4810185185185185 0.39947916666666666 0.4824074074074074 0.39817708333333335 0.4837962962962963 0.3953125 0.48518518518518516 0.39375 0.48657407407407405 0.39296875 0.48842592592592593 0.3924479166666667 0.48935185185185187 0.3924479166666667 0.49398148148148147 0.39088541666666665 0.49675925925925923 0.390625 0.5009259259259259 0.3893229166666667 0.5078703703703704 0.3885416666666667 0.5138888888888888 0.38697916666666665 0.5152777777777777 0.38697916666666665 0.5157407407407407 0.38671875 0.5166666666666667 0.38671875 0.5212962962962963 0.38567708333333334 0.5226851851851851 0.38567708333333334 0.5259259259259259 0.3848958333333333 0.5291666666666667 0.3846354166666667 0.5324074074074074 0.38359375 0.5361111111111111 0.38307291666666665 0.5412037037037037 0.3815104166666667 0.5458333333333333 0.3807291666666667 0.549537037037037 0.3796875 0.5523148148148148 0.37864583333333335 0.5555555555555556 0.3768229166666667
0 0.47824074074074074 0.48203125 0.4777777777777778 0.4822916666666667 0.47685185185185186 0.4822916666666667 0.475 0.48333333333333334 0.475 0.48359375 0.47453703703703703 0.48385416666666664 0.47453703703703703 0.484375 0.4740740740740741 0.48463541666666665 0.4740740740740741 0.48541666666666666 0.4736111111111111 0.4856770833333333 0.4736111111111111 0.48671875 0.47314814814814815 0.4869791666666667 0.47314814814814815 0.48828125 0.4726851851851852 0.48854166666666665 0.4726851851851852 0.48932291666666666 0.4722222222222222 0.4895833333333333 0.4722222222222222 0.4903645833333333 0.47175925925925927 0.490625 0.47175925925925927 0.49140625 0.47129629629629627 0.49166666666666664 0.47129629629629627 0.4921875 0.4708333333333333 0.49244791666666665 0.4708333333333333 0.49270833333333336 0.4703703703703704 0.49296875 0.4703703703703704 0.4934895833333333 0.4699074074074074 0.49375 0.4699074074074074 0.4947916666666667 0.4703703703703704 0.49505208333333334 0.4703703703703704 0.4979166666666667 0.4726851851851852 0.49921875 0.4726851851851852 0.49947916666666664 0.4736111111111111 0.5 0.4736111111111111 0.5002604166666667 0.475462962962963 0.5020833333333333 0.475462962962963 0.5028645833333333 0.4759259259259259 0.503125 0.4759259259259259 0.5041666666666667 0.47638888888888886 0.5044270833333333 0.47638888888888886 0.50625 0.47685185185185186 0.5065104166666666 0.47685185185185186 0.5106770833333333 0.4773148148148148 0.5109375 0.4773148148148148 0.5135416666666667 0.4777777777777778 0.5138020833333333 0.4777777777777778 0.5153645833333333 0.47824074074074074 0.515625 0.47824074074074074 0.5171875 0.4787037037037037 0.5174479166666667 0.4787037037037037 0.5182291666666666 0.47962962962962963 0.5190104166666667 0.47962962962962963 0.51953125 0.48055555555555557 0.5200520833333333 0.48055555555555557 0.5203125 0.4824074074074074 0.52109375 0.4847222222222222 0.52109375 0.48518518518518516 0.5213541666666667 0.48703703703703705 0.5213541666666667 0.4875 0.52109375 0.49027777777777776 0.52109375 0.49166666666666664 0.5203125 0.49212962962962964 0.5203125 0.49212962962962964 0.5200520833333333 0.4935185185185185 0.5192708333333333 0.4935185185185185 0.5190104166666667 0.49398148148148147 0.51875 0.49398148148148147 0.5182291666666666 0.49444444444444446 0.51796875 0.49444444444444446 0.5166666666666667 0.4949074074074074 0.51640625 0.4949074074074074 0.5145833333333333 0.49537037037037035 0.5143229166666666 0.49537037037037035 0.51171875 0.49583333333333335 0.5114583333333333 0.49583333333333335 0.5088541666666667 0.4962962962962963 0.50859375 0.4962962962962963 0.50703125 0.49675925925925923 0.5067708333333333 0.49675925925925923 0.50546875 0.49722222222222223 0.5052083333333334 0.49722222222222223 0.5036458333333333 0.4976851851851852 0.5033854166666667 0.4976851851851852 0.5020833333333333 0.4981481481481482 0.5018229166666667 0.4981481481481482 0.5013020833333334 0.4986111111111111 0.5010416666666667 0.49907407407407406 0.5002604166666667 0.5 0.49973958333333335 0.5 0.49947916666666664 0.5009259259259259 0.49895833333333334 0.5009259259259259 0.4986979166666667 0.5023148148148148 0.4979166666666667 0.5023148148148148 0.496875 0.5027777777777778 0.49661458333333336 0.5027777777777778 0.49557291666666664 0.5032407407407408 0.4953125 0.5032407407407408 0.4940104166666667 0.5037037037037037 0.49375 0.5037037037037037 0.49192708333333335 0.5041666666666667 0.49166666666666664 0.5041666666666667 0.4856770833333333 0.5037037037037037 0.48541666666666666 0.5037037037037037 0.48489583333333336 0.5032407407407408 0.48463541666666665 0.5027777777777778 0.48385416666666664 0.5013888888888889 0.4830729166666667 0.5009259259259259 0.4830729166666667 0.500462962962963 0.4828125 0.49953703703703706 0.4828125 0.4981481481481482 0.4822916666666667 0.49583333333333335 0.4822916666666667 0.49537037037037035 0.4825520833333333 0.4912037037037037 0.4825520833333333 0.49074074074074076 0.4828125 0.4898148148148148 0.4828125 0.48935185185185187 0.4825520833333333 0.4861111111111111 0.4825520833333333 0.48564814814814816 0.4822916666666667 0.4828703703703704 0.4822916666666667 0.4824074074074074 0.48203125
0 0.5175925925925926 0.24270833333333333 0.5152777777777777 0.24557291666666667 0.513425925925926 0.24661458333333333 0.513425925925926 0.24713541666666666 0.512962962962963 0.24739583333333334 0.512962962962963 0.24765625 0.5125 0.24791666666666667 0.5125 0.2484375 0.5120370370370371 0.24869791666666666 0.5120370370370371 0.24947916666666667 0.5115740740740741 0.24973958333333332 0.5111111111111111 0.25104166666666666 0.5101851851851852 0.2518229166666667 0.5106481481481482 0.2520833333333333 0.5106481481481482 0.25338541666666664 0.5111111111111111 0.25364583333333335 0.5111111111111111 0.25442708333333336 0.5115740740740741 0.2546875 0.5115740740740741 0.25546875 0.512962962962963 0.25625 0.513425925925926 0.25625 0.5138888888888888 0.2565104166666667 0.5148148148148148 0.2565104166666667 0.5152777777777777 0.25677083333333334 0.5162037037037037 0.25677083333333334 0.5175925925925926 0.25729166666666664 0.5185185185185185 0.25729166666666664 0.5189814814814815 0.25755208333333335 0.5199074074074074 0.25755208333333335 0.5203703703703704 0.2578125 0.5217592592592593 0.25807291666666665 0.5254629629629629 0.26015625 0.5259259259259259 0.26015625 0.5263888888888889 0.2604166666666667 0.5273148148148148 0.2604166666666667 0.5314814814814814 0.26171875 0.5324074074074074 0.26171875 0.5328703703703703 0.26197916666666665 0.5347222222222222 0.26197916666666665 0.5351851851851852 0.26223958333333336 0.5370370370370371 0.26223958333333336 0.5375 0.2625 0.537962962962963 0.2625 0.538425925925926 0.26276041666666666 0.5393518518518519 0.26276041666666666 0.5402777777777777 0.26328125 0.5412037037037037 0.26328125 0.5416666666666666 0.2635416666666667 0.5430555555555555 0.2635416666666667 0.5435185185185185 0.2638020833333333 0.5449074074074074 0.2638020833333333 0.5453703703703704 0.2640625 0.5472222222222223 0.2640625 0.5476851851851852 0.2643229166666667 0.5486111111111112 0.2643229166666667 0.55 0.26484375 0.5509259259259259 0.26484375 0.5513888888888889 0.26510416666666664 0.5527777777777778 0.26536458333333335 0.5537037037037037 0.26588541666666665 0.5550925925925926 0.26614583333333336 0.5560185185185185 0.26666666666666666 0.5564814814814815 0.26666666666666666 0.5578703703703703 0.2671875 0.5587962962962963 0.2671875 0.5601851851851852 0.2677083333333333 0.5611111111111111 0.2677083333333333 0.5643518518518519 0.26875 0.5657407407407408 0.26875 0.5662037037037037 0.26901041666666664 0.5694444444444444 0.26901041666666664 0.5699074074074074 0.26875 0.5722222222222222 0.26848958333333334 0.5726851851851852 0.2682291666666667 0.575 0.2677083333333333 0.575925925925926 0.2671875 0.575925925925926 0.26588541666666665 0.5763888888888888 0.265625 0.5763888888888888 0.2643229166666667 0.5768518518518518 0.2640625 0.5768518518518518 0.2635416666666667 0.5763888888888888 0.26328125 0.5763888888888888 0.2630208333333333 0.575925925925926 0.26276041666666666 0.575925925925926 0.26223958333333336 0.575462962962963 0.26197916666666665 0.5745370370370371 0.26067708333333334 0.5736111111111111 0.26015625 0.5736111111111111 0.2598958333333333 0.5731481481481482 0.2596354166666667 0.5726851851851852 0.2596354166666667 0.5712962962962963 0.25885416666666666 0.5708333333333333 0.25885416666666666 0.5685185185185185 0.25755208333333335 0.5652777777777778 0.25677083333333334 0.5597222222222222 0.25442708333333336 0.5555555555555556 0.25338541666666664 0.5546296296296296 0.25286458333333334 0.5532407407407407 0.2526041666666667 0.5504629629629629 0.2513020833333333 0.55 0.2513020833333333 0.5481481481481482 0.25026041666666665 0.5481481481481482 0.25 0.5472222222222223 0.24947916666666667 0.5472222222222223 0.24921875 0.5439814814814815 0.24583333333333332 0.5435185185185185 0.24583333333333332 0.5425925925925926 0.2453125 0.5421296296296296 0.2453125 0.5388888888888889 0.24427083333333333 0.5375 0.24427083333333333 0.5370370370370371 0.24401041666666667 0.5356481481481481 0.24401041666666667 0.5351851851851852 0.24375 0.5337962962962963 0.24375 0.5333333333333333 0.24348958333333334 0.5328703703703703 0.24348958333333334 0.5282407407407408 0.24088541666666666 0.5277777777777778 0.24088541666666666 0.5263888888888889 0.24036458333333333 0.5254629629629629 0.24036458333333333 0.525 0.24010416666666667 0.524537037037037 0.24010416666666667 0.524074074074074 0.24036458333333333 0.5217592592592593 0.24036458333333333 0.5212962962962963 0.240625 0.5208333333333334 0.240625
0 0.6101851851851852 0.4778645833333333 0.6097222222222223 0.47760416666666666 0.6092592592592593 0.47630208333333335 0.6087962962962963 0.47604166666666664 0.6074074074074074 0.47421875 0.6069444444444444 0.47421875 0.6037037037037037 0.47317708333333336 0.6023148148148149 0.47317708333333336 0.6018518518518519 0.47291666666666665 0.600462962962963 0.47291666666666665 0.6 0.47265625 0.5939814814814814 0.47265625 0.5935185185185186 0.47291666666666665 0.5875 0.47291666666666665 0.587037037037037 0.47317708333333336 0.5819444444444445 0.47317708333333336 0.5814814814814815 0.4734375 0.5777777777777777 0.4734375 0.5773148148148148 0.47369791666666666 0.5699074074074074 0.47369791666666666 0.5694444444444444 0.4734375 0.5675925925925925 0.4734375 0.5671296296296297 0.47317708333333336 0.5652777777777778 0.47317708333333336 0.5648148148148148 0.47291666666666665 0.5592592592592592 0.47291666666666665 0.5587962962962963 0.47317708333333336 0.5569444444444445 0.47317708333333336 0.5564814814814815 0.4734375 0.5541666666666667 0.4734375 0.5537037037037037 0.47369791666666666 0.5509259259259259 0.47369791666666666 0.5504629629629629 0.4739583333333333 0.5486111111111112 0.4739583333333333 0.5481481481481482 0.47421875 0.5462962962962963 0.47421875 0.5458333333333333 0.4744791666666667 0.5444444444444444 0.4744791666666667 0.5435185185185185 0.475 0.5412037037037037 0.47552083333333334 0.5393518518518519 0.47734375 0.5393518518518519 0.478125 0.5388888888888889 0.4783854166666667 0.5388888888888889 0.48125 0.538425925925926 0.48151041666666666 0.538425925925926 0.48359375 0.5388888888888889 0.48385416666666664 0.5388888888888889 0.4864583333333333 0.5393518518518519 0.48671875 0.5393518518518519 0.48723958333333334 0.5398148148148149 0.4875 0.5398148148148149 0.48802083333333335 0.5402777777777777 0.48828125 0.5407407407407407 0.4890625 0.5444444444444444 0.49114583333333334 0.5449074074074074 0.49114583333333334 0.5453703703703704 0.49140625 0.5462962962962963 0.49140625 0.5467592592592593 0.49166666666666664 0.5481481481481482 0.49166666666666664 0.5486111111111112 0.49192708333333335 0.5532407407407407 0.49192708333333335 0.5537037037037037 0.49166666666666664 0.5546296296296296 0.49166666666666664 0.5560185185185185 0.49114583333333334 0.5611111111111111 0.49114583333333334 0.5615740740740741 0.4908854166666667 0.562037037037037 0.4908854166666667 0.5625 0.490625 0.5634259259259259 0.490625 0.5638888888888889 0.4903645833333333 0.5662037037037037 0.4903645833333333 0.5666666666666667 0.4901041666666667 0.5685185185185185 0.4901041666666667 0.5736111111111111 0.48854166666666665 0.575925925925926 0.48828125 0.5773148148148148 0.48776041666666664 0.5782407407407407 0.48776041666666664 0.5787037037037037 0.4875 0.5796296296296296 0.4875 0.5800925925925926 0.48723958333333334 0.5814814814814815 0.48723958333333334 0.5819444444444445 0.4869791666666667 0.5842592592592593 0.4869791666666667 0.5847222222222223 0.48671875 0.5875 0.48671875 0.5879629629629629 0.4864583333333333 0.5898148148148148 0.4864583333333333 0.5902777777777778 0.4861979166666667 0.5916666666666667 0.4861979166666667 0.5921296296296297 0.4859375 0.5925925925925926 0.4859375 0.5930555555555556 0.4856770833333333 0.5939814814814814 0.4856770833333333 0.5962962962962963 0.48489583333333336 0.5972222222222222 0.48489583333333336 0.5976851851851852 0.48463541666666665 0.5990740740740741 0.48463541666666665 0.5995370370370371 0.484375 0.600462962962963 0.484375 0.600925925925926 0.48411458333333335 0.6023148148148149 0.48411458333333335 0.6037037037037037 0.48359375 0.6046296296296296 0.48359375 0.6078703703703704 0.4825520833333333 0.6078703703703704 0.4822916666666667 0.6087962962962963 0.48151041666666666 0.6092592592592593 0.48020833333333335 0.6097222222222223 0.47994791666666664 0.6097222222222223 0.4791666666666667 0.6101851851851852 0.47890625
2 0.7717592592592593 0.29375 0.7699074074074074 0.29270833333333335 0.7675925925925926 0.29192708333333334 0.7652777777777777 0.29192708333333334 0.7648148148148148 0.2916666666666667 0.7597222222222222 0.2916666666666667 0.7592592592592593 0.29192708333333334 0.7583333333333333 0.29192708333333334 0.7578703703703704 0.2921875 0.7569444444444444 0.2921875 0.7523148148148148 0.29322916666666665 0.7481481481481481 0.29348958333333336 0.7476851851851852 0.29375 0.7453703703703703 0.29401041666666666 0.7439814814814815 0.29453125 0.7421296296296296 0.29453125 0.7416666666666667 0.2947916666666667 0.7402777777777778 0.2947916666666667 0.7398148148148148 0.2950520833333333 0.7361111111111112 0.2955729166666667 0.7347222222222223 0.29661458333333335 0.7342592592592593 0.29661458333333335 0.7319444444444444 0.29791666666666666 0.7300925925925926 0.2984375 0.7282407407407407 0.2994791666666667 0.7277777777777777 0.29921875 0.7245370370370371 0.2986979166666667 0.7208333333333333 0.296875 0.7189814814814814 0.29661458333333335 0.7166666666666667 0.29583333333333334 0.7078703703703704 0.29583333333333334 0.7074074074074074 0.29609375 0.7050925925925926 0.29609375 0.700462962962963 0.29739583333333336 0.6976851851851852 0.29765625 0.6953703703703704 0.2984375 0.6921296296296297 0.30026041666666664 0.6902777777777778 0.30234375 0.6902777777777778 0.3098958333333333 0.6907407407407408 0.31015625 0.6907407407407408 0.3151041666666667 0.6912037037037037 0.31536458333333334 0.6921296296296297 0.3182291666666667 0.6935185185185185 0.31979166666666664 0.6944444444444444 0.3203125 0.6949074074074074 0.32135416666666666 0.6972222222222222 0.32369791666666664 0.7013888888888888 0.3263020833333333 0.7037037037037037 0.3268229166666667 0.7046296296296296 0.32734375 0.7060185185185185 0.32734375 0.7078703703703704 0.32786458333333335 0.7175925925925926 0.32760416666666664 0.7180555555555556 0.32734375 0.7203703703703703 0.32734375 0.7208333333333333 0.32708333333333334 0.7245370370370371 0.3265625 0.7277777777777777 0.3255208333333333 0.7314814814814815 0.3229166666666667 0.7324074074074074 0.321875 0.7324074074074074 0.32109375 0.7328703703703704 0.32083333333333336 0.7328703703703704 0.32005208333333335 0.7337962962962963 0.3190104166666667 0.7337962962962963 0.3182291666666667 0.7347222222222223 0.3171875 0.736574074074074 0.31614583333333335 0.7398148148148148 0.315625 0.7402777777777778 0.31536458333333334 0.7412037037037037 0.31536458333333334 0.7449074074074075 0.3143229166666667 0.7467592592592592 0.3143229166666667 0.7486111111111111 0.3138020833333333 0.7527777777777778 0.31354166666666666 0.7541666666666667 0.31302083333333336 0.7592592592592593 0.31223958333333335 0.7625 0.3111979166666667 0.763425925925926 0.3111979166666667 0.7689814814814815 0.30911458333333336 0.774074074074074 0.3065104166666667 0.774074074074074 0.3059895833333333 0.775 0.30520833333333336 0.7754629629629629 0.30364583333333334 0.7759259259259259 0.3033854166666667 0.7759259259259259 0.30052083333333335 0.7754629629629629 0.30026041666666664 0.7754629629629629 0.2984375 0.775 0.2981770833333333 0.774537037037037 0.296875 0.7736111111111111 0.29609375 0.7736111111111111 0.2955729166666667
1 0.7199074074074074 0.27109375 0.7157407407407408 0.26953125 0.7111111111111111 0.26901041666666664 0.7055555555555556 0.27005208333333336 0.700462962962963 0.2703125 0.6981481481481482 0.2713541666666667 0.6967592592592593 0.2747395833333333 0.6981481481481482 0.2791666666666667 0.6949074074074074 0.2825520833333333 0.6689814814814815 0.29739583333333336 0.6611111111111111 0.3028645833333333 0.6537037037037037 0.3067708333333333 0.6527777777777778 0.3078125 0.6458333333333334 0.31145833333333334 0.6333333333333333 0.31927083333333334 0.6074074074074074 0.3338541666666667 0.6055555555555555 0.33541666666666664 0.6018518518518519 0.3372395833333333 0.5986111111111111 0.33984375 0.5912037037037037 0.34375 0.5888888888888889 0.3455729166666667 0.5907407407407408 0.34921875 0.5958333333333333 0.35234375 0.6 0.35260416666666666 0.6032407407407407 0.35182291666666665 0.6106481481481482 0.3484375 0.6208333333333333 0.3416666666666667 0.6532407407407408 0.3234375 0.662962962962963 0.3171875 0.6726851851851852 0.31171875 0.675 0.3109375 0.687037037037037 0.30390625 0.6888888888888889 0.30182291666666666 0.6935185185185185 0.2984375 0.7069444444444445 0.29375 0.7166666666666667 0.28880208333333335 0.7231481481481481 0.28958333333333336 0.7282407407407407 0.28932291666666665 0.7333333333333333 0.2869791666666667 0.7337962962962963 0.2828125 0.7310185185185185 0.2791666666666667 0.725462962962963 0.27421875
