0 0.7527777777777778 0.44375 0.7527777777777778 0.44427083333333334 0.7518518518518519 0.4453125 0.7518518518518519 0.44635416666666666 0.7513888888888889 0.4466145833333333 0.7513888888888889 0.4484375 0.7518518518518519 0.44869791666666664 0.7518518518518519 0.45026041666666666 0.7527777777777778 0.4513020833333333 0.7532407407407408 0.4513020833333333 0.7546296296296297 0.45208333333333334 0.7564814814814815 0.45260416666666664 0.7574074074074074 0.45260416666666664 0.7578703703703704 0.45286458333333335 0.7587962962962963 0.45286458333333335 0.7592592592592593 0.453125 0.7615740740740741 0.45338541666666665 0.762962962962963 0.45390625 0.7666666666666667 0.45390625 0.7671296296296296 0.45416666666666666 0.7689814814814815 0.45416666666666666 0.7708333333333334 0.4546875 0.7731481481481481 0.4546875 0.7736111111111111 0.4549479166666667 0.7759259259259259 0.4549479166666667 0.7777777777777778 0.45546875 0.7791666666666667 0.45546875 0.7833333333333333 0.45703125 0.7865740740740741 0.45729166666666665 0.7888888888888889 0.45807291666666666 0.7898148148148149 0.45807291666666666 0.7935185185185185 0.4591145833333333 0.7953703703703704 0.46015625 0.7953703703703704 0.46041666666666664 0.7962962962962963 0.4609375 0.7972222222222223 0.46197916666666666 0.799074074074074 0.4630208333333333 0.8004629629629629 0.4630208333333333 0.8018518518518518 0.4635416666666667 0.8027777777777778 0.4635416666666667 0.8060185185185185 0.46484375 0.8083333333333333 0.46484375 0.8087962962962963 0.46510416666666665 0.812037037037037 0.46510416666666665 0.8125 0.46536458333333336 0.8143518518518519 0.46536458333333336 0.8180555555555555 0.46640625 0.8203703703703704 0.465625 0.8212962962962963 0.465625 0.8231481481481482 0.46458333333333335 0.8231481481481482 0.46432291666666664 0.825925925925926 0.4625 0.8263888888888888 0.46119791666666665 0.8273148148148148 0.46041666666666664 0.8273148148148148 0.45989583333333334 0.8277777777777777 0.4596354166666667 0.8277777777777777 0.4591145833333333 0.8282407407407407 0.4588541666666667 0.8282407407407407 0.4583333333333333 0.8287037037037037 0.45807291666666666 0.8287037037037037 0.45755208333333336 0.8296296296296296 0.45651041666666664 0.8296296296296296 0.4557291666666667 0.8300925925925926 0.45546875 0.8300925925925926 0.4544270833333333 0.8305555555555556 0.45416666666666666 0.8305555555555556 0.45286458333333335 0.8310185185185185 0.45260416666666664 0.8310185185185185 0.4518229166666667 0.8314814814814815 0.4515625 0.8314814814814815 0.4471354166666667 0.8296296296296296 0.44635416666666666 0.8277777777777777 0.44635416666666666 0.8273148148148148 0.44609375 0.8245370370370371 0.44609375 0.8240740740740741 0.44583333333333336 0.8208333333333333 0.44583333333333336 0.8203703703703704 0.44557291666666665 0.8185185185185185 0.44557291666666665 0.8180555555555555 0.4453125 0.8138888888888889 0.4453125 0.8115740740740741 0.44427083333333334 0.8111111111111111 0.4434895833333333 0.8101851851851852 0.44296875 0.8087962962962963 0.44296875 0.8083333333333333 0.4427083333333333 0.8060185185185185 0.4427083333333333 0.8050925925925926 0.44296875 0.8027777777777778 0.44427083333333334 0.8023148148148148 0.44427083333333334 0.799074074074074 0.44557291666666665 0.7976851851851852 0.44557291666666665 0.7972222222222223 0.4453125 0.7953703703703704 0.4453125 0.7949074074074074 0.44505208333333335 0.7925925925925926 0.44505208333333335 0.7921296296296296 0.44479166666666664 0.7898148148148149 0.44479166666666664 0.7893518518518519 0.44453125 0.787962962962963 0.44453125 0.7875 0.44427083333333334 0.7861111111111111 0.44427083333333334 0.7856481481481481 0.4440104166666667 0.7837962962962963 0.4440104166666667 0.7833333333333333 0.44375 0.7814814814814814 0.44375 0.7810185185185186 0.4434895833333333 0.7796296296296297 0.4434895833333333 0.7791666666666667 0.4432291666666667 0.7768518518518519 0.4432291666666667 0.7763888888888889 0.44296875 0.7731481481481481 0.44296875 0.7726851851851851 0.4427083333333333 0.7699074074074074 0.4427083333333333 0.7694444444444445 0.44244791666666666 0.7666666666666667 0.44244791666666666 0.7662037037037037 0.4421875 0.7648148148148148 0.4421875 0.7643518518518518 0.44192708333333336 0.7578703703703704 0.44192708333333336 0.7574074074074074 0.4421875 0.7555555555555555 0.4421875 0.7546296296296297 0.4427083333333333 0.7541666666666667 0.4427083333333333
2 0.7180555555555556 0.21666666666666667 0.7129629629629629 0.21510416666666668 0.7087962962962963 0.21510416666666668 0.7060185185185185 0.21588541666666666 0.7032407407407407 0.21640625 0.7013888888888888 0.21640625 0.6995370370370371 0.21692708333333333 0.6921296296296297 0.22083333333333333 0.6921296296296297 0.22161458333333334 0.6907407407407408 0.22395833333333334 0.6893518518518519 0.225 0.6893518518518519 0.22578125 0.6875 0.22838541666666667 0.6842592592592592 0.23020833333333332 0.6796296296296296 0.23229166666666667 0.6731481481481482 0.23463541666666668 0.6703703703703704 0.23619791666666667 0.6620370370370371 0.23880208333333333 0.6527777777777778 0.24270833333333333 0.6486111111111111 0.24401041666666667 0.6462962962962963 0.24505208333333334 0.6421296296296296 0.24765625 0.6430555555555556 0.2518229166666667 0.6444444444444445 0.25416666666666665 0.6453703703703704 0.25494791666666666 0.6453703703703704 0.25546875 0.6476851851851851 0.25729166666666664 0.65 0.26015625 0.6541666666666667 0.2630208333333333 0.6574074074074074 0.2638020833333333 0.6620370370370371 0.2640625 0.6680555555555555 0.26223958333333336 0.6689814814814815 0.26223958333333336 0.6773148148148148 0.26015625 0.6819444444444445 0.2578125 0.6856481481481481 0.25677083333333334 0.6893518518518519 0.25625 0.6921296296296297 0.2546875 0.6981481481481482 0.25286458333333334 0.7018518518518518 0.2526041666666667 0.7041666666666667 0.2520833333333333 0.7064814814814815 0.2520833333333333 0.7069444444444445 0.2518229166666667 0.7106481481481481 0.2518229166666667 0.7111111111111111 0.2515625 0.7152777777777778 0.2515625 0.7166666666666667 0.2518229166666667 0.7208333333333333 0.25104166666666666 0.725 0.25078125 0.7305555555555555 0.24947916666666667 0.7356481481481482 0.246875 0.7384259259259259 0.24427083333333333 0.7388888888888889 0.24244791666666668 0.7393518518518518 0.2421875 0.7398148148148148 0.23958333333333334 0.7393518518518518 0.23932291666666666 0.7388888888888889 0.23671875 0.7324074074074074 0.22708333333333333 0.7300925925925926 0.22552083333333334 0.7296296296296296 0.22447916666666667 0.7268518518518519 0.22265625 0.7240740740740741 0.22005208333333334 0.7208333333333333 0.21822916666666667 0.7208333333333333 0.21796875
3 0.7055555555555556 0.4549479166666667 0.7050925925925926 0.45651041666666664 0.7046296296296296 0.45677083333333335 0.7046296296296296 0.4578125 0.7041666666666667 0.45807291666666666 0.7041666666666667 0.45989583333333334 0.7050925925925926 0.46145833333333336 0.7069444444444445 0.4627604166666667 0.7083333333333334 0.4630208333333333 0.712037037037037 0.46458333333333335 0.7157407407407408 0.46510416666666665 0.7203703703703703 0.4666666666666667 0.7245370370370371 0.4669270833333333 0.7277777777777777 0.46796875 0.7319444444444444 0.46848958333333335 0.7342592592592593 0.46927083333333336 0.7361111111111112 0.4703125 0.7384259259259259 0.4703125 0.7388888888888889 0.4705729166666667 0.7407407407407407 0.4705729166666667 0.7444444444444445 0.4713541666666667 0.7458333333333333 0.4713541666666667 0.7486111111111111 0.47213541666666664 0.7509259259259259 0.4734375 0.7550925925925925 0.47421875 0.7587962962962963 0.4752604166666667 0.763425925925926 0.4752604166666667 0.7638888888888888 0.47552083333333334 0.7671296296296296 0.47578125 0.7722222222222223 0.47708333333333336 0.7731481481481481 0.47708333333333336 0.7759259259259259 0.478125 0.7773148148148148 0.478125 0.7810185185185186 0.47890625 0.7828703703703703 0.47890625 0.7865740740740741 0.47994791666666664 0.788425925925926 0.48098958333333336 0.7893518518518519 0.48203125 0.7907407407407407 0.4861979166666667 0.7921296296296296 0.4869791666666667 0.7962962962962963 0.48828125 0.7981481481481482 0.48828125 0.7986111111111112 0.48854166666666665 0.799537037037037 0.48828125 0.8023148148148148 0.48828125 0.8069444444444445 0.4859375 0.8078703703703703 0.48463541666666665 0.8101851851851852 0.4830729166666667 0.8111111111111111 0.4817708333333333 0.8143518518518519 0.4796875 0.8162037037037037 0.4765625 0.8185185185185185 0.4739583333333333 0.8189814814814815 0.471875 0.8194444444444444 0.47161458333333334 0.8194444444444444 0.46875 0.8189814814814815 0.46848958333333335 0.8189814814814815 0.46770833333333334 0.8175925925925925 0.4666666666666667 0.8138888888888889 0.465625 0.8125 0.465625 0.812037037037037 0.46536458333333336 0.8074074074074075 0.46536458333333336 0.8069444444444445 0.465625 0.8041666666666667 0.46588541666666666 0.8023148148148148 0.4666666666666667 0.8004629629629629 0.4666666666666667 0.8 0.4669270833333333 0.7944444444444444 0.4666666666666667 0.7939814814814815 0.46640625 0.7907407407407407 0.4661458333333333 0.7800925925925926 0.4640625 0.7759259259259259 0.4627604166666667 0.7671296296296296 0.46145833333333336 0.7615740740740741 0.45989583333333334 0.7578703703703704 0.459375 0.7564814814814815 0.4588541666666667 0.7523148148148148 0.45807291666666666 0.7476851851851852 0.4578125 0.7458333333333333 0.45729166666666665 0.7444444444444445 0.45729166666666665 0.7347222222222223 0.45546875 0.7324074074074074 0.4546875 0.7277777777777777 0.45390625 0.7245370370370371 0.45286458333333335 0.7217592592592592 0.45260416666666664 0.7166666666666667 0.4515625 0.7138888888888889 0.4515625 0.7134259259259259 0.4518229166666667 0.7087962962962963 0.45208333333333334
3 0.7648148148148148 0.4828125 0.7597222222222222 0.4796875 0.7569444444444444 0.4791666666666667 0.7513888888888889 0.47942708333333334 0.7490740740740741 0.48046875 0.7476851851851852 0.48072916666666665 0.7458333333333333 0.48203125 0.7458333333333333 0.4861979166666667 0.7425925925925926 0.48932291666666666 0.7379629629629629 0.49140625 0.7351851851851852 0.4921875 0.7324074074074074 0.49244791666666665 0.7282407407407407 0.49375 0.7245370370370371 0.4942708333333333 0.7162037037037037 0.49661458333333336 0.7092592592592593 0.4979166666666667 0.7078703703703704 0.4979166666666667 0.7050925925925926 0.49895833333333334 0.700925925925926 0.49947916666666664 0.6967592592592593 0.5010416666666667 0.6930555555555555 0.5015625 0.6865740740740741 0.5033854166666667 0.6842592592592592 0.5036458333333333 0.6828703703703703 0.5041666666666667 0.6754629629629629 0.50546875 0.6731481481481482 0.50625 0.6708333333333333 0.5065104166666666 0.6620370370370371 0.5091145833333334 0.6606481481481481 0.5098958333333333 0.6587962962962963 0.5135416666666667 0.6592592592592592 0.5138020833333333 0.6597222222222222 0.5174479166666667 0.662962962962963 0.51953125 0.6657407407407407 0.5203125 0.6699074074074074 0.5203125 0.6722222222222223 0.5197916666666667 0.6805555555555556 0.5192708333333333 0.6828703703703703 0.51875 0.6847222222222222 0.51875 0.6907407407407408 0.5174479166666667 0.6921296296296297 0.5174479166666667 0.7 0.5153645833333333 0.700925925925926 0.5153645833333333 0.7046296296296296 0.5140625 0.7087962962962963 0.5135416666666667 0.7134259259259259 0.5122395833333333 0.7157407407407408 0.5122395833333333 0.7203703703703703 0.5104166666666666 0.7319444444444444 0.5083333333333333 0.7356481481481482 0.50703125 0.7402777777777778 0.5065104166666666 0.7449074074074075 0.5052083333333334 0.7481481481481481 0.5049479166666667 0.7518518518518519 0.50625 0.7601851851851852 0.50703125 0.7666666666666667 0.5059895833333333 0.7722222222222223 0.5044270833333333 0.775 0.503125 0.7754629629629629 0.50234375 0.7754629629629629 0.4981770833333333 0.775 0.4979166666666667 0.775 0.49661458333333336 0.774537037037037 0.49635416666666665 0.774074074074074 0.4940104166666667 0.7717592592592593 0.49114583333333334 0.7717592592592593 0.490625 0.7689814814814815 0.4875 0.7680555555555556 0.4869791666666667
3 0.5055555555555555 0.3536458333333333 0.5055555555555555 0.35520833333333335 0.5050925925925925 0.35546875 0.5050925925925925 0.35703125 0.5046296296296297 0.3572916666666667 0.5046296296296297 0.3611979166666667 0.5055555555555555 0.36223958333333334 0.5092592592592593 0.36432291666666666 0.512962962962963 0.3651041666666667 0.5185185185185185 0.3653645833333333 0.5189814814814815 0.365625 0.5208333333333334 0.365625 0.5236111111111111 0.36614583333333334 0.5310185185185186 0.36640625 0.5337962962962963 0.36692708333333335 0.5375 0.36692708333333335 0.537962962962963 0.3671875 0.5449074074074074 0.36744791666666665 0.5453703703703704 0.36770833333333336 0.5555555555555556 0.36822916666666666 0.5560185185185185 0.3684895833333333 0.5592592592592592 0.3684895833333333 0.5597222222222222 0.36875 0.5648148148148148 0.36875 0.5652777777777778 0.3690104166666667 0.5699074074074074 0.3690104166666667 0.5703703703703704 0.3692708333333333 0.575925925925926 0.3692708333333333 0.5763888888888888 0.36953125 0.5787037037037037 0.36953125 0.5791666666666667 0.3697916666666667 0.5814814814814815 0.3697916666666667 0.5819444444444445 0.37005208333333334 0.5847222222222223 0.37005208333333334 0.5851851851851851 0.3703125 0.5902777777777778 0.37057291666666664 0.5907407407407408 0.37083333333333335 0.5921296296296297 0.37083333333333335 0.5953703703703703 0.37265625 0.5976851851851852 0.37552083333333336 0.5990740740740741 0.3765625 0.6023148148148149 0.37734375 0.6074074074074074 0.3776041666666667 0.6078703703703704 0.37734375 0.6111111111111112 0.3770833333333333 0.612037037037037 0.3765625 0.6143518518518518 0.3734375 0.6148148148148148 0.37135416666666665 0.6152777777777778 0.37109375 0.6157407407407407 0.36796875 0.6162037037037037 0.36770833333333336 0.6166666666666667 0.3645833333333333 0.6171296296296296 0.36432291666666666 0.6171296296296296 0.36302083333333335 0.6175925925925926 0.36276041666666664 0.6175925925925926 0.3611979166666667 0.6180555555555556 0.3609375 0.6180555555555556 0.35494791666666664 0.6175925925925926 0.3546875 0.6175925925925926 0.3533854166666667 0.6143518518518518 0.35182291666666665 0.6069444444444444 0.35130208333333335 0.6041666666666666 0.35208333333333336 0.5995370370370371 0.35520833333333335 0.5976851851851852 0.35520833333333335 0.5972222222222222 0.35546875 0.5907407407407408 0.35546875 0.5879629629629629 0.35494791666666664 0.5814814814814815 0.35494791666666664 0.5810185185185185 0.3546875 0.5768518518518518 0.3546875 0.5740740740740741 0.3541666666666667 0.5675925925925925 0.3541666666666667 0.5671296296296297 0.35390625 0.5648148148148148 0.35390625 0.5643518518518519 0.3536458333333333 0.5541666666666667 0.3533854166666667 0.5537037037037037 0.353125 0.549074074074074 0.353125 0.5486111111111112 0.3528645833333333 0.5430555555555555 0.3528645833333333 0.5425925925925926 0.35260416666666666 0.5351851851851852 0.35234375 0.5347222222222222 0.35208333333333336 0.5282407407407408 0.35182291666666665 0.5277777777777778 0.3515625 0.5203703703703704 0.3515625 0.5199074074074074 0.35130208333333335 0.5097222222222222 0.3515625 0.5074074074074074 0.35234375
4 0.874537037037037 0.37994791666666666 0.8675925925925926 0.37994791666666666 0.8671296296296296 0.3802083333333333 0.8652777777777778 0.3802083333333333 0.8611111111111112 0.38229166666666664 0.8587962962962963 0.3846354166666667 0.8587962962962963 0.3854166666666667 0.8583333333333333 0.38567708333333334 0.8583333333333333 0.38645833333333335 0.8574074074074074 0.38776041666666666 0.8574074074074074 0.3890625 0.8597222222222223 0.3919270833333333 0.8606481481481482 0.3924479166666667 0.8606481481481482 0.3932291666666667 0.8629629629629629 0.3963541666666667 0.8625 0.396875 0.8625 0.39817708333333335 0.862037037037037 0.3984375 0.862037037037037 0.4 0.861574074074074 0.4002604166666667 0.8597222222222223 0.40390625 0.8550925925925926 0.4088541666666667 0.8550925925925926 0.409375 0.8486111111111111 0.4166666666666667 0.8486111111111111 0.4171875 0.8453703703703703 0.42083333333333334 0.8453703703703703 0.42135416666666664 0.8439814814814814 0.4231770833333333 0.8439814814814814 0.4244791666666667 0.8444444444444444 0.42473958333333334 0.8449074074074074 0.4265625 0.8458333333333333 0.4276041666666667 0.8476851851851852 0.42864583333333334 0.8490740740740741 0.42916666666666664 0.85 0.42916666666666664 0.8532407407407407 0.42994791666666665 0.8569444444444444 0.43020833333333336 0.8574074074074074 0.43046875 0.8597222222222223 0.43046875 0.8601851851851852 0.43072916666666666 0.8625 0.43072916666666666 0.8629629629629629 0.4309895833333333 0.8662037037037037 0.4309895833333333 0.8666666666666667 0.43072916666666666 0.8689814814814815 0.43046875 0.8708333333333333 0.42942708333333335 0.8712962962962963 0.42942708333333335 0.8736111111111111 0.4278645833333333 0.875 0.42630208333333336 0.8768518518518519 0.425 0.8787037037037037 0.42265625 0.8796296296296297 0.42213541666666665 0.887962962962963 0.41171875 0.8921296296296296 0.40859375 0.8939814814814815 0.40651041666666665 0.8958333333333334 0.40546875 0.8958333333333334 0.40520833333333334 0.899537037037037 0.40338541666666666 0.9018518518518519 0.40286458333333336 0.9032407407407408 0.40286458333333336 0.9037037037037037 0.40260416666666665 0.9064814814814814 0.40260416666666665 0.9069444444444444 0.40286458333333336 0.9078703703703703 0.40286458333333336 0.9083333333333333 0.40260416666666665 0.9115740740740741 0.40234375 0.9148148148148149 0.4005208333333333 0.9185185185185185 0.3963541666666667 0.9185185185185185 0.39375 0.9189814814814815 0.39348958333333334 0.9189814814814815 0.3924479166666667 0.9157407407407407 0.39036458333333335 0.9157407407407407 0.39010416666666664 0.9152777777777777 0.39010416666666664 0.912962962962963 0.3888020833333333 0.912962962962963 0.3885416666666667 0.9083333333333333 0.38671875 0.9050925925925926 0.38619791666666664 0.899074074074074 0.3841145833333333 0.8981481481481481 0.3841145833333333 0.8958333333333334 0.38333333333333336 0.8949074074074074 0.38333333333333336 0.8935185185185185 0.3828125 0.887962962962963 0.38229166666666664 0.8819444444444444 0.3807291666666667 0.8800925925925925 0.3807291666666667 0.8796296296296297 0.38046875 0.8777777777777778 0.38046875 0.8773148148148148 0.3802083333333333 0.875 0.3802083333333333
2 0.888425925925926 0.453125 0.8875 0.45338541666666665 0.8847222222222222 0.45338541666666665 0.8796296296296297 0.4546875 0.8740740740740741 0.4588541666666667 0.8740740740740741 0.46328125 0.874537037037037 0.4635416666666667 0.875 0.46510416666666665 0.8763888888888889 0.4671875 0.8763888888888889 0.46822916666666664 0.8773148148148148 0.46953125 0.8773148148148148 0.47109375 0.8763888888888889 0.471875 0.8763888888888889 0.47239583333333335 0.875462962962963 0.47317708333333336 0.874537037037037 0.475 0.8722222222222222 0.47734375 0.8689814814814815 0.4796875 0.8685185185185185 0.48046875 0.8662037037037037 0.48203125 0.8638888888888889 0.484375 0.8606481481481482 0.4864583333333333 0.8597222222222223 0.4875 0.8569444444444444 0.48880208333333336 0.8537037037037037 0.49114583333333334 0.8532407407407407 0.49192708333333335 0.850462962962963 0.4940104166666667 0.850462962962963 0.49453125 0.8476851851851852 0.4979166666666667 0.8495370370370371 0.5 0.8518518518518519 0.5018229166666667 0.8564814814814815 0.503125 0.8574074074074074 0.5036458333333333 0.8583333333333333 0.5036458333333333 0.8592592592592593 0.5041666666666667 0.8643518518518518 0.50546875 0.8703703703703703 0.50546875 0.8708333333333333 0.5052083333333334 0.8726851851851852 0.5052083333333334 0.875 0.5041666666666667 0.8856481481481482 0.4979166666666667 0.8856481481481482 0.49765625 0.8921296296296296 0.4934895833333333 0.8935185185185185 0.4921875 0.8958333333333334 0.4908854166666667 0.899537037037037 0.48776041666666664 0.9046296296296297 0.48489583333333336 0.9078703703703703 0.48359375 0.9101851851851852 0.48333333333333334 0.912962962962963 0.4825520833333333 0.9236111111111112 0.48203125 0.9282407407407407 0.48072916666666665 0.9324074074074075 0.4786458333333333 0.9337962962962963 0.47604166666666664 0.9351851851851852 0.4747395833333333 0.9347222222222222 0.47109375 0.9342592592592592 0.4705729166666667 0.9305555555555556 0.46848958333333335 0.9282407407407407 0.46796875 0.9180555555555555 0.4625 0.9087962962962963 0.4591145833333333 0.9064814814814814 0.45859375 0.9009259259259259 0.45651041666666664 0.8976851851851851 0.4557291666666667 0.8953703703703704 0.4546875 0.8916666666666667 0.45364583333333336 0.8902777777777777 0.45364583333333336
3 0.912962962962963 0.13776041666666666 0.9115740740740741 0.13854166666666667 0.9111111111111111 0.13958333333333334 0.9087962962962963 0.1421875 0.9097222222222222 0.14635416666666667 0.9152777777777777 0.15026041666666667 0.9171296296296296 0.15104166666666666 0.9236111111111112 0.15494791666666666 0.924074074074074 0.15494791666666666 0.9319444444444445 0.159375 0.9324074074074075 0.159375 0.9398148148148148 0.16354166666666667 0.9402777777777778 0.16354166666666667 0.9421296296296297 0.16484375 0.9560185185185185 0.17265625 0.9564814814814815 0.17265625 0.9611111111111111 0.17552083333333332 0.9625 0.17760416666666667 0.9625 0.18255208333333334 0.9629629629629629 0.1828125 0.9634259259259259 0.18567708333333333 0.9671296296296297 0.18802083333333333 0.9680555555555556 0.18802083333333333 0.9703703703703703 0.18880208333333334 0.9745370370370371 0.1890625 0.9791666666666666 0.18776041666666668 0.9824074074074074 0.18645833333333334 0.987037037037037 0.18541666666666667 0.9976851851851852 0.17864583333333334 0.999537037037037 0.17864583333333334 0.999537037037037 0.16536458333333334 0.9930555555555556 0.16510416666666666 0.9925925925925926 0.16536458333333334 0.9912037037037037 0.16536458333333334 0.9884259259259259 0.16588541666666667 0.986574074074074 0.16666666666666666 0.9828703703703704 0.16666666666666666 0.9819444444444444 0.16640625 0.9680555555555556 0.15859375 0.9666666666666667 0.15729166666666666 0.9643518518518519 0.15677083333333333 0.962037037037037 0.15572916666666667 0.9495370370370371 0.14895833333333333 0.9458333333333333 0.14635416666666667 0.9425925925925925 0.14505208333333333 0.9305555555555556 0.13854166666666667 0.9282407407407407 0.13802083333333334 0.924074074074074 0.13645833333333332 0.9222222222222223 0.13645833333333332 0.9217592592592593 0.13619791666666667 0.9166666666666666 0.13645833333333332
0 0.912962962962963 0.49375 0.912962962962963 0.49453125 0.9138888888888889 0.4953125 0.9138888888888889 0.49583333333333335 0.9148148148148149 0.496875 0.9175925925925926 0.4986979166666667 0.9175925925925926 0.49895833333333334 0.9194444444444444 0.5 0.9194444444444444 0.5002604166666667 0.9277777777777778 0.5046875 0.9282407407407407 0.5046875 0.9296296296296296 0.50546875 0.9296296296296296 0.5057291666666667 0.9412037037037037 0.5119791666666667 0.9412037037037037 0.5122395833333333 0.9421296296296297 0.5127604166666667 0.9430555555555555 0.5138020833333333 0.9430555555555555 0.515625 0.9435185185185185 0.5158854166666667 0.9435185185185185 0.5177083333333333 0.9458333333333333 0.5203125 0.9472222222222222 0.52109375 0.9472222222222222 0.5213541666666667 0.9476851851851852 0.5213541666666667 0.95 0.52265625 0.950462962962963 0.52265625 0.9513888888888888 0.5231770833333333 0.9546296296296296 0.5239583333333333 0.9569444444444445 0.5252604166666667 0.9578703703703704 0.5252604166666667 0.9583333333333334 0.5255208333333333 0.9597222222222223 0.5255208333333333 0.9601851851851851 0.52578125 0.9638888888888889 0.52578125 0.9643518518518519 0.5255208333333333 0.9662037037037037 0.5255208333333333 0.9666666666666667 0.5252604166666667 0.9675925925925926 0.5252604166666667 0.9685185185185186 0.5247395833333334 0.9703703703703703 0.52421875 0.9717592592592592 0.5234375 0.9722222222222222 0.5234375 0.9736111111111111 0.52265625 0.9740740740740741 0.52265625 0.975462962962963 0.521875 0.975925925925926 0.521875 0.9837962962962963 0.5174479166666667 0.9842592592592593 0.515625 0.9847222222222223 0.5153645833333333 0.9847222222222223 0.51484375 0.9851851851851852 0.5145833333333333 0.9851851851851852 0.5140625 0.9856481481481482 0.5135416666666667 0.9814814814814815 0.5114583333333333 0.9800925925925926 0.5111979166666667 0.9777777777777777 0.51015625 0.9777777777777777 0.5098958333333333 0.9768518518518519 0.509375 0.975925925925926 0.5083333333333333 0.975925925925926 0.5078125 0.975462962962963 0.5075520833333333 0.975 0.50625 0.9736111111111111 0.5052083333333334 0.9722222222222222 0.5049479166666667 0.9703703703703703 0.5041666666666667 0.962037037037037 0.5041666666666667 0.961574074074074 0.50390625 0.9587962962962963 0.50390625 0.9550925925925926 0.5028645833333333 0.9518518518518518 0.5010416666666667 0.9513888888888888 0.5010416666666667 0.95 0.5002604166666667 0.9472222222222222 0.49947916666666664 0.9351851851851852 0.49270833333333336 0.9347222222222222 0.49270833333333336 0.9314814814814815 0.4908854166666667 0.9310185185185185 0.4908854166666667 0.9300925925925926 0.4903645833333333 0.9282407407407407 0.48984375 0.9273148148148148 0.48984375 0.9268518518518518 0.4895833333333333 0.924074074074074 0.4895833333333333 0.9236111111111112 0.48932291666666666 0.9231481481481482 0.4895833333333333 0.9208333333333333 0.4895833333333333 0.9203703703703704 0.48984375 0.9194444444444444 0.48984375 0.9138888888888889 0.49296875 0.9138888888888889 0.49322916666666666
3 0.999537037037037 0.67265625 0.9976851851851852 0.67265625 0.9958333333333333 0.6721354166666667 0.9944444444444445 0.6713541666666667 0.9930555555555556 0.6697916666666667 0.9916666666666667 0.66953125 0.9861111111111112 0.6671875 0.9814814814814815 0.6671875 0.9810185185185185 0.6674479166666667 0.9796296296296296 0.6674479166666667 0.9740740740740741 0.66953125 0.9726851851851852 0.6716145833333333 0.9712962962962963 0.6770833333333334 0.9703703703703703 0.6778645833333333 0.9699074074074074 0.6791666666666667 0.9680555555555556 0.6809895833333334 0.9657407407407408 0.6822916666666666 0.9657407407407408 0.6825520833333333 0.9490740740740741 0.6916666666666667 0.9453703703703704 0.69296875 0.9333333333333333 0.6994791666666667 0.9314814814814815 0.7002604166666667 0.9282407407407407 0.7010416666666667 0.9259259259259259 0.70234375 0.9217592592592593 0.70390625 0.912962962962963 0.7088541666666667 0.9120370370370371 0.7091145833333333 0.9101851851851852 0.7109375 0.9078703703703703 0.7125 0.9078703703703703 0.7166666666666667 0.9087962962962963 0.7177083333333333 0.9120370370370371 0.71953125 0.912962962962963 0.71953125 0.9148148148148149 0.7200520833333334 0.9199074074074074 0.7200520833333334 0.9203703703703704 0.7197916666666667 0.9217592592592593 0.7197916666666667 0.9222222222222223 0.71953125 0.924537037037037 0.7192708333333333 0.9273148148148148 0.7184895833333333 0.9300925925925926 0.7171875 0.9319444444444445 0.7166666666666667 0.9365740740740741 0.7143229166666667 0.9425925925925925 0.7122395833333334 0.9513888888888888 0.7078125 0.9550925925925926 0.7065104166666667 0.9574074074074074 0.7052083333333333 0.9578703703703704 0.7052083333333333 0.962037037037037 0.7026041666666667 0.9657407407407408 0.7010416666666667 0.9699074074074074 0.6986979166666667 0.9703703703703703 0.6986979166666667 0.9777777777777777 0.6947916666666667 0.9800925925925926 0.6940104166666666 0.9824074074074074 0.6927083333333334 0.986574074074074 0.6916666666666667 0.9902777777777778 0.6901041666666666 0.9935185185185185 0.68828125 0.9967592592592592 0.6875 0.999537037037037 0.6875
