0 0.024074074074074074 0.3690104166666667 0.02361111111111111 0.3690104166666667 0.023148148148148147 0.36875 0.022685185185185187 0.36875 0.022222222222222223 0.3684895833333333 0.02175925925925926 0.3684895833333333 0.021296296296296296 0.36822916666666666 0.020833333333333332 0.36822916666666666 0.020370370370370372 0.3684895833333333 0.018518518518518517 0.3684895833333333 0.018055555555555554 0.36875 0.01712962962962963 0.36875 0.016666666666666666 0.3690104166666667 0.01574074074074074 0.3690104166666667 0.014814814814814815 0.36953125 0.014351851851851852 0.36953125 0.013888888888888888 0.3697916666666667 0.013425925925925926 0.3697916666666667 0.012037037037037037 0.37057291666666664 0.011574074074074073 0.37057291666666664 0.010648148148148148 0.37109375 0.010185185185185186 0.37109375 0.009722222222222222 0.37135416666666665 0.009259259259259259 0.37135416666666665 0.008333333333333333 0.371875 0.00787037037037037 0.371875 0.007407407407407408 0.37213541666666666 0.006944444444444444 0.37213541666666666 0.0060185185185185185 0.37265625 0.005555555555555556 0.37265625 0.005092592592592593 0.3729166666666667 0.004629629629629629 0.3729166666666667 0.0032407407407407406 0.3736979166666667 0.002777777777777778 0.3736979166666667 0.001851851851851852 0.37421875 0.0 0.37421875 0.0 0.38697916666666665 0.001851851851851852 0.38697916666666665 0.0032407407407407406 0.38619791666666664 0.003703703703703704 0.38619791666666664 0.005555555555555556 0.38515625 0.0060185185185185185 0.38515625 0.006481481481481481 0.3848958333333333 0.006944444444444444 0.3848958333333333 0.007407407407407408 0.3846354166666667 0.00787037037037037 0.3846354166666667 0.008796296296296297 0.3841145833333333 0.009259259259259259 0.3841145833333333 0.010648148148148148 0.38333333333333336 0.011111111111111112 0.38333333333333336 0.0125 0.38255208333333335 0.012962962962962963 0.38255208333333335 0.013425925925925926 0.38229166666666664 0.013888888888888888 0.38229166666666664 0.014351851851851852 0.38203125 0.014814814814814815 0.38203125 0.015277777777777777 0.38177083333333334 0.01574074074074074 0.38177083333333334 0.016666666666666666 0.38125 0.01712962962962963 0.38125 0.017592592592592594 0.3809895833333333 0.018055555555555554 0.3809895833333333 0.018518518518518517 0.3807291666666667 0.01898148148148148 0.3807291666666667 0.019444444444444445 0.38046875 0.01990740740740741 0.38046875 0.020370370370370372 0.3802083333333333 0.020833333333333332 0.3802083333333333 0.021296296296296296 0.37994791666666666 0.02175925925925926 0.37994791666666666 0.022222222222222223 0.3796875 0.022685185185185187 0.3796875 0.023148148148148147 0.37942708333333336 0.02361111111111111 0.37942708333333336 0.024074074074074074 0.37916666666666665 0.025 0.37916666666666665 0.025925925925925925 0.37864583333333335 0.02638888888888889 0.37864583333333335 0.027777777777777776 0.37786458333333334 0.02824074074074074 0.37786458333333334 0.029166666666666667 0.37734375 0.029166666666666667 0.3770833333333333 0.02962962962962963 0.3768229166666667 0.02962962962962963 0.3729166666666667 0.029166666666666667 0.37265625 0.029166666666666667 0.3723958333333333 0.027777777777777776 0.37161458333333336 0.027777777777777776 0.37135416666666665 0.02638888888888889 0.37057291666666664 0.02638888888888889 0.3703125
0 0.026851851851851852 0.43333333333333335 0.026851851851851852 0.43385416666666665 0.025925925925925925 0.4348958333333333 0.025925925925925925 0.4356770833333333 0.02546296296296296 0.4359375 0.02546296296296296 0.43697916666666664 0.025 0.43723958333333335 0.024537037037037038 0.4390625 0.024074074074074074 0.4393229166666667 0.024074074074074074 0.43984375 0.023148148148148147 0.44088541666666664 0.023148148148148147 0.44166666666666665 0.022685185185185187 0.44192708333333336 0.022685185185185187 0.44296875 0.022222222222222223 0.4432291666666667 0.022685185185185187 0.4434895833333333 0.022685185185185187 0.4453125 0.023148148148148147 0.44557291666666665 0.023148148148148147 0.446875 0.02361111111111111 0.4473958333333333 0.025 0.44817708333333334 0.02638888888888889 0.44817708333333334 0.026851851851851852 0.4484375 0.02824074074074074 0.4484375 0.028703703703703703 0.44869791666666664 0.03425925925925926 0.44869791666666664 0.034722222222222224 0.44895833333333335 0.03611111111111111 0.44895833333333335 0.03657407407407407 0.44921875 0.0375 0.44921875 0.03796296296296296 0.44947916666666665 0.04027777777777778 0.44973958333333336 0.041666666666666664 0.45026041666666666 0.04259259259259259 0.45026041666666666 0.044444444444444446 0.4510416666666667 0.04537037037037037 0.4510416666666667 0.04861111111111111 0.45 0.05694444444444444 0.45 0.05740740740740741 0.45026041666666666 0.0587962962962963 0.45026041666666666 0.05925925925925926 0.4505208333333333 0.06157407407407407 0.4505208333333333 0.062037037037037036 0.45078125 0.06574074074074074 0.45078125 0.06620370370370371 0.4510416666666667 0.0712962962962963 0.4510416666666667 0.07175925925925926 0.4513020833333333 0.07453703703703704 0.4513020833333333 0.075 0.4515625 0.07777777777777778 0.4515625 0.07824074074074074 0.4518229166666667 0.08055555555555556 0.4518229166666667 0.08101851851851852 0.45208333333333334 0.08333333333333333 0.45208333333333334 0.0837962962962963 0.45234375 0.08564814814814815 0.45234375 0.08611111111111111 0.45260416666666664 0.0875 0.45260416666666664 0.08796296296296297 0.45286458333333335 0.09212962962962963 0.45286458333333335 0.09259259259259259 0.453125 0.0962962962962963 0.453125 0.09675925925925925 0.45286458333333335 0.09768518518518518 0.45286458333333335 0.10138888888888889 0.4518229166666667 0.10324074074074074 0.4510416666666667 0.10324074074074074 0.4505208333333333 0.10277777777777777 0.45026041666666666 0.10277777777777777 0.4484375 0.10231481481481482 0.44817708333333334 0.10231481481481482 0.4471354166666667 0.10092592592592593 0.44635416666666666 0.10092592592592593 0.44609375 0.1 0.44557291666666665 0.09907407407407408 0.44453125 0.09675925925925925 0.4434895833333333 0.09444444444444444 0.4432291666666667 0.09166666666666666 0.44244791666666666 0.08935185185185185 0.44244791666666666 0.08888888888888889 0.4421875 0.08703703703703704 0.4421875 0.08518518518518518 0.44166666666666665 0.0837962962962963 0.44166666666666665 0.08333333333333333 0.44140625 0.0824074074074074 0.44140625 0.08055555555555556 0.44088541666666664 0.07916666666666666 0.44088541666666664 0.07777777777777778 0.44036458333333334 0.07685185185185185 0.44036458333333334 0.075 0.43984375 0.07175925925925926 0.43984375 0.06805555555555555 0.4388020833333333 0.06388888888888888 0.43854166666666666 0.06296296296296296 0.43802083333333336 0.06018518518518518 0.43723958333333335 0.05740740740740741 0.43723958333333335 0.05555555555555555 0.43671875 0.05277777777777778 0.43515625 0.05185185185185185 0.43411458333333336 0.05 0.43307291666666664 0.049074074074074076 0.4328125 0.04351851851851852 0.4328125 0.043055555555555555 0.43255208333333334 0.040740740740740744 0.43255208333333334 0.03981481481481482 0.43203125 0.03796296296296296 0.4315104166666667 0.037037037037037035 0.4315104166666667 0.03657407407407407 0.43125 0.034722222222222224 0.43125 0.03425925925925926 0.4309895833333333 0.03194444444444444 0.4309895833333333 0.03148148148148148 0.43125 0.03009259259259259 0.43125 0.029166666666666667 0.4315104166666667 0.027777777777777776 0.4322916666666667
4 0.07222222222222222 0.19322916666666667 0.06712962962962964 0.19322916666666667 0.06527777777777778 0.19401041666666666 0.06157407407407407 0.19505208333333332 0.059722222222222225 0.1953125 0.05787037037037037 0.19635416666666666 0.05555555555555555 0.19713541666666667 0.05092592592592592 0.20104166666666667 0.05092592592592592 0.2015625 0.050462962962962966 0.20182291666666666 0.050462962962962966 0.20234375 0.04861111111111111 0.20494791666666667 0.04675925925925926 0.20598958333333334 0.04537037037037037 0.20625 0.038425925925925926 0.20885416666666667 0.03194444444444444 0.21328125 0.03148148148148148 0.21328125 0.029166666666666667 0.21458333333333332 0.02638888888888889 0.21536458333333333 0.02546296296296296 0.21536458333333333 0.024074074074074074 0.21614583333333334 0.01990740740740741 0.21770833333333334 0.017592592592592594 0.21901041666666668 0.01712962962962963 0.21901041666666668 0.014814814814814815 0.22057291666666667 0.014351851851851852 0.22239583333333332 0.013888888888888888 0.22265625 0.013888888888888888 0.22369791666666666 0.013425925925925926 0.22395833333333334 0.013888888888888888 0.22526041666666666 0.016666666666666666 0.228125 0.01990740740740741 0.22994791666666667 0.021296296296296296 0.23125 0.024537037037037038 0.23307291666666666 0.025 0.23359375 0.03009259259259259 0.23489583333333333 0.032407407407407406 0.2359375 0.03564814814814815 0.2359375 0.03611111111111111 0.23567708333333334 0.038425925925925926 0.23567708333333334 0.03888888888888889 0.23541666666666666 0.04212962962962963 0.23515625 0.04351851851851852 0.23463541666666668 0.044444444444444446 0.23463541666666668 0.04953703703703704 0.23203125 0.05416666666666667 0.23072916666666668 0.055092592592592596 0.23020833333333332 0.058333333333333334 0.22942708333333334 0.06435185185185185 0.22682291666666668 0.06898148148148148 0.22552083333333334 0.0699074074074074 0.22552083333333334 0.07222222222222222 0.22473958333333333 0.075 0.22447916666666667 0.07546296296296297 0.22421875 0.08101851851851852 0.22421875 0.08148148148148149 0.22447916666666667 0.08287037037037037 0.22447916666666667 0.0837962962962963 0.22473958333333333 0.08703703703703704 0.22395833333333334 0.09212962962962963 0.22369791666666666 0.09583333333333334 0.22265625 0.1 0.22057291666666667 0.1 0.22005208333333334 0.10092592592592593 0.21901041666666668 0.10092592592592593 0.21796875 0.10138888888888889 0.21770833333333334 0.10138888888888889 0.21640625 0.10092592592592593 0.21614583333333334 0.10046296296296296 0.21484375 0.09953703703703703 0.21432291666666667 0.09814814814814815 0.21276041666666667 0.09814814814814815 0.21223958333333334 0.09351851851851851 0.20703125 0.08611111111111111 0.20260416666666667 0.0837962962962963 0.20052083333333334 0.08194444444444444 0.19947916666666668 0.08009259259259259 0.19791666666666666 0.07962962962962963 0.19713541666666667 0.07685185185185185 0.19557291666666668 0.07592592592592592 0.19453125 0.07361111111111111 0.19401041666666666
3 0.044444444444444446 0.18932291666666667 0.04351851851851852 0.18932291666666667 0.0412037037037037 0.18828125 0.040740740740740744 0.18828125 0.0375 0.18723958333333332 0.03657407407407407 0.18723958333333332 0.034722222222222224 0.18802083333333333 0.03425925925925926 0.18802083333333333 0.033796296296296297 0.18828125 0.03287037037037037 0.18828125 0.03148148148148148 0.18880208333333334 0.029166666666666667 0.1890625 0.028703703703703703 0.18932291666666667 0.028703703703703703 0.19010416666666666 0.02824074074074074 0.19036458333333334 0.02824074074074074 0.19140625 0.027777777777777776 0.19166666666666668 0.027314814814814816 0.19296875 0.02638888888888889 0.19375 0.02638888888888889 0.19427083333333334 0.02546296296296296 0.19505208333333332 0.02546296296296296 0.19557291666666668 0.024537037037037038 0.19635416666666666 0.024537037037037038 0.196875 0.020370370370370372 0.19921875 0.01990740740740741 0.19921875 0.013888888888888888 0.20234375 0.013425925925925926 0.20234375 0.012037037037037037 0.203125 0.011574074074074073 0.203125 0.009259259259259259 0.20442708333333334 0.008796296296296297 0.20442708333333334 0.007407407407407408 0.20520833333333333 0.006944444444444444 0.20520833333333333 0.0060185185185185185 0.20572916666666666 0.005555555555555556 0.20572916666666666 0.004629629629629629 0.20625 0.004166666666666667 0.20625 0.001388888888888889 0.20755208333333333 0.0 0.20755208333333333 0.0 0.225 0.001851851851851852 0.225 0.002777777777777778 0.22447916666666667 0.0032407407407407406 0.22447916666666667 0.005555555555555556 0.22317708333333333 0.0060185185185185185 0.22317708333333333 0.006944444444444444 0.22265625 0.007407407407407408 0.22265625 0.008333333333333333 0.22213541666666667 0.008796296296296297 0.22213541666666667 0.010185185185185186 0.22161458333333334 0.0125 0.22161458333333334 0.012962962962962963 0.22135416666666666 0.013425925925925926 0.22135416666666666 0.013888888888888888 0.22109375 0.013888888888888888 0.22083333333333333 0.01712962962962963 0.21901041666666668 0.017592592592592594 0.21901041666666668 0.020833333333333332 0.21744791666666666 0.021296296296296296 0.21744791666666666 0.022222222222222223 0.21692708333333333 0.022685185185185187 0.21692708333333333 0.02361111111111111 0.21640625 0.024074074074074074 0.21640625 0.02546296296296296 0.215625 0.026851851851851852 0.21536458333333333 0.02962962962962963 0.2140625 0.03009259259259259 0.2140625 0.03148148148148148 0.21354166666666666 0.032407407407407406 0.21354166666666666 0.03333333333333333 0.21302083333333333 0.033796296296296297 0.21302083333333333 0.043055555555555555 0.2078125 0.04351851851851852 0.2078125 0.044444444444444446 0.20729166666666668 0.04583333333333333 0.20729166666666668 0.046296296296296294 0.20703125 0.04861111111111111 0.20703125 0.04861111111111111 0.20677083333333332 0.04953703703703704 0.20625 0.04953703703703704 0.20598958333333334 0.05138888888888889 0.20494791666666667 0.05138888888888889 0.20104166666666667 0.05185185185185185 0.20078125 0.05185185185185185 0.2 0.052314814814814814 0.19973958333333333 0.052314814814814814 0.196875 0.05185185185185185 0.196875 0.05 0.19557291666666668 0.05 0.1953125 0.049074074074074076 0.19453125 0.04861111111111111 0.19322916666666667 0.04675925925925926 0.1921875 0.04675925925925926 0.19192708333333333 0.04583333333333333 0.19140625 0.04583333333333333 0.19114583333333332 0.04490740740740741 0.19036458333333334 0.04490740740740741 0.18984375 0.044444444444444446 0.18958333333333333
2 0.07592592592592592 0.25234375 0.07175925925925926 0.25442708333333336 0.06944444444444445 0.2565104166666667 0.06805555555555555 0.25729166666666664 0.06527777777777778 0.26015625 0.06527777777777778 0.26067708333333334 0.06342592592592593 0.26276041666666666 0.062037037037037036 0.2638020833333333 0.06157407407407407 0.26510416666666664 0.06018518518518518 0.26640625 0.059722222222222225 0.26796875 0.05694444444444444 0.271875 0.05648148148148148 0.275 0.056018518518518516 0.2752604166666667 0.05648148148148148 0.2755208333333333 0.05648148148148148 0.27630208333333334 0.0587962962962963 0.27890625 0.06435185185185185 0.28177083333333336 0.06527777777777778 0.28177083333333336 0.06805555555555555 0.2825520833333333 0.07083333333333333 0.2825520833333333 0.07175925925925926 0.2828125 0.07962962962962963 0.28072916666666664 0.08009259259259259 0.28098958333333335 0.08148148148148149 0.28098958333333335 0.08194444444444444 0.28125 0.08425925925925926 0.28151041666666665 0.08888888888888889 0.2830729166666667 0.09212962962962963 0.28359375 0.09537037037037037 0.28489583333333335 0.10046296296296296 0.28619791666666666 0.10185185185185185 0.2869791666666667 0.10648148148148148 0.28802083333333334 0.1111111111111111 0.28984375 0.11203703703703703 0.28984375 0.11296296296296296 0.2903645833333333 0.11527777777777778 0.2908854166666667 0.1162037037037037 0.29140625 0.1175925925925926 0.2916666666666667 0.11851851851851852 0.2921875 0.12361111111111112 0.29375 0.12638888888888888 0.29401041666666666 0.12685185185185185 0.2942708333333333 0.1287037037037037 0.2942708333333333 0.12916666666666668 0.29453125 0.1310185185185185 0.29453125 0.13518518518518519 0.29322916666666665 0.13842592592592592 0.29140625 0.1439814814814815 0.28515625 0.1439814814814815 0.28463541666666664 0.1449074074074074 0.28359375 0.1449074074074074 0.28177083333333336 0.14444444444444443 0.28151041666666665 0.1439814814814815 0.2794270833333333 0.14074074074074075 0.27760416666666665 0.13703703703703704 0.27630208333333334 0.13518518518518519 0.2752604166666667 0.13287037037037036 0.2747395833333333 0.13055555555555556 0.27369791666666665 0.12824074074074074 0.27317708333333335 0.12453703703703704 0.2716145833333333 0.12314814814814815 0.2713541666666667 0.12083333333333333 0.2703125 0.1162037037037037 0.26901041666666664 0.11527777777777778 0.26848958333333334 0.11296296296296296 0.26796875 0.10833333333333334 0.26614583333333336 0.10648148148148148 0.265625 0.10555555555555556 0.265625 0.10092592592592593 0.2640625 0.09953703703703703 0.26328125 0.09953703703703703 0.2625 0.09907407407407408 0.26223958333333336 0.09861111111111111 0.26015625 0.09814814814814815 0.2598958333333333 0.09768518518518518 0.25859375 0.0962962962962963 0.2578125 0.0962962962962963 0.25755208333333335 0.09583333333333334 0.25755208333333335 0.09444444444444444 0.25677083333333334 0.09166666666666666 0.2559895833333333 0.09074074074074075 0.2559895833333333 0.08888888888888889 0.2552083333333333 0.08796296296296297 0.2552083333333333 0.08287037037037037 0.25234375 0.08101851851851852 0.2518229166666667 0.07916666666666666 0.2518229166666667 0.07731481481481481 0.25234375
0 0.12268518518518519 0.22005208333333334 0.12037037037037036 0.22005208333333334 0.11990740740740741 0.21979166666666666 0.11481481481481481 0.21979166666666666 0.11435185185185186 0.22005208333333334 0.11296296296296296 0.2203125 0.10694444444444444 0.22369791666666666 0.10648148148148148 0.22369791666666666 0.10462962962962963 0.22473958333333333 0.10416666666666667 0.22552083333333334 0.10324074074074074 0.22604166666666667 0.10324074074074074 0.2265625 0.10277777777777777 0.22682291666666668 0.10277777777777777 0.22734375 0.10231481481481482 0.22760416666666666 0.10231481481481482 0.22838541666666667 0.10185185185185185 0.22864583333333333 0.10046296296296296 0.23046875 0.09907407407407408 0.23125 0.09861111111111111 0.23125 0.0962962962962963 0.23203125 0.09537037037037037 0.23203125 0.09351851851851851 0.2328125 0.09212962962962963 0.23307291666666666 0.0912037037037037 0.23359375 0.09074074074074075 0.234375 0.08981481481481482 0.23489583333333333 0.08981481481481482 0.23515625 0.08888888888888889 0.2359375 0.08842592592592592 0.23723958333333334 0.08796296296296297 0.2375 0.08796296296296297 0.23828125 0.0875 0.23854166666666668 0.0875 0.23932291666666666 0.08703703703703704 0.23958333333333334 0.08703703703703704 0.24010416666666667 0.08657407407407407 0.24036458333333333 0.08564814814814815 0.24166666666666667 0.0837962962962963 0.24296875 0.0837962962962963 0.24348958333333334 0.08333333333333333 0.24375 0.08333333333333333 0.24427083333333333 0.08287037037037037 0.24453125 0.08287037037037037 0.24583333333333332 0.0824074074074074 0.24609375 0.0824074074074074 0.24739583333333334 0.08194444444444444 0.24765625 0.08194444444444444 0.24921875 0.08148148148148149 0.24947916666666667 0.08148148148148149 0.25 0.08101851851851852 0.25026041666666665 0.08101851851851852 0.25052083333333336 0.07916666666666666 0.2515625 0.0787037037037037 0.2515625 0.07824074074074074 0.2518229166666667 0.08009259259259259 0.25286458333333334 0.08055555555555556 0.25286458333333334 0.08101851851851852 0.253125 0.08333333333333333 0.25364583333333335 0.08425925925925926 0.25416666666666665 0.08472222222222223 0.25416666666666665 0.08611111111111111 0.25494791666666666 0.08611111111111111 0.2552083333333333 0.0875 0.2559895833333333 0.0875 0.25625 0.08888888888888889 0.25625 0.08935185185185185 0.2565104166666667 0.09212962962962963 0.2565104166666667 0.09259259259259259 0.25677083333333334 0.09861111111111111 0.25677083333333334 0.10185185185185185 0.2557291666666667 0.10277777777777777 0.2557291666666667 0.10416666666666667 0.2552083333333333 0.1050925925925926 0.2552083333333333 0.10555555555555556 0.25494791666666666 0.1087962962962963 0.25416666666666665 0.10972222222222222 0.25364583333333335 0.11018518518518519 0.25364583333333335 0.11342592592592593 0.2518229166666667 0.11342592592592593 0.2513020833333333 0.11388888888888889 0.25104166666666666 0.11388888888888889 0.25 0.11435185185185186 0.24973958333333332 0.11435185185185186 0.24895833333333334 0.11481481481481481 0.24869791666666666 0.11481481481481481 0.24791666666666667 0.11712962962962963 0.24635416666666668 0.11712962962962963 0.24609375 0.11898148148148148 0.24427083333333333 0.11898148148148148 0.2421875 0.11851851851851852 0.24192708333333332 0.11851851851851852 0.2390625 0.11805555555555555 0.23880208333333333 0.11805555555555555 0.23723958333333334 0.1175925925925926 0.23697916666666666 0.1175925925925926 0.23645833333333333 0.11712962962962963 0.23619791666666667 0.11898148148148148 0.23541666666666666 0.12037037037037036 0.23359375 0.12129629629629629 0.23307291666666666 0.12222222222222222 0.23177083333333334 0.12314814814814815 0.23125 0.12314814814814815 0.23098958333333333 0.12453703703703704 0.2296875 0.12453703703703704 0.22916666666666666 0.12546296296296297 0.22838541666666667 0.12546296296296297 0.22760416666666666 0.1259259259259259 0.22734375 0.1259259259259259 0.2265625 0.12638888888888888 0.22630208333333332 0.12638888888888888 0.22552083333333334 0.12685185185185185 0.22526041666666666 0.12685185185185185 0.22369791666666666 0.12638888888888888 0.2234375 0.12638888888888888 0.22291666666666668 0.1259259259259259 0.22265625 0.125 0.22135416666666666 0.12407407407407407 0.22083333333333333 0.12407407407407407 0.22057291666666667 0.12361111111111112 0.22057291666666667
5 0.1310185185185185 0.2981770833333333 0.12916666666666668 0.29921875 0.12685185185185185 0.29973958333333334 0.1259259259259259 0.30026041666666664 0.12546296296296297 0.30026041666666664 0.12453703703703704 0.30078125 0.12407407407407407 0.30078125 0.12222222222222222 0.30182291666666666 0.12175925925925926 0.30182291666666666 0.11898148148148148 0.30364583333333334 0.11898148148148148 0.30390625 0.11805555555555555 0.30442708333333335 0.11805555555555555 0.3046875 0.11712962962962963 0.30520833333333336 0.11712962962962963 0.30546875 0.1162037037037037 0.30625 0.1162037037037037 0.3067708333333333 0.11574074074074074 0.30703125 0.11574074074074074 0.30755208333333334 0.11527777777777778 0.3078125 0.11527777777777778 0.30859375 0.11481481481481481 0.30885416666666665 0.11481481481481481 0.3098958333333333 0.11435185185185186 0.31015625 0.11435185185185186 0.31302083333333336 0.11388888888888889 0.31328125 0.11388888888888889 0.3145833333333333 0.11435185185185186 0.31484375 0.11435185185185186 0.31614583333333335 0.11481481481481481 0.31640625 0.11481481481481481 0.31744791666666666 0.11527777777777778 0.3177083333333333 0.11527777777777778 0.3182291666666667 0.11574074074074074 0.3184895833333333 0.1175925925925926 0.32083333333333336 0.11851851851851852 0.32135416666666666 0.11898148148148148 0.3221354166666667 0.12083333333333333 0.32317708333333334 0.12083333333333333 0.3234375 0.12361111111111112 0.325 0.12407407407407407 0.325 0.125 0.3255208333333333 0.12546296296296297 0.3255208333333333 0.1287037037037037 0.32760416666666664 0.12916666666666668 0.32760416666666664 0.13148148148148148 0.32838541666666665 0.13287037037037036 0.32838541666666665 0.13333333333333333 0.32864583333333336 0.13472222222222222 0.32864583333333336 0.13518518518518519 0.32890625 0.1375 0.32890625 0.13796296296296295 0.32916666666666666 0.14027777777777778 0.32916666666666666 0.14074074074074075 0.32890625 0.14675925925925926 0.32890625 0.14722222222222223 0.32864583333333336 0.14907407407407408 0.32864583333333336 0.14953703703703702 0.32838541666666665 0.1550925925925926 0.32838541666666665 0.15555555555555556 0.328125 0.15648148148148147 0.328125 0.15694444444444444 0.32786458333333335 0.15833333333333333 0.32786458333333335 0.1587962962962963 0.32760416666666664 0.16018518518518518 0.32734375 0.1675925925925926 0.32265625 0.1685185185185185 0.32135416666666666 0.16944444444444445 0.32083333333333336 0.1699074074074074 0.32005208333333335 0.17083333333333334 0.31953125 0.17083333333333334 0.31927083333333334 0.17175925925925925 0.3184895833333333 0.17175925925925925 0.31796875 0.17222222222222222 0.3177083333333333 0.17222222222222222 0.31692708333333336 0.1726851851851852 0.31666666666666665 0.1726851851851852 0.31588541666666664 0.17314814814814813 0.315625 0.17314814814814813 0.3145833333333333 0.1736111111111111 0.3143229166666667 0.17314814814814813 0.3140625 0.17314814814814813 0.31223958333333335 0.1726851851851852 0.31197916666666664 0.1726851851851852 0.3106770833333333 0.17222222222222222 0.3104166666666667 0.17175925925925925 0.30911458333333336 0.17037037037037037 0.3078125 0.17037037037037037 0.3072916666666667 0.1699074074074074 0.30703125 0.1685185185185185 0.30520833333333336 0.16620370370370371 0.30364583333333334 0.16620370370370371 0.3033854166666667 0.1648148148148148 0.3026041666666667 0.16435185185185186 0.3026041666666667 0.16111111111111112 0.30078125 0.16064814814814815 0.30078125 0.1574074074074074 0.29921875 0.15694444444444444 0.29921875 0.15601851851851853 0.2986979166666667 0.15555555555555556 0.2986979166666667 0.1537037037037037 0.29791666666666666 0.15231481481481482 0.29791666666666666 0.15185185185185185 0.29765625 0.15 0.29765625 0.14953703703703702 0.29739583333333336 0.1486111111111111 0.29739583333333336 0.14814814814814814 0.29713541666666665 0.14675925925925926 0.29713541666666665 0.14629629629629629 0.296875 0.14537037037037037 0.296875 0.1449074074074074 0.29713541666666665 0.1388888888888889 0.29713541666666665 0.13842592592592592 0.296875 0.13796296296296295 0.29713541666666665 0.13657407407407407 0.29713541666666665 0.1361111111111111 0.29739583333333336 0.13472222222222222 0.29739583333333336 0.13425925925925927 0.29765625 0.13333333333333333 0.29765625 0.13194444444444445 0.2981770833333333
5 0.15462962962962962 0.32786458333333335 0.15138888888888888 0.32786458333333335 0.15092592592592594 0.328125 0.14212962962962963 0.328125 0.14166666666666666 0.32838541666666665 0.14074074074074075 0.32838541666666665 0.13935185185185187 0.32890625 0.13564814814814816 0.32890625 0.13518518518518519 0.32916666666666666 0.1337962962962963 0.32916666666666666 0.13333333333333333 0.3294270833333333 0.13240740740740742 0.3294270833333333 0.13194444444444445 0.3296875 0.13055555555555556 0.3299479166666667 0.13055555555555556 0.3302083333333333 0.12453703703703704 0.3338541666666667 0.12453703703703704 0.3341145833333333 0.12361111111111112 0.3346354166666667 0.12361111111111112 0.33489583333333334 0.12175925925925926 0.33671875 0.12175925925925926 0.3372395833333333 0.12083333333333333 0.3380208333333333 0.12083333333333333 0.3390625 0.12037037037037036 0.33932291666666664 0.12037037037037036 0.34010416666666665 0.11990740740740741 0.34036458333333336 0.11990740740740741 0.3411458333333333 0.11944444444444445 0.34140625 0.11944444444444445 0.34479166666666666 0.11898148148148148 0.3450520833333333 0.11898148148148148 0.3455729166666667 0.11944444444444445 0.3458333333333333 0.11944444444444445 0.34661458333333334 0.11990740740740741 0.346875 0.11990740740740741 0.34765625 0.12037037037037036 0.34791666666666665 0.12037037037037036 0.3489583333333333 0.12083333333333333 0.34921875 0.12129629629629629 0.35052083333333334 0.12175925925925926 0.35078125 0.12175925925925926 0.35104166666666664 0.12222222222222222 0.35130208333333335 0.12222222222222222 0.35182291666666665 0.12361111111111112 0.3528645833333333 0.12407407407407407 0.3536458333333333 0.13055555555555556 0.3572916666666667 0.1310185185185185 0.3572916666666667 0.13194444444444445 0.3578125 0.13240740740740742 0.3578125 0.1337962962962963 0.35833333333333334 0.13472222222222222 0.35833333333333334 0.13518518518518519 0.35859375 0.13657407407407407 0.35885416666666664 0.13842592592592592 0.35963541666666665 0.1398148148148148 0.35963541666666665 0.14027777777777778 0.35989583333333336 0.14166666666666666 0.35989583333333336 0.14212962962962963 0.36015625 0.14351851851851852 0.36015625 0.1439814814814815 0.36041666666666666 0.14675925925925926 0.36041666666666666 0.14722222222222223 0.3606770833333333 0.15231481481481482 0.3606770833333333 0.1527777777777778 0.36041666666666666 0.15555555555555556 0.36041666666666666 0.15601851851851853 0.36015625 0.15787037037037038 0.36015625 0.15833333333333333 0.35989583333333336 0.15925925925925927 0.35989583333333336 0.1597222222222222 0.35963541666666665 0.16064814814814815 0.35963541666666665 0.16111111111111112 0.359375 0.1625 0.35911458333333335 0.1638888888888889 0.35833333333333334 0.16435185185185186 0.35833333333333334 0.16527777777777777 0.3578125 0.16574074074074074 0.3578125 0.16666666666666666 0.3572916666666667 0.16712962962962963 0.3572916666666667 0.1736111111111111 0.3536458333333333 0.1736111111111111 0.3533854166666667 0.175 0.35208333333333336 0.175 0.3515625 0.17685185185185184 0.3497395833333333 0.17685185185185184 0.34921875 0.17731481481481481 0.3489583333333333 0.17731481481481481 0.34791666666666665 0.17777777777777778 0.34765625 0.17777777777777778 0.3463541666666667 0.17824074074074073 0.34609375 0.17824074074074073 0.34427083333333336 0.17777777777777778 0.34401041666666665 0.17777777777777778 0.3416666666666667 0.17731481481481481 0.34140625 0.17731481481481481 0.34088541666666666 0.17685185185185184 0.340625 0.17685185185185184 0.34010416666666665 0.1763888888888889 0.33984375 0.1763888888888889 0.33932291666666664 0.17592592592592593 0.3390625 0.17546296296296296 0.3377604166666667 0.17407407407407408 0.33671875 0.1736111111111111 0.3359375 0.17222222222222222 0.33515625 0.17222222222222222 0.33489583333333334 0.16666666666666666 0.33177083333333335 0.16620370370370371 0.33177083333333335 0.16527777777777777 0.33125 0.1648148148148148 0.33125 0.1638888888888889 0.3307291666666667 0.16342592592592592 0.3307291666666667 0.16157407407407406 0.3296875 0.16111111111111112 0.3296875 0.15694444444444444 0.32838541666666665 0.15601851851851853 0.32838541666666665
0 0.125 0.6033854166666667 0.125 0.6049479166666667 0.12453703703703704 0.6052083333333333 0.12453703703703704 0.6075520833333333 0.125 0.6075520833333333 0.12685185185185185 0.60859375 0.12731481481481483 0.60859375 0.13055555555555556 0.6096354166666667 0.13194444444444445 0.6096354166666667 0.13240740740740742 0.6098958333333333 0.1337962962962963 0.6098958333333333 0.13425925925925927 0.61015625 0.13472222222222222 0.61015625 0.14074074074074075 0.6135416666666667 0.1412037037037037 0.6135416666666667 0.14212962962962963 0.6140625 0.1439814814814815 0.6140625 0.14444444444444443 0.6138020833333333 0.14583333333333334 0.6138020833333333 0.15 0.6122395833333333 0.15046296296296297 0.6122395833333333 0.15092592592592594 0.6125 0.15324074074074073 0.6125 0.1537037037037037 0.6127604166666667 0.1550925925925926 0.6130208333333333 0.15787037037037038 0.6145833333333334 0.15787037037037038 0.61484375 0.15833333333333333 0.61484375 0.16018518518518518 0.615625 0.16111111111111112 0.615625 0.16157407407407406 0.6158854166666666 0.16296296296296298 0.6161458333333333 0.16666666666666666 0.6182291666666667 0.16712962962962963 0.6182291666666667 0.1685185185185185 0.61875 0.16944444444444445 0.61875 0.1699074074074074 0.6190104166666667 0.17314814814814813 0.6192708333333333 0.1736111111111111 0.61953125 0.175 0.6197916666666666 0.17592592592592593 0.6203125 0.17731481481481481 0.6205729166666667 0.18101851851851852 0.6221354166666667 0.1814814814814815 0.6221354166666667 0.18194444444444444 0.6223958333333334 0.18287037037037038 0.6223958333333334 0.18333333333333332 0.62265625 0.18425925925925926 0.62265625 0.18472222222222223 0.6229166666666667 0.18611111111111112 0.6229166666666667 0.1865740740740741 0.62265625 0.1875 0.62265625 0.18796296296296297 0.6223958333333334 0.18888888888888888 0.6223958333333334 0.18935185185185185 0.6221354166666667 0.19027777777777777 0.6221354166666667 0.19074074074074074 0.621875 0.19212962962962962 0.6216145833333333 0.19444444444444445 0.6205729166666667 0.19444444444444445 0.6203125 0.19583333333333333 0.6192708333333333 0.19583333333333333 0.6182291666666667 0.19537037037037036 0.61796875 0.19537037037037036 0.6174479166666667 0.19490740740740742 0.6171875 0.19490740740740742 0.61640625 0.19444444444444445 0.6161458333333333 0.19444444444444445 0.615625 0.19398148148148148 0.6153645833333333 0.19398148148148148 0.6151041666666667 0.1925925925925926 0.6143229166666667 0.19212962962962962 0.6143229166666667 0.1912037037037037 0.6138020833333333 0.19074074074074074 0.6138020833333333 0.18888888888888888 0.6127604166666667 0.1884259259259259 0.6127604166666667 0.1875 0.6122395833333333 0.18703703703703703 0.6122395833333333 0.18564814814814815 0.6114583333333333 0.18564814814814815 0.6111979166666667 0.18518518518518517 0.6111979166666667 0.18472222222222223 0.6109375 0.1837962962962963 0.6109375 0.1824074074074074 0.6104166666666667 0.1814814814814815 0.6104166666666667 0.18055555555555555 0.6098958333333333 0.18009259259259258 0.6098958333333333 0.1763888888888889 0.6078125 0.17592592592592593 0.6078125 0.17453703703703705 0.60703125 0.17407407407407408 0.60703125 0.17222222222222222 0.60625 0.17175925925925925 0.60625 0.17037037037037037 0.60546875 0.17037037037037037 0.6052083333333333 0.16944444444444445 0.6046875 0.16805555555555557 0.6028645833333334 0.16712962962962963 0.60234375 0.16712962962962963 0.6020833333333333 0.16620370370370371 0.6015625 0.16620370370370371 0.6013020833333333 0.1648148148148148 0.6005208333333333 0.1648148148148148 0.6 0.16435185185185186 0.5997395833333333 0.16435185185185186 0.5994791666666667 0.16157407407407406 0.5979166666666667 0.16111111111111112 0.5979166666666667 0.15787037037037038 0.596875 0.15648148148148147 0.596875 0.15601851851851853 0.5966145833333333 0.1527777777777778 0.5963541666666666 0.15231481481481482 0.59609375 0.15 0.5955729166666667 0.14629629629629629 0.5940104166666667 0.14537037037037037 0.5940104166666667 0.1449074074074074 0.59375 0.14351851851851852 0.59375 0.14305555555555555 0.5934895833333333 0.14074074074074075 0.5934895833333333 0.14027777777777778 0.5932291666666667 0.13842592592592592 0.5932291666666667 0.13796296296296295 0.5934895833333333 0.13796296296296295 0.59375 0.13472222222222222 0.5955729166666667 0.13472222222222222 0.5958333333333333 0.1337962962962963 0.5963541666666666 0.1337962962962963 0.5966145833333333 0.13055555555555556 0.5984375 0.13055555555555556 0.5986979166666667 0.12962962962962962 0.59921875 0.1287037037037037 0.6005208333333333 0.12777777777777777 0.6010416666666667 0.12777777777777777 0.6013020833333333
0 0.19907407407407407 0.38828125 0.1986111111111111 0.38828125 0.19583333333333333 0.38697916666666665 0.19537037037037036 0.38697916666666665 0.19305555555555556 0.38619791666666664 0.19212962962962962 0.38619791666666664 0.19166666666666668 0.38645833333333335 0.18935185185185185 0.38645833333333335 0.1884259259259259 0.38697916666666665 0.18796296296296297 0.38697916666666665 0.18703703703703703 0.3875 0.1865740740740741 0.3875 0.1787037037037037 0.3919270833333333 0.1787037037037037 0.3921875 0.17731481481481481 0.39296875 0.17731481481481481 0.3932291666666667 0.1763888888888889 0.39375 0.1763888888888889 0.39401041666666664 0.17546296296296296 0.39453125 0.17546296296296296 0.39479166666666665 0.1726851851851852 0.396875 0.17175925925925925 0.39817708333333335 0.17083333333333334 0.39869791666666665 0.17037037037037037 0.39947916666666666 0.16944444444444445 0.4 0.16898148148148148 0.4 0.1675925925925926 0.4005208333333333 0.16666666666666666 0.4005208333333333 0.16620370370370371 0.40078125 0.1625 0.40078125 0.16203703703703703 0.4010416666666667 0.1587962962962963 0.4010416666666667 0.15833333333333333 0.40078125 0.15787037037037038 0.4010416666666667 0.1574074074074074 0.4010416666666667 0.15555555555555556 0.40208333333333335 0.15555555555555556 0.40234375 0.15462962962962962 0.40286458333333336 0.15462962962962962 0.403125 0.15416666666666667 0.40338541666666666 0.15416666666666667 0.40390625 0.1537037037037037 0.4041666666666667 0.1537037037037037 0.4046875 0.15324074074074073 0.4049479166666667 0.15185185185185185 0.40677083333333336 0.14907407407407408 0.4083333333333333 0.14907407407407408 0.40859375 0.14629629629629629 0.41067708333333336 0.14629629629629629 0.41119791666666666 0.14583333333333334 0.4114583333333333 0.14537037037037037 0.4122395833333333 0.14583333333333334 0.4125 0.14583333333333334 0.41380208333333335 0.14629629629629629 0.4140625 0.14629629629629629 0.41484375 0.14675925925925926 0.41510416666666666 0.14675925925925926 0.4158854166666667 0.15 0.41770833333333335 0.15046296296296297 0.41770833333333335 0.15185185185185185 0.41848958333333336 0.15231481481481482 0.41848958333333336 0.15462962962962962 0.4197916666666667 0.1550925925925926 0.4197916666666667 0.15833333333333333 0.42083333333333334 0.1597222222222222 0.42083333333333334 0.16018518518518518 0.42109375 0.16111111111111112 0.42109375 0.16157407407407406 0.42135416666666664 0.16296296296296298 0.42135416666666664 0.16342592592592592 0.42161458333333335 0.16435185185185186 0.42161458333333335 0.16574074074074074 0.42213541666666665 0.17037037037037037 0.42213541666666665 0.17083333333333334 0.421875 0.17314814814814813 0.42135416666666664 0.17407407407407408 0.42083333333333334 0.17453703703703705 0.42083333333333334 0.17685185185185184 0.41953125 0.17685185185185184 0.4192708333333333 0.17824074074074073 0.41848958333333336 0.1787037037037037 0.41848958333333336 0.18194444444444444 0.4166666666666667 0.18194444444444444 0.4161458333333333 0.1824074074074074 0.4158854166666667 0.1824074074074074 0.4153645833333333 0.18287037037037038 0.41510416666666666 0.18287037037037038 0.41458333333333336 0.18333333333333332 0.41432291666666665 0.18333333333333332 0.41380208333333335 0.1837962962962963 0.41354166666666664 0.1837962962962963 0.4127604166666667 0.18425925925925926 0.4125 0.18425925925925926 0.4078125 0.18564814814814815 0.40677083333333336 0.18611111111111112 0.40598958333333335 0.1875 0.40520833333333334 0.1875 0.4049479166666667 0.18888888888888888 0.4041666666666667 0.18888888888888888 0.40390625 0.18981481481481483 0.40338541666666666 0.18981481481481483 0.403125 0.1912037037037037 0.40234375 0.1912037037037037 0.40208333333333335 0.19305555555555556 0.40078125 0.19305555555555556 0.4002604166666667 0.1935185185185185 0.4 0.19398148148148148 0.39921875 0.19490740740740742 0.39869791666666665 0.19490740740740742 0.3984375 0.19583333333333333 0.39791666666666664 0.19583333333333333 0.39765625 0.19675925925925927 0.3971354166666667 0.19675925925925927 0.396875 0.19953703703703704 0.39479166666666665 0.2 0.39401041666666664 0.20092592592592592 0.39348958333333334 0.20092592592592592 0.39296875 0.2013888888888889 0.3927083333333333 0.2013888888888889 0.39166666666666666 0.20092592592592592 0.39140625 0.20092592592592592 0.390625 0.20046296296296295 0.39036458333333335 0.2 0.3890625
3 0.20555555555555555 0.4666666666666667 0.2013888888888889 0.46822916666666664 0.19722222222222222 0.4703125 0.19583333333333333 0.4705729166666667 0.19537037037037036 0.47109375 0.1935185185185185 0.47161458333333334 0.18981481481481483 0.4739583333333333 0.18935185185185185 0.475 0.1912037037037037 0.47760416666666666 0.1912037037037037 0.4783854166666667 0.19305555555555556 0.4796875 0.19583333333333333 0.4796875 0.19675925925925927 0.47994791666666664 0.19722222222222222 0.4796875 0.1986111111111111 0.4796875 0.20046296296296295 0.4791666666666667 0.20277777777777778 0.4791666666666667 0.20324074074074075 0.47890625 0.2050925925925926 0.47890625 0.2064814814814815 0.4796875 0.20787037037037037 0.48098958333333336 0.20833333333333334 0.4822916666666667 0.2111111111111111 0.484375 0.21203703703703702 0.48541666666666666 0.21203703703703702 0.4859375 0.21435185185185185 0.48776041666666664 0.21666666666666667 0.49114583333333334 0.2199074074074074 0.49375 0.22314814814814815 0.49713541666666666 0.22314814814814815 0.49765625 0.22407407407407406 0.4986979166666667 0.22592592592592592 0.5 0.2273148148148148 0.5020833333333333 0.22962962962962963 0.50390625 0.2324074074074074 0.5075520833333333 0.2337962962962963 0.5083333333333333 0.2388888888888889 0.5140625 0.24212962962962964 0.51640625 0.24259259259259258 0.5171875 0.2439814814814815 0.51796875 0.24768518518518517 0.5192708333333333 0.2490740740740741 0.5192708333333333 0.24953703703703703 0.5190104166666667 0.2550925925925926 0.5190104166666667 0.25555555555555554 0.51875 0.25787037037037036 0.5184895833333333 0.25925925925925924 0.5177083333333333 0.25925925925925924 0.5109375 0.2587962962962963 0.5106770833333333 0.2587962962962963 0.509375 0.25833333333333336 0.5091145833333334 0.25787037037037036 0.5078125 0.25555555555555554 0.5049479166666667 0.25462962962962965 0.5044270833333333 0.25324074074074077 0.5028645833333333 0.25324074074074077 0.50234375 0.2513888888888889 0.5002604166666667 0.25046296296296294 0.49973958333333335 0.24814814814814815 0.496875 0.2462962962962963 0.4953125 0.24583333333333332 0.4940104166666667 0.24351851851851852 0.4921875 0.23981481481481481 0.48776041666666664 0.2388888888888889 0.48723958333333334 0.23703703703703705 0.48515625 0.23703703703703705 0.48463541666666665 0.23333333333333334 0.48125 0.22962962962962963 0.4765625 0.22962962962962963 0.47578125 0.22870370370370371 0.4744791666666667 0.2300925925925926 0.47239583333333335 0.23287037037037037 0.4705729166666667 0.2337962962962963 0.46640625 0.2310185185185185 0.4640625 0.22870370370370371 0.4627604166666667 0.22453703703703703 0.4627604166666667 0.22407407407407406 0.4630208333333333 0.22037037037037038 0.46328125 0.21944444444444444 0.46380208333333334 0.21666666666666667 0.46458333333333335 0.21388888888888888 0.46484375 0.20925925925925926 0.4661458333333333
3 0.26805555555555555 0.3455729166666667 0.2662037037037037 0.34791666666666665 0.2662037037037037 0.3484375 0.2652777777777778 0.34921875 0.2625 0.35442708333333334 0.26157407407407407 0.35520833333333335 0.26157407407407407 0.35572916666666665 0.2601851851851852 0.3575520833333333 0.2601851851851852 0.35833333333333334 0.25972222222222224 0.35859375 0.25972222222222224 0.35963541666666665 0.25925925925925924 0.35989583333333336 0.25925925925925924 0.3619791666666667 0.25972222222222224 0.36223958333333334 0.25972222222222224 0.36276041666666664 0.26064814814814813 0.36380208333333336 0.2625 0.36484375 0.26481481481481484 0.3653645833333333 0.2662037037037037 0.3653645833333333 0.26666666666666666 0.365625 0.2712962962962963 0.3653645833333333 0.27175925925925926 0.3651041666666667 0.2726851851851852 0.3651041666666667 0.275 0.3640625 0.2791666666666667 0.36302083333333335 0.28055555555555556 0.36354166666666665 0.2814814814814815 0.36354166666666665 0.2833333333333333 0.3640625 0.2847222222222222 0.3640625 0.2902777777777778 0.3653645833333333 0.2949074074074074 0.365625 0.2953703703703704 0.3658854166666667 0.300462962962963 0.36666666666666664 0.30185185185185187 0.3671875 0.30462962962962964 0.36744791666666665 0.31342592592592594 0.3697916666666667 0.31805555555555554 0.3703125 0.32083333333333336 0.37109375 0.32175925925925924 0.37161458333333336 0.32592592592592595 0.37213541666666666 0.3282407407407407 0.3729166666666667 0.33287037037037037 0.3736979166666667 0.3416666666666667 0.37604166666666666 0.3476851851851852 0.3765625 0.34814814814814815 0.3768229166666667 0.35509259259259257 0.3768229166666667 0.35555555555555557 0.3765625 0.35648148148148145 0.3765625 0.3597222222222222 0.37421875 0.36064814814814816 0.3731770833333333 0.36064814814814816 0.3690104166666667 0.3537037037037037 0.36640625 0.3472222222222222 0.3645833333333333 0.34629629629629627 0.3645833333333333 0.34444444444444444 0.3640625 0.34305555555555556 0.3640625 0.33935185185185185 0.36302083333333335 0.33611111111111114 0.3625 0.33194444444444443 0.3611979166666667 0.33101851851851855 0.3611979166666667 0.32731481481481484 0.36015625 0.32546296296296295 0.359375 0.3226851851851852 0.35911458333333335 0.32083333333333336 0.35833333333333334 0.3199074074074074 0.35833333333333334 0.3162037037037037 0.3572916666666667 0.31157407407407406 0.35651041666666666 0.30972222222222223 0.35572916666666665 0.3023148148148148 0.35390625 0.3013888888888889 0.3533854166666667 0.2962962962962963 0.35260416666666666 0.29212962962962963 0.35130208333333335 0.2898148148148148 0.35104166666666664 0.2851851851851852 0.3497395833333333 0.28425925925925927 0.3484375 0.28425925925925927 0.3463541666666667 0.28379629629629627 0.34609375 0.28379629629629627 0.3450520833333333 0.2828703703703704 0.34427083333333336 0.2828703703703704 0.34375 0.2796296296296296 0.3416666666666667 0.27824074074074073 0.3416666666666667 0.2777777777777778 0.34140625 0.275 0.34140625 0.2740740740740741 0.3416666666666667 0.2708333333333333 0.34322916666666664
3 0.29814814814814816 0.46171875 0.2967592592592593 0.46432291666666664 0.29583333333333334 0.46510416666666665 0.29583333333333334 0.465625 0.29444444444444445 0.4669270833333333 0.2935185185185185 0.46901041666666665 0.29259259259259257 0.46979166666666666 0.29259259259259257 0.4703125 0.2916666666666667 0.4713541666666667 0.2916666666666667 0.47213541666666664 0.29074074074074074 0.47317708333333336 0.29074074074074074 0.47421875 0.2902777777777778 0.4744791666666667 0.2902777777777778 0.4786458333333333 0.29074074074074074 0.4791666666666667 0.2949074074074074 0.48072916666666665 0.2962962962962963 0.48072916666666665 0.2986111111111111 0.48125 0.3023148148148148 0.48046875 0.3060185185185185 0.47890625 0.30972222222222223 0.47890625 0.3101851851851852 0.4786458333333333 0.3106481481481482 0.47890625 0.31574074074074077 0.47890625 0.3162037037037037 0.4791666666666667 0.31851851851851853 0.4791666666666667 0.3189814814814815 0.47942708333333334 0.32314814814814813 0.4796875 0.3236111111111111 0.47994791666666664 0.32685185185185184 0.48020833333333335 0.3300925925925926 0.48098958333333336 0.3314814814814815 0.48098958333333336 0.33194444444444443 0.48125 0.33425925925925926 0.48151041666666666 0.33564814814814814 0.48203125 0.34120370370370373 0.4828125 0.34629629629629627 0.484375 0.3472222222222222 0.484375 0.3490740740740741 0.48489583333333336 0.350462962962963 0.48489583333333336 0.3509259259259259 0.48515625 0.3523148148148148 0.48515625 0.3527777777777778 0.48541666666666666 0.3541666666666667 0.48541666666666666 0.35462962962962963 0.4856770833333333 0.3560185185185185 0.4856770833333333 0.36898148148148147 0.48828125 0.3736111111111111 0.48880208333333336 0.3768518518518518 0.48984375 0.3787037037037037 0.48984375 0.37916666666666665 0.4901041666666667 0.3819444444444444 0.4901041666666667 0.3824074074074074 0.48984375 0.3888888888888889 0.48932291666666666 0.3921296296296296 0.48776041666666664 0.39305555555555555 0.48671875 0.3925925925925926 0.4825520833333333 0.38935185185185184 0.48098958333333336 0.3875 0.48046875 0.3851851851851852 0.48020833333333335 0.3837962962962963 0.4796875 0.38287037037037036 0.4796875 0.3814814814814815 0.4791666666666667 0.38055555555555554 0.4791666666666667 0.3773148148148148 0.478125 0.375 0.4778645833333333 0.37175925925925923 0.47682291666666665 0.3685185185185185 0.47630208333333335 0.36157407407407405 0.4744791666666667 0.35694444444444445 0.4739583333333333 0.35185185185185186 0.47265625 0.3509259259259259 0.47265625 0.34953703703703703 0.47213541666666664 0.3486111111111111 0.47213541666666664 0.3416666666666667 0.4700520833333333 0.3384259259259259 0.46979166666666666 0.33796296296296297 0.46953125 0.33564814814814814 0.46927083333333336 0.33425925925925926 0.46875 0.33055555555555555 0.46822916666666664 0.32222222222222224 0.46588541666666666 0.3194444444444444 0.46484375 0.3162037037037037 0.4627604166666667 0.31527777777777777 0.46015625 0.3148148148148148 0.45989583333333334 0.3148148148148148 0.4591145833333333 0.31296296296296294 0.45807291666666666 0.3101851851851852 0.45703125 0.3074074074074074 0.45703125 0.30648148148148147 0.45677083333333335 0.30277777777777776 0.45859375 0.3023148148148148 0.45859375
0 0.32407407407407407 0.5924479166666666 0.32037037037037036 0.5924479166666666 0.3199074074074074 0.5921875 0.31574074074074077 0.5921875 0.31527777777777777 0.5919270833333333 0.3060185185185185 0.5919270833333333 0.3055555555555556 0.5921875 0.30462962962962964 0.5921875 0.30416666666666664 0.5924479166666666 0.30324074074074076 0.5924479166666666 0.30277777777777776 0.5927083333333333 0.3023148148148148 0.5927083333333333 0.3023148148148148 0.59296875 0.3013888888888889 0.59375 0.3013888888888889 0.5942708333333333 0.30092592592592593 0.59453125 0.30092592592592593 0.5953125 0.300462962962963 0.5955729166666667 0.300462962962963 0.5997395833333333 0.3 0.6 0.3 0.60078125 0.29953703703703705 0.6010416666666667 0.29953703703703705 0.6015625 0.29907407407407405 0.6018229166666667 0.29907407407407405 0.60234375 0.2986111111111111 0.6026041666666667 0.2986111111111111 0.6036458333333333 0.29814814814814816 0.60390625 0.29814814814814816 0.60546875 0.29768518518518516 0.6057291666666667 0.29768518518518516 0.60703125 0.2972222222222222 0.6072916666666667 0.29768518518518516 0.6075520833333333 0.2986111111111111 0.6088541666666667 0.300462962962963 0.61015625 0.300462962962963 0.6104166666666667 0.30324074074074076 0.61328125 0.30324074074074076 0.6138020833333333 0.3037037037037037 0.6140625 0.3037037037037037 0.61484375 0.30416666666666664 0.6151041666666667 0.30416666666666664 0.6200520833333333 0.3037037037037037 0.6203125 0.3037037037037037 0.62578125 0.30416666666666664 0.6260416666666667 0.30416666666666664 0.6307291666666667 0.30462962962962964 0.6309895833333333 0.3050925925925926 0.6317708333333333 0.30694444444444446 0.6330729166666667 0.3074074074074074 0.6330729166666667 0.30787037037037035 0.6333333333333333 0.3087962962962963 0.6333333333333333 0.3101851851851852 0.6338541666666667 0.3106481481481482 0.6338541666666667 0.3111111111111111 0.63359375 0.31342592592592594 0.63359375 0.3138888888888889 0.6333333333333333 0.3148148148148148 0.6333333333333333 0.3162037037037037 0.6328125 0.31712962962962965 0.6328125 0.3194444444444444 0.6315104166666666 0.3194444444444444 0.63125 0.32037037037037036 0.6307291666666667 0.32037037037037036 0.6299479166666667 0.32083333333333336 0.6296875 0.32083333333333336 0.6283854166666667 0.3212962962962963 0.628125 0.3212962962962963 0.6263020833333334 0.32175925925925924 0.6260416666666667 0.32175925925925924 0.62421875 0.32222222222222224 0.6239583333333333 0.32222222222222224 0.6203125 0.3226851851851852 0.6200520833333333 0.3226851851851852 0.6174479166666667 0.32314814814814813 0.6171875 0.32314814814814813 0.615625 0.3236111111111111 0.6153645833333333 0.3236111111111111 0.6138020833333333 0.32407407407407407 0.6135416666666667 0.32407407407407407 0.6125 0.324537037037037 0.6122395833333333 0.324537037037037 0.6114583333333333 0.325 0.6111979166666667 0.325 0.6106770833333334 0.32546296296296295 0.6104166666666667 0.32546296296296295 0.61015625 0.3263888888888889 0.6096354166666667 0.32685185185185184 0.6088541666666667 0.3296296296296296 0.6072916666666667 0.3296296296296296 0.6028645833333334 0.3300925925925926 0.6026041666666667 0.3300925925925926 0.6018229166666667 0.33055555555555555 0.6015625 0.33055555555555555 0.6005208333333333 0.33101851851851855 0.6002604166666666 0.33101851851851855 0.5966145833333333 0.3314814814814815 0.5963541666666666 0.3314814814814815 0.5955729166666667 0.33101851851851855 0.5953125 0.33055555555555555 0.59453125 0.3287037037037037 0.5934895833333333 0.3282407407407407 0.5934895833333333 0.32592592592592595 0.5927083333333333 0.324537037037037 0.5927083333333333
4 0.3648148148148148 0.43854166666666666 0.3648148148148148 0.4390625 0.36342592592592593 0.44088541666666664 0.362962962962963 0.4427083333333333 0.3625 0.44296875 0.3625 0.44479166666666664 0.36203703703703705 0.44505208333333335 0.36203703703703705 0.44765625 0.36435185185185187 0.45 0.3662037037037037 0.4510416666666667 0.3699074074074074 0.45208333333333334 0.37083333333333335 0.45208333333333334 0.37222222222222223 0.45260416666666664 0.3731481481481482 0.45260416666666664 0.37546296296296294 0.45338541666666665 0.37824074074074077 0.45364583333333336 0.3787037037037037 0.45390625 0.38055555555555554 0.45390625 0.38101851851851853 0.45416666666666666 0.38333333333333336 0.4544270833333333 0.38472222222222224 0.4549479166666667 0.38842592592592595 0.4552083333333333 0.3912037037037037 0.45598958333333334 0.39675925925925926 0.45677083333333335 0.4 0.4578125 0.4009259259259259 0.4578125 0.4041666666666667 0.45859375 0.40555555555555556 0.459375 0.4060185185185185 0.46015625 0.40694444444444444 0.46067708333333335 0.4074074074074074 0.46171875 0.4078703703703704 0.46197916666666666 0.4078703703703704 0.4625 0.4083333333333333 0.4627604166666667 0.4083333333333333 0.46328125 0.40879629629629627 0.4635416666666667 0.40879629629629627 0.4640625 0.40925925925925927 0.46432291666666664 0.40925925925925927 0.46484375 0.41064814814814815 0.46640625 0.4115740740740741 0.4669270833333333 0.4125 0.4669270833333333 0.412962962962963 0.4671875 0.41574074074074074 0.4671875 0.41898148148148145 0.46796875 0.4222222222222222 0.46796875 0.42268518518518516 0.46770833333333334 0.4273148148148148 0.4674479166666667 0.4287037037037037 0.4669270833333333 0.4305555555555556 0.4666666666666667 0.4356481481481482 0.4640625 0.43796296296296294 0.46145833333333336 0.43796296296296294 0.4609375 0.4393518518518518 0.4596354166666667 0.4393518518518518 0.4591145833333333 0.44027777777777777 0.4583333333333333 0.44027777777777777 0.4578125 0.44074074074074077 0.45755208333333336 0.44074074074074077 0.45703125 0.44212962962962965 0.4552083333333333 0.4425925925925926 0.45260416666666664 0.44305555555555554 0.45234375 0.44305555555555554 0.4505208333333333 0.44351851851851853 0.45026041666666666 0.44351851851851853 0.44427083333333334 0.44305555555555554 0.4440104166666667 0.44305555555555554 0.44244791666666666 0.44166666666666665 0.44140625 0.4412037037037037 0.440625 0.4393518518518518 0.4393229166666667 0.43842592592592594 0.4390625 0.43657407407407406 0.4390625 0.4361111111111111 0.4388020833333333 0.42962962962962964 0.4388020833333333 0.42916666666666664 0.4390625 0.42685185185185187 0.4390625 0.4263888888888889 0.4393229166666667 0.425 0.4393229166666667 0.42407407407407405 0.43984375 0.42314814814814816 0.43984375 0.4185185185185185 0.44114583333333335 0.41712962962962963 0.44114583333333335 0.4166666666666667 0.44140625 0.41435185185185186 0.44140625 0.41388888888888886 0.44114583333333335 0.4125 0.44114583333333335 0.41203703703703703 0.44088541666666664 0.41064814814814815 0.44088541666666664 0.40879629629629627 0.44036458333333334 0.40694444444444444 0.44036458333333334 0.4064814814814815 0.4401041666666667 0.4050925925925926 0.4401041666666667 0.4046296296296296 0.43984375 0.3958333333333333 0.4393229166666667 0.39537037037037037 0.4390625 0.3939814814814815 0.4390625 0.39351851851851855 0.4388020833333333 0.38981481481481484 0.43828125 0.38842592592592595 0.43776041666666665 0.3851851851851852 0.43776041666666665 0.38472222222222224 0.4375 0.3837962962962963 0.4375 0.38055555555555554 0.43671875 0.37916666666666665 0.43671875 0.3787037037037037 0.43645833333333334 0.3773148148148148 0.43645833333333334 0.3768518518518518 0.4361979166666667 0.37407407407407406 0.4361979166666667 0.3736111111111111 0.4359375 0.37222222222222223 0.4359375 0.37175925925925923 0.4361979166666667 0.36898148148148147 0.43645833333333334
3 0.38842592592592595 0.33203125 0.38425925925925924 0.3338541666666667 0.38333333333333336 0.3380208333333333 0.3837962962962963 0.33828125 0.3837962962962963 0.33932291666666664 0.38425925925925924 0.33958333333333335 0.38472222222222224 0.3416666666666667 0.38564814814814813 0.34270833333333334 0.38564814814814813 0.34375 0.3861111111111111 0.34401041666666665 0.38657407407407407 0.34609375 0.3875 0.34713541666666664 0.38842592592592595 0.35 0.38935185185185184 0.35104166666666664 0.38935185185185184 0.35182291666666665 0.38981481481481484 0.35208333333333336 0.38981481481481484 0.3528645833333333 0.3902777777777778 0.353125 0.3902777777777778 0.35390625 0.3907407407407407 0.3541666666666667 0.3907407407407407 0.35494791666666664 0.3912037037037037 0.35520833333333335 0.3912037037037037 0.35598958333333336 0.39166666666666666 0.35625 0.39166666666666666 0.35703125 0.3921296296296296 0.3572916666666667 0.3921296296296296 0.3580729166666667 0.3925925925925926 0.35833333333333334 0.3925925925925926 0.35911458333333335 0.39305555555555555 0.359375 0.39305555555555555 0.36015625 0.39351851851851855 0.36041666666666666 0.39351851851851855 0.3611979166666667 0.3939814814814815 0.3614583333333333 0.3939814814814815 0.36223958333333334 0.39490740740740743 0.36354166666666665 0.39490740740740743 0.3645833333333333 0.39537037037037037 0.36484375 0.39537037037037037 0.365625 0.3962962962962963 0.36692708333333335 0.3962962962962963 0.36796875 0.39675925925925926 0.36822916666666666 0.39675925925925926 0.36953125 0.3972222222222222 0.3697916666666667 0.3972222222222222 0.371875 0.3976851851851852 0.37213541666666666 0.3976851851851852 0.3731770833333333 0.3972222222222222 0.3734375 0.3972222222222222 0.37421875 0.39675925925925926 0.37447916666666664 0.3962962962962963 0.37578125 0.39444444444444443 0.37786458333333334 0.39305555555555555 0.37864583333333335 0.3925925925925926 0.37864583333333335 0.3907407407407407 0.3807291666666667 0.3907407407407407 0.38177083333333334 0.3912037037037037 0.38203125 0.3912037037037037 0.3846354166666667 0.3925925925925926 0.3859375 0.4013888888888889 0.3885416666666667 0.4027777777777778 0.3885416666666667 0.40324074074074073 0.3888020833333333 0.412962962962963 0.3888020833333333 0.4134259259259259 0.3885416666666667 0.41574074074074074 0.3885416666666667 0.4162037037037037 0.38828125 0.41944444444444445 0.38776041666666666 0.425 0.38567708333333334 0.4273148148148148 0.384375 0.43194444444444446 0.3807291666666667 0.43194444444444446 0.3802083333333333 0.43148148148148147 0.37994791666666666 0.43148148148148147 0.3768229166666667 0.4273148148148148 0.37578125 0.4263888888888889 0.37526041666666665 0.425 0.37395833333333334 0.425 0.3734375 0.42407407407407405 0.3723958333333333 0.4199074074074074 0.37005208333333334 0.41805555555555557 0.36796875 0.41759259259259257 0.36640625 0.41712962962962963 0.36614583333333334 0.4166666666666667 0.3640625 0.41574074074074074 0.36302083333333335 0.41574074074074074 0.36223958333333334 0.4148148148148148 0.3614583333333333 0.41435185185185186 0.36015625 0.412962962962963 0.35859375 0.412962962962963 0.3578125 0.4125 0.3575520833333333 0.4125 0.3567708333333333 0.41203703703703703 0.35651041666666666 0.41203703703703703 0.35572916666666665 0.4115740740740741 0.35546875 0.41064814814814815 0.35260416666666666 0.40925925925925927 0.35078125 0.40925925925925927 0.35 0.4083333333333333 0.34869791666666666 0.4083333333333333 0.34765625 0.4074074074074074 0.3463541666666667 0.4074074074074074 0.3453125 0.40694444444444444 0.3450520833333333 0.40694444444444444 0.34375 0.4064814814814815 0.34348958333333335 0.4064814814814815 0.3419270833333333 0.4060185185185185 0.3416666666666667 0.4060185185185185 0.34088541666666666 0.4050925925925926 0.33984375 0.4046296296296296 0.3380208333333333 0.4041666666666667 0.3377604166666667 0.4027777777777778 0.33489583333333334 0.4013888888888889 0.3333333333333333 0.399537037037037 0.33229166666666665 0.3976851851851852 0.33203125 0.3962962962962963 0.33151041666666664 0.39537037037037037 0.33177083333333335 0.3912037037037037 0.33177083333333335 0.3907407407407407 0.33203125
3 0.524074074074074 0.3450520833333333 0.5189814814814815 0.34479166666666666 0.5185185185185185 0.34453125 0.5148148148148148 0.34453125 0.5143518518518518 0.34427083333333336 0.512962962962963 0.34427083333333336 0.5125 0.34453125 0.5069444444444444 0.34453125 0.5064814814814815 0.34427083333333336 0.5013888888888889 0.34453125 0.49675925925925923 0.3455729166666667 0.49398148148148147 0.34739583333333335 0.49212962962962964 0.3494791666666667 0.49398148148148147 0.35182291666666665 0.5 0.3546875 0.5009259259259259 0.35598958333333336 0.5009259259259259 0.3567708333333333 0.5013888888888889 0.35703125 0.5013888888888889 0.3614583333333333 0.5009259259259259 0.36171875 0.5009259259259259 0.36328125 0.500462962962963 0.36354166666666665 0.5 0.36640625 0.49953703703703706 0.36666666666666664 0.49953703703703706 0.36770833333333336 0.49907407407407406 0.36796875 0.49907407407407406 0.3690104166666667 0.4986111111111111 0.3692708333333333 0.4986111111111111 0.3703125 0.4981481481481482 0.37057291666666664 0.4981481481481482 0.371875 0.4976851851851852 0.37213541666666666 0.4976851851851852 0.3734375 0.49722222222222223 0.3736979166666667 0.49722222222222223 0.37473958333333335 0.49675925925925923 0.375 0.49675925925925923 0.37604166666666666 0.4962962962962963 0.3763020833333333 0.4962962962962963 0.3776041666666667 0.49583333333333335 0.37786458333333334 0.49583333333333335 0.37890625 0.49537037037037035 0.37916666666666665 0.49537037037037035 0.3802083333333333 0.4949074074074074 0.38046875 0.4949074074074074 0.38177083333333334 0.49444444444444446 0.38203125 0.49398148148148147 0.3841145833333333 0.4935185185185185 0.384375 0.4935185185185185 0.38567708333333334 0.4930555555555556 0.3859375 0.4930555555555556 0.38723958333333336 0.4925925925925926 0.3875 0.4925925925925926 0.3888020833333333 0.49212962962962964 0.3890625 0.49212962962962964 0.39036458333333335 0.49166666666666664 0.390625 0.4912037037037037 0.3932291666666667 0.49074074074074076 0.39348958333333334 0.49074074074074076 0.39505208333333336 0.49027777777777776 0.3953125 0.49027777777777776 0.39895833333333336 0.49074074074074076 0.39921875 0.49074074074074076 0.4002604166666667 0.4925925925925926 0.40130208333333334 0.4949074074074074 0.40182291666666664 0.5027777777777778 0.40208333333333335 0.5032407407407408 0.40182291666666664 0.5055555555555555 0.4015625 0.5074074074074074 0.4005208333333333 0.5083333333333333 0.39947916666666666 0.5083333333333333 0.39895833333333336 0.5097222222222222 0.3971354166666667 0.5097222222222222 0.3963541666666667 0.5101851851851852 0.39609375 0.5111111111111111 0.3921875 0.5115740740740741 0.3919270833333333 0.5120370370370371 0.39036458333333335 0.513425925925926 0.3885416666666667 0.5138888888888888 0.3846354166666667 0.5143518518518518 0.384375 0.5143518518518518 0.3828125 0.5148148148148148 0.38255208333333335 0.5148148148148148 0.38125 0.5152777777777777 0.3809895833333333 0.5157407407407407 0.37838541666666664 0.5162037037037037 0.378125 0.5162037037037037 0.3768229166666667 0.5166666666666667 0.3765625 0.5166666666666667 0.375 0.5171296296296296 0.37473958333333335 0.5171296296296296 0.3736979166666667 0.5175925925925926 0.3734375 0.5175925925925926 0.3723958333333333 0.5180555555555556 0.37213541666666666 0.5189814814814815 0.3684895833333333 0.5194444444444445 0.36822916666666666 0.5199074074074074 0.36640625 0.5208333333333334 0.3653645833333333 0.5208333333333334 0.3645833333333333 0.5212962962962963 0.36432291666666666 0.5217592592592593 0.3625 0.5226851851851851 0.3614583333333333 0.5226851851851851 0.3606770833333333 0.5236111111111111 0.35963541666666665 0.525 0.35885416666666664 0.5277777777777778 0.3580729166666667 0.5287037037037037 0.3575520833333333 0.5328703703703703 0.35651041666666666 0.5370370370370371 0.3533854166666667 0.5365740740740741 0.353125 0.5365740740740741 0.3494791666666667 0.5324074074074074 0.34739583333333335 0.5310185185185186 0.34713541666666664 0.5291666666666667 0.34609375
1 0.537962962962963 0.42552083333333335 0.5287037037037037 0.4278645833333333 0.5231481481481481 0.4309895833333333 0.5212962962962963 0.4315104166666667 0.5208333333333334 0.43359375 0.5189814814814815 0.4354166666666667 0.5208333333333334 0.43723958333333335 0.5212962962962963 0.4388020833333333 0.5231481481481481 0.4393229166666667 0.5263888888888889 0.4393229166666667 0.5291666666666667 0.43828125 0.5333333333333333 0.4390625 0.5462962962962963 0.4544270833333333 0.5550925925925926 0.4669270833333333 0.5625 0.47578125 0.5666666666666667 0.4822916666666667 0.5699074074074074 0.4856770833333333 0.575925925925926 0.4942708333333333 0.5814814814814815 0.50078125 0.5833333333333334 0.5041666666666667 0.5912037037037037 0.5127604166666667 0.5939814814814814 0.5182291666666666 0.5967592592592592 0.5213541666666667 0.6032407407407407 0.525 0.6111111111111112 0.5255208333333333 0.6143518518518518 0.5213541666666667 0.6125 0.5177083333333333 0.6092592592592593 0.5140625 0.6018518518518519 0.5015625 0.5939814814814814 0.49114583333333334 0.5916666666666667 0.4869791666666667 0.5824074074074074 0.4765625 0.5768518518518518 0.46796875 0.5703703703703704 0.46041666666666664 0.5680555555555555 0.45651041666666664 0.5601851851851852 0.446875 0.5574074074074075 0.44192708333333336 0.5550925925925926 0.4393229166666667 0.5532407407407407 0.43515625 0.5574074074074075 0.43046875 0.5583333333333333 0.42734375 0.5560185185185185 0.425 0.5504629629629629 0.4239583333333333 0.5449074074074074 0.42421875
2 0.5486111111111112 0.50703125 0.5472222222222223 0.5083333333333333 0.5444444444444444 0.5098958333333333 0.5407407407407407 0.5130208333333334 0.5388888888888889 0.515625 0.5365740740740741 0.5174479166666667 0.5365740740740741 0.51796875 0.5333333333333333 0.5216145833333333 0.5333333333333333 0.5221354166666666 0.5314814814814814 0.5247395833333334 0.5314814814814814 0.5255208333333333 0.5310185185185186 0.52578125 0.5310185185185186 0.52734375 0.5305555555555556 0.5276041666666667 0.5305555555555556 0.5286458333333334 0.5300925925925926 0.52890625 0.5300925925925926 0.5299479166666666 0.5305555555555556 0.5302083333333333 0.5305555555555556 0.5322916666666667 0.5310185185185186 0.5325520833333334 0.5310185185185186 0.5333333333333333 0.5333333333333333 0.5354166666666667 0.5342592592592592 0.5354166666666667 0.5393518518518519 0.5369791666666667 0.5407407407407407 0.5369791666666667 0.5412037037037037 0.5372395833333333 0.5504629629629629 0.5372395833333333 0.5509259259259259 0.5369791666666667 0.5583333333333333 0.5369791666666667 0.5587962962962963 0.5372395833333333 0.5606481481481481 0.5372395833333333 0.5634259259259259 0.5380208333333333 0.5643518518518519 0.5380208333333333 0.5689814814814815 0.5390625 0.5703703703703704 0.5390625 0.575 0.5403645833333334 0.5805555555555556 0.5411458333333333 0.5828703703703704 0.5419270833333333 0.5851851851851851 0.5421875 0.586574074074074 0.5427083333333333 0.5875 0.5427083333333333 0.5879629629629629 0.54296875 0.5898148148148148 0.54296875 0.5902777777777778 0.5432291666666667 0.5916666666666667 0.5432291666666667 0.5939814814814814 0.54375 0.5958333333333333 0.54375 0.5962962962962963 0.5440104166666667 0.600462962962963 0.5440104166666667 0.600925925925926 0.54375 0.6046296296296296 0.5434895833333333 0.6050925925925926 0.5432291666666667 0.6074074074074074 0.54296875 0.6097222222222223 0.5419270833333333 0.6111111111111112 0.5416666666666666 0.6111111111111112 0.54140625 0.6125 0.540625 0.6152777777777778 0.5375 0.6152777777777778 0.5359375 0.6157407407407407 0.5356770833333333 0.6157407407407407 0.5322916666666667 0.6148148148148148 0.5309895833333333 0.612037037037037 0.5294270833333333 0.6092592592592593 0.5283854166666667 0.6069444444444444 0.5270833333333333 0.6032407407407407 0.5260416666666666 0.6023148148148149 0.5255208333333333 0.5949074074074074 0.5234375 0.5916666666666667 0.5229166666666667 0.5888888888888889 0.5221354166666666 0.5879629629629629 0.5216145833333333 0.5861111111111111 0.5213541666666667 0.5847222222222223 0.5208333333333334 0.5837962962962963 0.5208333333333334 0.5787037037037037 0.5192708333333333 0.575925925925926 0.5177083333333333 0.575462962962963 0.5177083333333333 0.5712962962962963 0.5151041666666667 0.5703703703703704 0.5138020833333333 0.5699074074074074 0.5096354166666667 0.5680555555555555 0.5080729166666667 0.5666666666666667 0.5078125 0.5638888888888889 0.5065104166666666 0.562962962962963 0.5065104166666666 0.5611111111111111 0.5057291666666667 0.5578703703703703 0.5057291666666667 0.5574074074074075 0.50546875 0.5560185185185185 0.50546875 0.5555555555555556 0.5057291666666667 0.5527777777777778 0.5057291666666667 0.5518518518518518 0.50625
3 0.6907407407407408 0.3846354166666667 0.6893518518518519 0.38359375 0.6856481481481481 0.38255208333333335 0.6796296296296296 0.38255208333333335 0.6791666666666667 0.3828125 0.6773148148148148 0.3828125 0.6768518518518518 0.38307291666666665 0.6754629629629629 0.38307291666666665 0.675 0.38333333333333336 0.6726851851851852 0.38359375 0.6712962962962963 0.3841145833333333 0.6675925925925926 0.3846354166666667 0.6662037037037037 0.38515625 0.6620370370370371 0.38567708333333334 0.6578703703703703 0.38697916666666665 0.6569444444444444 0.38697916666666665 0.6509259259259259 0.38828125 0.6462962962962963 0.3885416666666667 0.6430555555555556 0.38958333333333334 0.6421296296296296 0.38958333333333334 0.6402777777777777 0.39010416666666664 0.6388888888888888 0.39010416666666664 0.6342592592592593 0.39140625 0.6319444444444444 0.39140625 0.6314814814814815 0.39166666666666666 0.6300925925925925 0.39166666666666666 0.6268518518518519 0.3924479166666667 0.625462962962963 0.3924479166666667 0.625 0.3927083333333333 0.6236111111111111 0.3927083333333333 0.6231481481481481 0.39296875 0.6217592592592592 0.39296875 0.6194444444444445 0.39348958333333334 0.6162037037037037 0.39348958333333334 0.6157407407407407 0.39375 0.6148148148148148 0.39375 0.6143518518518518 0.39348958333333334 0.6134259259259259 0.39348958333333334 0.6101851851851852 0.3927083333333333 0.6087962962962963 0.3927083333333333 0.6083333333333333 0.3924479166666667 0.5953703703703703 0.3924479166666667 0.5925925925925926 0.39609375 0.5925925925925926 0.39869791666666665 0.5930555555555556 0.39895833333333336 0.5930555555555556 0.40234375 0.5935185185185186 0.40260416666666665 0.5935185185185186 0.4044270833333333 0.5939814814814814 0.4046875 0.5939814814814814 0.40546875 0.5944444444444444 0.40572916666666664 0.5953703703703703 0.4078125 0.5972222222222222 0.409375 0.5990740740740741 0.41171875 0.6032407407407407 0.4140625 0.6032407407407407 0.41432291666666665 0.6041666666666666 0.41432291666666665 0.6069444444444444 0.41510416666666666 0.6092592592592593 0.41458333333333336 0.6106481481481482 0.41458333333333336 0.6143518518518518 0.41354166666666664 0.6175925925925926 0.4119791666666667 0.6189814814814815 0.41067708333333336 0.6203703703703703 0.4080729166666667 0.6263888888888889 0.40520833333333334 0.6310185185185185 0.4044270833333333 0.6324074074074074 0.40390625 0.6361111111111111 0.40338541666666666 0.6375 0.40286458333333336 0.6430555555555556 0.40208333333333335 0.6467592592592593 0.4010416666666667 0.6504629629629629 0.4005208333333333 0.6537037037037037 0.39947916666666666 0.6555555555555556 0.39947916666666666 0.6560185185185186 0.39921875 0.6574074074074074 0.39921875 0.6578703703703703 0.39895833333333336 0.6592592592592592 0.39895833333333336 0.6597222222222222 0.39869791666666665 0.6611111111111111 0.39869791666666665 0.6615740740740741 0.3984375 0.6638888888888889 0.39817708333333335 0.6652777777777777 0.39765625 0.6703703703703704 0.396875 0.674074074074074 0.3958333333333333 0.675 0.3958333333333333 0.6777777777777778 0.39505208333333336 0.6800925925925926 0.39479166666666665 0.6814814814814815 0.39427083333333335 0.6837962962962963 0.39401041666666664 0.6875 0.39296875 0.6893518518518519 0.3921875 0.6921296296296297 0.3890625 0.6921296296296297 0.38776041666666666 0.6916666666666667 0.3875 0.6916666666666667 0.38645833333333335 0.6912037037037037 0.38619791666666664
0 0.6351851851851852 0.49609375 0.6305555555555555 0.49609375 0.6300925925925925 0.49635416666666665 0.624537037037037 0.49635416666666665 0.6240740740740741 0.49609375 0.6171296296296296 0.49609375 0.6166666666666667 0.49635416666666665 0.6152777777777778 0.49635416666666665 0.6125 0.4979166666666667 0.6125 0.49895833333333334 0.612037037037037 0.49921875 0.612037037037037 0.5 0.611574074074074 0.5002604166666667 0.611574074074074 0.5010416666666667 0.6111111111111112 0.5013020833333334 0.6111111111111112 0.5018229166666667 0.6106481481481482 0.5020833333333333 0.6106481481481482 0.503125 0.6101851851851852 0.5033854166666667 0.6101851851851852 0.5044270833333333 0.6097222222222223 0.5046875 0.6097222222222223 0.50546875 0.6092592592592593 0.5057291666666667 0.6092592592592593 0.5109375 0.6097222222222223 0.5111979166666667 0.6097222222222223 0.5130208333333334 0.6101851851851852 0.51328125 0.6101851851851852 0.5138020833333333 0.6106481481481482 0.5140625 0.6106481481481482 0.5143229166666666 0.6125 0.515625 0.6125 0.5158854166666667 0.6138888888888889 0.5171875 0.6138888888888889 0.51796875 0.6143518518518518 0.5182291666666666 0.6143518518518518 0.51953125 0.6148148148148148 0.5197916666666667 0.6148148148148148 0.5221354166666666 0.6152777777777778 0.5223958333333333 0.6152777777777778 0.52421875 0.6157407407407407 0.5244791666666667 0.6157407407407407 0.5270833333333333 0.6162037037037037 0.52734375 0.6162037037037037 0.5294270833333333 0.6166666666666667 0.5296875 0.6166666666666667 0.53046875 0.6171296296296296 0.5307291666666667 0.6171296296296296 0.5317708333333333 0.6175925925925926 0.53203125 0.6175925925925926 0.5328125 0.6180555555555556 0.5330729166666667 0.6180555555555556 0.53359375 0.6189814814814815 0.5341145833333333 0.6189814814814815 0.534375 0.6199074074074075 0.534375 0.6203703703703703 0.5346354166666667 0.6212962962962963 0.5346354166666667 0.6217592592592592 0.5348958333333333 0.625 0.5348958333333333 0.625462962962963 0.5346354166666667 0.6273148148148148 0.5346354166666667 0.6282407407407408 0.5341145833333333 0.6287037037037037 0.5341145833333333 0.6296296296296297 0.53359375 0.6300925925925925 0.53359375 0.6310185185185185 0.5328125 0.6310185185185185 0.5322916666666667 0.6314814814814815 0.53203125 0.6314814814814815 0.53125 0.6319444444444444 0.5309895833333333 0.6319444444444444 0.5302083333333333 0.6324074074074074 0.5299479166666666 0.6324074074074074 0.5286458333333334 0.6328703703703704 0.5283854166666667 0.6328703703703704 0.5263020833333333 0.6333333333333333 0.5260416666666666 0.6333333333333333 0.5236979166666667 0.6337962962962963 0.5234375 0.6337962962962963 0.52109375 0.6342592592592593 0.5208333333333334 0.6342592592592593 0.51875 0.6347222222222222 0.5184895833333333 0.6347222222222222 0.5171875 0.6351851851851852 0.5169270833333334 0.6351851851851852 0.5161458333333333 0.6356481481481482 0.5158854166666667 0.6356481481481482 0.5153645833333333 0.6361111111111111 0.5151041666666667 0.6361111111111111 0.51484375 0.638425925925926 0.5125 0.638425925925926 0.5119791666666667 0.6393518518518518 0.5111979166666667 0.6393518518518518 0.5106770833333333 0.6402777777777777 0.5098958333333333 0.6402777777777777 0.5091145833333334 0.6407407407407407 0.5088541666666667 0.6407407407407407 0.5075520833333333 0.6412037037037037 0.5072916666666667 0.6412037037037037 0.50546875 0.6416666666666667 0.5052083333333334 0.6416666666666667 0.5036458333333333 0.6421296296296296 0.5033854166666667 0.6421296296296296 0.4981770833333333 0.6398148148148148 0.496875 0.6393518518518518 0.496875 0.6388888888888888 0.49661458333333336 0.637962962962963 0.49661458333333336 0.6375 0.49635416666666665 0.6356481481481482 0.49635416666666665
0 0.6504629629629629 0.2591145833333333 0.6504629629629629 0.259375 0.65 0.2596354166666667 0.65 0.26015625 0.649537037037037 0.2604166666666667 0.649537037037037 0.26119791666666664 0.649074074074074 0.26145833333333335 0.6486111111111111 0.26276041666666666 0.6476851851851851 0.2635416666666667 0.6476851851851851 0.2640625 0.6467592592592593 0.26484375 0.6467592592592593 0.26536458333333335 0.6462962962962963 0.265625 0.6462962962962963 0.26588541666666665 0.6458333333333334 0.26614583333333336 0.6458333333333334 0.26666666666666666 0.6453703703703704 0.2669270833333333 0.6453703703703704 0.26796875 0.6458333333333334 0.2682291666666667 0.6458333333333334 0.26875 0.6462962962962963 0.26901041666666664 0.6467592592592593 0.26979166666666665 0.6476851851851851 0.2703125 0.6481481481481481 0.2703125 0.65 0.2713541666666667 0.6509259259259259 0.2713541666666667 0.6513888888888889 0.2716145833333333 0.6527777777777778 0.271875 0.6537037037037037 0.27239583333333334 0.6546296296296297 0.27239583333333334 0.6550925925925926 0.27265625 0.6555555555555556 0.27265625 0.6564814814814814 0.27317708333333335 0.6569444444444444 0.27317708333333335 0.6606481481481481 0.2752604166666667 0.6611111111111111 0.2752604166666667 0.6625 0.27578125 0.6643518518518519 0.27578125 0.6648148148148149 0.2760416666666667 0.6671296296296296 0.2760416666666667 0.6675925925925926 0.27630208333333334 0.6699074074074074 0.27630208333333334 0.6712962962962963 0.27682291666666664 0.6726851851851852 0.27682291666666664 0.6731481481481482 0.27708333333333335 0.674537037037037 0.27708333333333335 0.675 0.27734375 0.6763888888888889 0.27734375 0.6768518518518518 0.27760416666666665 0.6777777777777778 0.27760416666666665 0.6782407407407407 0.27786458333333336 0.6796296296296296 0.27786458333333336 0.6800925925925926 0.278125 0.6814814814814815 0.278125 0.6819444444444445 0.27838541666666666 0.6828703703703703 0.27838541666666666 0.6842592592592592 0.27890625 0.6851851851851852 0.27890625 0.6865740740740741 0.2794270833333333 0.6875 0.2794270833333333 0.687962962962963 0.2796875 0.6884259259259259 0.2796875 0.6888888888888889 0.2799479166666667 0.6893518518518519 0.2799479166666667 0.6898148148148148 0.28020833333333334 0.6902777777777778 0.28020833333333334 0.6907407407407408 0.28046875 0.6949074074074074 0.28151041666666665 0.6958333333333333 0.28203125 0.6962962962962963 0.28203125 0.6976851851851852 0.2825520833333333 0.6986111111111111 0.2825520833333333 0.6990740740740741 0.2828125 0.7 0.2828125 0.700462962962963 0.2830729166666667 0.7041666666666667 0.2830729166666667 0.7046296296296296 0.2833333333333333 0.7050925925925926 0.2830729166666667 0.7060185185185185 0.2830729166666667 0.7074074074074074 0.28229166666666666 0.7078703703703704 0.28229166666666666 0.7101851851851851 0.28072916666666664 0.7101851851851851 0.28046875 0.7111111111111111 0.2796875 0.7111111111111111 0.2752604166666667 0.7078703703703704 0.2734375 0.7055555555555556 0.27291666666666664 0.7027777777777777 0.2716145833333333 0.7023148148148148 0.2716145833333333 0.7013888888888888 0.27109375 0.700925925925926 0.27109375 0.6972222222222222 0.26953125 0.6939814814814815 0.26875 0.6930555555555555 0.2682291666666667 0.6925925925925925 0.2682291666666667 0.6921296296296297 0.26796875 0.6907407407407408 0.2677083333333333 0.6898148148148148 0.2671875 0.6893518518518519 0.2671875 0.6888888888888889 0.2669270833333333 0.6888888888888889 0.26666666666666666 0.6856481481481481 0.26484375 0.6851851851851852 0.26484375 0.6833333333333333 0.2638020833333333 0.6833333333333333 0.2635416666666667 0.6824074074074075 0.26276041666666666 0.6824074074074075 0.26223958333333336 0.6814814814814815 0.26145833333333335 0.6814814814814815 0.2609375 0.6810185185185185 0.26067708333333334 0.6810185185185185 0.2604166666666667 0.6796296296296296 0.2596354166666667 0.6787037037037037 0.2596354166666667 0.6773148148148148 0.2591145833333333 0.6763888888888889 0.2591145833333333 0.675 0.25859375 0.674074074074074 0.25859375 0.6736111111111112 0.25833333333333336 0.6731481481481482 0.25833333333333336 0.6722222222222223 0.2578125 0.6717592592592593 0.2578125 0.6708333333333333 0.25729166666666664 0.6703703703703704 0.25729166666666664 0.6689814814814815 0.2565104166666667 0.6685185185185185 0.2565104166666667 0.6671296296296296 0.2557291666666667 0.6666666666666666 0.2557291666666667 0.6652777777777777 0.2552083333333333 0.6643518518518519 0.2552083333333333 0.662962962962963 0.2546875 0.6620370370370371 0.2546875 0.6615740740740741 0.25442708333333336 0.6578703703703703 0.25442708333333336 0.6537037037037037 0.25677083333333334 0.6537037037037037 0.25703125 0.6527777777777778 0.25755208333333335 0.6527777777777778 0.2578125
0 0.6768518518518518 0.5013020833333334 0.6773148148148148 0.5015625 0.6773148148148148 0.5020833333333333 0.6777777777777778 0.50234375 0.6777777777777778 0.5026041666666666 0.6782407407407407 0.5026041666666666 0.6800925925925926 0.5036458333333333 0.6805555555555556 0.5036458333333333 0.6814814814814815 0.5041666666666667 0.6824074074074075 0.5041666666666667 0.6828703703703703 0.5044270833333333 0.6837962962962963 0.5044270833333333 0.6842592592592592 0.5046875 0.687962962962963 0.5046875 0.6884259259259259 0.5044270833333333 0.6912037037037037 0.5044270833333333 0.6916666666666667 0.5041666666666667 0.6939814814814815 0.5041666666666667 0.6944444444444444 0.50390625 0.6972222222222222 0.50390625 0.6976851851851852 0.5036458333333333 0.7 0.5036458333333333 0.700462962962963 0.5033854166666667 0.7027777777777777 0.5033854166666667 0.7032407407407407 0.503125 0.7050925925925926 0.503125 0.7055555555555556 0.5028645833333333 0.7064814814814815 0.5028645833333333 0.7069444444444445 0.5026041666666666 0.7083333333333334 0.5026041666666666 0.7087962962962963 0.50234375 0.7111111111111111 0.5018229166666667 0.7111111111111111 0.5015625 0.7129629629629629 0.5005208333333333 0.7134259259259259 0.5005208333333333 0.7138888888888889 0.5002604166666667 0.7162037037037037 0.5 0.7185185185185186 0.49921875 0.7194444444444444 0.49921875 0.7199074074074074 0.49895833333333334 0.7208333333333333 0.49895833333333334 0.7212962962962963 0.4986979166666667 0.7231481481481481 0.4986979166666667 0.7236111111111111 0.4984375 0.725 0.4984375 0.725462962962963 0.4981770833333333 0.7277777777777777 0.4981770833333333 0.7282407407407407 0.4979166666666667 0.7305555555555555 0.4979166666666667 0.7310185185185185 0.49765625 0.7333333333333333 0.49765625 0.7337962962962963 0.4973958333333333 0.737037037037037 0.4973958333333333 0.7375 0.49713541666666666 0.7388888888888889 0.49713541666666666 0.7393518518518518 0.496875 0.7402777777777778 0.496875 0.7407407407407407 0.49661458333333336 0.7416666666666667 0.49661458333333336 0.7421296296296296 0.49635416666666665 0.7435185185185185 0.49609375 0.7458333333333333 0.4947916666666667 0.7458333333333333 0.49453125 0.7462962962962963 0.4942708333333333 0.7462962962962963 0.49296875 0.7458333333333333 0.49270833333333336 0.7458333333333333 0.49166666666666664 0.7453703703703703 0.49140625 0.7453703703703703 0.490625 0.7449074074074075 0.4903645833333333 0.7444444444444445 0.4895833333333333 0.7435185185185185 0.4890625 0.7430555555555556 0.4890625 0.7421296296296296 0.48854166666666665 0.7416666666666667 0.48854166666666665 0.7407407407407407 0.48802083333333335 0.7402777777777778 0.48802083333333335 0.7398148148148148 0.48776041666666664 0.7375 0.48776041666666664 0.737037037037037 0.4875 0.7134259259259259 0.4875 0.7129629629629629 0.48776041666666664 0.7087962962962963 0.48776041666666664 0.7055555555555556 0.48671875 0.6962962962962963 0.48671875 0.6958333333333333 0.4869791666666667 0.6939814814814815 0.4869791666666667 0.6935185185185185 0.48723958333333334 0.6921296296296297 0.48723958333333334 0.6916666666666667 0.4875 0.6902777777777778 0.4875 0.6898148148148148 0.48776041666666664 0.6888888888888889 0.48776041666666664 0.6856481481481481 0.48880208333333336 0.6814814814814815 0.48880208333333336 0.6810185185185185 0.4890625 0.6805555555555556 0.4890625 0.6796296296296296 0.4895833333333333 0.6791666666666667 0.4895833333333333 0.6782407407407407 0.4901041666666667 0.6777777777777778 0.4901041666666667 0.6777777777777778 0.490625 0.6773148148148148 0.4908854166666667 0.6773148148148148 0.49140625 0.6768518518518518 0.49166666666666664 0.6768518518518518 0.49270833333333336 0.6763888888888889 0.49296875 0.6763888888888889 0.49375 0.6759259259259259 0.4940104166666667 0.6759259259259259 0.49609375 0.6763888888888889 0.49635416666666665 0.6763888888888889 0.49947916666666664 0.6768518518518518 0.49973958333333335
2 0.9120370370370371 0.31015625 0.9097222222222222 0.30859375 0.9078703703703703 0.3067708333333333 0.9055555555555556 0.30625 0.9023148148148148 0.30625 0.9018518518518519 0.3059895833333333 0.9 0.3059895833333333 0.899537037037037 0.30625 0.8953703703703704 0.3065104166666667 0.8912037037037037 0.30755208333333334 0.8898148148148148 0.30755208333333334 0.8893518518518518 0.3078125 0.888425925925926 0.3078125 0.8824074074074074 0.30911458333333336 0.8810185185185185 0.30911458333333336 0.8773148148148148 0.31015625 0.8731481481481481 0.31015625 0.8726851851851852 0.3104166666666667 0.8703703703703703 0.3106770833333333 0.8689814814814815 0.3111979166666667 0.8648148148148148 0.3109375 0.8643518518518518 0.3106770833333333 0.861574074074074 0.3106770833333333 0.8574074074074074 0.309375 0.8537037037037037 0.309375 0.8532407407407407 0.30911458333333336 0.850925925925926 0.30911458333333336 0.850462962962963 0.30885416666666665 0.8458333333333333 0.30885416666666665 0.8435185185185186 0.30963541666666666 0.8425925925925926 0.30963541666666666 0.8351851851851851 0.31171875 0.8333333333333334 0.31197916666666664 0.8300925925925926 0.3138020833333333 0.8268518518518518 0.3177083333333333 0.8268518518518518 0.31979166666666664 0.8263888888888888 0.32005208333333335 0.8263888888888888 0.32421875 0.825925925925926 0.32447916666666665 0.825925925925926 0.3265625 0.8263888888888888 0.3268229166666667 0.8263888888888888 0.328125 0.8268518518518518 0.32838541666666665 0.8268518518518518 0.3299479166666667 0.8287037037037037 0.33255208333333336 0.8291666666666667 0.3341145833333333 0.8310185185185185 0.33619791666666665 0.8328703703703704 0.3377604166666667 0.8375 0.34036458333333336 0.8379629629629629 0.34036458333333336 0.8407407407407408 0.3419270833333333 0.8430555555555556 0.3424479166666667 0.8444444444444444 0.3424479166666667 0.8449074074074074 0.34270833333333334 0.8481481481481481 0.34270833333333334 0.8486111111111111 0.34296875 0.85 0.34296875 0.850462962962963 0.34270833333333334 0.8574074074074074 0.34270833333333334 0.8578703703703704 0.3424479166666667 0.8587962962962963 0.3424479166666667 0.8648148148148148 0.3411458333333333 0.8708333333333333 0.3375 0.8736111111111111 0.3341145833333333 0.8740740740740741 0.3328125 0.875 0.33177083333333335 0.8768518518518519 0.3307291666666667 0.8787037037037037 0.3302083333333333 0.8810185185185185 0.3299479166666667 0.8865740740740741 0.32838541666666665 0.8875 0.32838541666666665 0.8921296296296296 0.32734375 0.8935185185185185 0.32734375 0.8939814814814815 0.32708333333333334 0.8967592592592593 0.3268229166666667 0.9023148148148148 0.32526041666666666 0.9069444444444444 0.3234375 0.9125 0.3203125 0.912962962962963 0.31953125 0.9143518518518519 0.3184895833333333 0.9148148148148149 0.3138020833333333
1 0.8606481481481482 0.2869791666666667 0.8532407407407407 0.28463541666666664 0.8490740740740741 0.28411458333333334 0.8453703703703703 0.28515625 0.8416666666666667 0.28489583333333335 0.8379629629629629 0.28541666666666665 0.8337962962962963 0.2872395833333333 0.8328703703703704 0.2950520833333333 0.8282407407407407 0.2986979166666667 0.8143518518518519 0.3065104166666667 0.812962962962963 0.30807291666666664 0.8004629629629629 0.3145833333333333 0.7847222222222222 0.32473958333333336 0.774537037037037 0.3299479166666667 0.774074074074074 0.3307291666666667 0.7620370370370371 0.3372395833333333 0.7606481481481482 0.3385416666666667 0.7273148148148149 0.3572916666666667 0.7245370370370371 0.3606770833333333 0.7245370370370371 0.3614583333333333 0.7273148148148149 0.36328125 0.7324074074074074 0.3653645833333333 0.736574074074074 0.365625 0.7402777777777778 0.36484375 0.749537037037037 0.3611979166666667 0.7689814814814815 0.3489583333333333 0.7912037037037037 0.33645833333333336 0.7967592592592593 0.33255208333333336 0.8069444444444445 0.32734375 0.8111111111111111 0.32421875 0.8226851851851852 0.31796875 0.825925925925926 0.31692708333333336 0.8300925925925926 0.31328125 0.8333333333333334 0.31145833333333334 0.8402777777777778 0.309375 0.8495370370370371 0.30442708333333335 0.8569444444444444 0.3033854166666667 0.8648148148148148 0.3033854166666667 0.8685185185185185 0.3015625 0.8708333333333333 0.2986979166666667 0.8694444444444445 0.2942708333333333 0.8657407407407407 0.290625 0.8625 0.28880208333333335
