0 0.016203703703703703 0.41171875 0.016203703703703703 0.4127604166666667 0.016666666666666666 0.41302083333333334 0.016666666666666666 0.41380208333333335 0.018518518518518517 0.4158854166666667 0.020833333333333332 0.41640625 0.02175925925925926 0.41692708333333334 0.024074074074074074 0.41744791666666664 0.025 0.41796875 0.027314814814814816 0.41822916666666665 0.030555555555555555 0.4192708333333333 0.03148148148148148 0.4192708333333333 0.032407407407407406 0.41953125 0.03333333333333333 0.4200520833333333 0.03657407407407407 0.42083333333333334 0.0375 0.42135416666666664 0.03796296296296296 0.42135416666666664 0.04027777777777778 0.42239583333333336 0.041666666666666664 0.42265625 0.04259259259259259 0.4231770833333333 0.04490740740740741 0.4236979166666667 0.04722222222222222 0.425 0.047685185185185185 0.425 0.04953703703703704 0.4265625 0.04953703703703704 0.4270833333333333 0.05 0.42734375 0.05 0.4278645833333333 0.050462962962962966 0.428125 0.050462962962962966 0.42864583333333334 0.05138888888888889 0.4296875 0.05416666666666667 0.43125 0.05462962962962963 0.43125 0.05555555555555555 0.4317708333333333 0.05648148148148148 0.43203125 0.05740740740740741 0.43203125 0.05787037037037037 0.4322916666666667 0.0587962962962963 0.4322916666666667 0.06018518518518518 0.4328125 0.06620370370370371 0.4328125 0.06666666666666667 0.43307291666666664 0.06898148148148148 0.43307291666666664 0.07546296296296297 0.4348958333333333 0.0824074074074074 0.4348958333333333 0.08287037037037037 0.43463541666666666 0.08425925925925926 0.43463541666666666 0.08935185185185185 0.43255208333333334 0.08935185185185185 0.4322916666666667 0.09212962962962963 0.43072916666666666 0.09212962962962963 0.43046875 0.09305555555555556 0.42994791666666665 0.09490740740740741 0.4278645833333333 0.09490740740740741 0.42682291666666666 0.09537037037037037 0.4265625 0.09537037037037037 0.425 0.09583333333333334 0.42473958333333334 0.09583333333333334 0.4205729166666667 0.09537037037037037 0.4203125 0.09537037037037037 0.41953125 0.09444444444444444 0.41848958333333336 0.09212962962962963 0.41692708333333334 0.09074074074074075 0.4166666666666667 0.08981481481481482 0.4161458333333333 0.08518518518518518 0.41484375 0.08425925925925926 0.41484375 0.0837962962962963 0.41458333333333336 0.08287037037037037 0.41458333333333336 0.08148148148148149 0.4140625 0.08055555555555556 0.4140625 0.07962962962962963 0.41380208333333335 0.07592592592592592 0.41171875 0.075 0.4114583333333333 0.07407407407407407 0.4114583333333333 0.07268518518518519 0.4109375 0.0712962962962963 0.4109375 0.07083333333333333 0.41067708333333336 0.06574074074074074 0.41067708333333336 0.06527777777777778 0.4109375 0.062037037037037036 0.4109375 0.06157407407407407 0.41119791666666666 0.058333333333333334 0.41119791666666666 0.05787037037037037 0.4114583333333333 0.05416666666666667 0.4114583333333333 0.053703703703703705 0.41119791666666666 0.05185185185185185 0.41119791666666666 0.050462962962962966 0.41067708333333336 0.04953703703703704 0.41067708333333336 0.047685185185185185 0.41015625 0.04583333333333333 0.41015625 0.04537037037037037 0.40989583333333335 0.04212962962962963 0.40963541666666664 0.04027777777777778 0.40911458333333334 0.03796296296296296 0.40911458333333334 0.0375 0.4088541666666667 0.03564814814814815 0.4088541666666667 0.03518518518518519 0.40859375 0.033796296296296297 0.40859375 0.02962962962962963 0.40703125 0.024074074074074074 0.40703125 0.02361111111111111 0.40729166666666666 0.02175925925925926 0.40729166666666666 0.019444444444444445 0.4083333333333333 0.018518518518518517 0.40963541666666664 0.017592592592592594 0.41015625
2 0.03657407407407407 0.18333333333333332 0.03564814814814815 0.18333333333333332 0.03287037037037037 0.18255208333333334 0.032407407407407406 0.1828125 0.03148148148148148 0.1828125 0.02962962962962963 0.18333333333333332 0.026851851851851852 0.18333333333333332 0.02638888888888889 0.18359375 0.024537037037037038 0.18359375 0.018055555555555554 0.18541666666666667 0.013425925925925926 0.18776041666666668 0.013425925925925926 0.18828125 0.0125 0.18932291666666667 0.0125 0.19348958333333333 0.011574074074074073 0.19453125 0.00787037037037037 0.19661458333333334 0.003703703703703704 0.19791666666666666 0.001851851851851852 0.19895833333333332 0.0 0.19895833333333332 0.0 0.22291666666666668 0.001851851851851852 0.22291666666666668 0.0032407407407407406 0.22239583333333332 0.004166666666666667 0.22239583333333332 0.005555555555555556 0.221875 0.006481481481481481 0.221875 0.00787037037037037 0.22135416666666666 0.008796296296296297 0.22135416666666666 0.011574074074074073 0.22057291666666667 0.0125 0.22005208333333334 0.014814814814814815 0.21953125 0.017592592592592594 0.21822916666666667 0.018518518518518517 0.21796875 0.01990740740740741 0.21796875 0.02175925925925926 0.21744791666666666 0.022685185185185187 0.21744791666666666 0.025 0.21666666666666667 0.029166666666666667 0.21666666666666667 0.032407407407407406 0.215625 0.03333333333333333 0.215625 0.034722222222222224 0.21640625 0.0375 0.2171875 0.03981481481481482 0.2171875 0.04027777777777778 0.21744791666666666 0.04212962962962963 0.21744791666666666 0.04259259259259259 0.21770833333333334 0.04398148148148148 0.21770833333333334 0.044444444444444446 0.21796875 0.04583333333333333 0.21796875 0.046296296296296294 0.21770833333333334 0.04953703703703704 0.21770833333333334 0.05 0.21744791666666666 0.053703703703703705 0.2171875 0.05416666666666667 0.21692708333333333 0.055092592592592596 0.21692708333333333 0.05555555555555555 0.21666666666666667 0.05648148148148148 0.21666666666666667 0.058333333333333334 0.21614583333333334 0.059722222222222225 0.21536458333333333 0.06018518518518518 0.21536458333333333 0.0625 0.21380208333333334 0.06342592592592593 0.21276041666666667 0.06296296296296296 0.2125 0.0625 0.20859375 0.062037037037037036 0.20833333333333334 0.062037037037037036 0.20755208333333333 0.06157407407407407 0.20729166666666668 0.06157407407407407 0.20651041666666667 0.06111111111111111 0.20625 0.060648148148148145 0.20442708333333334 0.06018518518518518 0.20416666666666666 0.06018518518518518 0.20364583333333333 0.0587962962962963 0.20260416666666667 0.058333333333333334 0.20130208333333333 0.05416666666666667 0.19791666666666666 0.052314814814814814 0.19557291666666668 0.05092592592592592 0.19479166666666667 0.04953703703703704 0.19296875 0.04675925925925926 0.19088541666666667 0.04537037037037037 0.1890625 0.04259259259259259 0.18776041666666668 0.04259259259259259 0.1875 0.0412037037037037 0.18671875 0.040740740740740744 0.18567708333333333
3 0.0 0.41953125 0.0 0.43645833333333334 0.001851851851851852 0.43645833333333334 0.004166666666666667 0.4375 0.00787037037037037 0.43854166666666666 0.010185185185185186 0.4388020833333333 0.012962962962962963 0.4395833333333333 0.01574074074074074 0.44088541666666664 0.020370370370370372 0.4421875 0.022222222222222223 0.44244791666666666 0.02638888888888889 0.44427083333333334 0.027777777777777776 0.44453125 0.031018518518518518 0.44583333333333336 0.03333333333333333 0.44635416666666666 0.034722222222222224 0.4473958333333333 0.03518518518518519 0.44947916666666665 0.03564814814814815 0.44973958333333336 0.03564814814814815 0.4513020833333333 0.03611111111111111 0.4515625 0.03611111111111111 0.45234375 0.03657407407407407 0.45260416666666664 0.0375 0.4546875 0.03888888888888889 0.45546875 0.043055555555555555 0.45677083333333335 0.04398148148148148 0.45677083333333335 0.04583333333333333 0.45729166666666665 0.049074074074074076 0.45729166666666665 0.04953703703703704 0.45703125 0.05092592592592592 0.45703125 0.05462962962962963 0.45598958333333334 0.05555555555555555 0.45598958333333334 0.05694444444444444 0.45546875 0.058333333333333334 0.45546875 0.0587962962962963 0.4552083333333333 0.060648148148148145 0.4549479166666667 0.062037037037037036 0.45416666666666666 0.06388888888888888 0.45364583333333336 0.06851851851851852 0.45078125 0.0699074074074074 0.44895833333333335 0.07083333333333333 0.4484375 0.07222222222222222 0.446875 0.07222222222222222 0.44635416666666666 0.07453703703703704 0.44375 0.07546296296296297 0.4432291666666667 0.07546296296296297 0.43984375 0.07592592592592592 0.4393229166666667 0.07546296296296297 0.4390625 0.07546296296296297 0.43828125 0.075 0.43802083333333336 0.07407407407407407 0.4359375 0.07175925925925926 0.434375 0.07083333333333333 0.434375 0.06898148148148148 0.43385416666666665 0.06805555555555555 0.43333333333333335 0.06296296296296296 0.43333333333333335 0.0625 0.43359375 0.06018518518518518 0.43385416666666665 0.0587962962962963 0.43333333333333335 0.05787037037037037 0.43333333333333335 0.05740740740740741 0.43307291666666664 0.05648148148148148 0.43307291666666664 0.056018518518518516 0.4328125 0.055092592592592596 0.4328125 0.05324074074074074 0.4322916666666667 0.05 0.4322916666666667 0.04953703703703704 0.43255208333333334 0.04490740740740741 0.43255208333333334 0.04212962962962963 0.4315104166666667 0.0412037037037037 0.4315104166666667 0.03981481481481482 0.4309895833333333 0.03888888888888889 0.4309895833333333 0.0375 0.43046875 0.03657407407407407 0.43046875 0.03518518518518519 0.42994791666666665 0.03425925925925926 0.42994791666666665 0.030555555555555555 0.42890625 0.027777777777777776 0.4276041666666667 0.025 0.42682291666666666 0.021296296296296296 0.42630208333333336 0.018518518518518517 0.42552083333333335 0.017592592592592594 0.425 0.016203703703703703 0.42473958333333334 0.009722222222222222 0.421875 0.0060185185185185185 0.42083333333333334 0.005092592592592593 0.42083333333333334 0.004166666666666667 0.4203125 0.001388888888888889 0.41953125
4 0.14953703703703702 0.35494791666666664 0.14629629629629629 0.35494791666666664 0.1449074074074074 0.35546875 0.14305555555555555 0.35572916666666665 0.14027777777777778 0.3572916666666667 0.14027777777777778 0.3578125 0.13842592592592592 0.359375 0.13842592592592592 0.35989583333333336 0.1375 0.3606770833333333 0.1375 0.3619791666666667 0.13796296296296295 0.36223958333333334 0.13842592592592592 0.3640625 0.1412037037037037 0.36614583333333334 0.14212962962962963 0.3671875 0.14212962962962963 0.36770833333333336 0.14305555555555555 0.3684895833333333 0.1425925925925926 0.37213541666666666 0.14166666666666666 0.3734375 0.1398148148148148 0.375 0.1398148148148148 0.37552083333333336 0.1375 0.37838541666666664 0.1310185185185185 0.38385416666666666 0.12962962962962962 0.38567708333333334 0.1287037037037037 0.38619791666666664 0.12824074074074074 0.38697916666666665 0.12638888888888888 0.38828125 0.12546296296296297 0.38958333333333334 0.12314814814814815 0.39140625 0.11898148148148148 0.3963541666666667 0.11898148148148148 0.4002604166666667 0.12314814814814815 0.40286458333333336 0.12638888888888888 0.40390625 0.12731481481481483 0.40390625 0.1300925925925926 0.4046875 0.13472222222222222 0.4049479166666667 0.13518518518518519 0.40520833333333334 0.13703703703703704 0.40520833333333334 0.1375 0.40546875 0.14027777777777778 0.40520833333333334 0.14305555555555555 0.4044270833333333 0.1439814814814815 0.40390625 0.1449074074074074 0.40286458333333336 0.14814814814814814 0.4005208333333333 0.14953703703703702 0.39869791666666665 0.15416666666666667 0.39505208333333336 0.15601851851851853 0.3927083333333333 0.15787037037037038 0.39114583333333336 0.16157407407407406 0.3888020833333333 0.16435185185185186 0.38619791666666664 0.16574074074074074 0.3854166666666667 0.1685185185185185 0.38307291666666665 0.1736111111111111 0.38046875 0.17685185185185184 0.37942708333333336 0.17916666666666667 0.37942708333333336 0.17962962962962964 0.3796875 0.18472222222222223 0.3796875 0.18518518518518517 0.37994791666666666 0.1865740740740741 0.37942708333333336 0.1875 0.37942708333333336 0.18935185185185185 0.37890625 0.19305555555555556 0.3763020833333333 0.1935185185185185 0.37395833333333334 0.19444444444444445 0.3729166666666667 0.1912037037037037 0.37083333333333335 0.1912037037037037 0.37057291666666664 0.18703703703703703 0.36822916666666666 0.1865740740740741 0.36822916666666666 0.18101851851851852 0.3653645833333333 0.1787037037037037 0.3651041666666667 0.1763888888888889 0.36432291666666666 0.17407407407407408 0.36302083333333335 0.1736111111111111 0.36302083333333335 0.17037037037037037 0.3609375 0.16712962962962963 0.36041666666666666 0.16435185185185186 0.35963541666666665 0.16342592592592592 0.35911458333333335 0.1597222222222222 0.3580729166666667 0.15833333333333333 0.3572916666666667 0.1574074074074074 0.3572916666666667 0.15416666666666667 0.35598958333333336 0.15324074074074073 0.35598958333333336
2 0.14583333333333334 0.42734375 0.1439814814814815 0.42734375 0.1412037037037037 0.42682291666666666 0.1388888888888889 0.42682291666666666 0.13842592592592592 0.4265625 0.13703703703703704 0.4270833333333333 0.13472222222222222 0.42734375 0.1300925925925926 0.42994791666666665 0.12546296296296297 0.4354166666666667 0.1259259259259259 0.4361979166666667 0.1259259259259259 0.43776041666666665 0.12638888888888888 0.43802083333333336 0.12638888888888888 0.4395833333333333 0.12685185185185185 0.43984375 0.12685185185185185 0.44296875 0.12731481481481483 0.4432291666666667 0.12638888888888888 0.4440104166666667 0.1259259259259259 0.44505208333333335 0.12268518518518519 0.4471354166666667 0.12222222222222222 0.4479166666666667 0.11712962962962963 0.45078125 0.1162037037037037 0.4518229166666667 0.10787037037037037 0.45677083333333335 0.10277777777777777 0.4591145833333333 0.10185185185185185 0.46015625 0.09953703703703703 0.46145833333333336 0.09675925925925925 0.4640625 0.09259259259259259 0.4666666666666667 0.09305555555555556 0.4674479166666667 0.09305555555555556 0.4705729166666667 0.09444444444444444 0.471875 0.09907407407407408 0.4744791666666667 0.10694444444444444 0.47734375 0.1087962962962963 0.47760416666666666 0.1111111111111111 0.4783854166666667 0.11574074074074074 0.4786458333333333 0.1162037037037037 0.4783854166666667 0.11898148148148148 0.4783854166666667 0.12175925925925926 0.47760416666666666 0.12268518518518519 0.47760416666666666 0.1259259259259259 0.47604166666666664 0.1300925925925926 0.4747395833333333 0.1476851851851852 0.46458333333333335 0.1527777777777778 0.4625 0.15787037037037038 0.45989583333333334 0.16620370370370371 0.45989583333333334 0.1685185185185185 0.46041666666666664 0.17222222222222222 0.46041666666666664 0.1726851851851852 0.46015625 0.17685185185185184 0.45989583333333334 0.18287037037037038 0.45677083333333335 0.18518518518518517 0.4549479166666667 0.18564814814814815 0.4505208333333333 0.18333333333333332 0.44765625 0.18333333333333332 0.4471354166666667 0.17962962962962964 0.44427083333333334 0.17824074074074073 0.4427083333333333 0.17453703703703705 0.440625 0.17222222222222222 0.43854166666666666 0.1699074074074074 0.43723958333333335 0.1675925925925926 0.43671875 0.16574074074074074 0.4354166666666667 0.16203703703703703 0.434375 0.15787037037037038 0.43203125 0.1486111111111111 0.42864583333333334
3 0.2847222222222222 0.12135416666666667 0.28194444444444444 0.12317708333333334 0.2814814814814815 0.12604166666666666 0.2810185185185185 0.12630208333333334 0.2810185185185185 0.12708333333333333 0.2824074074074074 0.12890625 0.2828703703703704 0.13046875 0.2851851851851852 0.13229166666666667 0.28703703703703703 0.13463541666666667 0.2898148148148148 0.13645833333333332 0.29398148148148145 0.14010416666666667 0.2962962962962963 0.14140625 0.2972222222222222 0.14244791666666667 0.30092592592592593 0.14479166666666668 0.30185185185185187 0.14609375 0.3050925925925926 0.14817708333333332 0.30648148148148147 0.15 0.3101851851851852 0.15234375 0.3175925925925926 0.15859375 0.3194444444444444 0.16197916666666667 0.31805555555555554 0.16354166666666667 0.31805555555555554 0.16432291666666668 0.31712962962962965 0.165625 0.31666666666666665 0.17005208333333333 0.31851851851851853 0.17213541666666668 0.3212962962962963 0.17395833333333333 0.3333333333333333 0.17734375 0.33796296296296297 0.17708333333333334 0.34444444444444444 0.17526041666666667 0.3453703703703704 0.17526041666666667 0.3476851851851852 0.17421875 0.35 0.17369791666666667 0.3527777777777778 0.17213541666666668 0.35324074074074074 0.17213541666666668 0.35555555555555557 0.17057291666666666 0.36064814814814816 0.165625 0.3611111111111111 0.16328125 0.36157407407407405 0.16302083333333334 0.36157407407407405 0.16119791666666666 0.3587962962962963 0.15833333333333333 0.35694444444444445 0.15729166666666666 0.3537037037037037 0.15651041666666668 0.34629629629629627 0.15208333333333332 0.34444444444444444 0.15182291666666667 0.3439814814814815 0.15208333333333332 0.34074074074074073 0.15234375 0.3384259259259259 0.15182291666666667 0.337037037037037 0.15104166666666666 0.3365740740740741 0.15 0.3337962962962963 0.14765625 0.3282407407407407 0.14401041666666667 0.32592592592592595 0.14166666666666666 0.324537037037037 0.14140625 0.32083333333333336 0.13932291666666666 0.32037037037037036 0.13854166666666667 0.31574074074074077 0.13567708333333334 0.3148148148148148 0.134375 0.3125 0.1328125 0.3106481481481482 0.13046875 0.30694444444444446 0.128125 0.3060185185185185 0.12682291666666667 0.2986111111111111 0.12239583333333333 0.2962962962962963 0.121875 0.29444444444444445 0.12109375 0.29305555555555557 0.12109375 0.2912037037037037 0.12057291666666667 0.2865740740740741 0.12083333333333333
0 0.17083333333333334 0.46640625 0.16944444444444445 0.4674479166666667 0.16944444444444445 0.46822916666666664 0.16898148148148148 0.46848958333333335 0.16898148148148148 0.46979166666666666 0.1685185185185185 0.4700520833333333 0.1685185185185185 0.4708333333333333 0.1712962962962963 0.4739583333333333 0.1712962962962963 0.4744791666666667 0.175 0.47734375 0.1763888888888889 0.4791666666666667 0.17962962962962964 0.48151041666666666 0.1814814814814815 0.48385416666666664 0.1824074074074074 0.484375 0.1837962962962963 0.4859375 0.1837962962962963 0.4940104166666667 0.18518518518518517 0.49557291666666664 0.18518518518518517 0.49609375 0.1875 0.4973958333333333 0.1875 0.49765625 0.1884259259259259 0.4981770833333333 0.18888888888888888 0.4981770833333333 0.1912037037037037 0.49921875 0.1935185185185185 0.5018229166666667 0.19722222222222222 0.50390625 0.19814814814814816 0.5041666666666667 0.19907407407407407 0.5041666666666667 0.19953703703703704 0.5044270833333333 0.20046296296296295 0.5044270833333333 0.20092592592592592 0.5046875 0.20185185185185187 0.5044270833333333 0.20324074074074075 0.5044270833333333 0.2037037037037037 0.5041666666666667 0.20555555555555555 0.5041666666666667 0.20601851851851852 0.50390625 0.20694444444444443 0.50390625 0.2074074074074074 0.5036458333333333 0.20879629629629629 0.5036458333333333 0.20925925925925926 0.5033854166666667 0.21064814814814814 0.5033854166666667 0.2111111111111111 0.503125 0.2125 0.503125 0.21296296296296297 0.5028645833333333 0.21435185185185185 0.5028645833333333 0.21481481481481482 0.5026041666666666 0.2162037037037037 0.5026041666666666 0.2175925925925926 0.5020833333333333 0.21851851851851853 0.5020833333333333 0.22037037037037038 0.5015625 0.22546296296296298 0.4979166666666667 0.22546296296296298 0.49375 0.225 0.49322916666666666 0.22314814814814815 0.4921875 0.22314814814814815 0.49192708333333335 0.22175925925925927 0.4908854166666667 0.22175925925925927 0.4903645833333333 0.2212962962962963 0.4901041666666667 0.2212962962962963 0.48932291666666666 0.22083333333333333 0.4890625 0.22083333333333333 0.48776041666666664 0.22037037037037038 0.4875 0.22037037037037038 0.4861979166666667 0.21666666666666667 0.48411458333333335 0.21666666666666667 0.48385416666666664 0.21435185185185185 0.48359375 0.21157407407407408 0.4828125 0.2101851851851852 0.4828125 0.20972222222222223 0.4825520833333333 0.20787037037037037 0.4825520833333333 0.2074074074074074 0.4822916666666667 0.20555555555555555 0.4822916666666667 0.2050925925925926 0.48203125 0.20416666666666666 0.48203125 0.20277777777777778 0.48125 0.2023148148148148 0.48125 0.20046296296296295 0.47994791666666664 0.19953703703703704 0.47890625 0.19953703703703704 0.4783854166666667 0.1986111111111111 0.4778645833333333 0.19768518518518519 0.4765625 0.19675925925925927 0.47604166666666664 0.19675925925925927 0.47578125 0.19583333333333333 0.4752604166666667 0.19490740740740742 0.47421875 0.1935185185185185 0.4734375 0.1935185185185185 0.47317708333333336 0.19027777777777777 0.4713541666666667 0.19027777777777777 0.47109375 0.18935185185185185 0.4705729166666667 0.18888888888888888 0.46979166666666666 0.18796296296296297 0.46927083333333336 0.18703703703703703 0.46796875 0.18611111111111112 0.4674479166666667 0.18518518518518517 0.46640625 0.18425925925925926 0.46640625 0.18194444444444444 0.465625 0.18009259259259258 0.465625 0.17962962962962964 0.46536458333333336 0.17685185185185184 0.46536458333333336 0.1763888888888889 0.465625 0.17453703703703705 0.465625 0.17407407407407408 0.46588541666666666 0.17314814814814813 0.46588541666666666 0.1726851851851852 0.4661458333333333 0.17175925925925925 0.4661458333333333
3 0.18425925925925926 0.6484375 0.1787037037037037 0.6450520833333333 0.17083333333333334 0.6416666666666667 0.16712962962962963 0.6411458333333333 0.16157407407407406 0.64140625 0.15787037037037038 0.6432291666666666 0.15555555555555556 0.6453125 0.1550925925925926 0.64609375 0.1550925925925926 0.65078125 0.15324074074074073 0.6533854166666667 0.14953703703703702 0.65546875 0.14629629629629629 0.65625 0.14074074074074075 0.65859375 0.13842592592592592 0.6591145833333333 0.13518518518518519 0.6606770833333333 0.1310185185185185 0.6619791666666667 0.12777777777777777 0.6635416666666667 0.12314814814814815 0.66484375 0.11157407407407408 0.66953125 0.10972222222222222 0.6697916666666667 0.1087962962962963 0.6703125 0.10648148148148148 0.6708333333333333 0.1050925925925926 0.6716145833333333 0.09953703703703703 0.6734375 0.09537037037037037 0.6755208333333333 0.08472222222222223 0.6786458333333333 0.07916666666666666 0.6817708333333333 0.07592592592592592 0.6848958333333334 0.07592592592592592 0.6859375 0.07824074074074074 0.6890625 0.07962962962962963 0.6901041666666666 0.0837962962962963 0.6916666666666667 0.09027777777777778 0.6916666666666667 0.0962962962962963 0.690625 0.09861111111111111 0.68984375 0.1037037037037037 0.6888020833333334 0.10972222222222222 0.68671875 0.1111111111111111 0.6859375 0.11435185185185186 0.68515625 0.11851851851851852 0.6830729166666667 0.12222222222222222 0.68203125 0.12685185185185185 0.6799479166666667 0.13657407407407407 0.6763020833333333 0.14027777777777778 0.6755208333333333 0.14583333333333334 0.6736979166666667 0.14814814814814814 0.6734375 0.15324074074074073 0.671875 0.1550925925925926 0.6716145833333333 0.15833333333333333 0.6700520833333333 0.16018518518518518 0.6697916666666667 0.16527777777777777 0.66796875 0.1699074074074074 0.6677083333333333 0.17314814814814813 0.6684895833333333 0.1787037037037037 0.6690104166666667 0.17916666666666667 0.6692708333333334 0.18564814814814815 0.6692708333333334 0.1865740740740741 0.66875 0.18888888888888888 0.6682291666666667 0.19166666666666668 0.6666666666666666 0.19305555555555556 0.6653645833333334 0.19398148148148148 0.66171875 0.19305555555555556 0.6604166666666667 0.1925925925925926 0.6583333333333333 0.19074074074074074 0.65625 0.18981481481481483 0.65390625
4 0.36666666666666664 0.6028645833333334 0.3662037037037037 0.6026041666666667 0.3662037037037037 0.6010416666666667 0.36574074074074076 0.60078125 0.36574074074074076 0.5994791666666667 0.36527777777777776 0.5989583333333334 0.36064814814814816 0.596875 0.35694444444444445 0.5958333333333333 0.35509259259259257 0.5958333333333333 0.35462962962962963 0.5955729166666667 0.3509259259259259 0.5955729166666667 0.350462962962963 0.5958333333333333 0.34953703703703703 0.5958333333333333 0.34444444444444444 0.5979166666666667 0.34074074074074073 0.6 0.34074074074074073 0.6002604166666666 0.33796296296296297 0.6015625 0.3333333333333333 0.6013020833333333 0.33287037037037037 0.6010416666666667 0.3287037037037037 0.60078125 0.3282407407407407 0.6005208333333333 0.32592592592592595 0.6005208333333333 0.324537037037037 0.6 0.3236111111111111 0.6 0.3226851851851852 0.5994791666666667 0.32083333333333336 0.5994791666666667 0.32037037037037036 0.59921875 0.3162037037037037 0.5989583333333334 0.31574074074074077 0.5986979166666667 0.31342592592592594 0.5986979166666667 0.30972222222222223 0.5979166666666667 0.3037037037037037 0.5973958333333333 0.30324074074074076 0.5971354166666667 0.300462962962963 0.5971354166666667 0.3 0.596875 0.29768518518518516 0.596875 0.2953703703703704 0.5963541666666666 0.2916666666666667 0.5963541666666666 0.2912037037037037 0.59609375 0.2828703703703704 0.59609375 0.2763888888888889 0.5994791666666667 0.275 0.60078125 0.275 0.6013020833333333 0.27361111111111114 0.6028645833333334 0.27361111111111114 0.6041666666666666 0.27314814814814814 0.6044270833333333 0.27314814814814814 0.6078125 0.274537037037037 0.6096354166666667 0.27824074074074073 0.6111979166666667 0.2814814814814815 0.6114583333333333 0.2865740740740741 0.6125 0.29305555555555557 0.6130208333333333 0.2935185185185185 0.61328125 0.2949074074074074 0.61328125 0.2967592592592593 0.6138020833333333 0.29814814814814816 0.6138020833333333 0.3 0.6143229166666667 0.30277777777777776 0.6145833333333334 0.30416666666666664 0.6151041666666667 0.3101851851851852 0.6161458333333333 0.31203703703703706 0.6169270833333333 0.31666666666666665 0.6182291666666667 0.3175925925925926 0.6182291666666667 0.3226851851851852 0.6197916666666666 0.32592592592592595 0.6203125 0.3277777777777778 0.621875 0.3282407407407407 0.6234375 0.32916666666666666 0.6244791666666667 0.32916666666666666 0.6252604166666667 0.3296296296296296 0.6255208333333333 0.33055555555555555 0.6276041666666666 0.33240740740740743 0.6294270833333333 0.3337962962962963 0.6302083333333334 0.3347222222222222 0.6302083333333334 0.33611111111111114 0.6307291666666667 0.33796296296296297 0.6307291666666667 0.3384259259259259 0.6309895833333333 0.3458333333333333 0.6309895833333333 0.3486111111111111 0.6302083333333334 0.350462962962963 0.6291666666666667 0.350462962962963 0.62890625 0.3541666666666667 0.6268229166666667 0.35462962962962963 0.62578125 0.3587962962962963 0.6229166666666667 0.3592592592592593 0.6216145833333333 0.36064814814814816 0.6203125 0.36064814814814816 0.6197916666666666 0.36157407407407405 0.61875 0.36203703703703705 0.61640625 0.3625 0.6161458333333333 0.36342592592592593 0.61328125 0.3648148148148148 0.6114583333333333 0.36527777777777776 0.6088541666666667 0.3662037037037037 0.6075520833333333 0.3662037037037037 0.6046875 0.36666666666666664 0.6044270833333333
1 0.38981481481481484 0.25546875 0.38657407407407407 0.2557291666666667 0.3837962962962963 0.25677083333333334 0.38055555555555554 0.2598958333333333 0.37962962962962965 0.26328125 0.3768518518518518 0.2911458333333333 0.3768518518518518 0.3020833333333333 0.3736111111111111 0.3497395833333333 0.37222222222222223 0.3515625 0.36944444444444446 0.3536458333333333 0.36527777777777776 0.35520833333333335 0.3611111111111111 0.3575520833333333 0.3597222222222222 0.36041666666666666 0.3597222222222222 0.3614583333333333 0.3611111111111111 0.36302083333333335 0.36574074074074076 0.3658854166666667 0.37083333333333335 0.36796875 0.3800925925925926 0.37005208333333334 0.38472222222222224 0.3697916666666667 0.3912037037037037 0.36770833333333336 0.3939814814814815 0.36770833333333336 0.3962962962962963 0.36822916666666666 0.4 0.36822916666666666 0.4041666666666667 0.36692708333333335 0.4074074074074074 0.36484375 0.40925925925925927 0.3611979166666667 0.4078703703703704 0.35833333333333334 0.3990740740740741 0.3528645833333333 0.3976851851851852 0.3502604166666667 0.39861111111111114 0.30963541666666666 0.4 0.2986979166666667 0.4 0.28203125 0.40185185185185185 0.2630208333333333 0.4 0.25807291666666665 0.39537037037037037 0.2559895833333333
3 0.4837962962962963 0.3533854166666667 0.48194444444444445 0.35234375 0.47824074074074074 0.3515625 0.4773148148148148 0.35182291666666665 0.475 0.35182291666666665 0.46805555555555556 0.353125 0.4615740740740741 0.35520833333333335 0.46064814814814814 0.35520833333333335 0.4550925925925926 0.3567708333333333 0.45092592592592595 0.3575520833333333 0.44675925925925924 0.359375 0.44351851851851853 0.35989583333333336 0.4393518518518518 0.3614583333333333 0.4310185185185185 0.36380208333333336 0.42777777777777776 0.36432291666666666 0.42314814814814816 0.3658854166666667 0.41944444444444445 0.36640625 0.41574074074074074 0.36770833333333336 0.41064814814814815 0.3684895833333333 0.4074074074074074 0.36953125 0.40555555555555556 0.36953125 0.4050925925925926 0.3697916666666667 0.40046296296296297 0.3703125 0.39675925925925926 0.3684895833333333 0.39537037037037037 0.36822916666666666 0.3912037037037037 0.36822916666666666 0.3907407407407407 0.3684895833333333 0.38935185185185184 0.3684895833333333 0.38657407407407407 0.36953125 0.38101851851851853 0.37083333333333335 0.3800925925925926 0.37161458333333336 0.37962962962962965 0.3731770833333333 0.38055555555555554 0.37421875 0.38055555555555554 0.37526041666666665 0.3819444444444444 0.37734375 0.38287037037037036 0.3809895833333333 0.3888888888888889 0.38776041666666666 0.3921296296296296 0.39036458333333335 0.39351851851851855 0.39088541666666665 0.3962962962962963 0.3927083333333333 0.399537037037037 0.39348958333333334 0.4046296296296296 0.39348958333333334 0.40879629629629627 0.3924479166666667 0.41203703703703703 0.39010416666666664 0.4125 0.3885416666666667 0.412962962962963 0.38828125 0.4134259259259259 0.384375 0.41574074074074074 0.3828125 0.4199074074074074 0.3815104166666667 0.42268518518518516 0.3802083333333333 0.4263888888888889 0.37916666666666665 0.4273148148148148 0.37916666666666665 0.43148148148148147 0.3776041666666667 0.4356481481481482 0.3768229166666667 0.4393518518518518 0.37552083333333336 0.44305555555555554 0.375 0.44675925925925924 0.3736979166666667 0.45092592592592595 0.3731770833333333 0.4527777777777778 0.37213541666666666 0.45787037037037037 0.37083333333333335 0.4587962962962963 0.3703125 0.4597222222222222 0.3703125 0.4666666666666667 0.3684895833333333 0.4699074074074074 0.36692708333333335 0.4787037037037037 0.3645833333333333 0.4828703703703704 0.36302083333333335 0.48518518518518516 0.3611979166666667 0.48518518518518516 0.35963541666666665 0.48564814814814816 0.359375 0.48564814814814816 0.35651041666666666
2 0.4861111111111111 0.15989583333333332 0.48564814814814816 0.16015625 0.4824074074074074 0.16041666666666668 0.4708333333333333 0.16328125 0.46805555555555556 0.16458333333333333 0.4625 0.16640625 0.46064814814814814 0.16744791666666667 0.45925925925925926 0.16770833333333332 0.4550925925925926 0.16979166666666667 0.45092592592592595 0.17109375 0.44583333333333336 0.17421875 0.4449074074074074 0.17526041666666667 0.4449074074074074 0.17578125 0.44351851851851853 0.17708333333333334 0.44351851851851853 0.17838541666666666 0.4444444444444444 0.17942708333333332 0.4444444444444444 0.18020833333333333 0.4449074074074074 0.18046875 0.44537037037037036 0.18177083333333333 0.4462962962962963 0.18229166666666666 0.44675925925925924 0.18307291666666667 0.45092592592592595 0.18567708333333333 0.4532407407407407 0.1859375 0.4546296296296296 0.18645833333333334 0.45787037037037037 0.18645833333333334 0.4583333333333333 0.18671875 0.46296296296296297 0.18697916666666667 0.4648148148148148 0.1875 0.4675925925925926 0.1890625 0.4675925925925926 0.18932291666666667 0.46944444444444444 0.19010416666666666 0.46944444444444444 0.19036458333333334 0.47129629629629627 0.19140625 0.4726851851851852 0.19348958333333333 0.47685185185185186 0.19661458333333334 0.47685185185185186 0.19713541666666667 0.4777777777777778 0.19765625 0.47824074074074074 0.1984375 0.47962962962962963 0.19921875 0.48148148148148145 0.2015625 0.4842592592592593 0.20338541666666668 0.48564814814814816 0.20520833333333333 0.4875 0.20651041666666667 0.4898148148148148 0.20963541666666666 0.4949074074074074 0.21302083333333333 0.4976851851851852 0.2140625 0.500462962962963 0.2140625 0.5009259259259259 0.21380208333333334 0.5050925925925925 0.21354166666666666 0.5092592592592593 0.2125 0.5115740740740741 0.21119791666666668 0.5162037037037037 0.20963541666666666 0.5199074074074074 0.20755208333333333 0.5212962962962963 0.20651041666666667 0.5212962962962963 0.20598958333333334 0.5222222222222223 0.20520833333333333 0.5217592592592593 0.20104166666666667 0.5148148148148148 0.19270833333333334 0.5115740740740741 0.19010416666666666 0.5092592592592593 0.18723958333333332 0.5083333333333333 0.18671875 0.5064814814814815 0.18463541666666666 0.5037037037037037 0.18255208333333334 0.500462962962963 0.17864583333333334 0.500462962962963 0.17786458333333333 0.5 0.17760416666666667 0.500462962962963 0.17708333333333334 0.500462962962963 0.17604166666666668 0.5009259259259259 0.17578125 0.5009259259259259 0.175 0.5037037037037037 0.17057291666666666 0.5037037037037037 0.16901041666666666 0.5032407407407408 0.16875 0.5023148148148148 0.16588541666666667 0.49953703703703706 0.1640625 0.4976851851851852 0.16171875 0.4930555555555556 0.15989583333333332 0.49027777777777776 0.15989583333333332 0.4898148148148148 0.15963541666666667 0.48935185185185187 0.15989583333333332
1 0.46574074074074073 0.4940104166666667 0.44722222222222224 0.490625 0.4425925925925926 0.4908854166666667 0.44027777777777777 0.49166666666666664 0.43703703703703706 0.49375 0.4375 0.49765625 0.44074074074074077 0.4984375 0.4425925925925926 0.49947916666666664 0.4439814814814815 0.5013020833333334 0.44166666666666665 0.5067708333333333 0.43333333333333335 0.5190104166666667 0.42268518518518516 0.5322916666666667 0.41898148148148145 0.5385416666666667 0.4162037037037037 0.5411458333333333 0.412962962962963 0.5466145833333333 0.399537037037037 0.56328125 0.3921296296296296 0.57421875 0.38842592592592595 0.578125 0.3787037037037037 0.5927083333333333 0.37592592592592594 0.5955729166666667 0.3768518518518518 0.6 0.38472222222222224 0.6026041666666667 0.38935185185185184 0.6028645833333334 0.3921296296296296 0.60234375 0.3958333333333333 0.6005208333333333 0.3972222222222222 0.59921875 0.4060185185185185 0.5864583333333333 0.41574074074074074 0.5747395833333333 0.42916666666666664 0.5546875 0.4356481481481482 0.5473958333333333 0.44027777777777777 0.5395833333333333 0.44305555555555554 0.53671875 0.4449074074074074 0.5333333333333333 0.44907407407407407 0.5291666666666667 0.45694444444444443 0.5166666666666667 0.4601851851851852 0.5135416666666667 0.4634259259259259 0.5088541666666667 0.4666666666666667 0.50703125 0.4703703703703704 0.50625 0.47824074074074074 0.5057291666666667 0.48194444444444445 0.5028645833333333 0.48194444444444445 0.5015625 0.47824074074074074 0.4984375 0.475 0.4979166666666667 0.4703703703703704 0.49557291666666664
2 0.45416666666666666 0.6270833333333333 0.4537037037037037 0.62734375 0.45092592592592595 0.6276041666666666 0.44675925925925924 0.6299479166666667 0.44583333333333336 0.6309895833333333 0.44305555555555554 0.6361979166666667 0.44212962962962965 0.6369791666666667 0.4412037037037037 0.6388020833333333 0.4388888888888889 0.6411458333333333 0.43657407407407406 0.6458333333333334 0.43333333333333335 0.65 0.43333333333333335 0.65078125 0.4310185185185185 0.6546875 0.42962962962962964 0.65625 0.4236111111111111 0.66015625 0.4217592592592593 0.66015625 0.4212962962962963 0.6604166666666667 0.4166666666666667 0.6604166666666667 0.4111111111111111 0.6619791666666667 0.4078703703703704 0.6645833333333333 0.40694444444444444 0.6658854166666667 0.4064814814814815 0.6700520833333333 0.40879629629629627 0.6734375 0.41064814814814815 0.6744791666666666 0.4134259259259259 0.6755208333333333 0.41898148148148145 0.6768229166666667 0.4199074074074074 0.67734375 0.425462962962963 0.6778645833333333 0.4324074074074074 0.6796875 0.4393518518518518 0.6807291666666667 0.44166666666666665 0.6815104166666667 0.4425925925925926 0.6815104166666667 0.45231481481481484 0.6838541666666667 0.4537037037037037 0.6838541666666667 0.45555555555555555 0.684375 0.45787037037037037 0.684375 0.4583333333333333 0.6846354166666667 0.4634259259259259 0.6846354166666667 0.46574074074074073 0.6841145833333333 0.4675925925925926 0.6830729166666667 0.46944444444444444 0.6815104166666667 0.4722222222222222 0.6778645833333333 0.4722222222222222 0.6736979166666667 0.4708333333333333 0.6723958333333333 0.4703703703703704 0.6713541666666667 0.46620370370370373 0.66875 0.4638888888888889 0.6661458333333333 0.4638888888888889 0.6630208333333333 0.46435185185185185 0.6627604166666666 0.4648148148148148 0.659375 0.4652777777777778 0.6591145833333333 0.46574074074074073 0.6575520833333334 0.4666666666666667 0.6567708333333333 0.4699074074074074 0.6481770833333333 0.4708333333333333 0.6473958333333333 0.47175925925925927 0.6455729166666667 0.47453703703703703 0.6427083333333333 0.475 0.6408854166666667 0.4773148148148148 0.6377604166666667 0.4773148148148148 0.6369791666666667 0.47824074074074074 0.6356770833333333 0.47824074074074074 0.634375 0.4726851851851852 0.63125 0.4685185185185185 0.6299479166666667 0.46620370370370373 0.62890625 0.4587962962962963 0.62734375
3 0.48564814814814816 0.4041666666666667 0.4740740740740741 0.41380208333333335 0.4685185185185185 0.4197916666666667 0.4685185185185185 0.4239583333333333 0.4703703703703704 0.42552083333333335 0.4740740740740741 0.4265625 0.4787037037037037 0.4265625 0.48194444444444445 0.42526041666666664 0.4837962962962963 0.42526041666666664 0.4842592592592593 0.425 0.48657407407407405 0.425 0.48935185185185187 0.42552083333333335 0.49722222222222223 0.4278645833333333 0.5018518518518519 0.43046875 0.5180555555555556 0.4348958333333333 0.5203703703703704 0.4359375 0.5273148148148148 0.43776041666666665 0.5333333333333333 0.44088541666666664 0.5361111111111111 0.44166666666666665 0.5398148148148149 0.4434895833333333 0.5532407407407407 0.44765625 0.5546296296296296 0.44765625 0.5587962962962963 0.4484375 0.5625 0.4484375 0.562962962962963 0.44817708333333334 0.5643518518518519 0.44817708333333334 0.5685185185185185 0.446875 0.5717592592592593 0.44375 0.5717592592592593 0.44192708333333336 0.5712962962962963 0.44166666666666665 0.5708333333333333 0.4393229166666667 0.5689814814814815 0.43776041666666665 0.5643518518518519 0.43515625 0.5634259259259259 0.43515625 0.5611111111111111 0.434375 0.5560185185185185 0.4317708333333333 0.549074074074074 0.42916666666666664 0.5467592592592593 0.42864583333333334 0.5416666666666666 0.4265625 0.5365740740740741 0.42526041666666664 0.5291666666666667 0.42213541666666665 0.5268518518518519 0.42161458333333335 0.524537037037037 0.4205729166666667 0.5171296296296296 0.41822916666666665 0.5078703703703704 0.41432291666666665 0.5055555555555555 0.41302083333333334 0.5032407407407408 0.4122395833333333 0.5009259259259259 0.40989583333333335 0.5009259259259259 0.40911458333333334 0.500462962962963 0.4088541666666667 0.500462962962963 0.40546875 0.5018518518518519 0.4046875 0.5018518518518519 0.4041666666666667 0.500462962962963 0.4041666666666667 0.49907407407407406 0.4049479166666667 0.4976851851851852 0.4049479166666667 0.49444444444444446 0.40338541666666666 0.4912037037037037 0.403125 0.49074074074074076 0.40286458333333336 0.4898148148148148 0.40286458333333336
1 0.5138888888888888 0.44817708333333334 0.5055555555555555 0.44375 0.5013888888888889 0.4432291666666667 0.4976851851851852 0.44427083333333334 0.4935185185185185 0.4471354166666667 0.4949074074074074 0.4510416666666667 0.4935185185185185 0.45286458333333335 0.487962962962963 0.45625 0.47453703703703703 0.4609375 0.4652777777777778 0.46536458333333336 0.45046296296296295 0.4700520833333333 0.4398148148148148 0.475 0.4351851851851852 0.47604166666666664 0.41574074074074074 0.48385416666666664 0.4115740740740741 0.48463541666666665 0.3962962962962963 0.49114583333333334 0.38842592592592595 0.4934895833333333 0.362962962962963 0.5036458333333333 0.35648148148148145 0.5057291666666667 0.3476851851851852 0.5096354166666667 0.3453703703703704 0.5111979166666667 0.3435185185185185 0.5135416666666667 0.34629629629629627 0.5171875 0.34953703703703703 0.5190104166666667 0.3523148148148148 0.51953125 0.3597222222222222 0.5190104166666667 0.36666666666666664 0.5174479166666667 0.3800925925925926 0.5125 0.38796296296296295 0.5088541666666667 0.412962962962963 0.5 0.4199074074074074 0.496875 0.43148148148148147 0.4934895833333333 0.4351851851851852 0.49296875 0.4393518518518518 0.490625 0.44722222222222224 0.48880208333333336 0.4532407407407407 0.48515625 0.46620370370370373 0.48046875 0.4703703703703704 0.478125 0.47453703703703703 0.47708333333333336 0.48935185185185187 0.47109375 0.5018518518518519 0.46822916666666664 0.5074074074074074 0.46770833333333334 0.5212962962962963 0.46770833333333334 0.525 0.4661458333333333 0.5268518518518519 0.4635416666666667 0.5254629629629629 0.459375 0.5226851851851851 0.45703125 0.5212962962962963 0.4546875
4 0.5254629629629629 0.5578125 0.5212962962962963 0.5604166666666667 0.5203703703703704 0.5630208333333333 0.5199074074074074 0.56328125 0.5194444444444445 0.5658854166666667 0.5189814814814815 0.5661458333333333 0.5189814814814815 0.5674479166666667 0.5185185185185185 0.5677083333333334 0.5180555555555556 0.5700520833333333 0.5171296296296296 0.5713541666666667 0.5166666666666667 0.5755208333333334 0.5162037037037037 0.57578125 0.5162037037037037 0.57734375 0.5157407407407407 0.5776041666666667 0.5157407407407407 0.5791666666666667 0.5152777777777777 0.5794270833333334 0.5152777777777777 0.5815104166666667 0.5148148148148148 0.5817708333333333 0.5148148148148148 0.5854166666666667 0.5143518518518518 0.5856770833333333 0.5143518518518518 0.5885416666666666 0.5138888888888888 0.5888020833333333 0.5138888888888888 0.5893229166666667 0.5125 0.5901041666666667 0.5106481481481482 0.590625 0.5023148148148148 0.5919270833333333 0.5 0.5927083333333333 0.4981481481481482 0.59375 0.49675925925925923 0.5955729166666667 0.49583333333333335 0.5989583333333334 0.49537037037037035 0.59921875 0.49583333333333335 0.6010416666666667 0.4962962962962963 0.6013020833333333 0.49675925925925923 0.6026041666666667 0.4981481481481482 0.6036458333333333 0.5055555555555555 0.6059895833333333 0.5106481481481482 0.6067708333333334 0.5115740740740741 0.6072916666666667 0.5125 0.6072916666666667 0.512962962962963 0.6075520833333333 0.5175925925925926 0.6075520833333333 0.5208333333333334 0.6083333333333333 0.5254629629629629 0.60859375 0.5259259259259259 0.6088541666666667 0.5328703703703703 0.6091145833333333 0.5333333333333333 0.609375 0.538425925925926 0.609375 0.5388888888888889 0.6096354166666667 0.5407407407407407 0.6096354166666667 0.5412037037037037 0.609375 0.5449074074074074 0.609375 0.5486111111111112 0.6078125 0.5518518518518518 0.6075520833333333 0.5550925925925926 0.6067708333333334 0.5564814814814815 0.6059895833333333 0.5564814814814815 0.60546875 0.5574074074074075 0.6044270833333333 0.5574074074074075 0.6026041666666667 0.5578703703703703 0.60234375 0.5578703703703703 0.59921875 0.5574074074074075 0.5989583333333334 0.5569444444444445 0.5973958333333333 0.5555555555555556 0.5958333333333333 0.5476851851851852 0.5921875 0.5467592592592593 0.5908854166666667 0.5467592592592593 0.5895833333333333 0.5462962962962963 0.5893229166666667 0.5462962962962963 0.5859375 0.5467592592592593 0.5856770833333333 0.5472222222222223 0.5802083333333333 0.5476851851851852 0.5799479166666667 0.5476851851851852 0.5783854166666667 0.5481481481481482 0.578125 0.5481481481481482 0.5765625 0.5486111111111112 0.5763020833333333 0.5486111111111112 0.5747395833333333 0.549074074074074 0.5744791666666667 0.549074074074074 0.5723958333333333 0.549537037037037 0.5721354166666667 0.549537037037037 0.5708333333333333 0.55 0.5705729166666667 0.55 0.5692708333333333 0.5504629629629629 0.5690104166666666 0.5504629629629629 0.5666666666666667 0.5509259259259259 0.56640625 0.5509259259259259 0.56328125 0.5504629629629629 0.5630208333333333 0.5504629629629629 0.5614583333333333 0.55 0.5611979166666666 0.55 0.5604166666666667 0.5486111111111112 0.559375 0.5439814814814815 0.5580729166666667 0.5421296296296296 0.5580729166666667 0.5416666666666666 0.5578125 0.5347222222222222 0.5578125 0.5342592592592592 0.5580729166666667 0.5324074074074074 0.5580729166666667 0.5319444444444444 0.5578125 0.5296296296296297 0.5578125 0.5291666666666667 0.5575520833333333 0.5282407407407408 0.5578125
5 0.5800925925925926 0.6359375 0.5722222222222222 0.6359375 0.5717592592592593 0.6361979166666667 0.5685185185185185 0.6361979166666667 0.5680555555555555 0.6364583333333333 0.5611111111111111 0.6364583333333333 0.5606481481481481 0.63671875 0.5587962962962963 0.63671875 0.5583333333333333 0.6369791666666667 0.5574074074074075 0.6369791666666667 0.5569444444444445 0.6372395833333333 0.5560185185185185 0.6372395833333333 0.5555555555555556 0.6375 0.5546296296296296 0.6375 0.5541666666666667 0.6377604166666667 0.5532407407407407 0.6377604166666667 0.5527777777777778 0.6380208333333334 0.5523148148148148 0.6380208333333334 0.5509259259259259 0.6388020833333333 0.5509259259259259 0.6390625 0.55 0.6395833333333333 0.55 0.63984375 0.5486111111111112 0.640625 0.5486111111111112 0.6408854166666667 0.5462962962962963 0.6432291666666666 0.5462962962962963 0.64375 0.5439814814814815 0.64609375 0.5439814814814815 0.6466145833333333 0.5430555555555555 0.6473958333333333 0.5430555555555555 0.6479166666666667 0.5425925925925926 0.6481770833333333 0.5416666666666666 0.6494791666666667 0.5407407407407407 0.65 0.5407407407407407 0.6526041666666667 0.5402777777777777 0.6528645833333333 0.5402777777777777 0.6544270833333333 0.5407407407407407 0.6546875 0.5407407407407407 0.6552083333333333 0.5416666666666666 0.6557291666666667 0.5421296296296296 0.6565104166666667 0.5430555555555555 0.65703125 0.5430555555555555 0.6572916666666667 0.5444444444444444 0.6583333333333333 0.5444444444444444 0.65859375 0.5481481481481482 0.6606770833333333 0.5481481481481482 0.6609375 0.549537037037037 0.66171875 0.549537037037037 0.6619791666666667 0.5518518518518518 0.6635416666666667 0.5518518518518518 0.6638020833333333 0.5564814814814815 0.66640625 0.5574074074074075 0.66640625 0.5597222222222222 0.6671875 0.5606481481481481 0.6671875 0.5611111111111111 0.6674479166666667 0.562037037037037 0.6674479166666667 0.5625 0.6677083333333333 0.5634259259259259 0.6677083333333333 0.5638888888888889 0.66796875 0.5652777777777778 0.66796875 0.5657407407407408 0.6682291666666667 0.5671296296296297 0.6682291666666667 0.5675925925925925 0.6684895833333333 0.575925925925926 0.6684895833333333 0.5763888888888888 0.6682291666666667 0.5773148148148148 0.6682291666666667 0.5777777777777777 0.66796875 0.5787037037037037 0.66796875 0.5791666666666667 0.6677083333333333 0.5800925925925926 0.6677083333333333 0.5805555555555556 0.6674479166666667 0.5819444444444445 0.6674479166666667 0.5824074074074074 0.6671875 0.5833333333333334 0.6671875 0.5837962962962963 0.6669270833333333 0.5851851851851851 0.6669270833333333 0.5856481481481481 0.6666666666666666 0.586574074074074 0.6666666666666666 0.587037037037037 0.66640625 0.5875 0.66640625 0.5916666666666667 0.6640625 0.5921296296296297 0.6640625 0.5925925925925926 0.6638020833333333 0.5935185185185186 0.6638020833333333 0.5939814814814814 0.6635416666666667 0.5953703703703703 0.66328125 0.5953703703703703 0.6630208333333333 0.5962962962962963 0.6622395833333333 0.5967592592592592 0.6609375 0.5972222222222222 0.6606770833333333 0.5972222222222222 0.6598958333333333 0.5976851851851852 0.6596354166666667 0.5976851851851852 0.6591145833333333 0.5981481481481481 0.6588541666666666 0.5981481481481481 0.6580729166666667 0.5986111111111111 0.6578125 0.5986111111111111 0.6567708333333333 0.5990740740740741 0.6565104166666667 0.5990740740740741 0.65546875 0.5995370370370371 0.6552083333333333 0.5995370370370371 0.653125 0.6 0.6528645833333333 0.6 0.65 0.5995370370370371 0.6497395833333334 0.5995370370370371 0.6489583333333333 0.5990740740740741 0.6486979166666667 0.5990740740740741 0.6481770833333333 0.5976851851851852 0.646875 0.5976851851851852 0.6463541666666667 0.5967592592592592 0.6458333333333334 0.5962962962962963 0.6450520833333333 0.5953703703703703 0.64453125 0.5935185185185186 0.6421875 0.5898148148148148 0.6401041666666667 0.5898148148148148 0.63984375 0.5888888888888889 0.6393229166666666 0.5884259259259259 0.6385416666666667 0.587037037037037 0.6377604166666667 0.586574074074074 0.6377604166666667 0.5842592592592593 0.63671875 0.5833333333333334 0.63671875 0.5828703703703704 0.6364583333333333 0.5819444444444445 0.6364583333333333 0.5814814814814815 0.6361979166666667 0.5805555555555556 0.6361979166666667
1 0.6462962962962963 0.50859375 0.6435185185185185 0.5088541666666667 0.6412037037037037 0.5096354166666667 0.638425925925926 0.5122395833333333 0.637962962962963 0.51484375 0.638425925925926 0.51640625 0.6393518518518518 0.5169270833333334 0.649074074074074 0.5182291666666666 0.6504629629629629 0.5192708333333333 0.6513888888888889 0.5213541666666667 0.6513888888888889 0.575 0.6527777777777778 0.6182291666666667 0.6541666666666667 0.6229166666666667 0.6592592592592592 0.6247395833333333 0.6638888888888889 0.6252604166666667 0.6694444444444444 0.6252604166666667 0.675 0.6229166666666667 0.6763888888888889 0.6200520833333333 0.6768518518518518 0.6161458333333333 0.6768518518518518 0.5950520833333334 0.6759259259259259 0.5895833333333333 0.6754629629629629 0.56796875 0.674537037037037 0.5614583333333333 0.675 0.5403645833333334 0.6736111111111112 0.5213541666666667 0.675 0.5197916666666667 0.6777777777777778 0.5184895833333333 0.6856481481481481 0.5171875 0.687037037037037 0.5145833333333333 0.687037037037037 0.5127604166666667 0.6856481481481481 0.5106770833333333 0.6819444444444445 0.5091145833333334 0.6736111111111112 0.5088541666666667 0.6708333333333333 0.5083333333333333 0.6532407407407408 0.5083333333333333 0.65 0.5088541666666667
3 0.7152777777777778 0.31796875 0.7125 0.31640625 0.7111111111111111 0.31614583333333335 0.7083333333333334 0.31484375 0.7074074074074074 0.31484375 0.7050925925925926 0.3140625 0.7018518518518518 0.3143229166666667 0.6981481481481482 0.31536458333333334 0.6972222222222222 0.31536458333333334 0.6962962962962963 0.31588541666666664 0.6935185185185185 0.31640625 0.6893518518518519 0.3177083333333333 0.6847222222222222 0.3182291666666667 0.6837962962962963 0.31875 0.6717592592592593 0.3221354166666667 0.6708333333333333 0.3221354166666667 0.6699074074074074 0.32265625 0.6671296296296296 0.3234375 0.6662037037037037 0.3234375 0.663425925925926 0.32447916666666665 0.6625 0.32447916666666665 0.6583333333333333 0.32578125 0.6541666666666667 0.3260416666666667 0.65 0.32760416666666664 0.6458333333333334 0.32786458333333335 0.6449074074074074 0.32838541666666665 0.6416666666666667 0.32916666666666666 0.6398148148148148 0.32916666666666666 0.6393518518518518 0.3294270833333333 0.6337962962962963 0.3294270833333333 0.6314814814814815 0.32864583333333336 0.624537037037037 0.32864583333333336 0.6240740740740741 0.32890625 0.6217592592592592 0.32890625 0.6212962962962963 0.32916666666666666 0.6180555555555556 0.32916666666666666 0.6138888888888889 0.3299479166666667 0.6111111111111112 0.33177083333333335 0.6106481481481482 0.3346354166666667 0.6101851851851852 0.33489583333333334 0.6101851851851852 0.33828125 0.6106481481481482 0.3385416666666667 0.6111111111111112 0.34088541666666666 0.6129629629629629 0.34270833333333334 0.6138888888888889 0.34427083333333336 0.6138888888888889 0.3453125 0.6152777777777778 0.34713541666666664 0.6162037037037037 0.34765625 0.6185185185185185 0.3502604166666667 0.6259259259259259 0.3541666666666667 0.6268518518518519 0.35442708333333334 0.6319444444444444 0.35442708333333334 0.6324074074074074 0.3541666666666667 0.6342592592592593 0.3541666666666667 0.6365740740740741 0.3536458333333333 0.638425925925926 0.3536458333333333 0.6425925925925926 0.35130208333333335 0.6439814814814815 0.3489583333333333 0.6439814814814815 0.34739583333333335 0.6444444444444445 0.34713541666666664 0.6444444444444445 0.34609375 0.6449074074074074 0.3458333333333333 0.6453703703703704 0.34427083333333336 0.6467592592592593 0.34296875 0.65 0.34140625 0.6509259259259259 0.34140625 0.6569444444444444 0.33958333333333335 0.6592592592592592 0.33932291666666664 0.6625 0.33828125 0.6648148148148149 0.3380208333333333 0.674537037037037 0.33541666666666664 0.6782407407407407 0.33489583333333334 0.6824074074074075 0.3338541666666667 0.6837962962962963 0.3338541666666667 0.6930555555555555 0.33125 0.6962962962962963 0.33098958333333334 0.6995370370370371 0.3299479166666667 0.700462962962963 0.3299479166666667 0.7023148148148148 0.32890625 0.7050925925925926 0.328125 0.7074074074074074 0.32786458333333335 0.7125 0.3263020833333333 0.7166666666666667 0.3223958333333333 0.7162037037037037 0.31979166666666664 0.7157407407407408 0.31953125 0.7157407407407408 0.3184895833333333
2 0.6791666666666667 0.54453125 0.6773148148148148 0.5450520833333333 0.6773148148148148 0.5455729166666666 0.6763888888888889 0.5466145833333333 0.6763888888888889 0.5473958333333333 0.6759259259259259 0.54765625 0.6759259259259259 0.5497395833333333 0.6754629629629629 0.55 0.6754629629629629 0.5528645833333333 0.6759259259259259 0.553125 0.6759259259259259 0.5541666666666667 0.6763888888888889 0.5544270833333333 0.6768518518518518 0.5559895833333334 0.6782407407407407 0.5572916666666666 0.6837962962962963 0.559375 0.6856481481481481 0.5604166666666667 0.6856481481481481 0.5682291666666667 0.6851851851851852 0.5684895833333333 0.6851851851851852 0.5697916666666667 0.6847222222222222 0.5700520833333333 0.6847222222222222 0.571875 0.6842592592592592 0.5721354166666667 0.6837962962962963 0.5755208333333334 0.6833333333333333 0.57578125 0.6833333333333333 0.5768229166666666 0.6828703703703703 0.5770833333333333 0.6824074074074075 0.5807291666666666 0.6819444444444445 0.5809895833333333 0.6819444444444445 0.5828125 0.6814814814814815 0.5830729166666667 0.6810185185185185 0.58671875 0.6805555555555556 0.5869791666666667 0.6805555555555556 0.5916666666666667 0.6856481481481481 0.5947916666666667 0.6865740740740741 0.5947916666666667 0.687037037037037 0.5950520833333334 0.6888888888888889 0.5950520833333334 0.6893518518518519 0.5953125 0.6898148148148148 0.5950520833333334 0.6925925925925925 0.5950520833333334 0.6930555555555555 0.5947916666666667 0.6935185185185185 0.5950520833333334 0.6958333333333333 0.5950520833333334 0.6962962962962963 0.5953125 0.6981481481481482 0.5953125 0.6986111111111111 0.5955729166666667 0.7055555555555556 0.5955729166666667 0.7074074074074074 0.5950520833333334 0.7087962962962963 0.5950520833333334 0.7125 0.5940104166666667 0.7152777777777778 0.5916666666666667 0.7157407407407408 0.5890625 0.7162037037037037 0.5888020833333333 0.7162037037037037 0.5872395833333334 0.7166666666666667 0.5869791666666667 0.7166666666666667 0.5854166666666667 0.7171296296296297 0.58515625 0.7171296296296297 0.58359375 0.7175925925925926 0.5833333333333334 0.7175925925925926 0.5817708333333333 0.7180555555555556 0.5815104166666667 0.7180555555555556 0.5799479166666667 0.7185185185185186 0.5796875 0.7185185185185186 0.5786458333333333 0.7194444444444444 0.5776041666666667 0.7194444444444444 0.5768229166666666 0.7203703703703703 0.5760416666666667 0.7203703703703703 0.57421875 0.7208333333333333 0.5739583333333333 0.7212962962962963 0.56953125 0.7217592592592592 0.5692708333333333 0.7217592592592592 0.5671875 0.7222222222222222 0.5669270833333333 0.7222222222222222 0.5651041666666666 0.7226851851851852 0.56484375 0.7226851851851852 0.5640625 0.7236111111111111 0.5630208333333333 0.725925925925926 0.5619791666666667 0.7319444444444444 0.5614583333333333 0.7351851851851852 0.5604166666666667 0.7361111111111112 0.559375 0.7361111111111112 0.55859375 0.737037037037037 0.5572916666666666 0.7375 0.5518229166666667 0.7361111111111112 0.5497395833333333 0.7356481481481482 0.5497395833333333 0.7337962962962963 0.5486979166666667 0.7300925925925926 0.5481770833333334 0.7240740740740741 0.5463541666666667 0.7222222222222222 0.5463541666666667 0.7199074074074074 0.5458333333333333 0.7175925925925926 0.5458333333333333 0.7171296296296297 0.5455729166666666 0.7138888888888889 0.5453125 0.7125 0.5447916666666667 0.7013888888888888 0.54453125 0.700925925925926 0.5442708333333334 0.6972222222222222 0.5442708333333334 0.6967592592592593 0.5440104166666667 0.687037037037037 0.5440104166666667 0.6865740740740741 0.54375 0.6847222222222222 0.54375 0.6842592592592592 0.5440104166666667
3 0.6175925925925926 0.23229166666666667 0.6175925925925926 0.23697916666666666 0.6171296296296296 0.23723958333333334 0.6171296296296296 0.23932291666666666 0.6166666666666667 0.23958333333333334 0.6166666666666667 0.24453125 0.6171296296296296 0.24479166666666666 0.6171296296296296 0.24713541666666666 0.6175925925925926 0.24739583333333334 0.6175925925925926 0.24895833333333334 0.6180555555555556 0.24921875 0.6180555555555556 0.25026041666666665 0.6189814814814815 0.2518229166666667 0.6217592592592592 0.25234375 0.6314814814814815 0.25234375 0.6319444444444444 0.2520833333333333 0.6347222222222222 0.2518229166666667 0.638425925925926 0.25078125 0.6407407407407407 0.2484375 0.6425925925925926 0.24739583333333334 0.6462962962962963 0.24635416666666668 0.6504629629629629 0.24635416666666668 0.6509259259259259 0.24609375 0.6875 0.24609375 0.687962962962963 0.24635416666666668 0.6986111111111111 0.24635416666666668 0.6990740740740741 0.24661458333333333 0.7032407407407407 0.24661458333333333 0.7037037037037037 0.24635416666666668 0.7208333333333333 0.24635416666666668 0.7245370370370371 0.24557291666666667 0.725462962962963 0.24453125 0.725925925925926 0.2421875 0.7263888888888889 0.24192708333333332 0.7263888888888889 0.240625 0.7268518518518519 0.24036458333333333 0.7268518518518519 0.23619791666666667 0.7263888888888889 0.23541666666666666 0.7245370370370371 0.23385416666666667 0.7226851851851852 0.23359375 0.7203703703703703 0.2328125 0.7166666666666667 0.2328125 0.7138888888888889 0.23229166666666667 0.7101851851851851 0.23229166666666667 0.7097222222222223 0.23255208333333333 0.6939814814814815 0.23255208333333333 0.6935185185185185 0.23229166666666667 0.6916666666666667 0.23229166666666667 0.6912037037037037 0.23255208333333333 0.6828703703703703 0.23255208333333333 0.6824074074074075 0.23229166666666667 0.6726851851851852 0.23229166666666667 0.6722222222222223 0.23203125 0.649074074074074 0.23177083333333334 0.6486111111111111 0.23151041666666666 0.6472222222222223 0.23151041666666666 0.6444444444444445 0.23098958333333333 0.6416666666666667 0.2296875 0.6407407407407407 0.228125 0.638425925925926 0.2265625 0.6356481481481482 0.22604166666666667 0.6328703703703704 0.22604166666666667 0.6324074074074074 0.22578125 0.6268518518518519 0.22578125 0.6231481481481481 0.22682291666666668 0.6189814814814815 0.23020833333333332 0.6185185185185185 0.23151041666666666
0 0.7768518518518519 0.56015625 0.7763888888888889 0.56015625 0.775 0.559375 0.774537037037037 0.559375 0.7736111111111111 0.5588541666666667 0.7731481481481481 0.5588541666666667 0.7712962962962963 0.5578125 0.7699074074074074 0.5578125 0.7694444444444445 0.5580729166666667 0.7675925925925926 0.5580729166666667 0.7671296296296296 0.5583333333333333 0.7638888888888888 0.5591145833333333 0.7620370370370371 0.56015625 0.7620370370370371 0.5604166666666667 0.7615740740740741 0.5606770833333333 0.7611111111111111 0.5614583333333333 0.7601851851851852 0.5619791666666667 0.7601851851851852 0.5622395833333333 0.7574074074074074 0.5638020833333334 0.7574074074074074 0.5640625 0.7564814814814815 0.5645833333333333 0.7564814814814815 0.56484375 0.7527777777777778 0.5669270833333333 0.7527777777777778 0.5671875 0.7523148148148148 0.5674479166666667 0.7523148148148148 0.56796875 0.7518518518518519 0.5682291666666667 0.7509259259259259 0.56953125 0.75 0.5700520833333333 0.75 0.5703125 0.7490740740740741 0.5708333333333333 0.7490740740740741 0.57109375 0.7476851851851852 0.571875 0.7472222222222222 0.57265625 0.7361111111111112 0.5786458333333333 0.7356481481481482 0.5786458333333333 0.7337962962962963 0.5796875 0.7333333333333333 0.5796875 0.7287037037037037 0.5822916666666667 0.7282407407407407 0.5822916666666667 0.7268518518518519 0.5830729166666667 0.7263888888888889 0.5830729166666667 0.7240740740740741 0.584375 0.7240740740740741 0.5846354166666666 0.7231481481481481 0.58515625 0.7226851851851852 0.5859375 0.7212962962962963 0.5869791666666667 0.7212962962962963 0.5875 0.7208333333333333 0.5877604166666667 0.7208333333333333 0.5880208333333333 0.7212962962962963 0.58828125 0.7212962962962963 0.5890625 0.7222222222222222 0.58984375 0.7222222222222222 0.5903645833333333 0.7245370370370371 0.5919270833333333 0.725 0.5919270833333333 0.725925925925926 0.5924479166666666 0.7263888888888889 0.5924479166666666 0.7277777777777777 0.5932291666666667 0.7287037037037037 0.5932291666666667 0.7291666666666666 0.5934895833333333 0.7324074074074074 0.5934895833333333 0.7351851851851852 0.5919270833333333 0.7356481481481482 0.5919270833333333 0.737037037037037 0.5911458333333334 0.7375 0.5911458333333334 0.7388888888888889 0.5903645833333333 0.7393518518518518 0.5903645833333333 0.7412037037037037 0.5893229166666667 0.7416666666666667 0.5893229166666667 0.7430555555555556 0.5885416666666666 0.7444444444444445 0.58828125 0.7467592592592592 0.5869791666666667 0.7472222222222222 0.5869791666666667 0.7486111111111111 0.5861979166666667 0.7490740740740741 0.5861979166666667 0.750462962962963 0.5854166666666667 0.7509259259259259 0.5854166666666667 0.7532407407407408 0.584375 0.7546296296296297 0.5841145833333333 0.7587962962962963 0.58203125 0.7592592592592593 0.58203125 0.762962962962963 0.58046875 0.763425925925926 0.58046875 0.7638888888888888 0.5802083333333333 0.7662037037037037 0.5802083333333333 0.7666666666666667 0.5799479166666667 0.7754629629629629 0.5799479166666667 0.7777777777777778 0.5786458333333333 0.7782407407407408 0.5786458333333333 0.7796296296296297 0.5778645833333333 0.7796296296296297 0.5776041666666667 0.7833333333333333 0.5755208333333334 0.7837962962962963 0.5755208333333334 0.7856481481481481 0.5747395833333333 0.7865740740740741 0.5747395833333333 0.7912037037037037 0.5721354166666667 0.7912037037037037 0.5716145833333334 0.7907407407407407 0.5713541666666667 0.7907407407407407 0.5700520833333333 0.7902777777777777 0.5697916666666667 0.7902777777777777 0.5690104166666666 0.7898148148148149 0.56875 0.7898148148148149 0.5682291666666667 0.7870370370370371 0.5666666666666667 0.7870370370370371 0.56640625 0.7851851851851852 0.565625 0.7851851851851852 0.5653645833333333 0.7837962962962963 0.5645833333333333 0.7837962962962963 0.5643229166666667 0.7833333333333333 0.5643229166666667 0.7796296296296297 0.5622395833333333 0.7796296296296297 0.5619791666666667
0 0.7060185185185185 0.3921875 0.7060185185185185 0.396875 0.7064814814814815 0.3971354166666667 0.7064814814814815 0.39765625 0.7069444444444445 0.39791666666666664 0.7069444444444445 0.3984375 0.7074074074074074 0.39869791666666665 0.7074074074074074 0.39921875 0.7078703703703704 0.39947916666666666 0.7083333333333334 0.4002604166666667 0.7111111111111111 0.40182291666666664 0.711574074074074 0.40182291666666664 0.7125 0.40234375 0.7134259259259259 0.40234375 0.7138888888888889 0.40260416666666665 0.7148148148148148 0.40260416666666665 0.7152777777777778 0.40286458333333336 0.7162037037037037 0.40286458333333336 0.7166666666666667 0.403125 0.7217592592592592 0.403125 0.7222222222222222 0.40338541666666666 0.7296296296296296 0.40338541666666666 0.7300925925925926 0.4036458333333333 0.7337962962962963 0.4036458333333333 0.7342592592592593 0.40338541666666666 0.7356481481481482 0.40338541666666666 0.7361111111111112 0.403125 0.737037037037037 0.403125 0.7379629629629629 0.40260416666666665 0.7384259259259259 0.40260416666666665 0.7407407407407407 0.40182291666666664 0.7416666666666667 0.40182291666666664 0.7430555555555556 0.40130208333333334 0.7449074074074075 0.40130208333333334 0.7453703703703703 0.4010416666666667 0.7490740740740741 0.4010416666666667 0.749537037037037 0.40130208333333334 0.750462962962963 0.40130208333333334 0.7509259259259259 0.4015625 0.7574074074074074 0.4015625 0.7578703703703704 0.40182291666666664 0.7625 0.40182291666666664 0.762962962962963 0.40208333333333335 0.7712962962962963 0.40208333333333335 0.7717592592592593 0.40182291666666664 0.7754629629629629 0.40182291666666664 0.7768518518518519 0.40130208333333334 0.7791666666666667 0.4010416666666667 0.7814814814814814 0.4 0.7814814814814814 0.3997395833333333 0.7824074074074074 0.39895833333333336 0.7824074074074074 0.3984375 0.7828703703703703 0.39817708333333335 0.7828703703703703 0.3971354166666667 0.7833333333333333 0.396875 0.7833333333333333 0.3958333333333333 0.7828703703703703 0.39557291666666666 0.7828703703703703 0.39401041666666664 0.7824074074074074 0.39375 0.7819444444444444 0.3924479166666667 0.7800925925925926 0.39166666666666666 0.7796296296296297 0.39166666666666666 0.7791666666666667 0.39140625 0.7782407407407408 0.39140625 0.7777777777777778 0.39114583333333336 0.7754629629629629 0.39114583333333336 0.775 0.39088541666666665 0.774074074074074 0.39088541666666665 0.7736111111111111 0.390625 0.7731481481481481 0.390625 0.7726851851851851 0.39036458333333335 0.7717592592592593 0.39036458333333335 0.7712962962962963 0.39010416666666664 0.7671296296296296 0.39010416666666664 0.7666666666666667 0.38984375 0.7652777777777777 0.38984375 0.7648148148148148 0.38958333333333334 0.7587962962962963 0.38958333333333334 0.7583333333333333 0.3893229166666667 0.7574074074074074 0.3893229166666667 0.7569444444444444 0.3890625 0.7541666666666667 0.3890625 0.7537037037037037 0.3888020833333333 0.7513888888888889 0.3888020833333333 0.7509259259259259 0.3885416666666667 0.75 0.3885416666666667 0.749537037037037 0.38828125 0.7481481481481481 0.3880208333333333 0.7472222222222222 0.3875 0.7472222222222222 0.38723958333333336 0.7458333333333333 0.38619791666666664 0.7449074074074075 0.3848958333333333 0.7439814814814815 0.384375 0.7435185185185185 0.384375 0.7430555555555556 0.3841145833333333 0.7421296296296296 0.3841145833333333 0.7416666666666667 0.38385416666666666 0.7402777777777778 0.38385416666666666 0.7398148148148148 0.38359375 0.7375 0.38359375 0.737037037037037 0.38385416666666666 0.7347222222222223 0.38385416666666666 0.7342592592592593 0.3841145833333333 0.7333333333333333 0.3841145833333333 0.7328703703703704 0.384375 0.7310185185185185 0.384375 0.7305555555555555 0.3846354166666667 0.7273148148148149 0.3846354166666667 0.7268518518518519 0.384375 0.725462962962963 0.384375 0.725 0.3841145833333333 0.7217592592592592 0.3841145833333333 0.7212962962962963 0.38385416666666666 0.7199074074074074 0.38385416666666666 0.7194444444444444 0.3841145833333333 0.7143518518518519 0.3841145833333333 0.7138888888888889 0.384375 0.7125 0.384375 0.7101851851851851 0.3859375 0.7101851851851851 0.38619791666666664 0.7083333333333334 0.3880208333333333 0.7078703703703704 0.38984375 0.7074074074074074 0.39010416666666664 0.7069444444444445 0.39140625
0 0.6541666666666667 0.3885416666666667 0.6541666666666667 0.3888020833333333 0.6532407407407408 0.3893229166666667 0.6509259259259259 0.3919270833333333 0.6509259259259259 0.39348958333333334 0.6513888888888889 0.39375 0.6518518518518519 0.39609375 0.6527777777777778 0.3966145833333333 0.6527777777777778 0.396875 0.6541666666666667 0.39765625 0.6560185185185186 0.39817708333333335 0.6578703703703703 0.39921875 0.6597222222222222 0.3997395833333333 0.6611111111111111 0.4005208333333333 0.6694444444444444 0.40286458333333336 0.6703703703703704 0.40338541666666666 0.6722222222222223 0.40390625 0.674074074074074 0.4049479166666667 0.6759259259259259 0.40546875 0.6768518518518518 0.40546875 0.6777777777777778 0.40572916666666664 0.6805555555555556 0.40729166666666666 0.6805555555555556 0.4075520833333333 0.6814814814814815 0.4080729166666667 0.6814814814814815 0.4088541666666667 0.6819444444444445 0.40911458333333334 0.6819444444444445 0.41041666666666665 0.6824074074074075 0.41067708333333336 0.6824074074074075 0.4119791666666667 0.6837962962962963 0.41302083333333334 0.6837962962962963 0.41328125 0.6856481481481481 0.41432291666666665 0.6865740740740741 0.41432291666666665 0.687037037037037 0.41458333333333336 0.687962962962963 0.41458333333333336 0.6898148148148148 0.41510416666666666 0.6912037037037037 0.41510416666666666 0.6916666666666667 0.4153645833333333 0.6925925925925925 0.4153645833333333 0.6944444444444444 0.4161458333333333 0.6949074074074074 0.4161458333333333 0.6962962962962963 0.41692708333333334 0.6967592592592593 0.41692708333333334 0.6981481481481482 0.41770833333333335 0.6986111111111111 0.41770833333333335 0.700925925925926 0.41875 0.7023148148148148 0.41875 0.7027777777777777 0.41901041666666666 0.7064814814814815 0.41901041666666666 0.7069444444444445 0.41875 0.7083333333333334 0.41875 0.7092592592592593 0.41822916666666665 0.7097222222222223 0.41822916666666665 0.7138888888888889 0.4158854166666667 0.7143518518518519 0.41510416666666666 0.7162037037037037 0.4140625 0.7175925925925926 0.4125 0.7185185185185186 0.4119791666666667 0.7185185185185186 0.4114583333333333 0.7212962962962963 0.4083333333333333 0.7212962962962963 0.40703125 0.7217592592592592 0.40677083333333336 0.7217592592592592 0.40520833333333334 0.7222222222222222 0.4049479166666667 0.7222222222222222 0.4036458333333333 0.7217592592592592 0.40338541666666666 0.7217592592592592 0.40286458333333336 0.7203703703703703 0.40182291666666664 0.7194444444444444 0.4015625 0.7185185185185186 0.4015625 0.7180555555555556 0.40130208333333334 0.7166666666666667 0.40130208333333334 0.7162037037037037 0.4010416666666667 0.7152777777777778 0.4010416666666667 0.7148148148148148 0.40078125 0.7138888888888889 0.40078125 0.712037037037037 0.4002604166666667 0.7092592592592593 0.39869791666666665 0.7092592592592593 0.3984375 0.7078703703703704 0.39765625 0.7078703703703704 0.39739583333333334 0.7064814814814815 0.3966145833333333 0.7064814814814815 0.3963541666666667 0.7046296296296296 0.3958333333333333 0.700462962962963 0.3958333333333333 0.7 0.39609375 0.6990740740740741 0.39609375 0.6962962962962963 0.396875 0.6949074074074074 0.396875 0.6930555555555555 0.39739583333333334 0.6856481481481481 0.3953125 0.6847222222222222 0.39479166666666665 0.6833333333333333 0.39453125 0.6824074074074075 0.39401041666666664 0.6791666666666667 0.3932291666666667 0.6777777777777778 0.3924479166666667 0.6736111111111112 0.39140625 0.6694444444444444 0.3893229166666667 0.6680555555555555 0.3890625 0.6671296296296296 0.3885416666666667 0.6662037037037037 0.3885416666666667 0.6648148148148149 0.3880208333333333 0.663425925925926 0.3880208333333333 0.6615740740740741 0.3875 0.6597222222222222 0.3875 0.6592592592592592 0.38723958333333336 0.6574074074074074 0.38723958333333336 0.6564814814814814 0.38776041666666666 0.6560185185185186 0.38776041666666666
0 0.8523148148148149 0.5841145833333333 0.8523148148148149 0.584375 0.850925925925926 0.58515625 0.850925925925926 0.5854166666666667 0.8495370370370371 0.5861979166666667 0.8495370370370371 0.5864583333333333 0.8476851851851852 0.5877604166666667 0.8476851851851852 0.5903645833333333 0.8472222222222222 0.590625 0.8472222222222222 0.5916666666666667 0.8490740740740741 0.5927083333333333 0.8495370370370371 0.5927083333333333 0.850925925925926 0.5934895833333333 0.8513888888888889 0.5934895833333333 0.8541666666666666 0.5950520833333334 0.8546296296296296 0.5950520833333334 0.8574074074074074 0.5963541666666666 0.862037037037037 0.59765625 0.8662037037037037 0.5997395833333333 0.8666666666666667 0.5997395833333333 0.8680555555555556 0.6005208333333333 0.8685185185185185 0.6005208333333333 0.8699074074074075 0.6013020833333333 0.8703703703703703 0.6013020833333333 0.8726851851851852 0.6026041666666667 0.8740740740740741 0.6028645833333334 0.875462962962963 0.6036458333333333 0.8759259259259259 0.6036458333333333 0.8777777777777778 0.6046875 0.8777777777777778 0.6049479166666667 0.8791666666666667 0.6057291666666667 0.8796296296296297 0.6065104166666667 0.8805555555555555 0.60703125 0.8805555555555555 0.6083333333333333 0.8810185185185185 0.60859375 0.8810185185185185 0.6104166666666667 0.8814814814814815 0.6106770833333334 0.8814814814814815 0.6111979166666667 0.8819444444444444 0.6111979166666667 0.8837962962962963 0.6119791666666666 0.8847222222222222 0.6119791666666666 0.8851851851851852 0.6122395833333333 0.8875 0.6122395833333333 0.8912037037037037 0.61328125 0.8921296296296296 0.6138020833333333 0.8925925925925926 0.6138020833333333 0.8930555555555556 0.6143229166666667 0.9004629629629629 0.6182291666666667 0.9023148148148148 0.61875 0.9032407407407408 0.61875 0.9037037037037037 0.6190104166666667 0.9078703703703703 0.6184895833333334 0.9106481481481481 0.6171875 0.9111111111111111 0.6171875 0.913425925925926 0.6158854166666666 0.913425925925926 0.615625 0.9148148148148149 0.61484375 0.9152777777777777 0.6140625 0.9194444444444444 0.6114583333333333 0.9199074074074074 0.6106770833333334 0.9208333333333333 0.61015625 0.9217592592592593 0.6091145833333333 0.9231481481481482 0.6083333333333333 0.924074074074074 0.6072916666666667 0.924074074074074 0.60625 0.9236111111111112 0.6059895833333333 0.9236111111111112 0.6033854166666667 0.9231481481481482 0.603125 0.9226851851851852 0.603125 0.9194444444444444 0.6013020833333333 0.9143518518518519 0.6 0.9115740740740741 0.5986979166666667 0.9101851851851852 0.5984375 0.9087962962962963 0.59765625 0.9083333333333333 0.59765625 0.9074074074074074 0.5971354166666667 0.9064814814814814 0.5958333333333333 0.9046296296296297 0.5950520833333334 0.8981481481481481 0.5950520833333334 0.8976851851851851 0.5953125 0.8962962962962963 0.5953125 0.8958333333333334 0.5955729166666667 0.8925925925925926 0.5955729166666667 0.8902777777777777 0.59453125 0.8847222222222222 0.5932291666666667 0.8837962962962963 0.5927083333333333 0.8833333333333333 0.5927083333333333 0.8824074074074074 0.5921875 0.8819444444444444 0.5921875 0.8810185185185185 0.5916666666666667 0.8805555555555555 0.5916666666666667 0.8796296296296297 0.5911458333333334 0.8777777777777778 0.590625 0.8763888888888889 0.58984375 0.875 0.5895833333333333 0.8740740740740741 0.5890625 0.8722222222222222 0.5885416666666666 0.8708333333333333 0.5877604166666667 0.8680555555555556 0.5869791666666667 0.8634259259259259 0.58515625 0.8625 0.58515625 0.8597222222222223 0.584375 0.8587962962962963 0.5838541666666667 0.8578703703703704 0.5838541666666667 0.8574074074074074 0.58359375 0.8532407407407407 0.58359375
1 0.8060185185185185 0.259375 0.8018518518518518 0.2604166666666667 0.7981481481481482 0.26197916666666665 0.7967592592592593 0.2635416666666667 0.7967592592592593 0.26796875 0.8023148148148148 0.27890625 0.8060185185185185 0.2830729166666667 0.8097222222222222 0.2903645833333333 0.812962962962963 0.2950520833333333 0.8162037037037037 0.2981770833333333 0.8180555555555555 0.30234375 0.8203703703703704 0.30494791666666665 0.8337962962962963 0.32838541666666665 0.8393518518518519 0.33619791666666665 0.8449074074074074 0.3458333333333333 0.8472222222222222 0.3536458333333333 0.8439814814814814 0.3580729166666667 0.8430555555555556 0.3614583333333333 0.8453703703703703 0.36432291666666666 0.8527777777777777 0.36744791666666665 0.8578703703703704 0.36744791666666665 0.8643518518518518 0.36666666666666664 0.8763888888888889 0.3640625 0.8837962962962963 0.3614583333333333 0.8898148148148148 0.3572916666666667 0.888425925925926 0.3533854166666667 0.8814814814814815 0.3494791666666667 0.875462962962963 0.34869791666666666 0.8740740740740741 0.34791666666666665 0.8726851851851852 0.3455729166666667 0.8699074074074075 0.34375 0.8689814814814815 0.3411458333333333 0.8629629629629629 0.3328125 0.8490740740740741 0.31015625 0.8467592592592592 0.30755208333333334 0.8416666666666667 0.29791666666666666 0.8393518518518519 0.29583333333333334 0.8356481481481481 0.2877604166666667 0.8296296296296296 0.2796875 0.8273148148148148 0.2752604166666667 0.8194444444444444 0.2638020833333333 0.8138888888888889 0.259375
1 0.8416666666666667 0.4119791666666667 0.8416666666666667 0.41901041666666666 0.8435185185185186 0.4236979166666667 0.8467592592592592 0.42604166666666665 0.8527777777777777 0.428125 0.8555555555555555 0.4278645833333333 0.861574074074074 0.428125 0.8643518518518518 0.42734375 0.8685185185185185 0.42421875 0.8722222222222222 0.42265625 0.8763888888888889 0.421875 0.9018518518518519 0.42161458333333335 0.9023148148148148 0.421875 0.9143518518518519 0.421875 0.9148148148148149 0.42213541666666665 0.9333333333333333 0.421875 0.9337962962962963 0.42213541666666665 0.9444444444444444 0.42213541666666665 0.9449074074074074 0.42239583333333336 0.9666666666666667 0.42213541666666665 0.9717592592592592 0.42265625 0.9912037037037037 0.42265625 0.9916666666666667 0.42291666666666666 0.9944444444444445 0.42291666666666666 0.9976851851851852 0.42213541666666665 0.999537037037037 0.42213541666666665 0.999537037037037 0.409375 0.9962962962962963 0.409375 0.9958333333333333 0.40911458333333334 0.9796296296296296 0.4088541666666667 0.9791666666666666 0.40859375 0.9648148148148148 0.40859375 0.9643518518518519 0.4083333333333333 0.9569444444444445 0.4083333333333333 0.9564814814814815 0.4080729166666667 0.9486111111111111 0.4083333333333333 0.9481481481481482 0.4080729166666667 0.9166666666666666 0.4080729166666667 0.9162037037037037 0.4078125 0.8898148148148148 0.4078125 0.8893518518518518 0.4080729166666667 0.8796296296296297 0.4078125 0.8791666666666667 0.4075520833333333 0.8759259259259259 0.4075520833333333 0.8717592592592592 0.40625 0.8694444444444445 0.4049479166666667 0.8685185185185185 0.40390625 0.862037037037037 0.4015625 0.8532407407407407 0.40130208333333334 0.8490740740740741 0.40234375 0.8458333333333333 0.4046875 0.8430555555555556 0.4083333333333333 0.8430555555555556 0.40963541666666664
3 0.8796296296296297 0.7166666666666667 0.8791666666666667 0.7205729166666667 0.8837962962962963 0.7231770833333333 0.8893518518518518 0.7252604166666666 0.8921296296296296 0.7268229166666667 0.9027777777777778 0.7307291666666667 0.9060185185185186 0.7325520833333333 0.9083333333333333 0.7356770833333334 0.9106481481481481 0.7361979166666667 0.912962962962963 0.7361979166666667 0.9194444444444444 0.7375 0.9236111111111112 0.7395833333333334 0.9282407407407407 0.7408854166666666 0.9412037037037037 0.7463541666666667 0.9490740740740741 0.7489583333333333 0.950925925925926 0.75 0.9523148148148148 0.7502604166666667 0.9555555555555556 0.7515625 0.9611111111111111 0.7557291666666667 0.9629629629629629 0.7567708333333333 0.9662037037037037 0.7575520833333333 0.9699074074074074 0.7596354166666667 0.9708333333333333 0.7598958333333333 0.975925925925926 0.7598958333333333 0.9763888888888889 0.7596354166666667 0.9777777777777777 0.7596354166666667 0.9824074074074074 0.75703125 0.9861111111111112 0.7533854166666667 0.9884259259259259 0.7518229166666667 0.9907407407407407 0.7479166666666667 0.9902777777777778 0.74765625 0.9902777777777778 0.7463541666666667 0.9893518518518518 0.7447916666666666 0.9856481481481482 0.7424479166666667 0.9828703703703704 0.7401041666666667 0.9814814814814815 0.73828125 0.9782407407407407 0.7377604166666667 0.975462962962963 0.7388020833333333 0.9685185185185186 0.7390625 0.9680555555555556 0.7393229166666667 0.9666666666666667 0.7393229166666667 0.961574074074074 0.7377604166666667 0.9587962962962963 0.7359375 0.9527777777777777 0.7341145833333333 0.950925925925926 0.7333333333333333 0.9495370370370371 0.7322916666666667 0.9462962962962963 0.7315104166666667 0.9421296296296297 0.7299479166666667 0.9393518518518519 0.7283854166666667 0.9384259259259259 0.7283854166666667 0.9356481481481481 0.7276041666666667 0.9287037037037037 0.7244791666666667 0.9254629629629629 0.7236979166666667 0.9231481481481482 0.72265625 0.9203703703703704 0.721875 0.9189814814814815 0.72109375 0.9143518518518519 0.7200520833333334 0.9115740740740741 0.7182291666666667 0.9078703703703703 0.7174479166666666 0.9064814814814814 0.7166666666666667 0.9018518518518519 0.7151041666666667 0.9 0.7140625 0.8976851851851851 0.7135416666666666 0.8962962962962963 0.7127604166666667 0.888425925925926 0.71171875 0.8856481481481482 0.7125
5 0.9513888888888888 0.6833333333333333 0.95 0.6841145833333333 0.95 0.684375 0.9476851851851852 0.6856770833333333 0.9476851851851852 0.6859375 0.9430555555555555 0.6885416666666667 0.9430555555555555 0.6888020833333334 0.9425925925925925 0.6890625 0.9425925925925925 0.69296875 0.9421296296296297 0.6932291666666667 0.9425925925925925 0.6934895833333333 0.9425925925925925 0.6940104166666666 0.9430555555555555 0.6942708333333333 0.9430555555555555 0.6950520833333333 0.9439814814814815 0.6958333333333333 0.9439814814814815 0.6963541666666667 0.9444444444444444 0.6966145833333334 0.9444444444444444 0.6971354166666667 0.9449074074074074 0.6973958333333333 0.9449074074074074 0.6979166666666666 0.9453703703703704 0.6981770833333333 0.9453703703703704 0.6989583333333333 0.9458333333333333 0.69921875 0.9458333333333333 0.6997395833333333 0.9462962962962963 0.7 0.9462962962962963 0.7005208333333334 0.9467592592592593 0.70078125 0.9467592592592593 0.7013020833333333 0.9472222222222222 0.7015625 0.9472222222222222 0.7018229166666666 0.9532407407407407 0.70546875 0.9537037037037037 0.70546875 0.9550925925925926 0.7059895833333333 0.9564814814814815 0.7059895833333333 0.9569444444444445 0.70625 0.9583333333333334 0.70625 0.9587962962962963 0.7065104166666667 0.9592592592592593 0.7065104166666667 0.9597222222222223 0.7067708333333333 0.9606481481481481 0.7067708333333333 0.9629629629629629 0.7075520833333333 0.9638888888888889 0.7075520833333333 0.9643518518518519 0.7078125 0.9652777777777778 0.7078125 0.9657407407407408 0.7080729166666667 0.9666666666666667 0.7080729166666667 0.9671296296296297 0.7083333333333334 0.9694444444444444 0.7083333333333334 0.9699074074074074 0.70859375 0.9712962962962963 0.70859375 0.9717592592592592 0.7088541666666667 0.9731481481481481 0.7088541666666667 0.9736111111111111 0.7091145833333333 0.975462962962963 0.7091145833333333 0.975925925925926 0.7088541666666667 0.9773148148148149 0.7088541666666667 0.9777777777777777 0.70859375 0.9805555555555555 0.70859375 0.9810185185185185 0.7083333333333334 0.9824074074074074 0.7083333333333334 0.987037037037037 0.7057291666666666 0.987037037037037 0.70546875 0.9879629629629629 0.7049479166666667 0.9884259259259259 0.7041666666666667 0.9898148148148148 0.7033854166666667 0.9898148148148148 0.703125 0.9907407407407407 0.7026041666666667 0.9907407407407407 0.70234375 0.9921296296296296 0.7010416666666667 0.9921296296296296 0.7005208333333334 0.9930555555555556 0.6997395833333333 0.9930555555555556 0.69921875 0.9939814814814815 0.6984375 0.9939814814814815 0.6979166666666666 0.9944444444444445 0.69765625 0.9944444444444445 0.6958333333333333 0.9939814814814815 0.6955729166666667 0.9939814814814815 0.69375 0.9935185185185185 0.6934895833333333 0.9935185185185185 0.6927083333333334 0.9930555555555556 0.6924479166666667 0.9930555555555556 0.69140625 0.9925925925925926 0.6911458333333333 0.9925925925925926 0.6903645833333333 0.9921296296296296 0.6901041666666666 0.9921296296296296 0.6890625 0.9916666666666667 0.6888020833333334 0.9916666666666667 0.6880208333333333 0.9912037037037037 0.6877604166666667 0.9912037037037037 0.6869791666666667 0.9907407407407407 0.68671875 0.9907407407407407 0.6859375 0.9902777777777778 0.6856770833333333 0.9893518518518518 0.684375 0.9888888888888889 0.684375 0.9879629629629629 0.6838541666666667 0.9875 0.6838541666666667 0.987037037037037 0.68359375 0.986574074074074 0.68359375 0.9861111111111112 0.6833333333333333 0.9856481481481482 0.6833333333333333 0.9851851851851852 0.6830729166666667 0.9847222222222223 0.6830729166666667 0.9814814814814815 0.68203125 0.9805555555555555 0.68203125 0.9800925925925926 0.6817708333333333 0.9796296296296296 0.6817708333333333 0.9787037037037037 0.68125 0.9777777777777777 0.68125 0.9773148148148149 0.6809895833333334 0.975925925925926 0.6809895833333334 0.975462962962963 0.6807291666666667 0.9694444444444444 0.6807291666666667 0.9689814814814814 0.68046875 0.9671296296296297 0.68046875 0.9666666666666667 0.6802083333333333 0.9657407407407408 0.6802083333333333 0.9652777777777778 0.68046875 0.961574074074074 0.68046875 0.9611111111111111 0.6807291666666667 0.9601851851851851 0.6807291666666667 0.9597222222222223 0.6809895833333334 0.9574074074074074 0.6815104166666667 0.9560185185185185 0.6822916666666666 0.9555555555555556 0.6822916666666666 0.9546296296296296 0.6828125 0.9541666666666667 0.6828125 0.9537037037037037 0.6830729166666667 0.9527777777777777 0.6830729166666667 0.9523148148148148 0.6833333333333333
