0 0.0 0.4359375 0.0 0.4473958333333333 0.002777777777777778 0.4473958333333333 0.0032407407407407406 0.44765625 0.007407407407407408 0.44765625 0.00787037037037037 0.4479166666666667 0.010185185185185186 0.4479166666666667 0.010648148148148148 0.44817708333333334 0.012037037037037037 0.44817708333333334 0.0125 0.4484375 0.014351851851851852 0.4484375 0.014814814814814815 0.44869791666666664 0.016666666666666666 0.44869791666666664 0.01712962962962963 0.44895833333333335 0.020370370370370372 0.44895833333333335 0.020833333333333332 0.44921875 0.02638888888888889 0.44921875 0.026851851851851852 0.44895833333333335 0.027777777777777776 0.44895833333333335 0.02824074074074074 0.44869791666666664 0.029166666666666667 0.44869791666666664 0.02962962962962963 0.4484375 0.030555555555555555 0.4484375 0.031018518518518518 0.44817708333333334 0.03148148148148148 0.44817708333333334 0.03194444444444444 0.4479166666666667 0.032407407407407406 0.4479166666666667 0.03287037037037037 0.44765625 0.03333333333333333 0.44765625 0.03425925925925926 0.4471354166666667 0.03425925925925926 0.44557291666666665 0.033796296296296297 0.4453125 0.033796296296296297 0.44296875 0.03009259259259259 0.44088541666666664 0.02962962962962963 0.44088541666666664 0.028703703703703703 0.44036458333333334 0.02824074074074074 0.44036458333333334 0.027777777777777776 0.4401041666666667 0.027314814814814816 0.4401041666666667 0.026851851851851852 0.43984375 0.02638888888888889 0.43984375 0.025925925925925925 0.4395833333333333 0.02546296296296296 0.4395833333333333 0.025 0.4393229166666667 0.02361111111111111 0.4393229166666667 0.023148148148148147 0.4390625 0.022222222222222223 0.4390625 0.02175925925925926 0.4388020833333333 0.019444444444444445 0.4388020833333333 0.01898148148148148 0.43854166666666666 0.016666666666666666 0.43854166666666666 0.016203703703703703 0.43828125 0.015277777777777777 0.43828125 0.014814814814814815 0.43802083333333336 0.012962962962962963 0.43802083333333336 0.0125 0.43776041666666665 0.011111111111111112 0.43776041666666665 0.010648148148148148 0.4375 0.009722222222222222 0.4375 0.009259259259259259 0.43723958333333335 0.008796296296296297 0.43723958333333335 0.008333333333333333 0.43697916666666664 0.007407407407407408 0.43697916666666664 0.006944444444444444 0.43671875 0.006481481481481481 0.43671875 0.0060185185185185185 0.43645833333333334 0.004629629629629629 0.43645833333333334 0.004166666666666667 0.4361979166666667 0.0023148148148148147 0.4361979166666667 0.001851851851851852 0.4359375
2 0.009722222222222222 0.24817708333333333 0.009259259259259259 0.24869791666666666 0.005555555555555556 0.25078125 0.003703703703703704 0.25286458333333334 0.001851851851851852 0.25390625 0.0 0.25390625 0.0 0.2794270833333333 0.007407407407407408 0.2791666666666667 0.009722222222222222 0.27838541666666666 0.011111111111111112 0.27838541666666666 0.013425925925925926 0.27786458333333336 0.015277777777777777 0.27838541666666666 0.01712962962962963 0.27838541666666666 0.01990740740740741 0.2794270833333333 0.020833333333333332 0.2794270833333333 0.02361111111111111 0.28020833333333334 0.024537037037037038 0.28020833333333334 0.03009259259259259 0.28177083333333336 0.032407407407407406 0.2830729166666667 0.03796296296296296 0.284375 0.041666666666666664 0.2859375 0.043055555555555555 0.28619791666666666 0.044444444444444446 0.2869791666666667 0.05138888888888889 0.28880208333333335 0.052314814814814814 0.28932291666666665 0.05462962962962963 0.28984375 0.05648148148148148 0.290625 0.059722222222222225 0.2908854166666667 0.06018518518518518 0.2911458333333333 0.060648148148148145 0.2908854166666667 0.06388888888888888 0.2908854166666667 0.06574074074074074 0.29010416666666666 0.06805555555555555 0.28958333333333336 0.07222222222222222 0.2869791666666667 0.07453703703703704 0.284375 0.07453703703703704 0.2838541666666667 0.07685185185185185 0.28151041666666665 0.07685185185185185 0.28098958333333335 0.07824074074074074 0.2791666666666667 0.07592592592592592 0.27578125 0.07407407407407407 0.2747395833333333 0.07083333333333333 0.27369791666666665 0.06805555555555555 0.2721354166666667 0.062037037037037036 0.27057291666666666 0.05416666666666667 0.2674479166666667 0.04861111111111111 0.26588541666666665 0.047685185185185185 0.26588541666666665 0.04490740740740741 0.26510416666666664 0.04398148148148148 0.26510416666666664 0.03981481481481482 0.2635416666666667 0.03611111111111111 0.2625 0.03194444444444444 0.2598958333333333 0.03148148148148148 0.259375 0.03148148148148148 0.25807291666666665 0.031018518518518518 0.2578125 0.031018518518518518 0.2565104166666667 0.030555555555555555 0.25625 0.030555555555555555 0.2557291666666667 0.029166666666666667 0.25494791666666666 0.02824074074074074 0.25494791666666666 0.027777777777777776 0.2546875 0.02546296296296296 0.2546875 0.025 0.25442708333333336 0.022685185185185187 0.25442708333333336 0.022222222222222223 0.25416666666666665 0.020833333333333332 0.25416666666666665 0.01990740740740741 0.25390625 0.01574074074074074 0.2518229166666667 0.013425925925925926 0.24817708333333333
0 0.0587962962962963 0.2171875 0.058333333333333334 0.2171875 0.05787037037037037 0.21692708333333333 0.05694444444444444 0.21692708333333333 0.05648148148148148 0.21666666666666667 0.04861111111111111 0.21666666666666667 0.04675925925925926 0.21744791666666666 0.046296296296296294 0.21744791666666666 0.04583333333333333 0.21770833333333334 0.04583333333333333 0.21796875 0.04351851851851852 0.21927083333333333 0.04351851851851852 0.21953125 0.043055555555555555 0.21979166666666666 0.04212962962962963 0.22109375 0.0412037037037037 0.22161458333333334 0.0412037037037037 0.221875 0.040740740740740744 0.22213541666666667 0.04027777777777778 0.22213541666666667 0.03796296296296296 0.22369791666666666 0.03796296296296296 0.22395833333333334 0.037037037037037035 0.22473958333333333 0.037037037037037035 0.22526041666666666 0.03657407407407407 0.22552083333333334 0.03518518518518519 0.22734375 0.032407407407407406 0.22890625 0.03148148148148148 0.22890625 0.031018518518518518 0.22916666666666666 0.028703703703703703 0.2296875 0.026851851851851852 0.23072916666666668 0.02638888888888889 0.23072916666666668 0.024074074074074074 0.23229166666666667 0.024074074074074074 0.2328125 0.02361111111111111 0.23307291666666666 0.02361111111111111 0.23385416666666667 0.023148148148148147 0.23411458333333332 0.023148148148148147 0.23463541666666668 0.022685185185185187 0.23489583333333333 0.022685185185185187 0.23567708333333334 0.021296296296296296 0.23671875 0.021296296296296296 0.23697916666666666 0.020370370370370372 0.2375 0.020370370370370372 0.23776041666666667 0.019444444444444445 0.23828125 0.019444444444444445 0.23854166666666668 0.01712962962962963 0.24010416666666667 0.01712962962962963 0.240625 0.016666666666666666 0.24088541666666666 0.016666666666666666 0.24140625 0.016203703703703703 0.24166666666666667 0.016203703703703703 0.2421875 0.01574074074074074 0.24244791666666668 0.01574074074074074 0.24296875 0.015277777777777777 0.24322916666666666 0.015277777777777777 0.24401041666666667 0.014814814814814815 0.24427083333333333 0.014814814814814815 0.24609375 0.014351851851851852 0.24635416666666668 0.014351851851851852 0.246875 0.013425925925925926 0.24739583333333334 0.012962962962962963 0.24739583333333334 0.011574074074074073 0.24791666666666667 0.010648148148148148 0.24791666666666667 0.012037037037037037 0.24817708333333333 0.01574074074074074 0.25 0.01574074074074074 0.25026041666666665 0.016203703703703703 0.25052083333333336 0.016203703703703703 0.2515625 0.017592592592592594 0.25234375 0.018055555555555554 0.25234375 0.019444444444444445 0.25286458333333334 0.020370370370370372 0.25286458333333334 0.02175925925925926 0.25338541666666664 0.023148148148148147 0.25338541666666664 0.02361111111111111 0.25364583333333335 0.02546296296296296 0.25364583333333335 0.025925925925925925 0.25390625 0.027314814814814816 0.25390625 0.027777777777777776 0.25416666666666665 0.03148148148148148 0.25416666666666665 0.03194444444444444 0.25390625 0.03287037037037037 0.25390625 0.03333333333333333 0.25364583333333335 0.033796296296296297 0.25364583333333335 0.034722222222222224 0.253125 0.03564814814814815 0.253125 0.03611111111111111 0.25286458333333334 0.037037037037037035 0.25286458333333334 0.0375 0.2526041666666667 0.038425925925925926 0.2526041666666667 0.03888888888888889 0.25234375 0.04027777777777778 0.25234375 0.040740740740740744 0.2520833333333333 0.043055555555555555 0.2515625 0.04537037037037037 0.25026041666666665 0.04537037037037037 0.25 0.046296296296296294 0.24947916666666667 0.04675925925925926 0.24869791666666666 0.047685185185185185 0.24817708333333333 0.047685185185185185 0.24765625 0.04814814814814815 0.24739583333333334 0.049074074074074076 0.24609375 0.05 0.24557291666666667 0.050462962962962966 0.24479166666666666 0.05138888888888889 0.24427083333333333 0.05138888888888889 0.24401041666666667 0.05277777777777778 0.24270833333333333 0.05277777777777778 0.24192708333333332 0.05324074074074074 0.24166666666666667 0.05324074074074074 0.24036458333333333 0.053703703703703705 0.24010416666666667 0.05324074074074074 0.23984375 0.05324074074074074 0.23828125 0.05277777777777778 0.23802083333333332 0.05277777777777778 0.23723958333333334 0.052314814814814814 0.23697916666666666 0.052314814814814814 0.23567708333333334 0.05277777777777778 0.23541666666666666 0.05277777777777778 0.23489583333333333 0.053703703703703705 0.23411458333333332 0.05416666666666667 0.2328125 0.05555555555555555 0.23177083333333334 0.056018518518518516 0.23098958333333333 0.05694444444444444 0.23046875 0.05925925925925926 0.22760416666666666 0.06018518518518518 0.22708333333333333 0.06018518518518518 0.2265625 0.060648148148148145 0.22630208333333332 0.060648148148148145 0.22604166666666667 0.06111111111111111 0.22578125 0.06111111111111111 0.22526041666666666 0.06157407407407407 0.225 0.06157407407407407 0.22109375 0.062037037037037036 0.22083333333333333 0.062037037037037036 0.22057291666666667 0.06157407407407407 0.2203125 0.06157407407407407 0.21979166666666666 0.06111111111111111 0.21953125 0.06111111111111111 0.21901041666666668 0.060648148148148145 0.21875 0.06018518518518518 0.21796875
5 0.06481481481481481 0.2942708333333333 0.06157407407407407 0.29609375 0.05925925925925926 0.29661458333333335 0.058333333333333334 0.29713541666666665 0.05787037037037037 0.29713541666666665 0.05694444444444444 0.29765625 0.05648148148148148 0.29765625 0.05277777777777778 0.29973958333333334 0.05277777777777778 0.3 0.05092592592592592 0.30130208333333336 0.05092592592592592 0.3015625 0.049074074074074076 0.3033854166666667 0.049074074074074076 0.30390625 0.04861111111111111 0.30416666666666664 0.04861111111111111 0.3046875 0.04814814814814815 0.30494791666666665 0.04814814814814815 0.30546875 0.047685185185185185 0.30572916666666666 0.047685185185185185 0.30703125 0.04722222222222222 0.3072916666666667 0.04722222222222222 0.31223958333333335 0.047685185185185185 0.3125 0.047685185185185185 0.3145833333333333 0.04814814814814815 0.31484375 0.04953703703703704 0.31666666666666665 0.050462962962962966 0.3171875 0.05138888888888889 0.3184895833333333 0.055092592592592596 0.32057291666666665 0.055092592592592596 0.32083333333333336 0.05740740740740741 0.3221354166666667 0.05787037037037037 0.3221354166666667 0.060648148148148145 0.3234375 0.062037037037037036 0.32369791666666664 0.06296296296296296 0.32421875 0.06342592592592593 0.32421875 0.06388888888888888 0.32447916666666665 0.06481481481481481 0.32447916666666665 0.06527777777777778 0.32473958333333336 0.06666666666666667 0.32473958333333336 0.06712962962962964 0.325 0.0712962962962963 0.325 0.07175925925925926 0.32526041666666666 0.08333333333333333 0.32526041666666666 0.0837962962962963 0.325 0.08472222222222223 0.325 0.08518518518518518 0.32473958333333336 0.08611111111111111 0.32473958333333336 0.08657407407407407 0.32447916666666665 0.08796296296296297 0.32447916666666665 0.08842592592592592 0.32421875 0.08935185185185185 0.32421875 0.08981481481481482 0.32395833333333335 0.0912037037037037 0.32395833333333335 0.09259259259259259 0.3234375 0.09351851851851851 0.3234375 0.09398148148148149 0.32317708333333334 0.09444444444444444 0.32317708333333334 0.09675925925925925 0.321875 0.09675925925925925 0.3216145833333333 0.09768518518518518 0.32109375 0.09768518518518518 0.32083333333333336 0.09907407407407408 0.32005208333333335 0.09907407407407408 0.31979166666666664 0.10185185185185185 0.3177083333333333 0.10231481481481482 0.31692708333333336 0.10324074074074074 0.31640625 0.10324074074074074 0.31588541666666664 0.1037037037037037 0.315625 0.1037037037037037 0.31536458333333334 0.10416666666666667 0.3151041666666667 0.10416666666666667 0.3145833333333333 0.10462962962962963 0.3143229166666667 0.10462962962962963 0.3125 0.1050925925925926 0.31223958333333335 0.1050925925925926 0.30703125 0.10462962962962963 0.3067708333333333 0.10462962962962963 0.3059895833333333 0.10416666666666667 0.30572916666666666 0.1037037037037037 0.30442708333333335 0.10231481481481482 0.303125 0.10231481481481482 0.3026041666666667 0.10138888888888889 0.3020833333333333 0.10138888888888889 0.30182291666666666 0.10046296296296296 0.30130208333333336 0.10046296296296296 0.30104166666666665 0.09953703703703703 0.30052083333333335 0.09953703703703703 0.30026041666666664 0.09814814814814815 0.2994791666666667 0.09814814814814815 0.29921875 0.09166666666666666 0.2955729166666667 0.08935185185185185 0.2953125 0.08796296296296297 0.2947916666666667 0.08703703703703704 0.2947916666666667 0.08657407407407407 0.29453125 0.08564814814814815 0.29453125 0.08518518518518518 0.2942708333333333 0.08425925925925926 0.2942708333333333 0.0837962962962963 0.29401041666666666 0.0824074074074074 0.29401041666666666 0.08194444444444444 0.29375 0.08055555555555556 0.29375 0.08009259259259259 0.29348958333333336 0.07824074074074074 0.29348958333333336 0.07777777777777778 0.29375 0.07037037037037037 0.29375 0.0699074074074074 0.29348958333333336 0.06759259259259259 0.29348958333333336 0.06712962962962964 0.29375
5 0.06481481481481481 0.3255208333333333 0.06435185185185185 0.32578125 0.06388888888888888 0.32578125 0.059722222222222225 0.328125 0.05787037037037037 0.33046875 0.05694444444444444 0.33098958333333334 0.05694444444444444 0.33125 0.056018518518518516 0.33177083333333335 0.05555555555555555 0.33255208333333336 0.05416666666666667 0.33359375 0.05416666666666667 0.3341145833333333 0.053703703703703705 0.334375 0.053703703703703705 0.33515625 0.05324074074074074 0.33541666666666664 0.05324074074074074 0.3359375 0.05277777777777778 0.33619791666666665 0.05277777777777778 0.33697916666666666 0.052314814814814814 0.3372395833333333 0.052314814814814814 0.34010416666666665 0.05185185185185185 0.34036458333333336 0.05185185185185185 0.3419270833333333 0.052314814814814814 0.3421875 0.052314814814814814 0.34296875 0.05277777777777778 0.34322916666666664 0.05277777777777778 0.34401041666666665 0.05324074074074074 0.34427083333333336 0.05324074074074074 0.3450520833333333 0.053703703703703705 0.3453125 0.05416666666666667 0.34661458333333334 0.055092592592592596 0.34739583333333335 0.055092592592592596 0.34791666666666665 0.05555555555555555 0.34817708333333336 0.05648148148148148 0.3494791666666667 0.058333333333333334 0.35052083333333334 0.058333333333333334 0.35078125 0.0625 0.353125 0.06296296296296296 0.353125 0.06388888888888888 0.3536458333333333 0.06435185185185185 0.3536458333333333 0.06481481481481481 0.35390625 0.06712962962962964 0.35442708333333334 0.06805555555555555 0.35494791666666664 0.06898148148148148 0.35494791666666664 0.07222222222222222 0.35598958333333336 0.07361111111111111 0.35598958333333336 0.07407407407407407 0.35625 0.07592592592592592 0.35625 0.0763888888888889 0.35651041666666666 0.07777777777777778 0.35651041666666666 0.07824074074074074 0.3567708333333333 0.08055555555555556 0.3567708333333333 0.08101851851851852 0.35703125 0.08472222222222223 0.35703125 0.08518518518518518 0.3567708333333333 0.0875 0.3567708333333333 0.08796296296296297 0.35651041666666666 0.08935185185185185 0.35651041666666666 0.08981481481481482 0.35625 0.0912037037037037 0.35625 0.09259259259259259 0.35572916666666665 0.09490740740740741 0.35546875 0.09537037037037037 0.35520833333333335 0.09675925925925925 0.35494791666666664 0.09768518518518518 0.35442708333333334 0.09907407407407408 0.3541666666666667 0.1 0.3536458333333333 0.10046296296296296 0.3536458333333333 0.10138888888888889 0.353125 0.10138888888888889 0.3528645833333333 0.10601851851851851 0.3502604166666667 0.10601851851851851 0.35 0.10740740740740741 0.34921875 0.10740740740740741 0.3489583333333333 0.1087962962962963 0.34765625 0.10925925925925926 0.3463541666666667 0.11018518518518519 0.3455729166666667 0.11018518518518519 0.34479166666666666 0.11064814814814815 0.34453125 0.11064814814814815 0.34348958333333335 0.1111111111111111 0.34322916666666664 0.1111111111111111 0.3419270833333333 0.11157407407407408 0.3416666666666667 0.11157407407407408 0.34140625 0.1111111111111111 0.3411458333333333 0.1111111111111111 0.3385416666666667 0.11064814814814815 0.33828125 0.11064814814814815 0.3372395833333333 0.11018518518518519 0.33697916666666666 0.11018518518518519 0.33645833333333336 0.10925925925925926 0.33567708333333335 0.10925925925925926 0.33515625 0.1087962962962963 0.33489583333333334 0.10694444444444444 0.33255208333333336 0.10555555555555556 0.33177083333333335 0.10555555555555556 0.33151041666666664 0.10231481481481482 0.3296875 0.10231481481481482 0.3294270833333333 0.1 0.328125 0.1 0.32786458333333335 0.09907407407407408 0.32734375 0.09861111111111111 0.32734375 0.09490740740740741 0.32578125 0.09398148148148149 0.32578125 0.09166666666666666 0.325 0.08981481481481482 0.325 0.08935185185185185 0.32526041666666666 0.08518518518518518 0.32526041666666666 0.08472222222222223 0.325 0.08333333333333333 0.325 0.08287037037037037 0.32526041666666666 0.06759259259259259 0.32526041666666666 0.06712962962962964 0.3255208333333333
0 0.05555555555555555 0.5994791666666667 0.05555555555555555 0.6002604166666666 0.055092592592592596 0.6005208333333333 0.055092592592592596 0.6015625 0.05462962962962963 0.6018229166666667 0.05462962962962963 0.603125 0.05416666666666667 0.6033854166666667 0.05740740740740741 0.6052083333333333 0.0587962962962963 0.60546875 0.059722222222222225 0.6059895833333333 0.06018518518518518 0.6059895833333333 0.060648148148148145 0.60625 0.06296296296296296 0.60625 0.06342592592592593 0.6065104166666667 0.06435185185185185 0.6065104166666667 0.06527777777777778 0.60703125 0.06574074074074074 0.60703125 0.06759259259259259 0.6078125 0.06805555555555555 0.6078125 0.06851851851851852 0.6080729166666666 0.06851851851851852 0.6083333333333333 0.07175925925925926 0.6104166666666667 0.07175925925925926 0.6106770833333334 0.07361111111111111 0.6106770833333334 0.07407407407407407 0.6104166666666667 0.07546296296296297 0.6104166666666667 0.07592592592592592 0.61015625 0.0763888888888889 0.61015625 0.07777777777777778 0.609375 0.07824074074074074 0.609375 0.07962962962962963 0.6088541666666667 0.0837962962962963 0.6091145833333333 0.08425925925925926 0.609375 0.0875 0.61015625 0.09027777777777778 0.61171875 0.09074074074074075 0.61171875 0.09166666666666666 0.6122395833333333 0.09212962962962963 0.6122395833333333 0.09259259259259259 0.6125 0.09351851851851851 0.6125 0.09398148148148149 0.6127604166666667 0.09490740740740741 0.6127604166666667 0.09537037037037037 0.6130208333333333 0.09768518518518518 0.6135416666666667 0.09861111111111111 0.6140625 0.1 0.6143229166666667 0.10185185185185185 0.6151041666666667 0.10277777777777777 0.6151041666666667 0.10324074074074074 0.6153645833333333 0.10416666666666667 0.6153645833333333 0.10555555555555556 0.6158854166666666 0.10648148148148148 0.6158854166666666 0.10694444444444444 0.6161458333333333 0.10740740740740741 0.6161458333333333 0.11018518518518519 0.6174479166666667 0.11064814814814815 0.6174479166666667 0.11157407407407408 0.61796875 0.11388888888888889 0.6184895833333334 0.11481481481481481 0.6190104166666667 0.1162037037037037 0.6190104166666667 0.11666666666666667 0.61875 0.11898148148148148 0.61875 0.12314814814814815 0.6174479166666667 0.12407407407407407 0.6174479166666667 0.12453703703703704 0.6171875 0.125 0.6171875 0.12685185185185185 0.61640625 0.12685185185185185 0.6158854166666666 0.12777777777777777 0.6151041666666667 0.12731481481481483 0.61484375 0.12685185185185185 0.6130208333333333 0.12638888888888888 0.6127604166666667 0.1259259259259259 0.6114583333333333 0.12361111111111112 0.61015625 0.12314814814814815 0.61015625 0.12222222222222222 0.6096354166666667 0.12175925925925926 0.6096354166666667 0.12083333333333333 0.6091145833333333 0.12037037037037036 0.6091145833333333 0.11898148148148148 0.6083333333333333 0.11851851851851852 0.6083333333333333 0.1162037037037037 0.6072916666666667 0.11203703703703703 0.60625 0.1111111111111111 0.6057291666666667 0.11064814814814815 0.6057291666666667 0.1087962962962963 0.6049479166666667 0.10833333333333334 0.6049479166666667 0.1050925925925926 0.6033854166666667 0.1037037037037037 0.603125 0.09490740740740741 0.5981770833333333 0.09490740740740741 0.5979166666666667 0.09305555555555556 0.59609375 0.09305555555555556 0.5955729166666667 0.0912037037037037 0.5940104166666667 0.09074074074074075 0.5940104166666667 0.08842592592592592 0.5932291666666667 0.08657407407407407 0.5932291666666667 0.08611111111111111 0.59296875 0.0837962962962963 0.59296875 0.08333333333333333 0.5927083333333333 0.08101851851851852 0.5921875 0.07731481481481481 0.5901041666666667 0.07685185185185185 0.5901041666666667 0.075 0.5893229166666667 0.07361111111111111 0.5893229166666667 0.07314814814814814 0.5890625 0.0712962962962963 0.5890625 0.07037037037037037 0.5895833333333333 0.06805555555555555 0.5901041666666667 0.06712962962962964 0.590625 0.06712962962962964 0.5908854166666667 0.06481481481481481 0.5921875 0.06481481481481481 0.5924479166666666 0.06342592592592593 0.5932291666666667 0.06342592592592593 0.5934895833333333 0.06157407407407407 0.5947916666666667 0.06157407407407407 0.5950520833333334 0.06018518518518518 0.59609375 0.06018518518518518 0.5963541666666666 0.0587962962962963 0.5971354166666667 0.0587962962962963 0.5973958333333333 0.05740740740740741 0.5981770833333333 0.05740740740740741 0.5984375
0 0.12962962962962962 0.38385416666666666 0.12916666666666668 0.38385416666666666 0.12685185185185185 0.38255208333333335 0.12222222222222222 0.38255208333333335 0.12175925925925926 0.3828125 0.12037037037037036 0.38307291666666665 0.11944444444444445 0.38359375 0.11898148148148148 0.38359375 0.11296296296296296 0.38671875 0.11296296296296296 0.38697916666666665 0.11157407407407408 0.38776041666666666 0.11157407407407408 0.3880208333333333 0.11064814814814815 0.3885416666666667 0.11018518518518519 0.3893229166666667 0.10925925925925926 0.38984375 0.10925925925925926 0.39010416666666664 0.10833333333333334 0.390625 0.10833333333333334 0.39088541666666665 0.10648148148148148 0.3919270833333333 0.10648148148148148 0.3921875 0.10601851851851851 0.3924479166666667 0.10555555555555556 0.3932291666666667 0.10462962962962963 0.39375 0.10462962962962963 0.39401041666666664 0.10046296296296296 0.3963541666666667 0.1 0.3963541666666667 0.09907407407407408 0.396875 0.09722222222222222 0.396875 0.09675925925925925 0.3971354166666667 0.09398148148148149 0.3971354166666667 0.09351851851851851 0.396875 0.0912037037037037 0.396875 0.09074074074074075 0.3971354166666667 0.09027777777777778 0.3971354166666667 0.08981481481481482 0.39739583333333334 0.08888888888888889 0.39739583333333334 0.0875 0.39791666666666664 0.0875 0.39817708333333335 0.08657407407407407 0.39895833333333336 0.08657407407407407 0.39947916666666666 0.08564814814814815 0.4002604166666667 0.08564814814814815 0.4010416666666667 0.08518518518518518 0.40130208333333334 0.08518518518518518 0.40182291666666664 0.08472222222222223 0.40208333333333335 0.08472222222222223 0.40234375 0.08194444444444444 0.40390625 0.08148148148148149 0.40390625 0.07962962962962963 0.4046875 0.07916666666666666 0.40546875 0.07824074074074074 0.40598958333333335 0.07777777777777778 0.40677083333333336 0.0763888888888889 0.4078125 0.0763888888888889 0.4088541666666667 0.07685185185185185 0.40911458333333334 0.07685185185185185 0.40989583333333335 0.07731481481481481 0.41015625 0.07731481481481481 0.4109375 0.07777777777777778 0.41119791666666666 0.07777777777777778 0.4119791666666667 0.0787037037037037 0.4125 0.0787037037037037 0.4127604166666667 0.08055555555555556 0.41380208333333335 0.08101851851851852 0.41380208333333335 0.08194444444444444 0.41432291666666665 0.0824074074074074 0.41432291666666665 0.08611111111111111 0.4158854166666667 0.08657407407407407 0.4158854166666667 0.08888888888888889 0.4166666666666667 0.08981481481481482 0.4166666666666667 0.09027777777777778 0.41692708333333334 0.0912037037037037 0.41692708333333334 0.09166666666666666 0.4171875 0.09305555555555556 0.4171875 0.09351851851851851 0.41744791666666664 0.09490740740740741 0.41744791666666664 0.09537037037037037 0.41770833333333335 0.0962962962962963 0.41770833333333335 0.09675925925925925 0.41796875 0.09768518518518518 0.41796875 0.09814814814814815 0.41822916666666665 0.10277777777777777 0.41822916666666665 0.10324074074074074 0.41796875 0.1037037037037037 0.41796875 0.1111111111111111 0.41380208333333335 0.11157407407407408 0.41380208333333335 0.11296296296296296 0.41302083333333334 0.11296296296296296 0.4127604166666667 0.11388888888888889 0.4122395833333333 0.11388888888888889 0.4119791666666667 0.11527777777777778 0.41067708333333336 0.11527777777777778 0.40989583333333335 0.11574074074074074 0.40963541666666664 0.11574074074074074 0.40911458333333334 0.1162037037037037 0.4088541666666667 0.1162037037037037 0.4075520833333333 0.11666666666666667 0.40729166666666666 0.11666666666666667 0.40520833333333334 0.11712962962962963 0.4049479166666667 0.11712962962962963 0.4036458333333333 0.1175925925925926 0.40338541666666666 0.1175925925925926 0.40286458333333336 0.11805555555555555 0.40260416666666665 0.11851851851851852 0.40130208333333334 0.11898148148148148 0.4010416666666667 0.11944444444444445 0.4002604166666667 0.12361111111111112 0.39791666666666664 0.12361111111111112 0.39765625 0.125 0.396875 0.125 0.3966145833333333 0.12685185185185185 0.3953125 0.12731481481481483 0.39453125 0.1310185185185185 0.3924479166666667 0.1310185185185185 0.3921875 0.1337962962962963 0.3893229166666667 0.1337962962962963 0.3888020833333333 0.13425925925925927 0.3885416666666667 0.1337962962962963 0.38828125 0.1337962962962963 0.3875 0.13333333333333333 0.38723958333333336 0.13333333333333333 0.38671875 0.13287037037037036 0.38645833333333335 0.13194444444444445 0.38515625
3 0.13657407407407407 0.4627604166666667 0.13240740740740742 0.46458333333333335 0.1310185185185185 0.46484375 0.12962962962962962 0.465625 0.12777777777777777 0.4661458333333333 0.125 0.46796875 0.12222222222222222 0.46901041666666665 0.12083333333333333 0.4703125 0.12083333333333333 0.47109375 0.12129629629629629 0.4713541666666667 0.12129629629629629 0.47213541666666664 0.12175925925925926 0.47239583333333335 0.12175925925925926 0.47317708333333336 0.12268518518518519 0.4744791666666667 0.12685185185185185 0.47630208333333335 0.12962962962962962 0.47630208333333335 0.1300925925925926 0.47604166666666664 0.1310185185185185 0.47604166666666664 0.13148148148148148 0.47630208333333335 0.13518518518518519 0.47630208333333335 0.13564814814814816 0.4765625 0.13703703703703704 0.4765625 0.1388888888888889 0.47734375 0.1425925925925926 0.48203125 0.1476851851851852 0.4859375 0.15092592592592594 0.4895833333333333 0.15138888888888888 0.490625 0.15231481481481482 0.49114583333333334 0.15416666666666667 0.4934895833333333 0.1550925925925926 0.4940104166666667 0.15648148148148147 0.49557291666666664 0.15787037037037038 0.4981770833333333 0.16111111111111112 0.5005208333333333 0.16296296296296298 0.5028645833333333 0.1638888888888889 0.5033854166666667 0.1699074074074074 0.51015625 0.1712962962962963 0.5109375 0.17314814814814813 0.51328125 0.1763888888888889 0.51484375 0.18009259259259258 0.515625 0.18935185185185185 0.5153645833333333 0.1912037037037037 0.51484375 0.19305555555555556 0.5135416666666667 0.19305555555555556 0.50859375 0.1925925925925926 0.5083333333333333 0.1925925925925926 0.5072916666666667 0.19212962962962962 0.50703125 0.19166666666666668 0.5052083333333334 0.1824074074074074 0.49505208333333334 0.18194444444444444 0.4940104166666667 0.17962962962962964 0.49244791666666665 0.17777777777777778 0.4903645833333333 0.17777777777777778 0.48984375 0.17546296296296296 0.48802083333333335 0.17083333333333334 0.4828125 0.1699074074074074 0.48098958333333336 0.16898148148148148 0.48046875 0.16342592592592592 0.47421875 0.16296296296296298 0.47265625 0.16203703703703703 0.47161458333333334 0.16203703703703703 0.4708333333333333 0.16157407407407406 0.4705729166666667 0.16203703703703703 0.4703125 0.1625 0.46901041666666665 0.16527777777777777 0.4666666666666667 0.16527777777777777 0.465625 0.16574074074074074 0.46536458333333336 0.16574074074074074 0.4625 0.16435185185185186 0.46171875 0.16157407407407406 0.4591145833333333 0.16018518518518518 0.4591145833333333 0.1597222222222222 0.4588541666666667 0.15416666666666667 0.4588541666666667 0.1537037037037037 0.4591145833333333 0.15092592592592594 0.459375 0.1439814814814815 0.46119791666666665 0.14166666666666666 0.46145833333333336 0.1375 0.4627604166666667
3 0.2 0.34140625 0.19953703703703704 0.3424479166666667 0.1986111111111111 0.34322916666666664 0.1986111111111111 0.34375 0.19722222222222222 0.3450520833333333 0.19537037037037036 0.3484375 0.19305555555555556 0.35078125 0.1925925925925926 0.3528645833333333 0.19212962962962962 0.353125 0.19212962962962962 0.35442708333333334 0.19166666666666668 0.3546875 0.19166666666666668 0.35703125 0.1912037037037037 0.3572916666666667 0.19166666666666668 0.3575520833333333 0.19212962962962962 0.359375 0.19305555555555556 0.36041666666666666 0.19444444444444445 0.3606770833333333 0.19537037037037036 0.3611979166666667 0.19814814814814816 0.3614583333333333 0.1986111111111111 0.36171875 0.20046296296296295 0.36171875 0.20092592592592592 0.3619791666666667 0.20555555555555555 0.3609375 0.20879629629629629 0.3609375 0.2101851851851852 0.36041666666666666 0.21157407407407408 0.36041666666666666 0.21203703703703702 0.36015625 0.21666666666666667 0.36015625 0.22037037037037038 0.3611979166666667 0.2222222222222222 0.3611979166666667 0.22268518518518518 0.3614583333333333 0.22453703703703703 0.3614583333333333 0.22685185185185186 0.3619791666666667 0.22870370370370371 0.3619791666666667 0.22916666666666666 0.36223958333333334 0.2324074074074074 0.3625 0.2361111111111111 0.36380208333333336 0.23842592592592593 0.3640625 0.24444444444444444 0.365625 0.24768518518518517 0.3658854166666667 0.2518518518518518 0.36744791666666665 0.25277777777777777 0.36744791666666665 0.25462962962962965 0.36796875 0.25601851851851853 0.36796875 0.25972222222222224 0.3690104166666667 0.26342592592592595 0.36953125 0.2662037037037037 0.3703125 0.2671296296296296 0.37083333333333335 0.2708333333333333 0.37135416666666665 0.2759259259259259 0.3729166666666667 0.27824074074074073 0.3729166666666667 0.27870370370370373 0.3731770833333333 0.2865740740740741 0.3731770833333333 0.29074074074074074 0.37213541666666666 0.29212962962962963 0.37109375 0.2935185185185185 0.3692708333333333 0.2935185185185185 0.3651041666666667 0.28888888888888886 0.36354166666666665 0.287962962962963 0.36302083333333335 0.28379629629629627 0.3619791666666667 0.2796296296296296 0.36041666666666666 0.275 0.36015625 0.2726851851851852 0.359375 0.27037037037037037 0.35911458333333335 0.2657407407407407 0.3578125 0.26481481481481484 0.3572916666666667 0.2638888888888889 0.3572916666666667 0.26157407407407407 0.35651041666666666 0.2569444444444444 0.35572916666666665 0.2513888888888889 0.3536458333333333 0.24814814814814815 0.3533854166666667 0.24768518518518517 0.353125 0.2439814814814815 0.35260416666666666 0.2412037037037037 0.35182291666666665 0.24027777777777778 0.35130208333333335 0.23842592592592593 0.35104166666666664 0.2361111111111111 0.3502604166666667 0.23472222222222222 0.3502604166666667 0.2310185185185185 0.34921875 0.225 0.34817708333333336 0.22407407407407406 0.34765625 0.2212962962962963 0.346875 0.21898148148148147 0.3455729166666667 0.21898148148148147 0.3450520833333333 0.21851851851851853 0.34479166666666666 0.21851851851851853 0.34322916666666664 0.21805555555555556 0.34296875 0.21805555555555556 0.3416666666666667 0.21712962962962962 0.34036458333333336 0.21157407407407408 0.3377604166666667 0.21064814814814814 0.3377604166666667 0.2101851851851852 0.3375 0.20555555555555555 0.3377604166666667
3 0.22361111111111112 0.4661458333333333 0.22361111111111112 0.4669270833333333 0.22314814814814815 0.4671875 0.22314814814814815 0.46796875 0.22268518518518518 0.46822916666666664 0.22268518518518518 0.46901041666666665 0.22175925925925927 0.4703125 0.22175925925925927 0.4744791666666667 0.22453703703703703 0.47630208333333335 0.22685185185185186 0.4765625 0.22824074074074074 0.47708333333333336 0.2324074074074074 0.47708333333333336 0.2351851851851852 0.47578125 0.23981481481481481 0.4747395833333333 0.24722222222222223 0.475 0.24768518518518517 0.4752604166666667 0.2523148148148148 0.47578125 0.25277777777777777 0.47604166666666664 0.25462962962962965 0.47604166666666664 0.2550925925925926 0.47630208333333335 0.2569444444444444 0.47630208333333335 0.2574074074074074 0.4765625 0.26064814814814813 0.47682291666666665 0.2638888888888889 0.47760416666666666 0.2652777777777778 0.47760416666666666 0.2675925925925926 0.4783854166666667 0.2712962962962963 0.4786458333333333 0.2740740740740741 0.47942708333333334 0.2791666666666667 0.48020833333333335 0.2833333333333333 0.48151041666666666 0.2851851851851852 0.48151041666666666 0.28564814814814815 0.4817708333333333 0.28703703703703703 0.4817708333333333 0.2884259259259259 0.4822916666666667 0.2898148148148148 0.4822916666666667 0.29212962962962963 0.4828125 0.29398148148148145 0.4828125 0.2986111111111111 0.48411458333333335 0.30277777777777776 0.484375 0.30324074074074076 0.48463541666666665 0.30833333333333335 0.48515625 0.3101851851851852 0.4856770833333333 0.31296296296296294 0.4856770833333333 0.31342592592592594 0.4859375 0.31805555555555554 0.4859375 0.3199074074074074 0.48541666666666666 0.3212962962962963 0.48541666666666666 0.32314814814814813 0.48489583333333336 0.325 0.48385416666666664 0.3263888888888889 0.4822916666666667 0.324537037037037 0.4783854166666667 0.3226851851851852 0.47734375 0.31342592592592594 0.4747395833333333 0.3101851851851852 0.4744791666666667 0.3074074074074074 0.47369791666666666 0.300462962962963 0.47265625 0.29212962962962963 0.4705729166666667 0.2912037037037037 0.4705729166666667 0.2861111111111111 0.46927083333333336 0.28379629629629627 0.46901041666666665 0.27546296296296297 0.4666666666666667 0.2740740740740741 0.4666666666666667 0.27361111111111114 0.46640625 0.2722222222222222 0.46640625 0.27175925925925926 0.4661458333333333 0.26944444444444443 0.46588541666666666 0.26805555555555555 0.46536458333333336 0.2657407407407407 0.46510416666666665 0.26342592592592595 0.46432291666666664 0.2611111111111111 0.4640625 0.25972222222222224 0.4635416666666667 0.2574074074074074 0.46328125 0.25601851851851853 0.4627604166666667 0.2537037037037037 0.4625 0.25092592592592594 0.46171875 0.24953703703703703 0.4609375 0.24814814814814815 0.4588541666666667 0.24814814814814815 0.4546875 0.24768518518518517 0.45416666666666666 0.24537037037037038 0.45390625 0.2439814814814815 0.45338541666666665 0.2412037037037037 0.45338541666666665 0.24074074074074073 0.453125 0.23981481481481481 0.453125 0.23935185185185184 0.45338541666666665 0.2375 0.45338541666666665 0.23564814814814813 0.45390625 0.23425925925925925 0.4552083333333333 0.23148148148148148 0.45677083333333335 0.22916666666666666 0.45859375
0 0.2537037037037037 0.5885416666666666 0.25046296296296294 0.5885416666666666 0.25 0.5888020833333333 0.24814814814814815 0.5888020833333333 0.24768518518518517 0.5890625 0.24722222222222223 0.5888020833333333 0.24537037037037038 0.5888020833333333 0.2449074074074074 0.5885416666666666 0.24212962962962964 0.5885416666666666 0.24166666666666667 0.5888020833333333 0.23842592592592593 0.5888020833333333 0.23796296296296296 0.5885416666666666 0.23564814814814813 0.5885416666666666 0.2351851851851852 0.5888020833333333 0.23472222222222222 0.5888020833333333 0.2324074074074074 0.5901041666666667 0.2324074074074074 0.5903645833333333 0.23194444444444445 0.590625 0.23194444444444445 0.5911458333333334 0.23148148148148148 0.59140625 0.23148148148148148 0.59296875 0.23194444444444445 0.5932291666666667 0.23194444444444445 0.5966145833333333 0.23148148148148148 0.596875 0.23148148148148148 0.5979166666666667 0.2310185185185185 0.5981770833333333 0.2310185185185185 0.5989583333333334 0.23055555555555557 0.59921875 0.23055555555555557 0.5997395833333333 0.2300925925925926 0.6 0.2300925925925926 0.6005208333333333 0.22962962962962963 0.60078125 0.22962962962962963 0.6013020833333333 0.22916666666666666 0.6015625 0.22916666666666666 0.6020833333333333 0.22870370370370371 0.60234375 0.22824074074074074 0.6036458333333333 0.22870370370370371 0.60390625 0.22916666666666666 0.6046875 0.2300925925925926 0.6052083333333333 0.2300925925925926 0.60546875 0.23287037037037037 0.6075520833333333 0.23287037037037037 0.6078125 0.2337962962962963 0.60859375 0.23425925925925925 0.6098958333333333 0.23472222222222222 0.61015625 0.23472222222222222 0.6111979166666667 0.2351851851851852 0.6114583333333333 0.2351851851851852 0.6208333333333333 0.23472222222222222 0.62109375 0.23472222222222222 0.6231770833333333 0.2351851851851852 0.6234375 0.2351851851851852 0.6255208333333333 0.23564814814814813 0.62578125 0.23564814814814813 0.6270833333333333 0.2361111111111111 0.62734375 0.2361111111111111 0.6276041666666666 0.23981481481481481 0.6294270833333333 0.24259259259259258 0.6294270833333333 0.24305555555555555 0.6296875 0.2439814814814815 0.6296875 0.24444444444444444 0.6294270833333333 0.24675925925925926 0.6291666666666667 0.24722222222222223 0.62890625 0.24768518518518517 0.62890625 0.2513888888888889 0.6268229166666667 0.2513888888888889 0.6263020833333334 0.2518518518518518 0.6260416666666667 0.2518518518518518 0.6252604166666667 0.2523148148148148 0.625 0.2523148148148148 0.62421875 0.25277777777777777 0.6239583333333333 0.25277777777777777 0.6231770833333333 0.25324074074074077 0.6229166666666667 0.25324074074074077 0.61875 0.2537037037037037 0.6184895833333334 0.2537037037037037 0.6153645833333333 0.25416666666666665 0.6151041666666667 0.25416666666666665 0.6125 0.25462962962962965 0.6122395833333333 0.25462962962962965 0.6098958333333333 0.2550925925925926 0.6096354166666667 0.2550925925925926 0.6083333333333333 0.25555555555555554 0.6080729166666666 0.25555555555555554 0.6072916666666667 0.25601851851851853 0.60703125 0.2569444444444444 0.6057291666666667 0.26064814814814813 0.6036458333333333 0.26064814814814813 0.5966145833333333 0.2611111111111111 0.5963541666666666 0.2611111111111111 0.5950520833333334 0.26157407407407407 0.5947916666666667 0.26157407407407407 0.59375 0.262037037037037 0.5934895833333333 0.262037037037037 0.59140625 0.25972222222222224 0.5901041666666667 0.25833333333333336 0.58984375 0.2574074074074074 0.5893229166666667 0.2569444444444444 0.5893229166666667 0.25555555555555554 0.5888020833333333 0.25416666666666665 0.5888020833333333
4 0.29814814814814816 0.43359375 0.29768518518518516 0.434375 0.2962962962962963 0.4354166666666667 0.2962962962962963 0.4361979166666667 0.29583333333333334 0.43645833333333334 0.29583333333333334 0.43723958333333335 0.2953703703703704 0.4375 0.2953703703703704 0.43828125 0.2949074074074074 0.43854166666666666 0.2949074074074074 0.43984375 0.29444444444444445 0.4401041666666667 0.29444444444444445 0.44375 0.2953703703703704 0.44479166666666664 0.29953703703703705 0.4471354166666667 0.3074074074074074 0.44921875 0.3087962962962963 0.44921875 0.30925925925925923 0.44947916666666665 0.3106481481481482 0.44947916666666665 0.3111111111111111 0.44973958333333336 0.3143518518518518 0.44973958333333336 0.3189814814814815 0.4510416666666667 0.3199074074074074 0.4510416666666667 0.32175925925925924 0.4515625 0.32314814814814813 0.4515625 0.3236111111111111 0.4518229166666667 0.324537037037037 0.4518229166666667 0.3277777777777778 0.45260416666666664 0.32916666666666666 0.45260416666666664 0.3347222222222222 0.45390625 0.3375 0.45416666666666666 0.3388888888888889 0.4549479166666667 0.3398148148148148 0.45598958333333334 0.3398148148148148 0.45677083333333335 0.3402777777777778 0.45703125 0.3402777777777778 0.4578125 0.34074074074074073 0.45807291666666666 0.34074074074074073 0.4591145833333333 0.3435185185185185 0.4627604166666667 0.3453703703703704 0.4635416666666667 0.34629629629629627 0.4635416666666667 0.34675925925925927 0.46380208333333334 0.35 0.4640625 0.35324074074074074 0.46484375 0.3541666666666667 0.46458333333333335 0.35648148148148145 0.46458333333333335 0.3592592592592593 0.46380208333333334 0.36064814814814816 0.4630208333333333 0.36203703703703705 0.4627604166666667 0.36342592592592593 0.46197916666666666 0.3638888888888889 0.46197916666666666 0.3662037037037037 0.46067708333333335 0.3662037037037037 0.46041666666666664 0.3685185185185185 0.4588541666666667 0.36898148148148147 0.45807291666666666 0.3699074074074074 0.45755208333333336 0.37083333333333335 0.45625 0.37175925925925923 0.4557291666666667 0.3726851851851852 0.4546875 0.3731481481481482 0.45338541666666665 0.375 0.4513020833333333 0.375 0.45078125 0.37546296296296294 0.4505208333333333 0.37546296296296294 0.44921875 0.37592592592592594 0.44895833333333335 0.37592592592592594 0.4473958333333333 0.3763888888888889 0.4471354166666667 0.3763888888888889 0.4440104166666667 0.3768518518518518 0.44375 0.3768518518518518 0.44296875 0.3763888888888889 0.4427083333333333 0.3763888888888889 0.4401041666666667 0.37592592592592594 0.43984375 0.37592592592592594 0.4388020833333333 0.37546296296296294 0.43854166666666666 0.37546296296296294 0.43802083333333336 0.3736111111111111 0.4359375 0.37222222222222223 0.43515625 0.37083333333333335 0.43515625 0.37037037037037035 0.4348958333333333 0.3680555555555556 0.4348958333333333 0.3675925925925926 0.43463541666666666 0.3648148148148148 0.43463541666666666 0.36435185185185187 0.434375 0.3597222222222222 0.434375 0.35833333333333334 0.4348958333333333 0.3574074074074074 0.4348958333333333 0.35555555555555557 0.4354166666666667 0.35324074074074074 0.43671875 0.3523148148148148 0.43697916666666664 0.35138888888888886 0.43697916666666664 0.34953703703703703 0.4375 0.3476851851851852 0.4375 0.3472222222222222 0.43776041666666665 0.3449074074074074 0.43776041666666665 0.3416666666666667 0.43697916666666664 0.3388888888888889 0.43697916666666664 0.3384259259259259 0.43671875 0.3365740740740741 0.43671875 0.33611111111111114 0.43645833333333334 0.33287037037037037 0.4361979166666667 0.33240740740740743 0.4359375 0.3314814814814815 0.4359375 0.3282407407407407 0.43515625 0.32546296296296295 0.4348958333333333 0.3226851851851852 0.43411458333333336 0.3189814814814815 0.43385416666666665 0.31851851851851853 0.43359375 0.31666666666666665 0.43359375 0.3162037037037037 0.43333333333333335 0.3143518518518518 0.43333333333333335 0.3138888888888889 0.43307291666666664 0.31203703703703706 0.43307291666666664 0.31157407407407406 0.4328125 0.30972222222222223 0.4328125 0.30925925925925923 0.43255208333333334 0.30833333333333335 0.43255208333333334 0.30787037037037035 0.4322916666666667 0.3060185185185185 0.4322916666666667 0.3055555555555556 0.43203125 0.30277777777777776 0.43203125
3 0.32175925925925924 0.328125 0.3199074074074074 0.32890625 0.31851851851851853 0.32916666666666666 0.3175925925925926 0.3299479166666667 0.31666666666666665 0.3341145833333333 0.31712962962962965 0.334375 0.31712962962962965 0.33567708333333335 0.3175925925925926 0.3359375 0.31805555555555554 0.3385416666666667 0.3189814814814815 0.33958333333333335 0.3189814814814815 0.34036458333333336 0.3194444444444444 0.340625 0.3194444444444444 0.34140625 0.32037037037037036 0.34270833333333334 0.32037037037037036 0.34401041666666665 0.32083333333333336 0.34427083333333336 0.32083333333333336 0.3453125 0.32175925925925924 0.34661458333333334 0.32175925925925924 0.34765625 0.32222222222222224 0.34791666666666665 0.32222222222222224 0.34869791666666666 0.3226851851851852 0.3489583333333333 0.3226851851851852 0.3497395833333333 0.3236111111111111 0.35104166666666664 0.3236111111111111 0.35208333333333336 0.32407407407407407 0.35234375 0.32407407407407407 0.3533854166666667 0.325 0.3546875 0.32592592592592595 0.35833333333333334 0.3277777777777778 0.3609375 0.3282407407407407 0.36354166666666665 0.3287037037037037 0.36380208333333336 0.3287037037037037 0.3653645833333333 0.32916666666666666 0.365625 0.32916666666666666 0.36796875 0.3296296296296296 0.36822916666666666 0.32916666666666666 0.3703125 0.3277777777777778 0.371875 0.324537037037037 0.37395833333333334 0.32222222222222224 0.3765625 0.32314814814814813 0.3807291666666667 0.32592592592592595 0.3828125 0.33425925925925926 0.3848958333333333 0.34629629629629627 0.3848958333333333 0.34675925925925927 0.3846354166666667 0.34953703703703703 0.3846354166666667 0.36064814814814816 0.3815104166666667 0.362962962962963 0.3802083333333333 0.362962962962963 0.37994791666666666 0.3648148148148148 0.37890625 0.36666666666666664 0.3768229166666667 0.36666666666666664 0.37604166666666666 0.3662037037037037 0.37578125 0.3662037037037037 0.3729166666666667 0.36527777777777776 0.37213541666666666 0.3611111111111111 0.37005208333333334 0.36018518518518516 0.37005208333333334 0.35694444444444445 0.3690104166666667 0.3541666666666667 0.3671875 0.3523148148148148 0.3651041666666667 0.3509259259259259 0.3609375 0.34675925925925927 0.35546875 0.34675925925925927 0.3546875 0.34629629629629627 0.35442708333333334 0.34629629629629627 0.3536458333333333 0.3458333333333333 0.3533854166666667 0.3458333333333333 0.35260416666666666 0.3453703703703704 0.35234375 0.3453703703703704 0.3515625 0.3449074074074074 0.35130208333333335 0.3449074074074074 0.35052083333333334 0.34444444444444444 0.3502604166666667 0.34444444444444444 0.3494791666666667 0.3435185185185185 0.34817708333333336 0.34305555555555556 0.3455729166666667 0.3421296296296296 0.34453125 0.3416666666666667 0.34296875 0.3402777777777778 0.34140625 0.3402777777777778 0.340625 0.3398148148148148 0.34036458333333336 0.3398148148148148 0.33958333333333335 0.3388888888888889 0.33828125 0.3388888888888889 0.3372395833333333 0.33796296296296297 0.3359375 0.33796296296296297 0.3346354166666667 0.3375 0.334375 0.3375 0.33359375 0.337037037037037 0.3333333333333333 0.3365740740740741 0.33203125 0.33564814814814814 0.33125 0.3351851851851852 0.3299479166666667 0.33287037037037037 0.32838541666666665 0.33055555555555555 0.32760416666666664 0.3277777777777778 0.32760416666666664 0.32731481481481484 0.32786458333333335
3 0.4546296296296296 0.3416666666666667 0.45185185185185184 0.3416666666666667 0.4513888888888889 0.34140625 0.44907407407407407 0.34140625 0.4486111111111111 0.3411458333333333 0.4444444444444444 0.3411458333333333 0.4439814814814815 0.34088541666666666 0.43472222222222223 0.34088541666666666 0.43425925925925923 0.3411458333333333 0.4305555555555556 0.3416666666666667 0.42824074074074076 0.34296875 0.42777777777777776 0.34296875 0.42592592592592593 0.3450520833333333 0.42592592592592593 0.34609375 0.4263888888888889 0.3463541666666667 0.4263888888888889 0.34713541666666664 0.4273148148148148 0.3484375 0.42916666666666664 0.34921875 0.43148148148148147 0.3497395833333333 0.4337962962962963 0.35104166666666664 0.43472222222222223 0.35208333333333336 0.43472222222222223 0.35703125 0.43425925925925923 0.3572916666666667 0.43425925925925923 0.35833333333333334 0.43333333333333335 0.35963541666666665 0.43287037037037035 0.36223958333333334 0.4324074074074074 0.3625 0.4324074074074074 0.36380208333333336 0.43194444444444446 0.3640625 0.43194444444444446 0.3651041666666667 0.43148148148148147 0.3653645833333333 0.43148148148148147 0.36640625 0.4310185185185185 0.36666666666666664 0.4310185185185185 0.36796875 0.4305555555555556 0.36822916666666666 0.4305555555555556 0.36953125 0.4300925925925926 0.3697916666666667 0.4300925925925926 0.37135416666666665 0.42962962962962964 0.37161458333333336 0.42962962962962964 0.37265625 0.42916666666666664 0.3729166666666667 0.42916666666666664 0.37447916666666664 0.4287037037037037 0.37473958333333335 0.4287037037037037 0.37578125 0.42777777777777776 0.3768229166666667 0.42777777777777776 0.378125 0.4273148148148148 0.37838541666666664 0.42685185185185187 0.3815104166666667 0.4263888888888889 0.38177083333333334 0.4263888888888889 0.3828125 0.42592592592592593 0.38307291666666665 0.42592592592592593 0.38385416666666666 0.425 0.38515625 0.425 0.38619791666666664 0.42453703703703705 0.38645833333333335 0.42453703703703705 0.38723958333333336 0.4236111111111111 0.3885416666666667 0.4236111111111111 0.39036458333333335 0.42314814814814816 0.390625 0.42314814814814816 0.3963541666666667 0.42592592592592593 0.39765625 0.42777777777777776 0.39817708333333335 0.42916666666666664 0.39817708333333335 0.42962962962962964 0.3984375 0.4361111111111111 0.3984375 0.4375 0.39791666666666664 0.43842592592592594 0.39791666666666664 0.4412037037037037 0.39609375 0.44166666666666665 0.39453125 0.44305555555555554 0.3927083333333333 0.44305555555555554 0.39166666666666666 0.44351851851851853 0.39140625 0.4439814814814815 0.38828125 0.4444444444444444 0.3880208333333333 0.4449074074074074 0.3859375 0.44537037037037036 0.38567708333333334 0.44537037037037036 0.3846354166666667 0.44583333333333336 0.384375 0.44583333333333336 0.38333333333333336 0.4462962962962963 0.38307291666666665 0.4462962962962963 0.38177083333333334 0.44675925925925924 0.3815104166666667 0.44675925925925924 0.3802083333333333 0.44722222222222224 0.37994791666666666 0.44722222222222224 0.378125 0.4476851851851852 0.37786458333333334 0.4476851851851852 0.3765625 0.44814814814814813 0.3763020833333333 0.44814814814814813 0.37526041666666665 0.4486111111111111 0.375 0.4486111111111111 0.37395833333333334 0.44907407407407407 0.3736979166666667 0.44907407407407407 0.37265625 0.449537037037037 0.3723958333333333 0.45 0.3697916666666667 0.45046296296296295 0.36953125 0.45092592592592595 0.36744791666666665 0.4513888888888889 0.3671875 0.4513888888888889 0.36614583333333334 0.45231481481481484 0.36484375 0.4532407407407407 0.3611979166666667 0.4537037037037037 0.3609375 0.4537037037037037 0.36015625 0.4546296296296296 0.35911458333333335 0.4546296296296296 0.35833333333333334 0.4550925925925926 0.3580729166666667 0.4564814814814815 0.35520833333333335 0.4597222222222222 0.353125 0.462037037037037 0.35234375 0.46296296296296297 0.35234375 0.46435185185185185 0.35182291666666665 0.46620370370370373 0.3515625 0.4689814814814815 0.3497395833333333 0.4689814814814815 0.3455729166666667 0.46620370370370373 0.34453125 0.4638888888888889 0.34401041666666665 0.46296296296296297 0.34348958333333335 0.4601851851851852 0.34322916666666664
1 0.47453703703703703 0.4203125 0.46111111111111114 0.4236979166666667 0.45231481481481484 0.4278645833333333 0.45 0.4309895833333333 0.45092592592592595 0.43385416666666665 0.4546296296296296 0.4354166666666667 0.4587962962962963 0.4348958333333333 0.4615740740740741 0.4356770833333333 0.4648148148148148 0.4359375 0.46805555555555556 0.4375 0.4736111111111111 0.44505208333333335 0.48055555555555557 0.45286458333333335 0.48194444444444445 0.4557291666666667 0.48842592592592593 0.46380208333333334 0.49027777777777776 0.4671875 0.49583333333333335 0.4734375 0.49675925925925923 0.47552083333333334 0.5009259259259259 0.48046875 0.5013888888888889 0.48203125 0.5074074074074074 0.48880208333333336 0.5157407407407407 0.50078125 0.5273148148148148 0.51328125 0.5296296296296297 0.5174479166666667 0.5337962962962963 0.5203125 0.5398148148148149 0.5221354166666666 0.5421296296296296 0.5221354166666666 0.5444444444444444 0.5213541666666667 0.5458333333333333 0.5190104166666667 0.5453703703703704 0.5138020833333333 0.5416666666666666 0.509375 0.538425925925926 0.50390625 0.5365740740740741 0.50234375 0.5300925925925926 0.490625 0.5259259259259259 0.4864583333333333 0.5236111111111111 0.4828125 0.5199074074074074 0.47890625 0.5138888888888888 0.46953125 0.5032407407407408 0.45651041666666664 0.5013888888888889 0.45286458333333335 0.49675925925925923 0.4479166666666667 0.4935185185185185 0.44296875 0.4898148148148148 0.4393229166666667 0.48657407407407405 0.4309895833333333 0.4875 0.42942708333333335 0.4912037037037037 0.4270833333333333 0.49212962962962964 0.4234375 0.4898148148148148 0.42109375 0.48657407407407405 0.4197916666666667 0.47824074074074074 0.4197916666666667 0.47685185185185186 0.4203125
2 0.48333333333333334 0.5018229166666667 0.48148148148148145 0.5028645833333333 0.48148148148148145 0.503125 0.4773148148148148 0.5052083333333334 0.4736111111111111 0.5083333333333333 0.4726851851851852 0.509375 0.4726851851851852 0.5098958333333333 0.47129629629629627 0.5114583333333333 0.4703703703703704 0.5119791666666667 0.4666666666666667 0.5161458333333333 0.46620370370370373 0.5174479166666667 0.4652777777777778 0.5182291666666666 0.4648148148148148 0.51953125 0.46296296296296297 0.5216145833333333 0.4625 0.5231770833333333 0.4615740740740741 0.52421875 0.4615740740740741 0.5270833333333333 0.462037037037037 0.52734375 0.4625 0.5294270833333333 0.4671296296296296 0.5317708333333333 0.4699074074074074 0.5325520833333334 0.47175925925925927 0.5325520833333334 0.4722222222222222 0.5328125 0.48703703703703705 0.5328125 0.4875 0.5330729166666667 0.4949074074074074 0.5330729166666667 0.49537037037037035 0.5333333333333333 0.4981481481481482 0.53359375 0.500462962962963 0.534375 0.5013888888888889 0.534375 0.5101851851851852 0.5369791666666667 0.5115740740740741 0.5369791666666667 0.5120370370370371 0.5372395833333333 0.5148148148148148 0.5375 0.5152777777777777 0.5377604166666666 0.5171296296296296 0.5377604166666666 0.5199074074074074 0.5385416666666667 0.5208333333333334 0.5385416666666667 0.5212962962962963 0.5388020833333333 0.5222222222222223 0.5388020833333333 0.5226851851851851 0.5390625 0.5236111111111111 0.5390625 0.5282407407407408 0.5401041666666667 0.5296296296296297 0.5401041666666667 0.5300925925925926 0.5403645833333334 0.5333333333333333 0.5403645833333334 0.5347222222222222 0.53984375 0.5365740740740741 0.5395833333333333 0.5393518518518519 0.53828125 0.5407407407407407 0.5380208333333333 0.5425925925925926 0.5369791666666667 0.5430555555555555 0.5361979166666667 0.5453703703703704 0.534375 0.5453703703703704 0.5338541666666666 0.5462962962962963 0.5330729166666667 0.5462962962962963 0.5315104166666667 0.5467592592592593 0.53125 0.5467592592592593 0.5299479166666666 0.5472222222222223 0.5296875 0.5472222222222223 0.5286458333333334 0.5467592592592593 0.5283854166666667 0.5467592592592593 0.5278645833333333 0.5458333333333333 0.5268229166666667 0.5435185185185185 0.5255208333333333 0.5435185185185185 0.5252604166666667 0.5407407407407407 0.5244791666666667 0.5351851851851852 0.521875 0.5282407407407408 0.5200520833333333 0.5273148148148148 0.51953125 0.5236111111111111 0.5184895833333333 0.5226851851851851 0.5184895833333333 0.5217592592592593 0.51796875 0.5171296296296296 0.5166666666666667 0.5162037037037037 0.5166666666666667 0.5148148148148148 0.5161458333333333 0.5120370370370371 0.5158854166666667 0.5041666666666667 0.5138020833333333 0.5027777777777778 0.5127604166666667 0.5009259259259259 0.51015625 0.5009259259259259 0.5067708333333333 0.5013888888888889 0.5065104166666666 0.5013888888888889 0.5057291666666667 0.4976851851851852 0.5028645833333333 0.49675925925925923 0.5028645833333333 0.49398148148148147 0.5018229166666667 0.49027777777777776 0.5015625 0.4898148148148148 0.5013020833333334 0.48564814814814816 0.5013020833333334
3 0.6240740740740741 0.3815104166666667 0.6208333333333333 0.37942708333333336 0.6185185185185185 0.37864583333333335 0.612037037037037 0.37864583333333335 0.611574074074074 0.37890625 0.6074074074074074 0.37916666666666665 0.6069444444444444 0.37942708333333336 0.6046296296296296 0.3796875 0.6032407407407407 0.3802083333333333 0.6013888888888889 0.3802083333333333 0.600925925925926 0.38046875 0.5976851851851852 0.3807291666666667 0.5930555555555556 0.38203125 0.5916666666666667 0.38203125 0.5861111111111111 0.38359375 0.5851851851851851 0.38359375 0.5824074074074074 0.384375 0.5796296296296296 0.3846354166666667 0.575 0.3859375 0.5657407407407408 0.3875 0.562962962962963 0.38828125 0.5587962962962963 0.3885416666666667 0.5550925925925926 0.3893229166666667 0.5513888888888889 0.3893229166666667 0.5509259259259259 0.38958333333333334 0.5486111111111112 0.38958333333333334 0.5481481481481482 0.38984375 0.5458333333333333 0.38984375 0.5453703703703704 0.39010416666666664 0.5444444444444444 0.39010416666666664 0.5388888888888889 0.3885416666666667 0.5375 0.3885416666666667 0.5370370370370371 0.38828125 0.5287037037037037 0.3885416666666667 0.5263888888888889 0.38984375 0.525 0.3919270833333333 0.5254629629629629 0.3971354166666667 0.5259259259259259 0.39739583333333334 0.5263888888888889 0.4002604166666667 0.5268518518518519 0.4005208333333333 0.5268518518518519 0.40130208333333334 0.5273148148148148 0.4015625 0.5287037037037037 0.4044270833333333 0.5319444444444444 0.40677083333333336 0.5337962962962963 0.4088541666666667 0.5370370370370371 0.4109375 0.5416666666666666 0.41119791666666666 0.5421296296296296 0.4109375 0.5439814814814815 0.4109375 0.5444444444444444 0.41067708333333336 0.5467592592592593 0.41041666666666665 0.5486111111111112 0.40989583333333335 0.5518518518518518 0.4080729166666667 0.5546296296296296 0.4041666666666667 0.5564814814814815 0.403125 0.5583333333333333 0.40260416666666665 0.5592592592592592 0.40260416666666665 0.5638888888888889 0.4010416666666667 0.5666666666666667 0.40078125 0.5726851851851852 0.39947916666666666 0.575925925925926 0.39921875 0.5800925925925926 0.39765625 0.5837962962962963 0.39739583333333334 0.5875 0.3963541666666667 0.5907407407407408 0.39609375 0.5944444444444444 0.39505208333333336 0.5990740740740741 0.39453125 0.6027777777777777 0.39348958333333334 0.6106481481481482 0.3921875 0.612037037037037 0.39166666666666666 0.6129629629629629 0.39166666666666666 0.6189814814814815 0.39010416666666664 0.6203703703703703 0.3893229166666667 0.6226851851851852 0.3885416666666667 0.624537037037037 0.38645833333333335 0.625 0.3848958333333333 0.625462962962963 0.3846354166666667 0.625 0.384375 0.625 0.38333333333333336 0.6240740740740741 0.38229166666666664
0 0.549537037037037 0.49140625 0.549074074074074 0.49166666666666664 0.5476851851851852 0.49166666666666664 0.5453703703703704 0.49270833333333336 0.5453703703703704 0.49296875 0.5439814814814815 0.4942708333333333 0.5439814814814815 0.49557291666666664 0.5435185185185185 0.49583333333333335 0.5435185185185185 0.49713541666666666 0.5430555555555555 0.4973958333333333 0.5430555555555555 0.4984375 0.5425925925925926 0.4986979166666667 0.5425925925925926 0.49921875 0.5421296296296296 0.49947916666666664 0.5421296296296296 0.5 0.5416666666666666 0.5002604166666667 0.5416666666666666 0.5005208333333333 0.5398148148148149 0.5018229166666667 0.5398148148148149 0.50234375 0.5402777777777777 0.5026041666666666 0.5402777777777777 0.5036458333333333 0.5407407407407407 0.50390625 0.5407407407407407 0.50546875 0.5412037037037037 0.5057291666666667 0.5412037037037037 0.50625 0.5416666666666666 0.5065104166666666 0.5416666666666666 0.50703125 0.5421296296296296 0.5072916666666667 0.5421296296296296 0.5078125 0.5425925925925926 0.5080729166666667 0.5425925925925926 0.50859375 0.5430555555555555 0.5088541666666667 0.5430555555555555 0.509375 0.5435185185185185 0.5096354166666667 0.5435185185185185 0.51015625 0.5439814814814815 0.5104166666666666 0.5439814814814815 0.5109375 0.5444444444444444 0.5111979166666667 0.5444444444444444 0.5122395833333333 0.5449074074074074 0.5125 0.5449074074074074 0.5135416666666667 0.5453703703703704 0.5138020833333333 0.5453703703703704 0.5151041666666667 0.5458333333333333 0.5153645833333333 0.5458333333333333 0.5166666666666667 0.5462962962962963 0.5169270833333334 0.5462962962962963 0.5221354166666666 0.5467592592592593 0.5223958333333333 0.5467592592592593 0.52421875 0.5472222222222223 0.5244791666666667 0.5472222222222223 0.52578125 0.5476851851851852 0.5260416666666666 0.5476851851851852 0.5270833333333333 0.5481481481481482 0.52734375 0.5481481481481482 0.5283854166666667 0.5486111111111112 0.5286458333333334 0.5486111111111112 0.5294270833333333 0.549074074074074 0.5296875 0.549074074074074 0.5299479166666666 0.5513888888888889 0.53125 0.5518518518518518 0.53125 0.5523148148148148 0.5315104166666667 0.5532407407407407 0.5315104166666667 0.5537037037037037 0.5317708333333333 0.5546296296296296 0.5317708333333333 0.5550925925925926 0.53203125 0.5574074074074075 0.53203125 0.5578703703703703 0.5317708333333333 0.5592592592592592 0.5317708333333333 0.5597222222222222 0.5315104166666667 0.5601851851851852 0.5315104166666667 0.5634259259259259 0.5296875 0.5634259259259259 0.5294270833333333 0.5643518518518519 0.5286458333333334 0.5643518518518519 0.52734375 0.5648148148148148 0.5270833333333333 0.5648148148148148 0.5252604166666667 0.5652777777777778 0.525 0.5652777777777778 0.5213541666666667 0.5657407407407408 0.52109375 0.5657407407407408 0.51796875 0.5662037037037037 0.5177083333333333 0.5662037037037037 0.5153645833333333 0.5666666666666667 0.5151041666666667 0.5666666666666667 0.51328125 0.5671296296296297 0.5130208333333334 0.5671296296296297 0.5119791666666667 0.5675925925925925 0.51171875 0.5675925925925925 0.5106770833333333 0.5680555555555555 0.5104166666666666 0.5680555555555555 0.5096354166666667 0.5685185185185185 0.509375 0.5685185185185185 0.5088541666666667 0.5694444444444444 0.5080729166666667 0.5699074074074074 0.5067708333333333 0.5708333333333333 0.5059895833333333 0.5708333333333333 0.5052083333333334 0.5712962962962963 0.5049479166666667 0.5712962962962963 0.5041666666666667 0.5717592592592593 0.50390625 0.5717592592592593 0.5028645833333333 0.5722222222222222 0.5026041666666666 0.5722222222222222 0.5018229166666667 0.5726851851851852 0.5015625 0.5726851851851852 0.50078125 0.5731481481481482 0.5005208333333333 0.5731481481481482 0.5 0.5736111111111111 0.49973958333333335 0.5736111111111111 0.49895833333333334 0.5740740740740741 0.4986979166666667 0.5740740740740741 0.4953125 0.5736111111111111 0.49505208333333334 0.5736111111111111 0.4940104166666667 0.5731481481481482 0.49375 0.5731481481481482 0.4934895833333333 0.5722222222222222 0.49296875 0.5717592592592593 0.49296875 0.5685185185185185 0.49192708333333335 0.5666666666666667 0.49192708333333335 0.5662037037037037 0.4921875 0.5652777777777778 0.4921875 0.5648148148148148 0.49244791666666665 0.5634259259259259 0.49244791666666665 0.562962962962963 0.4921875 0.562037037037037 0.4921875 0.5615740740740741 0.49192708333333335 0.5597222222222222 0.49192708333333335 0.5592592592592592 0.49166666666666664 0.5546296296296296 0.49166666666666664 0.5541666666666667 0.49140625
0 0.5875 0.2526041666666667 0.5875 0.25286458333333334 0.5861111111111111 0.25364583333333335 0.5861111111111111 0.25390625 0.5837962962962963 0.2552083333333333 0.5837962962962963 0.25546875 0.5833333333333334 0.2557291666666667 0.5833333333333334 0.25625 0.5828703703703704 0.2565104166666667 0.5810185185185185 0.25885416666666666 0.5796296296296296 0.2598958333333333 0.5796296296296296 0.26067708333333334 0.5791666666666667 0.2609375 0.5791666666666667 0.26145833333333335 0.5787037037037037 0.26171875 0.5787037037037037 0.26223958333333336 0.5782407407407407 0.2625 0.5782407407407407 0.2630208333333333 0.5777777777777777 0.26328125 0.5777777777777777 0.2638020833333333 0.5782407407407407 0.2640625 0.5782407407407407 0.26458333333333334 0.5787037037037037 0.26484375 0.5787037037037037 0.26536458333333335 0.5791666666666667 0.265625 0.5791666666666667 0.26588541666666665 0.5814814814814815 0.2671875 0.5819444444444445 0.2671875 0.5824074074074074 0.2674479166666667 0.5833333333333334 0.2674479166666667 0.5837962962962963 0.2677083333333333 0.5847222222222223 0.2677083333333333 0.5861111111111111 0.2682291666666667 0.587037037037037 0.2682291666666667 0.5884259259259259 0.26875 0.5893518518518519 0.26875 0.5898148148148148 0.26901041666666664 0.5912037037037037 0.26927083333333335 0.5925925925925926 0.27005208333333336 0.5930555555555556 0.2708333333333333 0.5953703703703703 0.2721354166666667 0.5962962962962963 0.2721354166666667 0.5967592592592592 0.27239583333333334 0.5981481481481481 0.27239583333333334 0.5986111111111111 0.27265625 0.6 0.27265625 0.600462962962963 0.27291666666666664 0.6032407407407407 0.27291666666666664 0.6037037037037037 0.27317708333333335 0.6064814814814815 0.27317708333333335 0.6069444444444444 0.2734375 0.6078703703703704 0.2734375 0.6083333333333333 0.27369791666666665 0.6092592592592593 0.27369791666666665 0.6097222222222223 0.27395833333333336 0.6106481481481482 0.27395833333333336 0.6111111111111112 0.27421875 0.6134259259259259 0.27447916666666666 0.6148148148148148 0.275 0.6162037037037037 0.275 0.6166666666666667 0.2752604166666667 0.6180555555555556 0.2752604166666667 0.6185185185185185 0.2755208333333333 0.6208333333333333 0.2760416666666667 0.6217592592592592 0.2765625 0.6231481481481481 0.27682291666666664 0.625462962962963 0.27786458333333336 0.6259259259259259 0.27786458333333336 0.6263888888888889 0.278125 0.6273148148148148 0.278125 0.6277777777777778 0.27838541666666666 0.6287037037037037 0.27838541666666666 0.6291666666666667 0.2786458333333333 0.6300925925925925 0.2786458333333333 0.6305555555555555 0.27890625 0.6314814814814815 0.27890625 0.6319444444444444 0.2791666666666667 0.6333333333333333 0.2791666666666667 0.6337962962962963 0.2794270833333333 0.6356481481481482 0.2794270833333333 0.6361111111111111 0.2791666666666667 0.637962962962963 0.2791666666666667 0.638425925925926 0.27890625 0.6388888888888888 0.27890625 0.6402777777777777 0.278125 0.6402777777777777 0.27786458333333336 0.6416666666666667 0.27708333333333335 0.6416666666666667 0.27682291666666664 0.6425925925925926 0.27630208333333334 0.6425925925925926 0.2760416666666667 0.6435185185185185 0.2752604166666667 0.6435185185185185 0.27291666666666664 0.6439814814814815 0.27265625 0.6439814814814815 0.2713541666666667 0.6421296296296296 0.27005208333333336 0.6416666666666667 0.27005208333333336 0.6407407407407407 0.26953125 0.6402777777777777 0.26953125 0.6393518518518518 0.26901041666666664 0.6388888888888888 0.26901041666666664 0.6351851851851852 0.2674479166666667 0.6347222222222222 0.2674479166666667 0.6342592592592593 0.2671875 0.6337962962962963 0.2671875 0.6333333333333333 0.2669270833333333 0.6328703703703704 0.2669270833333333 0.6324074074074074 0.26666666666666666 0.6319444444444444 0.26666666666666666 0.6314814814814815 0.26640625 0.6273148148148148 0.26536458333333335 0.6263888888888889 0.26484375 0.6231481481481481 0.2640625 0.6194444444444445 0.2625 0.6189814814814815 0.2625 0.6171296296296296 0.26171875 0.6166666666666667 0.26171875 0.6138888888888889 0.2596354166666667 0.6138888888888889 0.2591145833333333 0.6134259259259259 0.25885416666666666 0.6134259259259259 0.25807291666666665 0.6129629629629629 0.2578125 0.6129629629629629 0.25703125 0.6125 0.25677083333333334 0.6125 0.2559895833333333 0.612037037037037 0.2557291666666667 0.611574074074074 0.2557291666666667 0.6111111111111112 0.25546875 0.6064814814814815 0.25546875 0.6060185185185185 0.2552083333333333 0.6037037037037037 0.25494791666666666 0.6032407407407407 0.2546875 0.6018518518518519 0.25442708333333336 0.5967592592592592 0.2518229166666667 0.5958333333333333 0.2518229166666667 0.5944444444444444 0.2513020833333333 0.5935185185185186 0.2513020833333333 0.5930555555555556 0.25104166666666666 0.5921296296296297 0.25104166666666666 0.5916666666666667 0.25078125 0.5912037037037037 0.25104166666666666 0.5898148148148148 0.2513020833333333
0 0.6078703703703704 0.4942708333333333 0.6083333333333333 0.49453125 0.6083333333333333 0.4953125 0.6087962962962963 0.49557291666666664 0.6087962962962963 0.49661458333333336 0.6092592592592593 0.496875 0.6097222222222223 0.4981770833333333 0.611574074074074 0.49921875 0.6138888888888889 0.49973958333333335 0.6148148148148148 0.5002604166666667 0.6231481481481481 0.5002604166666667 0.6263888888888889 0.49921875 0.6319444444444444 0.49921875 0.6324074074074074 0.49895833333333334 0.6337962962962963 0.49895833333333334 0.6342592592592593 0.4986979166666667 0.6356481481481482 0.4986979166666667 0.6361111111111111 0.4984375 0.638425925925926 0.4981770833333333 0.6388888888888888 0.4979166666666667 0.6393518518518518 0.4979166666666667 0.6402777777777777 0.4973958333333333 0.6407407407407407 0.4973958333333333 0.6435185185185185 0.49609375 0.6439814814814815 0.49609375 0.6462962962962963 0.4953125 0.6476851851851851 0.4953125 0.6481481481481481 0.49505208333333334 0.65 0.49505208333333334 0.6504629629629629 0.4947916666666667 0.6518518518518519 0.4947916666666667 0.6523148148148148 0.49453125 0.6532407407407408 0.49453125 0.6537037037037037 0.4942708333333333 0.6555555555555556 0.4942708333333333 0.6560185185185186 0.4940104166666667 0.6583333333333333 0.4940104166666667 0.6587962962962963 0.49375 0.6615740740740741 0.49375 0.6620370370370371 0.4934895833333333 0.663425925925926 0.4934895833333333 0.6638888888888889 0.49322916666666666 0.6652777777777777 0.49322916666666666 0.6657407407407407 0.49296875 0.6675925925925926 0.49296875 0.6680555555555555 0.49270833333333336 0.6699074074074074 0.49270833333333336 0.6712962962962963 0.4921875 0.6722222222222223 0.4921875 0.6726851851851852 0.49192708333333335 0.675 0.49140625 0.6763888888888889 0.490625 0.6768518518518518 0.490625 0.6773148148148148 0.4903645833333333 0.6773148148148148 0.4859375 0.6768518518518518 0.4856770833333333 0.6768518518518518 0.48541666666666666 0.6736111111111112 0.48333333333333334 0.6722222222222223 0.48333333333333334 0.6717592592592593 0.4830729166666667 0.6703703703703704 0.4830729166666667 0.6699074074074074 0.4828125 0.6657407407407407 0.4828125 0.6652777777777777 0.4830729166666667 0.6601851851851852 0.4830729166666667 0.6597222222222222 0.48333333333333334 0.6513888888888889 0.48333333333333334 0.6509259259259259 0.48359375 0.649074074074074 0.48359375 0.6486111111111111 0.48333333333333334 0.6453703703703704 0.48333333333333334 0.6449074074074074 0.48359375 0.6402777777777777 0.48359375 0.6398148148148148 0.48385416666666664 0.638425925925926 0.48385416666666664 0.6375 0.48333333333333334 0.6361111111111111 0.4830729166666667 0.6351851851851852 0.4825520833333333 0.6347222222222222 0.4825520833333333 0.6342592592592593 0.4822916666666667 0.6328703703703704 0.4822916666666667 0.6324074074074074 0.4825520833333333 0.6277777777777778 0.4825520833333333 0.6273148148148148 0.4828125 0.6263888888888889 0.4828125 0.6240740740740741 0.48359375 0.6231481481481481 0.48359375 0.6217592592592592 0.48411458333333335 0.6208333333333333 0.48411458333333335 0.6194444444444445 0.48463541666666665 0.6125 0.48463541666666665 0.612037037037037 0.48489583333333336 0.6111111111111112 0.48489583333333336 0.6097222222222223 0.4856770833333333 0.6097222222222223 0.4859375 0.6087962962962963 0.48671875 0.6087962962962963 0.4875 0.6083333333333333 0.48776041666666664 0.6083333333333333 0.48880208333333336 0.6078703703703704 0.4890625
2 0.8375 0.3026041666666667 0.8356481481481481 0.3026041666666667 0.8351851851851851 0.30234375 0.8291666666666667 0.30234375 0.8287037037037037 0.3026041666666667 0.825 0.3026041666666667 0.8236111111111111 0.303125 0.8226851851851852 0.303125 0.8208333333333333 0.30364583333333334 0.8194444444444444 0.30364583333333334 0.8189814814814815 0.30390625 0.8175925925925925 0.30390625 0.8162037037037037 0.30442708333333335 0.8138888888888889 0.3046875 0.8106481481481481 0.30572916666666666 0.8097222222222222 0.30572916666666666 0.8092592592592592 0.3059895833333333 0.8013888888888889 0.3072916666666667 0.799074074074074 0.30807291666666664 0.7976851851851852 0.30807291666666664 0.7953703703703704 0.30859375 0.7944444444444444 0.30859375 0.7921296296296296 0.30755208333333334 0.7907407407407407 0.3072916666666667 0.7865740740740741 0.30572916666666666 0.7837962962962963 0.30572916666666666 0.7828703703703703 0.30546875 0.7824074074074074 0.30572916666666666 0.7800925925925926 0.30572916666666666 0.7796296296296297 0.3059895833333333 0.775 0.3059895833333333 0.7703703703703704 0.3072916666666667 0.7671296296296296 0.3078125 0.7643518518518518 0.30885416666666665 0.7601851851851852 0.31145833333333334 0.7583333333333333 0.3138020833333333 0.7583333333333333 0.315625 0.7578703703703704 0.31588541666666664 0.7578703703703704 0.32369791666666664 0.7583333333333333 0.32395833333333335 0.7583333333333333 0.3263020833333333 0.7587962962962963 0.3265625 0.7592592592592593 0.32786458333333335 0.7601851851851852 0.32864583333333336 0.7606481481481482 0.3299479166666667 0.7643518518518518 0.3338541666666667 0.7666666666666667 0.33515625 0.7666666666666667 0.33541666666666664 0.7722222222222223 0.3377604166666667 0.7777777777777778 0.3390625 0.7814814814814814 0.3390625 0.7819444444444444 0.33880208333333334 0.7870370370370371 0.3385416666666667 0.7875 0.33828125 0.7888888888888889 0.33828125 0.7893518518518519 0.3380208333333333 0.7921296296296296 0.3377604166666667 0.7935185185185185 0.3372395833333333 0.7944444444444444 0.3372395833333333 0.799074074074074 0.33489583333333334 0.799074074074074 0.3346354166666667 0.8004629629629629 0.3338541666666667 0.8046296296296296 0.32916666666666666 0.8069444444444445 0.32786458333333335 0.8171296296296297 0.325 0.8180555555555555 0.325 0.8194444444444444 0.32447916666666665 0.8231481481481482 0.32395833333333335 0.8268518518518518 0.3229166666666667 0.8296296296296296 0.32265625 0.8324074074074074 0.3216145833333333 0.8337962962962963 0.32135416666666666 0.836574074074074 0.32005208333333335 0.8384259259259259 0.31953125 0.8421296296296297 0.3177083333333333 0.8425925925925926 0.31692708333333336 0.8444444444444444 0.31536458333333334 0.8444444444444444 0.31484375 0.8449074074074074 0.3145833333333333 0.8449074074074074 0.3098958333333333 0.8416666666666667 0.3059895833333333
1 0.7907407407407407 0.2830729166666667 0.7833333333333333 0.28046875 0.7791666666666667 0.28020833333333334 0.7754629629629629 0.28125 0.7708333333333334 0.28098958333333335 0.7671296296296296 0.28151041666666665 0.7648148148148148 0.2830729166666667 0.7638888888888888 0.28619791666666666 0.7643518518518518 0.2908854166666667 0.7587962962962963 0.2955729166666667 0.7398148148148148 0.3065104166666667 0.7388888888888889 0.30755208333333334 0.7324074074074074 0.3109375 0.7310185185185185 0.31223958333333335 0.711574074074074 0.32395833333333335 0.6865740740740741 0.3377604166666667 0.6851851851851852 0.3390625 0.6597222222222222 0.3536458333333333 0.6569444444444444 0.3572916666666667 0.6578703703703703 0.35859375 0.6620370370370371 0.3611979166666667 0.6662037037037037 0.3625 0.6703703703703704 0.36223958333333334 0.675 0.3611979166666667 0.6773148148148148 0.36015625 0.6842592592592592 0.35546875 0.7087962962962963 0.3416666666666667 0.7125 0.33880208333333334 0.7217592592592592 0.33359375 0.7282407407407407 0.32916666666666666 0.7342592592592593 0.3263020833333333 0.7458333333333333 0.31927083333333334 0.7569444444444444 0.31354166666666666 0.7625 0.309375 0.7662037037037037 0.30755208333333334 0.7754629629629629 0.3046875 0.7791666666666667 0.30234375 0.7833333333333333 0.30104166666666665 0.7944444444444444 0.30078125 0.799074074074074 0.2986979166666667 0.8013888888888889 0.2950520833333333 0.8004629629629629 0.2908854166666667 0.7986111111111112 0.28880208333333335
