0 0.3731481481481482 0.3880208333333333 0.3731481481481482 0.3893229166666667 0.3736111111111111 0.38958333333333334 0.3736111111111111 0.39036458333333335 0.37592592592592594 0.3927083333333333 0.38333333333333336 0.39479166666666665 0.38472222222222224 0.39557291666666666 0.3875 0.3963541666666667 0.38842592592592595 0.3963541666666667 0.3990740740740741 0.4005208333333333 0.4 0.4005208333333333 0.4050925925925926 0.40208333333333335 0.40694444444444444 0.40338541666666666 0.40694444444444444 0.40390625 0.4078703703703704 0.4049479166666667 0.4078703703703704 0.40572916666666664 0.4083333333333333 0.40598958333333335 0.4083333333333333 0.40651041666666665 0.40879629629629627 0.40677083333333336 0.40879629629629627 0.40729166666666666 0.40925925925925927 0.4075520833333333 0.40925925925925927 0.4080729166666667 0.4097222222222222 0.4083333333333333 0.4097222222222222 0.4088541666666667 0.4101851851851852 0.409375 0.41574074074074074 0.4122395833333333 0.4166666666666667 0.4122395833333333 0.4199074074074074 0.41328125 0.4236111111111111 0.41328125 0.4310185185185185 0.4153645833333333 0.4324074074074074 0.41510416666666666 0.43333333333333335 0.41458333333333336 0.43472222222222223 0.41432291666666665 0.4398148148148148 0.41171875 0.44074074074074077 0.41067708333333336 0.44351851851851853 0.40911458333333334 0.44351851851851853 0.4088541666666667 0.44722222222222224 0.40651041666666665 0.44722222222222224 0.40625 0.4486111111111111 0.40546875 0.4486111111111111 0.40520833333333334 0.45046296296296295 0.40390625 0.45046296296296295 0.40260416666666665 0.45092592592592595 0.40234375 0.45092592592592595 0.3997395833333333 0.4476851851851852 0.39765625 0.4449074074074074 0.396875 0.4439814814814815 0.3963541666666667 0.44305555555555554 0.39609375 0.44027777777777777 0.39609375 0.4398148148148148 0.3958333333333333 0.4388888888888889 0.3958333333333333 0.43703703703703706 0.39479166666666665 0.4351851851851852 0.3927083333333333 0.43148148148148147 0.39088541666666665 0.4305555555555556 0.39088541666666665 0.4300925925925926 0.390625 0.4287037037037037 0.390625 0.42824074074074076 0.39036458333333335 0.42685185185185187 0.39036458333333335 0.4263888888888889 0.390625 0.425462962962963 0.390625 0.4236111111111111 0.39114583333333336 0.4185185185185185 0.39114583333333336 0.41805555555555557 0.39140625 0.4152777777777778 0.39140625 0.41435185185185186 0.39088541666666665 0.4078703703703704 0.3893229166666667 0.4064814814814815 0.3885416666666667 0.40555555555555556 0.3885416666666667 0.4046296296296296 0.3880208333333333 0.4 0.38671875 0.3990740740740741 0.38671875 0.38981481481481484 0.3841145833333333 0.38796296296296295 0.38333333333333336 0.38564814814814813 0.38307291666666665 0.38425925925925924 0.38255208333333335 0.3800925925925926 0.38255208333333335 0.37916666666666665 0.38307291666666665 0.3787037037037037 0.38307291666666665 0.37592592592592594 0.3848958333333333
2 0.45092592592592595 0.14973958333333334 0.4476851851851852 0.14895833333333333 0.44351851851851853 0.14895833333333333 0.44305555555555554 0.14921875 0.44074074074074077 0.14921875 0.43796296296296294 0.14973958333333334 0.4356481481481482 0.14973958333333334 0.43287037037037035 0.15078125 0.43148148148148147 0.15234375 0.4310185185185185 0.15416666666666667 0.4305555555555556 0.15442708333333333 0.4305555555555556 0.15625 0.42962962962962964 0.1578125 0.425 0.15963541666666667 0.41944444444444445 0.16119791666666666 0.412962962962963 0.16223958333333333 0.4115740740740741 0.16276041666666666 0.4060185185185185 0.16380208333333332 0.4046296296296296 0.16380208333333332 0.4013888888888889 0.16484375 0.3972222222222222 0.16536458333333334 0.39675925925925926 0.165625 0.39537037037037037 0.165625 0.39490740740740743 0.16588541666666667 0.39305555555555555 0.16588541666666667 0.38935185185185184 0.16692708333333334 0.3851851851851852 0.16744791666666667 0.37777777777777777 0.16953125 0.3736111111111111 0.1703125 0.37222222222222223 0.17109375 0.37222222222222223 0.17161458333333332 0.3712962962962963 0.17239583333333333 0.3712962962962963 0.17317708333333334 0.37083333333333335 0.1734375 0.3712962962962963 0.17552083333333332 0.37175925925925923 0.17578125 0.37222222222222223 0.178125 0.37407407407407406 0.18072916666666666 0.37407407407407406 0.18151041666666667 0.37546296296296294 0.18385416666666668 0.37962962962962965 0.18880208333333334 0.38101851851851853 0.18958333333333333 0.3824074074074074 0.18958333333333333 0.38287037037037036 0.18984375 0.38796296296296295 0.18984375 0.38842592592592595 0.18958333333333333 0.39490740740740743 0.18932291666666667 0.4009259259259259 0.18802083333333333 0.4041666666666667 0.18776041666666668 0.4078703703703704 0.18619791666666666 0.41203703703703703 0.1859375 0.4125 0.18567708333333333 0.4152777777777778 0.18567708333333333 0.41574074074074074 0.18541666666666667 0.41898148148148145 0.18541666666666667 0.42314814814814816 0.184375 0.42453703703703705 0.184375 0.42685185185185187 0.18385416666666668 0.42962962962962964 0.18385416666666668 0.4300925925925926 0.18359375 0.4361111111111111 0.18359375 0.4393518518518518 0.184375 0.4412037037037037 0.18541666666666667 0.44583333333333336 0.18671875 0.44675925925925924 0.18671875 0.45092592592592595 0.18776041666666668 0.45185185185185184 0.1875 0.45555555555555555 0.1875 0.45601851851851855 0.18723958333333332 0.4625 0.18697916666666667 0.4634259259259259 0.18671875 0.4648148148148148 0.1859375 0.46574074074074073 0.18489583333333334 0.46620370370370373 0.18307291666666667 0.4666666666666667 0.1828125 0.4666666666666667 0.17760416666666667 0.46620370370370373 0.17734375 0.46620370370370373 0.17604166666666668 0.46574074074074073 0.17578125 0.4652777777777778 0.1734375 0.46435185185185185 0.17213541666666668 0.4638888888888889 0.16953125 0.4634259259259259 0.16927083333333334 0.4625 0.16640625 0.4597222222222222 0.16223958333333333 0.4597222222222222 0.16145833333333334 0.4587962962962963 0.16015625 0.4587962962962963 0.15911458333333334 0.45694444444444443 0.15677083333333333 0.45601851851851855 0.15442708333333333
3 0.32037037037037036 0.3859375 0.3175925925925926 0.38828125 0.3175925925925926 0.3927083333333333 0.32175925925925924 0.3966145833333333 0.33055555555555555 0.40130208333333334 0.3421296296296296 0.40625 0.3439814814814815 0.40729166666666666 0.3453703703703704 0.4088541666666667 0.35 0.41041666666666665 0.35509259259259257 0.41328125 0.3578703703703704 0.41432291666666665 0.3625 0.4153645833333333 0.36527777777777776 0.4166666666666667 0.3736111111111111 0.41953125 0.37546296296296294 0.4205729166666667 0.38055555555555554 0.421875 0.38287037037037036 0.42291666666666666 0.38425925925925924 0.4231770833333333 0.38657407407407407 0.4244791666666667 0.38981481481481484 0.42734375 0.3888888888888889 0.43046875 0.38842592592592595 0.43072916666666666 0.38842592592592595 0.4317708333333333 0.3921296296296296 0.4356770833333333 0.39814814814814814 0.4359375 0.39861111111111114 0.4356770833333333 0.40185185185185185 0.4354166666666667 0.40555555555555556 0.43385416666666665 0.4078703703703704 0.43359375 0.4115740740740741 0.4315104166666667 0.412962962962963 0.42994791666666665 0.4166666666666667 0.4276041666666667 0.4185185185185185 0.42578125 0.4217592592592593 0.4236979166666667 0.42268518518518516 0.42239583333333336 0.42592592592592593 0.4197916666666667 0.425462962962963 0.41875 0.42268518518518516 0.4158854166666667 0.41944444444444445 0.4140625 0.41203703703703703 0.4119791666666667 0.4083333333333333 0.4119791666666667 0.4078703703703704 0.4122395833333333 0.4074074074074074 0.4119791666666667 0.4041666666666667 0.4119791666666667 0.40324074074074073 0.4114583333333333 0.40046296296296297 0.4109375 0.39166666666666666 0.4083333333333333 0.3902777777777778 0.4075520833333333 0.38842592592592595 0.40703125 0.3837962962962963 0.4044270833333333 0.37824074074074077 0.40208333333333335 0.3726851851851852 0.4005208333333333 0.3675925925925926 0.39791666666666664 0.3625 0.3958333333333333 0.3611111111111111 0.39557291666666666 0.350462962962963 0.390625 0.3472222222222222 0.38958333333333334 0.3453703703703704 0.3885416666666667 0.3421296296296296 0.38776041666666666 0.3375 0.3859375 0.33564814814814814 0.38567708333333334 0.33055555555555555 0.3841145833333333 0.32685185185185184 0.3841145833333333 0.3263888888888889 0.38385416666666666 0.32314814814814813 0.3846354166666667
3 0.3611111111111111 0.42421875 0.3587962962962963 0.42135416666666664 0.35833333333333334 0.4200520833333333 0.35555555555555557 0.41848958333333336 0.35324074074074074 0.41770833333333335 0.3523148148148148 0.41796875 0.3458333333333333 0.41822916666666665 0.3435185185185185 0.4197916666666667 0.34305555555555556 0.42161458333333335 0.3402777777777778 0.42552083333333335 0.3375 0.42682291666666666 0.3333333333333333 0.4270833333333333 0.33101851851851855 0.4276041666666667 0.32546296296296295 0.4276041666666667 0.325 0.4278645833333333 0.31527777777777777 0.428125 0.3148148148148148 0.4283854166666667 0.30648148148148147 0.4283854166666667 0.3060185185185185 0.42864583333333334 0.30185185185185187 0.42864583333333334 0.3013888888888889 0.42890625 0.2972222222222222 0.42890625 0.2967592592592593 0.42916666666666664 0.2865740740740741 0.42942708333333335 0.2861111111111111 0.4296875 0.2828703703703704 0.4296875 0.2824074074074074 0.42994791666666665 0.2763888888888889 0.43020833333333336 0.2759259259259259 0.43046875 0.26944444444444443 0.43046875 0.2689814814814815 0.43072916666666666 0.2652777777777778 0.43072916666666666 0.26481481481481484 0.4309895833333333 0.25787037037037036 0.4309895833333333 0.2574074074074074 0.43125 0.25092592592592594 0.4315104166666667 0.24351851851851852 0.43333333333333335 0.24074074074074073 0.4348958333333333 0.24027777777777778 0.4354166666666667 0.24074074074074073 0.4393229166666667 0.24305555555555555 0.44244791666666666 0.24537037037037038 0.44375 0.2490740740740741 0.44453125 0.25277777777777777 0.44453125 0.25324074074074077 0.44479166666666664 0.25555555555555554 0.44479166666666664 0.25833333333333336 0.4453125 0.26990740740740743 0.4453125 0.27037037037037037 0.44557291666666665 0.2726851851851852 0.44557291666666665 0.27314814814814814 0.4453125 0.2791666666666667 0.4453125 0.2833333333333333 0.44427083333333334 0.2902777777777778 0.44427083333333334 0.29074074074074074 0.4440104166666667 0.2967592592592593 0.4440104166666667 0.2972222222222222 0.44375 0.3050925925925926 0.44375 0.3055555555555556 0.4434895833333333 0.3111111111111111 0.4434895833333333 0.31342592592592594 0.44296875 0.3175925925925926 0.44296875 0.31805555555555554 0.4432291666666667 0.31851851851851853 0.44296875 0.32175925925925924 0.44296875 0.32222222222222224 0.4427083333333333 0.32546296296296295 0.4427083333333333 0.32592592592592595 0.44244791666666666 0.34074074074074073 0.44244791666666666 0.3425925925925926 0.4432291666666667 0.34444444444444444 0.4453125 0.3453703703703704 0.4471354166666667 0.3490740740740741 0.44895833333333335 0.350462962962963 0.44895833333333335 0.3509259259259259 0.44921875 0.3527777777777778 0.44921875 0.35324074074074074 0.44947916666666665 0.3537037037037037 0.44921875 0.35648148148148145 0.44921875 0.35833333333333334 0.44869791666666664 0.3611111111111111 0.4471354166666667 0.36203703703703705 0.4440104166666667 0.3625 0.44375 0.3625 0.44244791666666666 0.362962962962963 0.4421875 0.362962962962963 0.4375 0.3625 0.43723958333333335 0.3625 0.4348958333333333 0.36203703703703705 0.43463541666666666 0.36203703703703705 0.43020833333333336 0.36157407407407405 0.42994791666666665
3 0.16898148148148148 0.25 0.16712962962962963 0.2520833333333333 0.16666666666666666 0.25442708333333336 0.16574074074074074 0.2557291666666667 0.16620370370370371 0.2559895833333333 0.16712962962962963 0.2596354166666667 0.17407407407407408 0.2635416666666667 0.18981481481481483 0.2682291666666667 0.20185185185185187 0.27057291666666666 0.21388888888888888 0.27395833333333336 0.2162037037037037 0.27421875 0.2199074074074074 0.2755208333333333 0.225 0.27630208333333334 0.23287037037037037 0.2786458333333333 0.24212962962962964 0.28046875 0.24722222222222223 0.28203125 0.2513888888888889 0.28203125 0.25277777777777777 0.2830729166666667 0.25277777777777777 0.28828125 0.25324074074074077 0.28854166666666664 0.25324074074074077 0.28958333333333336 0.25462962962962965 0.2908854166666667 0.2601851851851852 0.29270833333333335 0.262037037037037 0.29270833333333335 0.26481481481481484 0.29322916666666665 0.26851851851851855 0.29322916666666665 0.2712962962962963 0.29270833333333335 0.27546296296296297 0.2908854166666667 0.2800925925925926 0.2864583333333333 0.2847222222222222 0.2791666666666667 0.2851851851851852 0.27708333333333335 0.28564814814814815 0.27682291666666664 0.2861111111111111 0.27239583333333334 0.2865740740740741 0.2721354166666667 0.2861111111111111 0.2674479166666667 0.2833333333333333 0.26510416666666664 0.2791666666666667 0.26510416666666664 0.2726851851851852 0.2640625 0.2671296296296296 0.2638020833333333 0.2625 0.26484375 0.25925925925925924 0.26614583333333336 0.2574074074074074 0.265625 0.25462962962962965 0.26536458333333335 0.25092592592592594 0.2643229166666667 0.24861111111111112 0.2643229166666667 0.2449074074074074 0.26328125 0.24212962962962964 0.2630208333333333 0.23148148148148148 0.26015625 0.22361111111111112 0.25885416666666666 0.21296296296296297 0.2557291666666667 0.20787037037037037 0.25494791666666666 0.20185185185185187 0.25338541666666664 0.1912037037037037 0.2515625 0.18611111111111112 0.24947916666666667 0.18009259259259258 0.2484375 0.1736111111111111 0.2484375
4 0.5254629629629629 0.33984375 0.5208333333333334 0.33984375 0.5171296296296296 0.34088541666666666 0.5148148148148148 0.3419270833333333 0.5101851851851852 0.3455729166666667 0.5106481481481482 0.3458333333333333 0.5120370370370371 0.34869791666666666 0.513425925925926 0.3502604166666667 0.5148148148148148 0.35104166666666664 0.5166666666666667 0.3533854166666667 0.5162037037037037 0.3536458333333333 0.5162037037037037 0.35442708333333334 0.5157407407407407 0.3546875 0.5157407407407407 0.35546875 0.5152777777777777 0.35572916666666665 0.5148148148148148 0.35703125 0.513425925925926 0.3578125 0.5125 0.35885416666666664 0.5092592592592593 0.3606770833333333 0.5074074074074074 0.3625 0.5041666666666667 0.36432291666666666 0.5027777777777778 0.365625 0.500462962962963 0.36692708333333335 0.4976851851851852 0.36796875 0.4949074074074074 0.37057291666666664 0.4912037037037037 0.3731770833333333 0.49074074074074076 0.37395833333333334 0.48564814814814816 0.3768229166666667 0.48518518518518516 0.3768229166666667 0.4810185185185185 0.38046875 0.4810185185185185 0.3815104166666667 0.48148148148148145 0.38177083333333334 0.48148148148148145 0.3828125 0.48194444444444445 0.38307291666666665 0.4824074074074074 0.3846354166666667 0.4898148148148148 0.3885416666666667 0.4976851851851852 0.39114583333333336 0.5018518518518519 0.39114583333333336 0.5055555555555555 0.39010416666666664 0.5101851851851852 0.38645833333333335 0.5138888888888888 0.3846354166666667 0.5152777777777777 0.38307291666666665 0.5194444444444445 0.3807291666666667 0.5236111111111111 0.3776041666666667 0.5273148148148148 0.37552083333333336 0.5296296296296297 0.37473958333333335 0.5351851851851852 0.37057291666666664 0.5412037037037037 0.3671875 0.5421296296296296 0.36744791666666665 0.5449074074074074 0.36744791666666665 0.5481481481481482 0.3684895833333333 0.549074074074074 0.3684895833333333 0.5518518518518518 0.3692708333333333 0.5550925925925926 0.3692708333333333 0.5555555555555556 0.36953125 0.5564814814814815 0.36953125 0.5597222222222222 0.36822916666666666 0.5648148148148148 0.3651041666666667 0.5648148148148148 0.3640625 0.5652777777777778 0.36380208333333336 0.5652777777777778 0.3614583333333333 0.5657407407407408 0.3611979166666667 0.5648148148148148 0.36041666666666666 0.5643518518518519 0.35911458333333335 0.5625 0.3572916666666667 0.5601851851851852 0.35598958333333336 0.5601851851851852 0.35572916666666665 0.5587962962962963 0.35520833333333335 0.5564814814814815 0.353125 0.5560185185185185 0.353125 0.5513888888888889 0.3502604166666667 0.5513888888888889 0.35 0.5486111111111112 0.3484375 0.5462962962962963 0.34765625 0.5444444444444444 0.3463541666666667 0.538425925925926 0.34427083333333336 0.5370370370370371 0.34348958333333335 0.5328703703703703 0.3424479166666667 0.5314814814814814 0.3416666666666667
2 0.4986111111111111 0.4140625 0.4962962962962963 0.4140625 0.4925925925925926 0.41484375 0.49166666666666664 0.4153645833333333 0.49027777777777776 0.415625 0.4847222222222222 0.4192708333333333 0.4842592592592593 0.4203125 0.4847222222222222 0.4205729166666667 0.4847222222222222 0.42213541666666665 0.48518518518518516 0.42239583333333336 0.48564814814814816 0.42552083333333335 0.4861111111111111 0.42578125 0.4861111111111111 0.4270833333333333 0.48657407407407405 0.42734375 0.48518518518518516 0.42942708333333335 0.4824074074074074 0.43072916666666666 0.475 0.43515625 0.46944444444444444 0.43776041666666665 0.4671296296296296 0.43854166666666666 0.4615740740740741 0.44166666666666665 0.45787037037037037 0.44296875 0.4546296296296296 0.44505208333333335 0.4513888888888889 0.44609375 0.4476851851851852 0.44817708333333334 0.4412037037037037 0.4510416666666667 0.4412037037037037 0.4549479166666667 0.44212962962962965 0.45598958333333334 0.4449074074074074 0.4578125 0.44583333333333336 0.4588541666666667 0.4546296296296296 0.4640625 0.45740740740740743 0.46432291666666664 0.45787037037037037 0.46458333333333335 0.4615740740740741 0.46458333333333335 0.462037037037037 0.46432291666666664 0.46574074074074073 0.4640625 0.4671296296296296 0.4635416666666667 0.4703703703703704 0.4630208333333333 0.48148148148148145 0.4583333333333333 0.4828703703703704 0.45807291666666666 0.487962962962963 0.45598958333333334 0.49027777777777776 0.45546875 0.49444444444444446 0.45364583333333336 0.4981481481481482 0.45286458333333335 0.5023148148148148 0.45078125 0.5032407407407408 0.45078125 0.5055555555555555 0.45 0.5078703703703704 0.45 0.5083333333333333 0.44973958333333336 0.5143518518518518 0.44973958333333336 0.5148148148148148 0.45 0.5180555555555556 0.45 0.5194444444444445 0.4505208333333333 0.5222222222222223 0.45078125 0.5226851851851851 0.4510416666666667 0.5273148148148148 0.4510416666666667 0.5287037037037037 0.45078125 0.5328703703703703 0.44817708333333334 0.5356481481481481 0.44375 0.5356481481481481 0.4393229166666667 0.5319444444444444 0.43645833333333334 0.5314814814814814 0.4356770833333333 0.5287037037037037 0.43411458333333336 0.5259259259259259 0.4315104166666667 0.5208333333333334 0.4283854166666667 0.5148148148148148 0.4234375 0.5097222222222222 0.42083333333333334 0.5064814814814815 0.41796875 0.5023148148148148 0.415625 0.5023148148148148 0.4153645833333333
3 0.7087962962962963 0.1125 0.7050925925925926 0.11484375 0.7046296296296296 0.115625 0.7041666666666667 0.11848958333333333 0.7037037037037037 0.11875 0.7050925925925926 0.12265625 0.7078703703703704 0.12473958333333333 0.7087962962962963 0.12630208333333334 0.711574074074074 0.128125 0.7138888888888889 0.13098958333333333 0.7148148148148148 0.13151041666666666 0.7171296296296297 0.13411458333333334 0.7171296296296297 0.13463541666666667 0.7189814814814814 0.13619791666666667 0.7203703703703703 0.13880208333333333 0.7236111111111111 0.14114583333333333 0.7245370370370371 0.14244791666666667 0.7277777777777777 0.14427083333333332 0.7296296296296296 0.14635416666666667 0.7314814814814815 0.14765625 0.7319444444444444 0.14869791666666668 0.7347222222222223 0.15182291666666667 0.7361111111111112 0.15546875 0.737037037037037 0.15598958333333332 0.7388888888888889 0.15807291666666667 0.7347222222222223 0.16171875 0.7347222222222223 0.16614583333333333 0.7379629629629629 0.17005208333333333 0.7398148148148148 0.17135416666666667 0.7402777777777778 0.17213541666666668 0.7435185185185185 0.17421875 0.7472222222222222 0.17447916666666666 0.7476851851851852 0.17473958333333334 0.749537037037037 0.17421875 0.7541666666666667 0.17369791666666667 0.7574074074074074 0.17265625 0.762962962962963 0.17161458333333332 0.7722222222222223 0.16744791666666667 0.7796296296296297 0.16171875 0.7810185185185186 0.15807291666666667 0.7773148148148148 0.15364583333333334 0.7754629629629629 0.15208333333333332 0.7717592592592593 0.15 0.7685185185185185 0.15 0.7675925925925926 0.14973958333333334 0.7638888888888888 0.15052083333333333 0.7625 0.15052083333333333 0.7611111111111111 0.15026041666666667 0.7587962962962963 0.14921875 0.7555555555555555 0.14479166666666668 0.7541666666666667 0.14401041666666667 0.7532407407407408 0.14270833333333333 0.7462962962962963 0.13645833333333332 0.7439814814814815 0.13333333333333333 0.7388888888888889 0.12890625 0.7287037037037037 0.11744791666666667 0.725462962962963 0.11484375 0.7212962962962963 0.11276041666666667 0.7180555555555556 0.11197916666666667 0.7125 0.11171875
0 0.512962962962963 0.45859375 0.5120370370370371 0.4591145833333333 0.5120370370370371 0.4596354166666667 0.5115740740740741 0.45989583333333334 0.5115740740740741 0.4609375 0.5111111111111111 0.46119791666666665 0.5111111111111111 0.46328125 0.5120370370370371 0.4640625 0.5120370370370371 0.46458333333333335 0.5138888888888888 0.4666666666666667 0.5157407407407407 0.46796875 0.5194444444444445 0.47213541666666664 0.5194444444444445 0.47265625 0.5203703703703704 0.4734375 0.5208333333333334 0.4747395833333333 0.524074074074074 0.4778645833333333 0.524074074074074 0.4783854166666667 0.524537037037037 0.4786458333333333 0.524537037037037 0.4796875 0.525 0.47994791666666664 0.525 0.48098958333333336 0.5259259259259259 0.48203125 0.5254629629629629 0.4825520833333333 0.5254629629629629 0.4830729166666667 0.525 0.48333333333333334 0.525 0.484375 0.524537037037037 0.48463541666666665 0.524537037037037 0.48776041666666664 0.525 0.48802083333333335 0.525 0.48932291666666666 0.5254629629629629 0.4895833333333333 0.5254629629629629 0.4901041666666667 0.5259259259259259 0.4901041666666667 0.5282407407407408 0.49140625 0.5282407407407408 0.49166666666666664 0.5300925925925926 0.49296875 0.5305555555555556 0.4934895833333333 0.5305555555555556 0.4940104166666667 0.5324074074074074 0.49609375 0.5333333333333333 0.49661458333333336 0.5342592592592592 0.49765625 0.5351851851851852 0.4979166666666667 0.5365740740740741 0.4986979166666667 0.5398148148148149 0.4986979166666667 0.5402777777777777 0.49895833333333334 0.5412037037037037 0.4986979166666667 0.5425925925925926 0.4986979166666667 0.5430555555555555 0.4984375 0.5467592592592593 0.4984375 0.5472222222222223 0.4981770833333333 0.55 0.4981770833333333 0.5504629629629629 0.4979166666666667 0.5518518518518518 0.4979166666666667 0.5541666666666667 0.49713541666666666 0.5550925925925926 0.49713541666666666 0.5569444444444445 0.49661458333333336 0.5606481481481481 0.49505208333333334 0.5638888888888889 0.4942708333333333 0.5648148148148148 0.49322916666666666 0.5648148148148148 0.4903645833333333 0.5652777777777778 0.4901041666666667 0.5643518518518519 0.48932291666666666 0.5643518518518519 0.48880208333333336 0.5615740740740741 0.4864583333333333 0.5615740740740741 0.4856770833333333 0.5611111111111111 0.48541666666666666 0.5611111111111111 0.4830729166666667 0.5606481481481481 0.4828125 0.5606481481481481 0.48151041666666666 0.5601851851851852 0.48125 0.5601851851851852 0.48046875 0.5578703703703703 0.4786458333333333 0.5578703703703703 0.4783854166666667 0.5555555555555556 0.478125 0.5523148148148148 0.47708333333333336 0.5513888888888889 0.47708333333333336 0.55 0.4765625 0.5476851851851852 0.47630208333333335 0.5449074074074074 0.47552083333333334 0.5416666666666666 0.47369791666666666 0.5393518518518519 0.47109375 0.5393518518518519 0.4705729166666667 0.537962962962963 0.46953125 0.537962962962963 0.46901041666666665 0.5370370370370371 0.46822916666666664 0.5365740740740741 0.4669270833333333 0.5351851851851852 0.46588541666666666 0.5328703703703703 0.4630208333333333 0.5314814814814814 0.4622395833333333 0.5310185185185186 0.46145833333333336 0.5300925925925926 0.4609375 0.5291666666666667 0.45989583333333334 0.5291666666666667 0.459375 0.5259259259259259 0.45755208333333336 0.525 0.45729166666666665 0.524074074074074 0.45729166666666665 0.5236111111111111 0.45703125 0.5194444444444445 0.45703125 0.5189814814814815 0.45729166666666665 0.5171296296296296 0.45729166666666665 0.5152777777777777 0.45807291666666666
3 0.47824074074074074 0.6385416666666667 0.47685185185185186 0.6385416666666667 0.47453703703703703 0.6380208333333334 0.4708333333333333 0.6380208333333334 0.46805555555555556 0.6388020833333333 0.46620370370370373 0.6408854166666667 0.46574074074074073 0.6434895833333333 0.46435185185185185 0.6463541666666667 0.462037037037037 0.6484375 0.4587962962962963 0.6502604166666667 0.45601851851851855 0.6513020833333333 0.449537037037037 0.653125 0.44537037037037036 0.65390625 0.43148148148148147 0.6580729166666667 0.4273148148148148 0.65859375 0.41898148148148145 0.6611979166666667 0.41435185185185186 0.6619791666666667 0.4023148148148148 0.6653645833333334 0.3976851851851852 0.6661458333333333 0.3939814814814815 0.6674479166666667 0.39305555555555555 0.6674479166666667 0.387037037037037 0.6692708333333334 0.3861111111111111 0.6692708333333334 0.38287037037037036 0.6700520833333333 0.3819444444444444 0.6705729166666666 0.38101851851851853 0.6705729166666666 0.3773148148148148 0.6721354166666667 0.37407407407407406 0.67421875 0.3736111111111111 0.6776041666666667 0.3763888888888889 0.6809895833333334 0.38055555555555554 0.6830729166666667 0.387037037037037 0.6830729166666667 0.3875 0.6828125 0.38935185185185184 0.6828125 0.38981481481481484 0.6825520833333333 0.39490740740740743 0.68203125 0.4 0.6809895833333334 0.4023148148148148 0.6802083333333333 0.40324074074074073 0.6802083333333333 0.40879629629629627 0.678125 0.4185185185185185 0.6760416666666667 0.425 0.6739583333333333 0.4273148148148148 0.6736979166666667 0.4300925925925926 0.67265625 0.4356481481481482 0.6716145833333333 0.4393518518518518 0.6703125 0.44166666666666665 0.6700520833333333 0.4439814814814815 0.6692708333333334 0.44814814814814813 0.6684895833333333 0.45092592592592595 0.6682291666666667 0.4546296296296296 0.6669270833333333 0.45740740740740743 0.6666666666666666 0.4638888888888889 0.6653645833333334 0.4689814814814815 0.66484375 0.4736111111111111 0.6638020833333333 0.48194444444444445 0.6645833333333333 0.48703703703703705 0.66328125 0.49027777777777776 0.6614583333333334 0.49074074074074076 0.6596354166666667 0.4912037037037037 0.659375 0.4912037037037037 0.6575520833333334 0.49027777777777776 0.6565104166666667 0.4898148148148148 0.6544270833333333 0.4875 0.6515625 0.4861111111111111 0.6479166666666667 0.4828703703703704 0.6442708333333333 0.4824074074074074 0.6424479166666667 0.4791666666666667 0.6403645833333333
4 0.5962962962962963 0.6028645833333334 0.5939814814814814 0.6041666666666666 0.5907407407407408 0.60703125 0.5898148148148148 0.6096354166666667 0.5884259259259259 0.6111979166666667 0.5888888888888889 0.61171875 0.5888888888888889 0.61328125 0.5893518518518519 0.6135416666666667 0.5893518518518519 0.6151041666666667 0.5916666666666667 0.61640625 0.5986111111111111 0.6190104166666667 0.6055555555555555 0.6203125 0.6148148148148148 0.6229166666666667 0.6194444444444445 0.6236979166666666 0.6300925925925925 0.6268229166666667 0.6314814814814815 0.6268229166666667 0.6319444444444444 0.6270833333333333 0.6333333333333333 0.6270833333333333 0.6361111111111111 0.6276041666666666 0.6402777777777777 0.62890625 0.6430555555555556 0.6309895833333333 0.6430555555555556 0.6315104166666666 0.6439814814814815 0.6322916666666667 0.6439814814814815 0.6330729166666667 0.6449074074074074 0.634375 0.6449074074074074 0.6385416666666667 0.6453703703703704 0.6390625 0.6523148148148148 0.6424479166666667 0.6550925925925926 0.6427083333333333 0.6555555555555556 0.64296875 0.6574074074074074 0.64296875 0.6578703703703703 0.6432291666666666 0.6620370370370371 0.6424479166666667 0.6657407407407407 0.6401041666666667 0.6680555555555555 0.6372395833333333 0.6680555555555555 0.63671875 0.6699074074074074 0.6354166666666666 0.6726851851851852 0.63203125 0.6736111111111112 0.6315104166666666 0.674537037037037 0.6296875 0.6773148148148148 0.6268229166666667 0.6782407407407407 0.6247395833333333 0.6800925925925926 0.6229166666666667 0.6824074074074075 0.6182291666666667 0.6847222222222222 0.615625 0.6856481481481481 0.6151041666666667 0.6847222222222222 0.6109375 0.6819444444444445 0.609375 0.6773148148148148 0.6080729166666666 0.6763888888888889 0.6080729166666666 0.674074074074074 0.6072916666666667 0.6694444444444444 0.60703125 0.6675925925925926 0.6078125 0.6648148148148149 0.6104166666666667 0.6615740740740741 0.6122395833333333 0.6578703703703703 0.6130208333333333 0.649537037037037 0.6114583333333333 0.6435185185185185 0.6098958333333333 0.6425925925925926 0.6098958333333333 0.6407407407407407 0.6091145833333333 0.6370370370370371 0.6080729166666666 0.6361111111111111 0.6080729166666666 0.6342592592592593 0.6072916666666667 0.6240740740740741 0.60546875 0.6166666666666667 0.6033854166666667 0.6111111111111112 0.60234375 0.6097222222222223 0.60234375 0.6083333333333333 0.6018229166666667 0.6041666666666666 0.6010416666666667 0.600462962962963 0.6013020833333333
1 0.7870370370370371 0.259375 0.7791666666666667 0.2596354166666667 0.775 0.26197916666666665 0.7731481481481481 0.2638020833333333 0.7712962962962963 0.26848958333333334 0.7689814814814815 0.2786458333333333 0.7666666666666667 0.2830729166666667 0.7611111111111111 0.30703125 0.7597222222222222 0.31015625 0.7592592592592593 0.3145833333333333 0.7564814814814815 0.3223958333333333 0.7560185185185185 0.3260416666666667 0.7537037037037037 0.33098958333333334 0.750462962962963 0.3458333333333333 0.7476851851851852 0.35182291666666665 0.7467592592592592 0.35625 0.7458333333333333 0.3575520833333333 0.7435185185185185 0.35885416666666664 0.7347222222222223 0.3609375 0.7319444444444444 0.3640625 0.7319444444444444 0.36796875 0.7337962962962963 0.37083333333333335 0.7375 0.3734375 0.7444444444444445 0.37552083333333336 0.7560185185185185 0.37552083333333336 0.7615740740740741 0.37447916666666664 0.7717592592592593 0.375 0.7791666666666667 0.3729166666666667 0.7791666666666667 0.365625 0.7773148148148148 0.3611979166666667 0.7726851851851851 0.3575520833333333 0.7726851851851851 0.35442708333333334 0.7800925925925926 0.3265625 0.7824074074074074 0.3140625 0.7888888888888889 0.2947916666666667 0.7912037037037037 0.28229166666666666 0.7953703703703704 0.2677083333333333 0.7949074074074074 0.26328125 0.7939814814814815 0.26223958333333336 0.7907407407407407 0.26015625
3 0.8574074074074074 0.3684895833333333 0.8527777777777777 0.36614583333333334 0.8513888888888889 0.36614583333333334 0.8495370370370371 0.365625 0.8430555555555556 0.3658854166666667 0.8425925925925926 0.36614583333333334 0.8407407407407408 0.36614583333333334 0.8402777777777778 0.36640625 0.8375 0.36666666666666664 0.8351851851851851 0.36744791666666665 0.8287037037037037 0.36875 0.825462962962963 0.3690104166666667 0.8212962962962963 0.37005208333333334 0.8180555555555555 0.3703125 0.8143518518518519 0.37161458333333336 0.8106481481481481 0.371875 0.8060185185185185 0.3729166666666667 0.8023148148148148 0.3731770833333333 0.799074074074074 0.37421875 0.7949074074074074 0.37473958333333335 0.7907407407407407 0.37604166666666666 0.7819444444444444 0.3768229166666667 0.7791666666666667 0.37552083333333336 0.7689814814814815 0.37552083333333336 0.762962962962963 0.37447916666666664 0.7625 0.37473958333333335 0.7601851851851852 0.37473958333333335 0.7555555555555555 0.3763020833333333 0.7513888888888889 0.3763020833333333 0.7476851851851852 0.37864583333333335 0.7458333333333333 0.38125 0.7458333333333333 0.3828125 0.7453703703703703 0.38307291666666665 0.7453703703703703 0.38958333333333334 0.7458333333333333 0.38984375 0.7467592592592592 0.3932291666666667 0.7518518518518519 0.39895833333333336 0.7555555555555555 0.40130208333333334 0.7569444444444444 0.4015625 0.7592592592592593 0.40260416666666665 0.7611111111111111 0.40286458333333336 0.763425925925926 0.4036458333333333 0.7648148148148148 0.4036458333333333 0.7671296296296296 0.4041666666666667 0.7712962962962963 0.40390625 0.774537037037037 0.40286458333333336 0.7787037037037037 0.4002604166666667 0.7819444444444444 0.39479166666666665 0.7847222222222222 0.3932291666666667 0.7861111111111111 0.39296875 0.7870370370370371 0.3924479166666667 0.7921296296296296 0.39114583333333336 0.7944444444444444 0.39088541666666665 0.7986111111111112 0.38958333333333334 0.8013888888888889 0.3893229166666667 0.8060185185185185 0.38828125 0.8092592592592592 0.38828125 0.8106481481481481 0.3880208333333333 0.812037037037037 0.38723958333333336 0.8148148148148148 0.38645833333333335 0.8166666666666667 0.38645833333333335 0.825 0.384375 0.8342592592592593 0.3828125 0.8351851851851851 0.38229166666666664 0.8388888888888889 0.38125 0.8425925925925926 0.3807291666666667 0.8458333333333333 0.3796875 0.8490740740740741 0.37916666666666665 0.8527777777777777 0.37786458333333334 0.8550925925925926 0.3765625 0.8574074074074074 0.3734375 0.8574074074074074 0.37161458333333336 0.8578703703703704 0.37135416666666665 0.8578703703703704 0.3690104166666667
2 0.9148148148148149 0.1734375 0.9060185185185186 0.1734375 0.9055555555555556 0.17369791666666667 0.9037037037037037 0.17369791666666667 0.899074074074074 0.17473958333333334 0.8972222222222223 0.17473958333333334 0.8967592592592593 0.175 0.8944444444444445 0.17526041666666667 0.8902777777777777 0.1765625 0.8875 0.17682291666666666 0.8861111111111111 0.17734375 0.8837962962962963 0.17760416666666667 0.8814814814814815 0.17838541666666666 0.8805555555555555 0.17838541666666666 0.8787037037037037 0.17890625 0.8773148148148148 0.17890625 0.874537037037037 0.17994791666666668 0.8685185185185185 0.18151041666666667 0.8652777777777778 0.1828125 0.8611111111111112 0.18541666666666667 0.8611111111111112 0.18671875 0.8606481481481482 0.18697916666666667 0.8606481481481482 0.18984375 0.8643518518518518 0.19401041666666666 0.8671296296296296 0.19505208333333332 0.8689814814814815 0.19609375 0.8740740740740741 0.19713541666666667 0.8768518518518519 0.1984375 0.8773148148148148 0.19947916666666668 0.8782407407407408 0.20026041666666666 0.8782407407407408 0.20078125 0.8800925925925925 0.20286458333333332 0.8819444444444444 0.20416666666666666 0.8856481481481482 0.20833333333333334 0.8875 0.21197916666666666 0.8898148148148148 0.21484375 0.8898148148148148 0.215625 0.8902777777777777 0.21588541666666666 0.8912037037037037 0.21796875 0.8958333333333334 0.22317708333333333 0.9 0.22682291666666668 0.9037037037037037 0.228125 0.9074074074074074 0.228125 0.9078703703703703 0.22786458333333334 0.9087962962962963 0.22786458333333334 0.9162037037037037 0.22552083333333334 0.9171296296296296 0.225 0.9199074074074074 0.22421875 0.9236111111111112 0.22369791666666666 0.9282407407407407 0.22083333333333333 0.9282407407407407 0.21666666666666667 0.9259259259259259 0.21328125 0.9259259259259259 0.2125 0.924537037037037 0.21041666666666667 0.924537037037037 0.20963541666666666 0.9226851851851852 0.20729166666666668 0.9226851851851852 0.20677083333333332 0.9212962962962963 0.20494791666666667 0.9212962962962963 0.20416666666666666 0.9180555555555555 0.19947916666666668 0.9180555555555555 0.19869791666666667 0.9166666666666666 0.19661458333333334 0.9162037037037037 0.19427083333333334 0.9157407407407407 0.19401041666666666 0.9157407407407407 0.1921875 0.9152777777777777 0.19192708333333333 0.9152777777777777 0.1890625 0.9162037037037037 0.18802083333333333 0.9208333333333333 0.18515625 0.9226851851851852 0.18151041666666667 0.9217592592592593 0.18046875 0.9208333333333333 0.17760416666666667 0.9194444444444444 0.17552083333333332 0.9162037037037037 0.17369791666666667 0.9152777777777777 0.17369791666666667
1 0.8101851851851852 0.5111979166666667 0.8046296296296296 0.5096354166666667 0.799537037037037 0.5088541666666667 0.7949074074074074 0.50703125 0.7912037037037037 0.50625 0.7865740740740741 0.50625 0.7828703703703703 0.5072916666666667 0.7777777777777778 0.5096354166666667 0.7759259259259259 0.5138020833333333 0.7810185185185186 0.5174479166666667 0.7805555555555556 0.5216145833333333 0.7773148148148148 0.5260416666666666 0.7703703703703704 0.53203125 0.7675925925925926 0.5354166666666667 0.7606481481481482 0.5408854166666667 0.7550925925925925 0.5466145833333333 0.7518518518518519 0.5510416666666667 0.7462962962962963 0.5549479166666667 0.736574074074074 0.565625 0.7319444444444444 0.5684895833333333 0.7199074074074074 0.5815104166666667 0.7162037037037037 0.5841145833333333 0.7041666666666667 0.5973958333333333 0.6935185185185185 0.6072916666666667 0.6912037037037037 0.6111979166666667 0.6925925925925925 0.6138020833333333 0.6949074074074074 0.6153645833333333 0.7 0.6171875 0.7055555555555556 0.6174479166666667 0.7092592592592593 0.6166666666666667 0.7166666666666667 0.6119791666666666 0.7328703703703704 0.5950520833333334 0.7379629629629629 0.5911458333333334 0.7513888888888889 0.57734375 0.762962962962963 0.5671875 0.7689814814814815 0.5598958333333334 0.774537037037037 0.5544270833333333 0.7805555555555556 0.5497395833333333 0.7893518518518519 0.5403645833333334 0.8 0.5315104166666667 0.8050925925925926 0.528125 0.8078703703703703 0.5270833333333333 0.8148148148148148 0.52578125 0.8180555555555555 0.5236979166666667 0.8203703703703704 0.5213541666666667 0.8208333333333333 0.5174479166666667 0.8180555555555555 0.5151041666666667
2 0.7675925925925926 0.6486979166666667 0.7597222222222222 0.6502604166666667 0.7546296296296297 0.6541666666666667 0.7509259259259259 0.6583333333333333 0.7509259259259259 0.659375 0.750462962962963 0.6596354166666667 0.75 0.6611979166666667 0.7467592592592592 0.6645833333333333 0.7453703703703703 0.6669270833333333 0.7425925925925926 0.66953125 0.7412037037037037 0.6721354166666667 0.7384259259259259 0.6755208333333333 0.7361111111111112 0.6776041666666667 0.7356481481481482 0.6786458333333333 0.7328703703703704 0.6802083333333333 0.7314814814814815 0.6802083333333333 0.7310185185185185 0.68046875 0.7240740740740741 0.68046875 0.7212962962962963 0.68125 0.7203703703703703 0.68125 0.7166666666666667 0.68359375 0.7162037037037037 0.684375 0.7152777777777778 0.6848958333333334 0.7143518518518519 0.6872395833333333 0.7134259259259259 0.68828125 0.7134259259259259 0.6890625 0.7129629629629629 0.6893229166666667 0.7134259259259259 0.68984375 0.7134259259259259 0.6911458333333333 0.7138888888888889 0.69140625 0.7138888888888889 0.69296875 0.7157407407407408 0.6947916666666667 0.7231481481481481 0.6989583333333333 0.725462962962963 0.6997395833333333 0.7277777777777777 0.7010416666666667 0.7351851851851852 0.7028645833333333 0.7393518518518518 0.7049479166666667 0.7435185185185185 0.7057291666666666 0.7458333333333333 0.7065104166666667 0.7467592592592592 0.7065104166666667 0.7527777777777778 0.7083333333333334 0.7537037037037037 0.7083333333333334 0.7546296296296297 0.7088541666666667 0.7620370370370371 0.7091145833333333 0.7625 0.709375 0.7675925925925926 0.709375 0.7699074074074074 0.70859375 0.774074074074074 0.7044270833333334 0.774074074074074 0.70390625 0.7763888888888889 0.7010416666666667 0.7768518518518519 0.6947916666666667 0.7763888888888889 0.69453125 0.7763888888888889 0.6924479166666667 0.775 0.68984375 0.7754629629629629 0.6856770833333333 0.7759259259259259 0.6854166666666667 0.7759259259259259 0.684375 0.7763888888888889 0.6841145833333333 0.7773148148148148 0.68125 0.7787037037037037 0.6796875 0.7833333333333333 0.6713541666666667 0.7842592592592592 0.6705729166666666 0.7847222222222222 0.6692708333333334 0.7856481481481481 0.6684895833333333 0.7870370370370371 0.6661458333333333 0.7875 0.6640625 0.7888888888888889 0.66171875 0.7893518518518519 0.65859375 0.7898148148148149 0.6583333333333333 0.7861111111111111 0.6544270833333333 0.7805555555555556 0.6520833333333333 0.7782407407407408 0.65078125 0.7712962962962963 0.6489583333333333 0.7680555555555556 0.6489583333333333
3 0.8375 0.4236979166666667 0.837037037037037 0.4244791666666667 0.8310185185185185 0.4278645833333333 0.8282407407407407 0.43046875 0.825925925925926 0.43203125 0.825925925925926 0.43255208333333334 0.8231481481481482 0.4354166666666667 0.8240740740740741 0.4393229166666667 0.8273148148148148 0.44114583333333335 0.8337962962962963 0.4434895833333333 0.8435185185185186 0.4432291666666667 0.8439814814814814 0.4434895833333333 0.8462962962962963 0.4434895833333333 0.8495370370370371 0.44453125 0.8583333333333333 0.4484375 0.8634259259259259 0.4513020833333333 0.8652777777777778 0.45286458333333335 0.8768518518518519 0.45729166666666665 0.8833333333333333 0.46119791666666665 0.8842592592592593 0.4622395833333333 0.8939814814814815 0.46770833333333334 0.8976851851851851 0.46901041666666665 0.9004629629629629 0.4705729166666667 0.9060185185185186 0.47213541666666664 0.9087962962962963 0.47239583333333335 0.9120370370370371 0.47317708333333336 0.9162037037037037 0.47317708333333336 0.9194444444444444 0.47239583333333335 0.9222222222222223 0.4708333333333333 0.9231481481481482 0.46848958333333335 0.9236111111111112 0.46822916666666664 0.9236111111111112 0.4661458333333333 0.9212962962962963 0.4635416666666667 0.9180555555555555 0.46145833333333336 0.9152777777777777 0.4591145833333333 0.9087962962962963 0.45546875 0.9087962962962963 0.4552083333333333 0.9046296296296297 0.453125 0.9018518518518519 0.4510416666666667 0.8986111111111111 0.44973958333333336 0.8916666666666667 0.44583333333333336 0.8893518518518518 0.44505208333333335 0.8847222222222222 0.44244791666666666 0.8824074074074074 0.44166666666666665 0.8777777777777778 0.4390625 0.8763888888888889 0.43776041666666665 0.8759259259259259 0.43776041666666665 0.8675925925925926 0.4328125 0.8666666666666667 0.4317708333333333 0.8666666666666667 0.42994791666666665 0.8671296296296296 0.4296875 0.8675925925925926 0.42734375 0.8671296296296296 0.4270833333333333 0.8666666666666667 0.4236979166666667 0.8657407407407407 0.42291666666666666 0.8597222222222223 0.4200520833333333 0.8564814814814815 0.4192708333333333 0.8527777777777777 0.4192708333333333 0.8523148148148149 0.41953125 0.8481481481481481 0.4197916666666667 0.8472222222222222 0.4203125 0.8458333333333333 0.4205729166666667 0.8416666666666667 0.42265625
1 0.8722222222222222 0.46927083333333336 0.8648148148148148 0.46458333333333335 0.8611111111111112 0.46328125 0.8574074074074074 0.4625 0.850925925925926 0.4627604166666667 0.8449074074074074 0.46536458333333336 0.8439814814814814 0.46640625 0.8439814814814814 0.4705729166666667 0.8416666666666667 0.47239583333333335 0.8319444444444445 0.4765625 0.825925925925926 0.4778645833333333 0.8060185185185185 0.48359375 0.8023148148148148 0.48385416666666664 0.7902777777777777 0.48776041666666664 0.7787037037037037 0.490625 0.7513888888888889 0.4984375 0.7467592592592592 0.4986979166666667 0.7393518518518518 0.50078125 0.7361111111111112 0.50234375 0.7171296296296297 0.50703125 0.7111111111111111 0.5091145833333334 0.6944444444444444 0.51328125 0.6810185185185185 0.5174479166666667 0.6768518518518518 0.52109375 0.6787037037037037 0.5252604166666667 0.6805555555555556 0.5268229166666667 0.6851851851851852 0.5291666666666667 0.6944444444444444 0.5291666666666667 0.7162037037037037 0.5239583333333333 0.7203703703703703 0.5223958333333333 0.7523148148148148 0.5138020833333333 0.7560185185185185 0.5135416666666667 0.763425925925926 0.5119791666666667 0.7680555555555556 0.5104166666666666 0.774074074074074 0.5098958333333333 0.7865740740740741 0.5052083333333334 0.7986111111111112 0.50234375 0.8060185185185185 0.49947916666666664 0.8097222222222222 0.4986979166666667 0.8115740740740741 0.49765625 0.8375 0.49114583333333334 0.8527777777777777 0.48932291666666666 0.8611111111111112 0.48932291666666666 0.8638888888888889 0.4901041666666667 0.8666666666666667 0.4901041666666667 0.8726851851851852 0.4890625 0.8768518518518519 0.4861979166666667 0.8787037037037037 0.48151041666666666 0.8773148148148148 0.47578125
4 0.8523148148148149 0.5838541666666667 0.85 0.5846354166666666 0.8490740740740741 0.5846354166666666 0.8453703703703703 0.58671875 0.8444444444444444 0.5877604166666667 0.8435185185185186 0.5908854166666667 0.8425925925925926 0.5919270833333333 0.8421296296296297 0.59375 0.8412037037037037 0.5947916666666667 0.8412037037037037 0.5955729166666667 0.8407407407407408 0.5958333333333333 0.8407407407407408 0.5966145833333333 0.8402777777777778 0.596875 0.8402777777777778 0.59765625 0.8393518518518519 0.5989583333333334 0.8388888888888889 0.6015625 0.8384259259259259 0.6018229166666667 0.8379629629629629 0.6044270833333333 0.8375 0.6046875 0.8375 0.6059895833333333 0.837037037037037 0.60625 0.837037037037037 0.6075520833333333 0.836574074074074 0.6078125 0.836574074074074 0.6088541666666667 0.8361111111111111 0.6091145833333333 0.8361111111111111 0.61015625 0.8356481481481481 0.6104166666666667 0.8356481481481481 0.6114583333333333 0.8351851851851851 0.61171875 0.8351851851851851 0.6127604166666667 0.8347222222222223 0.6130208333333333 0.8342592592592593 0.61484375 0.8324074074074074 0.6158854166666666 0.8300925925925926 0.6166666666666667 0.825462962962963 0.6166666666666667 0.825 0.6169270833333333 0.8236111111111111 0.6169270833333333 0.8212962962962963 0.6174479166666667 0.8194444444444444 0.6184895833333334 0.8180555555555555 0.6203125 0.8175925925925925 0.6223958333333334 0.8171296296296297 0.62265625 0.8166666666666667 0.62734375 0.8171296296296297 0.6276041666666666 0.8175925925925925 0.6291666666666667 0.8189814814814815 0.6307291666666667 0.8194444444444444 0.6307291666666667 0.8222222222222222 0.6322916666666667 0.8240740740740741 0.6328125 0.825 0.6328125 0.8310185185185185 0.6346354166666667 0.8333333333333334 0.6346354166666667 0.837037037037037 0.6354166666666666 0.8421296296296297 0.6356770833333333 0.8425925925925926 0.6359375 0.8439814814814814 0.6359375 0.8462962962962963 0.6364583333333333 0.8481481481481481 0.6364583333333333 0.8532407407407407 0.6375 0.8555555555555555 0.6375 0.8560185185185185 0.6377604166666667 0.8694444444444445 0.6372395833333333 0.8699074074074075 0.6369791666666667 0.8726851851851852 0.63671875 0.8763888888888889 0.6346354166666667 0.8768518518518519 0.6341145833333334 0.8768518518518519 0.6330729166666667 0.8773148148148148 0.6328125 0.8773148148148148 0.6315104166666666 0.8777777777777778 0.63125 0.8777777777777778 0.6268229166666667 0.8773148148148148 0.6265625 0.8773148148148148 0.6255208333333333 0.8768518518518519 0.6252604166666667 0.8763888888888889 0.6234375 0.8712962962962963 0.6192708333333333 0.8712962962962963 0.6184895833333334 0.8708333333333333 0.6182291666666667 0.8708333333333333 0.6138020833333333 0.8712962962962963 0.6135416666666667 0.8717592592592592 0.61015625 0.8722222222222222 0.6098958333333333 0.8726851851851852 0.6067708333333334 0.8731481481481481 0.6065104166666667 0.8731481481481481 0.6052083333333333 0.8736111111111111 0.6049479166666667 0.8736111111111111 0.603125 0.8740740740740741 0.6028645833333334 0.874537037037037 0.5997395833333333 0.875 0.5994791666666667 0.875 0.5973958333333333 0.875462962962963 0.5971354166666667 0.8759259259259259 0.5932291666666667 0.8763888888888889 0.59296875 0.8763888888888889 0.5919270833333333 0.8768518518518519 0.5916666666666667 0.8763888888888889 0.59140625 0.8759259259259259 0.5877604166666667 0.8731481481481481 0.5861979166666667 0.8689814814814815 0.5848958333333333 0.8666666666666667 0.5848958333333333 0.8662037037037037 0.5846354166666666 0.8629629629629629 0.584375 0.8611111111111112 0.5838541666666667
5 0.8643518518518518 0.6684895833333333 0.8625 0.6692708333333334 0.862037037037037 0.6692708333333334 0.8592592592592593 0.6705729166666666 0.8592592592592593 0.6708333333333333 0.8578703703703704 0.6716145833333333 0.8578703703703704 0.671875 0.8569444444444444 0.6723958333333333 0.8560185185185185 0.6734375 0.8541666666666666 0.6744791666666666 0.8541666666666666 0.6747395833333333 0.8527777777777777 0.6755208333333333 0.8527777777777777 0.67578125 0.8495370370370371 0.6778645833333333 0.8490740740740741 0.6783854166666666 0.8490740740740741 0.67890625 0.8467592592592592 0.6815104166666667 0.8467592592592592 0.6822916666666666 0.8462962962962963 0.6825520833333333 0.8462962962962963 0.68359375 0.8458333333333333 0.6838541666666667 0.8458333333333333 0.6848958333333334 0.8453703703703703 0.68515625 0.8453703703703703 0.6856770833333333 0.8458333333333333 0.6859375 0.8458333333333333 0.6864583333333333 0.8462962962962963 0.68671875 0.8462962962962963 0.6872395833333333 0.8472222222222222 0.68828125 0.8472222222222222 0.6890625 0.8486111111111111 0.6903645833333333 0.8486111111111111 0.6908854166666667 0.8495370370370371 0.6919270833333333 0.850462962962963 0.6924479166666667 0.850925925925926 0.6932291666666667 0.8527777777777777 0.69453125 0.8532407407407407 0.6953125 0.8550925925925926 0.6966145833333334 0.8550925925925926 0.696875 0.8574074074074074 0.6981770833333333 0.8583333333333333 0.6981770833333333 0.8587962962962963 0.6984375 0.8597222222222223 0.6984375 0.861574074074074 0.6989583333333333 0.8648148148148148 0.7005208333333334 0.8666666666666667 0.7010416666666667 0.8689814814814815 0.7013020833333333 0.8703703703703703 0.7018229166666666 0.8712962962962963 0.7018229166666666 0.8731481481481481 0.70234375 0.875462962962963 0.70234375 0.8759259259259259 0.7026041666666667 0.8782407407407408 0.7026041666666667 0.8787037037037037 0.7028645833333333 0.8828703703703704 0.7028645833333333 0.8833333333333333 0.703125 0.8907407407407407 0.703125 0.8912037037037037 0.7028645833333333 0.8930555555555556 0.7028645833333333 0.8958333333333334 0.7020833333333333 0.899537037037037 0.69921875 0.9023148148148148 0.6958333333333333 0.9046296296296297 0.6942708333333333 0.9060185185185186 0.6927083333333334 0.9060185185185186 0.6921875 0.9087962962962963 0.6893229166666667 0.9087962962962963 0.6880208333333333 0.9092592592592592 0.6877604166666667 0.9092592592592592 0.6861979166666666 0.9097222222222222 0.6859375 0.9097222222222222 0.68515625 0.9092592592592592 0.6848958333333334 0.9092592592592592 0.6841145833333333 0.9087962962962963 0.6838541666666667 0.9083333333333333 0.6815104166666667 0.9064814814814814 0.6794270833333333 0.9064814814814814 0.67890625 0.9055555555555556 0.6778645833333333 0.9018518518518519 0.675 0.9009259259259259 0.6736979166666667 0.899074074074074 0.67265625 0.899074074074074 0.6723958333333333 0.8958333333333334 0.6708333333333333 0.8953703703703704 0.6708333333333333 0.8944444444444445 0.6703125 0.8939814814814815 0.6703125 0.8921296296296296 0.66953125 0.8912037037037037 0.66953125 0.8893518518518518 0.6690104166666667 0.8875 0.6690104166666667 0.8870370370370371 0.66875 0.8847222222222222 0.66875 0.8842592592592593 0.6684895833333333 0.8819444444444444 0.6684895833333333 0.8814814814814815 0.6682291666666667 0.8777777777777778 0.6682291666666667 0.8773148148148148 0.66796875 0.8675925925925926 0.66796875 0.8671296296296296 0.6682291666666667 0.8657407407407407 0.6682291666666667 0.8652777777777778 0.6684895833333333
1 0.9925925925925926 0.5432291666666667 0.9847222222222223 0.5432291666666667 0.9819444444444444 0.54375 0.9782407407407407 0.54375 0.975925925925926 0.5453125 0.975 0.5479166666666667 0.9763888888888889 0.5520833333333334 0.9837962962962963 0.55625 0.9842592592592593 0.56171875 0.9814814814814815 0.5796875 0.9768518518518519 0.5955729166666667 0.9763888888888889 0.6002604166666666 0.9745370370370371 0.6065104166666667 0.9722222222222222 0.62265625 0.9703703703703703 0.6286458333333333 0.9694444444444444 0.6388020833333333 0.9680555555555556 0.6416666666666667 0.9662037037037037 0.6513020833333333 0.9657407407407408 0.6588541666666666 0.9666666666666667 0.66171875 0.9703703703703703 0.6640625 0.9773148148148149 0.6653645833333334 0.9861111111111112 0.6653645833333334 0.9907407407407407 0.6619791666666667 0.9967592592592592 0.6385416666666667 0.9972222222222222 0.634375 0.9981481481481481 0.6338541666666667 0.999537037037037 0.6338541666666667 0.999537037037037 0.5442708333333334
