0 0.3819444444444444 0.3919270833333333 0.3819444444444444 0.39427083333333335 0.3824074074074074 0.39453125 0.3824074074074074 0.3958333333333333 0.38287037037037036 0.3963541666666667 0.38564814814814813 0.39765625 0.38981481481481484 0.39869791666666665 0.3907407407407407 0.39921875 0.3921296296296296 0.39947916666666666 0.39444444444444443 0.4005208333333333 0.3976851851851852 0.40130208333333334 0.4 0.40234375 0.4023148148148148 0.40286458333333336 0.40879629629629627 0.40546875 0.4111111111111111 0.40598958333333335 0.41435185185185186 0.4078125 0.41574074074074074 0.409375 0.41574074074074074 0.40989583333333335 0.4166666666666667 0.41067708333333336 0.41712962962962963 0.4119791666666667 0.41944444444444445 0.41380208333333335 0.41944444444444445 0.4140625 0.42314814814814816 0.4161458333333333 0.42453703703703705 0.41640625 0.4273148148148148 0.41770833333333335 0.4324074074074074 0.41770833333333335 0.43287037037037035 0.41796875 0.4351851851851852 0.41796875 0.43703703703703706 0.41901041666666666 0.4375 0.41901041666666666 0.4393518518518518 0.4197916666666667 0.44212962962962965 0.41901041666666666 0.44305555555555554 0.41901041666666666 0.44351851851851853 0.41848958333333336 0.4486111111111111 0.4158854166666667 0.44907407407407407 0.41510416666666666 0.45092592592592595 0.4140625 0.45185185185185184 0.41302083333333334 0.4546296296296296 0.4114583333333333 0.4546296296296296 0.41119791666666666 0.4583333333333333 0.4083333333333333 0.4583333333333333 0.4078125 0.4587962962962963 0.4075520833333333 0.4587962962962963 0.4049479166666667 0.45925925925925926 0.4046875 0.45925925925925926 0.4041666666666667 0.4587962962962963 0.4036458333333333 0.45555555555555555 0.40208333333333335 0.4546296296296296 0.40182291666666664 0.4532407407407407 0.40182291666666664 0.4513888888888889 0.40130208333333334 0.45046296296296295 0.40130208333333334 0.44675925925925924 0.4002604166666667 0.44351851851851853 0.39817708333333335 0.44212962962962965 0.3966145833333333 0.44074074074074077 0.3958333333333333 0.4388888888888889 0.3953125 0.4361111111111111 0.3953125 0.4351851851851852 0.39505208333333336 0.43472222222222223 0.3953125 0.4337962962962963 0.3953125 0.43333333333333335 0.39557291666666666 0.43194444444444446 0.39557291666666666 0.43148148148148147 0.3958333333333333 0.4305555555555556 0.3958333333333333 0.4287037037037037 0.3963541666666667 0.42592592592592593 0.3963541666666667 0.425462962962963 0.39609375 0.42453703703703705 0.39609375 0.4217592592592593 0.3953125 0.42083333333333334 0.39479166666666665 0.41898148148148145 0.39427083333333335 0.41805555555555557 0.39427083333333335 0.4166666666666667 0.39375 0.41574074074074074 0.39375 0.41203703703703703 0.3921875 0.4078703703703704 0.39166666666666666 0.4041666666666667 0.38958333333333334 0.40185185185185185 0.3890625 0.4009259259259259 0.3885416666666667 0.399537037037037 0.3885416666666667 0.3990740740740741 0.38828125 0.39814814814814814 0.38828125 0.39537037037037037 0.3875 0.39351851851851855 0.3875 0.39305555555555555 0.38723958333333336 0.3902777777777778 0.38723958333333336 0.38981481481481484 0.38697916666666665 0.38842592592592595 0.38697916666666665 0.3875 0.38723958333333336 0.38472222222222224 0.3888020833333333
2 0.4546296296296296 0.1546875 0.4532407407407407 0.1546875 0.45092592592592595 0.15416666666666667 0.44722222222222224 0.15494791666666666 0.4425925925925926 0.15494791666666666 0.4393518518518518 0.15572916666666667 0.4375 0.15703125 0.43657407407407406 0.15807291666666667 0.43657407407407406 0.16119791666666666 0.4361111111111111 0.16145833333333334 0.4361111111111111 0.16223958333333333 0.43425925925925923 0.16380208333333332 0.43148148148148147 0.16510416666666666 0.42824074074074076 0.16588541666666667 0.42685185185185187 0.16588541666666667 0.42083333333333334 0.16744791666666667 0.4152777777777778 0.16822916666666668 0.40925925925925927 0.16979166666666667 0.4023148148148148 0.17083333333333334 0.4 0.17161458333333332 0.3962962962962963 0.17161458333333332 0.3939814814814815 0.17239583333333333 0.387037037037037 0.17369791666666667 0.3861111111111111 0.17421875 0.38055555555555554 0.17552083333333332 0.37824074074074077 0.1765625 0.3768518518518518 0.17760416666666667 0.3773148148148148 0.18203125 0.37777777777777777 0.18229166666666666 0.37777777777777777 0.18307291666666667 0.3787037037037037 0.18411458333333333 0.3787037037037037 0.18489583333333334 0.37962962962962965 0.18645833333333334 0.38055555555555554 0.18723958333333332 0.3819444444444444 0.18984375 0.38472222222222224 0.19322916666666667 0.38842592592592595 0.1953125 0.3902777777777778 0.1953125 0.3907407407407407 0.19505208333333332 0.39675925925925926 0.19505208333333332 0.4078703703703704 0.19296875 0.41203703703703703 0.19166666666666668 0.412962962962963 0.19166666666666668 0.41712962962962963 0.190625 0.4236111111111111 0.19036458333333334 0.4273148148148148 0.18958333333333333 0.4337962962962963 0.18932291666666667 0.43425925925925923 0.1890625 0.4356481481481482 0.18932291666666667 0.44305555555555554 0.18958333333333333 0.44351851851851853 0.18984375 0.44675925925925924 0.19010416666666666 0.45416666666666666 0.19244791666666666 0.4648148148148148 0.19244791666666666 0.4652777777777778 0.1921875 0.4671296296296296 0.1921875 0.4708333333333333 0.19010416666666666 0.47175925925925927 0.18880208333333334 0.47175925925925927 0.18723958333333332 0.4722222222222222 0.18697916666666667 0.47175925925925927 0.18229166666666666 0.4708333333333333 0.18072916666666666 0.4703703703703704 0.178125 0.46944444444444444 0.17682291666666666 0.4689814814814815 0.1734375 0.4671296296296296 0.17057291666666666 0.4666666666666667 0.16875 0.4652777777777778 0.1671875 0.4652777777777778 0.16640625 0.4638888888888889 0.16432291666666668 0.4634259259259259 0.1625 0.4625 0.1609375 0.4601851851851852 0.15859375 0.4601851851851852 0.15807291666666667 0.45925925925925926 0.15755208333333334 0.4587962962962963 0.15677083333333333
3 0.3296296296296296 0.39010416666666664 0.32685185185185184 0.3924479166666667 0.3263888888888889 0.3953125 0.32592592592592595 0.39557291666666666 0.32592592592592595 0.3966145833333333 0.3287037037037037 0.4002604166666667 0.33564814814814814 0.4041666666666667 0.3388888888888889 0.40520833333333334 0.3472222222222222 0.4088541666666667 0.3490740740740741 0.409375 0.3537037037037037 0.4119791666666667 0.3574074074074074 0.41328125 0.36064814814814816 0.41510416666666666 0.3625 0.415625 0.3648148148148148 0.41692708333333334 0.37083333333333335 0.4192708333333333 0.3731481481481482 0.4205729166666667 0.3763888888888889 0.42109375 0.38287037037037036 0.42291666666666666 0.3875 0.42473958333333334 0.3962962962962963 0.4296875 0.39814814814814814 0.43125 0.3976851851851852 0.4354166666666667 0.4 0.43828125 0.4023148148148148 0.4395833333333333 0.4041666666666667 0.4401041666666667 0.4046296296296296 0.43984375 0.4083333333333333 0.4395833333333333 0.4162037037037037 0.4361979166666667 0.4199074074074074 0.43359375 0.4236111111111111 0.43203125 0.42592592592592593 0.42916666666666664 0.42592592592592593 0.42864583333333334 0.42777777777777776 0.4270833333333333 0.4300925925925926 0.4239583333333333 0.42962962962962964 0.4197916666666667 0.42824074074074076 0.41901041666666666 0.4222222222222222 0.4171875 0.4199074074074074 0.4161458333333333 0.4162037037037037 0.4171875 0.4115740740740741 0.41744791666666664 0.4083333333333333 0.4161458333333333 0.4041666666666667 0.4153645833333333 0.40185185185185185 0.41380208333333335 0.3976851851851852 0.4125 0.38981481481481484 0.409375 0.38333333333333336 0.40598958333333335 0.3814814814814815 0.40546875 0.3773148148148148 0.40338541666666666 0.37222222222222223 0.40182291666666664 0.3699074074074074 0.4002604166666667 0.3648148148148148 0.39869791666666665 0.36064814814814816 0.3966145833333333 0.3592592592592593 0.3963541666666667 0.35648148148148145 0.39505208333333336 0.350462962962963 0.39296875 0.3449074074074074 0.39036458333333335 0.33796296296296297 0.3885416666666667 0.3347222222222222 0.3888020833333333
3 0.36898148148148147 0.42604166666666665 0.36527777777777776 0.4231770833333333 0.36342592592592593 0.4231770833333333 0.362962962962963 0.42291666666666666 0.3574074074074074 0.4231770833333333 0.35324074074074074 0.42473958333333334 0.350462962962963 0.42890625 0.3476851851851852 0.43046875 0.3435185185185185 0.4315104166666667 0.3337962962962963 0.4322916666666667 0.3333333333333333 0.43255208333333334 0.3300925925925926 0.43255208333333334 0.3296296296296296 0.4328125 0.31851851851851853 0.43307291666666664 0.31527777777777777 0.43359375 0.3101851851851852 0.43359375 0.30972222222222223 0.43385416666666665 0.30648148148148147 0.43385416666666665 0.3060185185185185 0.43411458333333336 0.3023148148148148 0.43411458333333336 0.3 0.43463541666666666 0.29259259259259257 0.43463541666666666 0.29212962962962963 0.4348958333333333 0.287962962962963 0.4348958333333333 0.2875 0.43515625 0.28379629629629627 0.43515625 0.2833333333333333 0.4354166666666667 0.2712962962962963 0.4354166666666667 0.2708333333333333 0.4356770833333333 0.26805555555555555 0.4356770833333333 0.2675925925925926 0.4359375 0.26435185185185184 0.4359375 0.25925925925925924 0.43697916666666664 0.25555555555555554 0.43697916666666664 0.25324074074074077 0.43802083333333336 0.2518518518518518 0.43828125 0.25046296296296294 0.43984375 0.25046296296296294 0.4427083333333333 0.25 0.4432291666666667 0.25046296296296294 0.4434895833333333 0.2513888888888889 0.4471354166666667 0.25462962962962965 0.44895833333333335 0.2564814814814815 0.44947916666666665 0.2638888888888889 0.45 0.2652777777777778 0.4505208333333333 0.26805555555555555 0.4510416666666667 0.27037037037037037 0.4510416666666667 0.2708333333333333 0.4513020833333333 0.274537037037037 0.4510416666666667 0.275 0.45078125 0.2759259259259259 0.4510416666666667 0.28194444444444444 0.4510416666666667 0.2824074074074074 0.45078125 0.287962962962963 0.45078125 0.2902777777777778 0.45026041666666666 0.3111111111111111 0.44973958333333336 0.3138888888888889 0.44895833333333335 0.3194444444444444 0.44869791666666664 0.3199074074074074 0.4484375 0.32731481481481484 0.4484375 0.3277777777777778 0.44817708333333334 0.3333333333333333 0.44817708333333334 0.3337962962962963 0.4479166666666667 0.3425925925925926 0.4479166666666667 0.34305555555555556 0.44817708333333334 0.34629629629629627 0.44817708333333334 0.34675925925925927 0.4484375 0.35 0.44869791666666664 0.3541666666666667 0.4513020833333333 0.3560185185185185 0.45208333333333334 0.3611111111111111 0.45338541666666665 0.36712962962962964 0.453125 0.36898148148148147 0.45260416666666664 0.37037037037037035 0.4513020833333333 0.3712962962962963 0.4479166666666667 0.37175925925925923 0.44765625 0.37175925925925923 0.43802083333333336 0.3712962962962963 0.43776041666666665 0.3712962962962963 0.43411458333333336 0.37083333333333335 0.43385416666666665 0.37037037037037035 0.42994791666666665 0.3699074074074074 0.4296875
3 0.17731481481481481 0.2559895833333333 0.17453703703703705 0.2591145833333333 0.1736111111111111 0.2638020833333333 0.17685185185185184 0.2669270833333333 0.1814814814814815 0.26901041666666664 0.18518518518518517 0.26979166666666665 0.1884259259259259 0.2713541666666667 0.1935185185185185 0.27239583333333334 0.1986111111111111 0.27395833333333336 0.20092592592592592 0.27421875 0.20324074074074075 0.2752604166666667 0.20601851851851852 0.2760416666666667 0.20833333333333334 0.27630208333333334 0.21851851851851853 0.2791666666666667 0.23194444444444445 0.28151041666666665 0.23703703703703705 0.2830729166666667 0.23981481481481481 0.2833333333333333 0.2439814814814815 0.284375 0.2490740740740741 0.28489583333333335 0.25555555555555554 0.2864583333333333 0.25833333333333336 0.2877604166666667 0.2601851851851852 0.28958333333333336 0.2611111111111111 0.2916666666666667 0.26157407407407407 0.2947916666666667 0.2671296296296296 0.29791666666666666 0.2708333333333333 0.2986979166666667 0.27870370370370373 0.2989583333333333 0.2796296296296296 0.2986979166666667 0.28055555555555556 0.29765625 0.2828703703703704 0.29635416666666664 0.28703703703703703 0.29270833333333335 0.2912037037037037 0.2864583333333333 0.2912037037037037 0.28541666666666665 0.2935185185185185 0.28020833333333334 0.2935185185185185 0.2760416666666667 0.29398148148148145 0.2752604166666667 0.29259259259259257 0.27265625 0.29074074074074074 0.2713541666666667 0.2861111111111111 0.2713541666666667 0.2847222222222222 0.2708333333333333 0.2791666666666667 0.26979166666666665 0.274537037037037 0.26979166666666665 0.26805555555555555 0.2716145833333333 0.26342592592592595 0.2716145833333333 0.2611111111111111 0.2708333333333333 0.25833333333333336 0.27057291666666666 0.2462962962962963 0.2682291666666667 0.2449074074074074 0.2677083333333333 0.2412037037037037 0.2671875 0.23981481481481481 0.26666666666666666 0.23564814814814813 0.26614583333333336 0.23194444444444445 0.26484375 0.23055555555555557 0.26484375 0.22592592592592592 0.2635416666666667 0.22453703703703703 0.2635416666666667 0.21157407407407408 0.2598958333333333 0.20185185185185187 0.25833333333333336 0.19675925925925927 0.25677083333333334 0.19398148148148148 0.2565104166666667 0.18981481481481483 0.25546875 0.18611111111111112 0.2552083333333333 0.18564814814814815 0.25494791666666666 0.18101851851851852 0.25494791666666666
4 0.5324074074074074 0.34401041666666665 0.5282407407407408 0.34375 0.525 0.34453125 0.5231481481481481 0.3455729166666667 0.5226851851851851 0.3455729166666667 0.5189814814814815 0.3484375 0.5180555555555556 0.3494791666666667 0.5189814814814815 0.35208333333333336 0.5203703703703704 0.35390625 0.5231481481481481 0.35572916666666665 0.524537037037037 0.3572916666666667 0.5236111111111111 0.3580729166666667 0.5236111111111111 0.35859375 0.5217592592592593 0.36015625 0.5208333333333334 0.36171875 0.5166666666666667 0.3651041666666667 0.512962962962963 0.3671875 0.5092592592592593 0.37005208333333334 0.5050925925925925 0.3723958333333333 0.5037037037037037 0.37395833333333334 0.500462962962963 0.37578125 0.4981481481481482 0.37786458333333334 0.4930555555555556 0.3807291666666667 0.49027777777777776 0.3828125 0.4888888888888889 0.384375 0.4888888888888889 0.3859375 0.48935185185185187 0.38619791666666664 0.4898148148148148 0.3888020833333333 0.49398148148148147 0.39088541666666665 0.49675925925925923 0.39166666666666666 0.5013888888888889 0.39401041666666664 0.5050925925925925 0.39505208333333336 0.5097222222222222 0.39479166666666665 0.5120370370370371 0.39401041666666664 0.5194444444444445 0.38958333333333334 0.5212962962962963 0.3890625 0.5222222222222223 0.3880208333333333 0.5254629629629629 0.38619791666666664 0.5342592592592592 0.3796875 0.5435185185185185 0.37447916666666664 0.5462962962962963 0.3734375 0.5486111111111112 0.37213541666666666 0.5513888888888889 0.3729166666666667 0.5574074074074075 0.3729166666666667 0.5597222222222222 0.3734375 0.5648148148148148 0.3731770833333333 0.5722222222222222 0.3692708333333333 0.5722222222222222 0.36875 0.5726851851851852 0.3684895833333333 0.5731481481481482 0.3645833333333333 0.5722222222222222 0.36380208333333336 0.5722222222222222 0.36328125 0.5703703703703704 0.3611979166666667 0.5689814814814815 0.36015625 0.5652777777777778 0.35833333333333334 0.5643518518518519 0.3572916666666667 0.562037037037037 0.35651041666666666 0.5587962962962963 0.3546875 0.5578703703703703 0.3536458333333333 0.549074074074074 0.34921875 0.5476851851851852 0.3489583333333333 0.5449074074074074 0.34765625 0.5416666666666666 0.346875 0.5388888888888889 0.3455729166666667 0.537962962962963 0.3455729166666667
2 0.5101851851851852 0.41901041666666666 0.5055555555555555 0.41796875 0.5050925925925925 0.41822916666666665 0.5018518518518519 0.41848958333333336 0.4986111111111111 0.41953125 0.4935185185185185 0.42239583333333336 0.49212962962962964 0.4239583333333333 0.4925925925925926 0.42421875 0.4925925925925926 0.42552083333333335 0.4935185185185185 0.42682291666666666 0.4949074074074074 0.4317708333333333 0.49398148148148147 0.4322916666666667 0.49212962962962964 0.434375 0.48194444444444445 0.44036458333333334 0.4787037037037037 0.44140625 0.47129629629629627 0.4453125 0.4675925925925926 0.446875 0.46620370370370373 0.4471354166666667 0.46296296296296297 0.44895833333333335 0.45740740740740743 0.4510416666666667 0.45555555555555555 0.45234375 0.4513888888888889 0.45390625 0.449537037037037 0.4549479166666667 0.449537037037037 0.4588541666666667 0.45046296296296295 0.45989583333333334 0.45416666666666666 0.4625 0.45787037037037037 0.46432291666666664 0.45787037037037037 0.46458333333333335 0.4625 0.4674479166666667 0.4652777777777778 0.46796875 0.47175925925925927 0.46796875 0.47453703703703703 0.4674479166666667 0.4777777777777778 0.46588541666666666 0.48194444444444445 0.46484375 0.4875 0.4627604166666667 0.49444444444444446 0.4591145833333333 0.5023148148148148 0.45677083333333335 0.5074074074074074 0.4546875 0.5111111111111111 0.45364583333333336 0.5120370370370371 0.45364583333333336 0.5171296296296296 0.45208333333333334 0.5222222222222223 0.45208333333333334 0.525 0.4515625 0.5259259259259259 0.4518229166666667 0.5282407407407408 0.4518229166666667 0.5287037037037037 0.45208333333333334 0.5337962962962963 0.45208333333333334 0.537962962962963 0.4510416666666667 0.5407407407407407 0.44947916666666665 0.5407407407407407 0.44895833333333335 0.5425925925925926 0.4473958333333333 0.5425925925925926 0.4466145833333333 0.5430555555555555 0.44635416666666666 0.5430555555555555 0.44296875 0.5398148148148149 0.4393229166666667 0.5351851851851852 0.43697916666666664 0.5337962962962963 0.4356770833333333 0.5305555555555556 0.43385416666666665 0.5254629629629629 0.42916666666666664 0.5180555555555556 0.42473958333333334 0.5162037037037037 0.42291666666666666
3 0.7129629629629629 0.11640625 0.7111111111111111 0.1171875 0.7083333333333334 0.11927083333333334 0.7074074074074074 0.12239583333333333 0.7069444444444445 0.12265625 0.7083333333333334 0.1265625 0.7111111111111111 0.12890625 0.712037037037037 0.13072916666666667 0.7148148148148148 0.1328125 0.7162037037037037 0.13463541666666667 0.7171296296296297 0.13515625 0.7203703703703703 0.13958333333333334 0.7231481481481481 0.14140625 0.7240740740740741 0.14270833333333333 0.7277777777777777 0.14505208333333333 0.7337962962962963 0.15130208333333334 0.7356481481481482 0.1546875 0.7398148148148148 0.1578125 0.7421296296296296 0.16197916666666667 0.7388888888888889 0.16588541666666667 0.7384259259259259 0.17005208333333333 0.7398148148148148 0.17161458333333332 0.7407407407407407 0.17369791666666667 0.7458333333333333 0.17760416666666667 0.7476851851851852 0.17838541666666666 0.7560185185185185 0.17760416666666667 0.7625 0.17604166666666668 0.763425925925926 0.17604166666666668 0.7671296296296296 0.175 0.7722222222222223 0.17239583333333333 0.775 0.17135416666666667 0.7828703703703703 0.16640625 0.7837962962962963 0.16484375 0.7837962962962963 0.16354166666666667 0.7842592592592592 0.16328125 0.7842592592592592 0.16145833333333334 0.7833333333333333 0.15989583333333332 0.7814814814814814 0.1578125 0.7800925925925926 0.15703125 0.7791666666666667 0.15598958333333332 0.7754629629629629 0.15390625 0.7685185185185185 0.15390625 0.7680555555555556 0.15416666666666667 0.7657407407407407 0.15416666666666667 0.7652777777777777 0.15390625 0.763425925925926 0.15390625 0.7620370370370371 0.153125 0.7606481481481482 0.1515625 0.7597222222222222 0.14947916666666666 0.7550925925925925 0.14427083333333332 0.7532407407407408 0.14296875 0.7518518518518519 0.14114583333333333 0.7467592592592592 0.13723958333333333 0.7439814814814815 0.13359375 0.7412037037037037 0.13125 0.7398148148148148 0.12942708333333333 0.7379629629629629 0.128125 0.7324074074074074 0.12213541666666666 0.7310185185185185 0.12135416666666667 0.7287037037037037 0.11901041666666666 0.7240740740740741 0.11666666666666667 0.7231481481481481 0.11666666666666667 0.7203703703703703 0.11588541666666667 0.7166666666666667 0.11588541666666667 0.7162037037037037 0.11614583333333334
0 0.5226851851851851 0.46145833333333336 0.5199074074074074 0.4627604166666667 0.5199074074074074 0.4669270833333333 0.5208333333333334 0.4674479166666667 0.5212962962962963 0.46822916666666664 0.5231481481481481 0.46953125 0.5254629629629629 0.47239583333333335 0.5263888888888889 0.47291666666666665 0.5268518518518519 0.4734375 0.5268518518518519 0.4739583333333333 0.5277777777777778 0.4747395833333333 0.5277777777777778 0.4752604166666667 0.5291666666666667 0.4765625 0.5291666666666667 0.47708333333333336 0.5328703703703703 0.48125 0.5328703703703703 0.4817708333333333 0.5333333333333333 0.48203125 0.5333333333333333 0.48359375 0.5337962962962963 0.48385416666666664 0.5337962962962963 0.48723958333333334 0.5333333333333333 0.4875 0.5333333333333333 0.48932291666666666 0.5328703703703703 0.4895833333333333 0.5328703703703703 0.4901041666666667 0.5333333333333333 0.4903645833333333 0.5333333333333333 0.49114583333333334 0.5337962962962963 0.49140625 0.5342592592592592 0.49270833333333336 0.5351851851851852 0.49375 0.5361111111111111 0.4942708333333333 0.5361111111111111 0.49453125 0.537962962962963 0.49557291666666664 0.5402777777777777 0.49895833333333334 0.5421296296296296 0.5 0.5421296296296296 0.5002604166666667 0.5449074074074074 0.5020833333333333 0.5467592592592593 0.5026041666666666 0.5476851851851852 0.5026041666666666 0.5481481481481482 0.5028645833333333 0.549537037037037 0.5028645833333333 0.55 0.5026041666666666 0.5523148148148148 0.5026041666666666 0.5527777777777778 0.50234375 0.5546296296296296 0.50234375 0.5550925925925926 0.5020833333333333 0.5569444444444445 0.5020833333333333 0.5574074074074075 0.5018229166666667 0.5587962962962963 0.5018229166666667 0.5615740740740741 0.5010416666666667 0.5634259259259259 0.5010416666666667 0.5643518518518519 0.50078125 0.5657407407407408 0.5 0.5680555555555555 0.49947916666666664 0.5722222222222222 0.4973958333333333 0.5731481481481482 0.49635416666666665 0.5731481481481482 0.49583333333333335 0.5736111111111111 0.49557291666666664 0.5740740740740741 0.4942708333333333 0.5745370370370371 0.4940104166666667 0.5736111111111111 0.4934895833333333 0.5736111111111111 0.49296875 0.5726851851851852 0.4921875 0.5722222222222222 0.4908854166666667 0.5703703703703704 0.4890625 0.5703703703703704 0.48854166666666665 0.5694444444444444 0.4875 0.5694444444444444 0.4864583333333333 0.5689814814814815 0.4861979166666667 0.5689814814814815 0.48515625 0.5685185185185185 0.48489583333333336 0.5685185185185185 0.48385416666666664 0.5680555555555555 0.48359375 0.5680555555555555 0.4828125 0.5675925925925925 0.4822916666666667 0.5671296296296297 0.4822916666666667 0.5662037037037037 0.4817708333333333 0.5643518518518519 0.48125 0.5634259259259259 0.48125 0.562962962962963 0.48098958333333336 0.5615740740740741 0.48098958333333336 0.5611111111111111 0.48072916666666665 0.5601851851851852 0.48072916666666665 0.5597222222222222 0.48046875 0.5587962962962963 0.48046875 0.5583333333333333 0.48020833333333335 0.5574074074074075 0.48020833333333335 0.5555555555555556 0.4796875 0.55 0.47708333333333336 0.5486111111111112 0.47552083333333334 0.5486111111111112 0.4747395833333333 0.5481481481481482 0.47421875 0.5467592592592593 0.4734375 0.5453703703703704 0.471875 0.5453703703703704 0.4713541666666667 0.5449074074074074 0.47109375 0.5449074074074074 0.4705729166666667 0.5416666666666666 0.46796875 0.5407407407407407 0.4666666666666667 0.5388888888888889 0.465625 0.5370370370370371 0.4635416666666667 0.5370370370370371 0.4630208333333333 0.5365740740740741 0.4625 0.5342592592592592 0.46119791666666665 0.5337962962962963 0.46119791666666665 0.5328703703703703 0.46067708333333335 0.5296296296296297 0.46067708333333335 0.5291666666666667 0.46041666666666664 0.5287037037037037 0.46067708333333335 0.5254629629629629 0.46067708333333335
3 0.49027777777777776 0.6424479166666667 0.4861111111111111 0.6408854166666667 0.48148148148148145 0.6408854166666667 0.4777777777777778 0.6424479166666667 0.47638888888888886 0.6440104166666667 0.47638888888888886 0.6447916666666667 0.475462962962963 0.64609375 0.47453703703703703 0.65 0.47314814814814815 0.6513020833333333 0.46944444444444444 0.6533854166666667 0.46620370370370373 0.6541666666666667 0.462037037037037 0.6559895833333333 0.4583333333333333 0.6565104166666667 0.4550925925925926 0.6575520833333334 0.45185185185185184 0.6580729166666667 0.45092592592592595 0.65859375 0.44722222222222224 0.659375 0.4412037037037037 0.6614583333333334 0.43796296296296294 0.6619791666666667 0.42824074074074076 0.66484375 0.4273148148148148 0.66484375 0.425462962962963 0.665625 0.42268518518518516 0.6661458333333333 0.42083333333333334 0.6669270833333333 0.4162037037037037 0.6677083333333333 0.41203703703703703 0.6690104166666667 0.4074074074074074 0.6697916666666667 0.40046296296296297 0.6721354166666667 0.3972222222222222 0.67265625 0.3925925925925926 0.67421875 0.38842592592592595 0.6760416666666667 0.38657407407407407 0.6776041666666667 0.38657407407407407 0.6817708333333333 0.3888888888888889 0.6841145833333333 0.3921296296296296 0.6859375 0.39675925925925926 0.6861979166666666 0.3972222222222222 0.6859375 0.4009259259259259 0.6856770833333333 0.4041666666666667 0.6848958333333334 0.40925925925925927 0.684375 0.4166666666666667 0.6828125 0.4212962962962963 0.6815104166666667 0.42268518518518516 0.6807291666666667 0.4263888888888889 0.6799479166666667 0.4324074074074074 0.678125 0.43333333333333335 0.678125 0.4361111111111111 0.6770833333333334 0.43703703703703706 0.6770833333333334 0.4439814814814815 0.675 0.44722222222222224 0.6744791666666666 0.4537037037037037 0.6723958333333333 0.4587962962962963 0.6716145833333333 0.46111111111111114 0.6708333333333333 0.46620370370370373 0.6697916666666667 0.4675925925925926 0.6697916666666667 0.4703703703703704 0.6690104166666667 0.47175925925925927 0.6690104166666667 0.475462962962963 0.6682291666666667 0.47962962962962963 0.66796875 0.48564814814814816 0.6666666666666666 0.4888888888888889 0.6666666666666666 0.48935185185185187 0.6669270833333333 0.49212962962962964 0.6669270833333333 0.4925925925925926 0.6671875 0.4949074074074074 0.6671875 0.49537037037037035 0.6669270833333333 0.4986111111111111 0.6666666666666666 0.5018518518518519 0.6674479166666667 0.5023148148148148 0.6666666666666666 0.5037037037037037 0.6658854166666667 0.5037037037037037 0.6630208333333333 0.5041666666666667 0.6627604166666666 0.5041666666666667 0.6619791666666667 0.5032407407407408 0.6609375 0.5018518518518519 0.6575520833333334 0.5 0.6552083333333333 0.49953703703703706 0.6536458333333334 0.4981481481481482 0.6520833333333333 0.4976851851851852 0.6505208333333333 0.49675925925925923 0.65 0.4935185185185185 0.6458333333333334 0.49166666666666664 0.64453125
4 0.6074074074074074 0.6046875 0.6032407407407407 0.60703125 0.6 0.6111979166666667 0.5986111111111111 0.6135416666666667 0.5986111111111111 0.6143229166666667 0.5981481481481481 0.6145833333333334 0.5981481481481481 0.615625 0.5995370370370371 0.6177083333333333 0.6037037037037037 0.6197916666666666 0.6060185185185185 0.6200520833333333 0.6083333333333333 0.6208333333333333 0.611574074074074 0.6213541666666667 0.6157407407407407 0.62265625 0.6231481481481481 0.6236979166666666 0.6337962962962963 0.6268229166666667 0.638425925925926 0.62734375 0.6430555555555556 0.6286458333333333 0.649074074074074 0.6296875 0.6518518518518519 0.63046875 0.6546296296296297 0.63203125 0.6560185185185186 0.634375 0.6560185185185186 0.640625 0.6564814814814814 0.6408854166666667 0.6564814814814814 0.6421875 0.6569444444444444 0.6427083333333333 0.6583333333333333 0.6434895833333333 0.6601851851851852 0.64375 0.6625 0.64453125 0.663425925925926 0.64453125 0.6657407407407407 0.6453125 0.6694444444444444 0.6453125 0.6717592592592593 0.6442708333333333 0.6731481481481482 0.6440104166666667 0.6759259259259259 0.6421875 0.6759259259259259 0.6416666666666667 0.6773148148148148 0.640625 0.6777777777777778 0.6395833333333333 0.6824074074074075 0.6348958333333333 0.6833333333333333 0.6330729166666667 0.6856481481481481 0.6309895833333333 0.687037037037037 0.6283854166666667 0.6888888888888889 0.6265625 0.6888888888888889 0.62578125 0.6902777777777778 0.6234375 0.6912037037037037 0.62265625 0.6912037037037037 0.6216145833333333 0.6921296296296297 0.6203125 0.6930555555555555 0.6197916666666666 0.6935185185185185 0.61796875 0.6939814814814815 0.6177083333333333 0.6944444444444444 0.6145833333333334 0.6930555555555555 0.6130208333333333 0.6925925925925925 0.6130208333333333 0.6893518518518519 0.6111979166666667 0.687962962962963 0.6111979166666667 0.6856481481481481 0.6106770833333334 0.6837962962962963 0.6106770833333334 0.6833333333333333 0.6104166666666667 0.6800925925925926 0.6104166666666667 0.6777777777777778 0.6109375 0.6763888888888889 0.6125 0.6731481481481482 0.6143229166666667 0.6699074074074074 0.6151041666666667 0.6662037037037037 0.6151041666666667 0.6657407407407407 0.61484375 0.6643518518518519 0.61484375 0.6601851851851852 0.6140625 0.6560185185185186 0.6130208333333333 0.6532407407407408 0.6127604166666667 0.65 0.61171875 0.6472222222222223 0.6111979166666667 0.6458333333333334 0.6111979166666667 0.6439814814814815 0.6106770833333334 0.6425925925925926 0.6106770833333334 0.6402777777777777 0.6096354166666667 0.6375 0.6088541666666667 0.6365740740740741 0.6088541666666667 0.6319444444444444 0.6072916666666667 0.6217592592592592 0.60546875 0.6194444444444445 0.6046875 0.6180555555555556 0.6046875 0.6157407407407407 0.6041666666666666 0.6134259259259259 0.6041666666666666 0.6129629629629629 0.60390625 0.6106481481481482 0.60390625
1 0.7939814814814815 0.2635416666666667 0.7837962962962963 0.2635416666666667 0.7800925925925926 0.265625 0.7782407407407408 0.26796875 0.774537037037037 0.2791666666666667 0.7708333333333334 0.2953125 0.7675925925925926 0.3033854166666667 0.7666666666666667 0.3104166666666667 0.763425925925926 0.31953125 0.7620370370370371 0.32760416666666664 0.7592592592592593 0.33567708333333335 0.7578703703703704 0.34348958333333335 0.7555555555555555 0.3489583333333333 0.7537037037037037 0.35859375 0.750462962962963 0.36171875 0.7481481481481481 0.36276041666666664 0.7402777777777778 0.36432291666666666 0.7388888888888889 0.36614583333333334 0.7379629629629629 0.3692708333333333 0.7402777777777778 0.37447916666666664 0.7439814814814815 0.3770833333333333 0.7509259259259259 0.37864583333333335 0.7601851851851852 0.37890625 0.7675925925925926 0.3776041666666667 0.7722222222222223 0.3776041666666667 0.774537037037037 0.378125 0.7787037037037037 0.37786458333333334 0.7814814814814814 0.3765625 0.7837962962962963 0.3731770833333333 0.7833333333333333 0.3651041666666667 0.7796296296296297 0.3609375 0.7791666666666667 0.35598958333333336 0.7814814814814814 0.34479166666666666 0.7828703703703703 0.3416666666666667 0.7842592592592592 0.33203125 0.7870370370370371 0.325 0.787962962962963 0.31796875 0.7907407407407407 0.3104166666666667 0.7930555555555555 0.2994791666666667 0.7949074074074074 0.2950520833333333 0.7953703703703704 0.29010416666666666 0.8 0.27239583333333334 0.799074074074074 0.26640625 0.7981481481481482 0.26536458333333335
3 0.8629629629629629 0.37213541666666666 0.8611111111111112 0.3703125 0.8583333333333333 0.3690104166666667 0.8569444444444444 0.36875 0.8495370370370371 0.36875 0.8490740740740741 0.3690104166666667 0.8472222222222222 0.3690104166666667 0.8444444444444444 0.3697916666666667 0.8430555555555556 0.3697916666666667 0.8412037037037037 0.3703125 0.836574074074074 0.37083333333333335 0.8310185185185185 0.371875 0.8296296296296296 0.3723958333333333 0.825462962962963 0.37265625 0.8240740740740741 0.3729166666666667 0.8217592592592593 0.37395833333333334 0.8180555555555555 0.37447916666666664 0.8143518518518519 0.37578125 0.8055555555555556 0.3770833333333333 0.7981481481481482 0.37890625 0.7944444444444444 0.37916666666666665 0.7912037037037037 0.37994791666666666 0.7893518518518519 0.37994791666666666 0.7870370370370371 0.38046875 0.7828703703703703 0.38046875 0.7810185185185186 0.37942708333333336 0.7787037037037037 0.37864583333333335 0.774537037037037 0.37864583333333335 0.7722222222222223 0.378125 0.7671296296296296 0.378125 0.7592592592592593 0.3796875 0.7555555555555555 0.3796875 0.7537037037037037 0.3807291666666667 0.7532407407407408 0.38229166666666664 0.7518518518518519 0.3841145833333333 0.7518518518518519 0.3859375 0.7513888888888889 0.38619791666666664 0.7513888888888889 0.3927083333333333 0.7537037037037037 0.3966145833333333 0.7546296296296297 0.3971354166666667 0.7555555555555555 0.3984375 0.7569444444444444 0.39921875 0.7583333333333333 0.4010416666666667 0.7638888888888888 0.4044270833333333 0.7703703703703704 0.40598958333333335 0.774537037037037 0.40598958333333335 0.775 0.40625 0.7754629629629629 0.40598958333333335 0.7782407407407408 0.40598958333333335 0.7800925925925926 0.40546875 0.7833333333333333 0.4036458333333333 0.787962962962963 0.39739583333333334 0.7902777777777777 0.3953125 0.7921296296296296 0.39453125 0.799074074074074 0.39296875 0.8037037037037037 0.3924479166666667 0.8078703703703703 0.39114583333333336 0.8134259259259259 0.39010416666666664 0.8148148148148148 0.39010416666666664 0.8199074074074074 0.3888020833333333 0.8226851851851852 0.3885416666666667 0.8268518518518518 0.3875 0.8319444444444445 0.38697916666666665 0.8361111111111111 0.3859375 0.8384259259259259 0.38567708333333334 0.8472222222222222 0.38307291666666665 0.8495370370370371 0.3828125 0.8578703703703704 0.38046875 0.8611111111111112 0.37890625 0.8629629629629629 0.3768229166666667 0.8629629629629629 0.37395833333333334 0.8634259259259259 0.3736979166666667
2 0.9166666666666666 0.1765625 0.9078703703703703 0.1765625 0.9055555555555556 0.17734375 0.9004629629629629 0.178125 0.8949074074074074 0.1796875 0.8921296296296296 0.17994791666666668 0.8898148148148148 0.18072916666666666 0.8875 0.18098958333333334 0.8837962962962963 0.18203125 0.8828703703703704 0.18203125 0.8777777777777778 0.18333333333333332 0.8768518518518519 0.18333333333333332 0.8708333333333333 0.18515625 0.8638888888888889 0.18932291666666667 0.8643518518518518 0.18958333333333333 0.8643518518518518 0.19348958333333333 0.8657407407407407 0.19505208333333332 0.8685185185185185 0.19739583333333333 0.8694444444444445 0.19765625 0.8731481481481481 0.2 0.8805555555555555 0.20234375 0.8828703703703704 0.20416666666666666 0.8842592592592593 0.20598958333333334 0.8851851851851852 0.20651041666666667 0.8865740740740741 0.20807291666666666 0.8875 0.20989583333333334 0.8898148148148148 0.21223958333333334 0.8921296296296296 0.21692708333333333 0.8944444444444445 0.21927083333333333 0.8944444444444445 0.21979166666666666 0.8962962962962963 0.22161458333333334 0.8962962962962963 0.22213541666666667 0.8981481481481481 0.22395833333333334 0.8981481481481481 0.22447916666666667 0.9 0.2265625 0.9041666666666667 0.23020833333333332 0.9055555555555556 0.23020833333333332 0.9074074074074074 0.23072916666666668 0.9120370370370371 0.23072916666666668 0.912962962962963 0.23020833333333332 0.9185185185185185 0.22864583333333333 0.9194444444444444 0.228125 0.9203703703703704 0.228125 0.9222222222222223 0.22760416666666666 0.9236111111111112 0.22760416666666666 0.924537037037037 0.22708333333333333 0.9277777777777778 0.22630208333333332 0.9314814814814815 0.22447916666666667 0.9319444444444445 0.221875 0.9324074074074075 0.22161458333333334 0.9324074074074075 0.2203125 0.9300925925925926 0.2171875 0.9300925925925926 0.21640625 0.9287037037037037 0.21458333333333332 0.9287037037037037 0.21380208333333334 0.9277777777777778 0.21276041666666667 0.9273148148148148 0.2109375 0.9208333333333333 0.20078125 0.9199074074074074 0.19739583333333333 0.9194444444444444 0.19713541666666667 0.9194444444444444 0.1953125 0.9189814814814815 0.19505208333333332 0.9189814814814815 0.19270833333333334 0.9217592592592593 0.18932291666666667 0.924537037037037 0.1875 0.9259259259259259 0.1859375 0.9259259259259259 0.18489583333333334 0.925 0.18385416666666668 0.924074074074074 0.18125 0.9217592592592593 0.17864583333333334 0.9199074074074074 0.17708333333333334 0.9171296296296296 0.17682291666666666
1 0.8115740740740741 0.5114583333333333 0.7986111111111112 0.50859375 0.7944444444444444 0.5083333333333333 0.7912037037037037 0.509375 0.7847222222222222 0.51328125 0.7893518518518519 0.5205729166666667 0.7893518518518519 0.521875 0.7861111111111111 0.5268229166666667 0.7680555555555556 0.5455729166666666 0.7564814814814815 0.5559895833333334 0.7527777777777778 0.5609375 0.7476851851851852 0.5643229166666667 0.737037037037037 0.5763020833333333 0.7324074074074074 0.5794270833333334 0.7208333333333333 0.5924479166666666 0.7171296296296297 0.5950520833333334 0.7055555555555556 0.6078125 0.7013888888888888 0.6111979166666667 0.700925925925926 0.6153645833333333 0.7023148148148148 0.6169270833333333 0.7050925925925926 0.6184895833333334 0.712037037037037 0.6197916666666666 0.7162037037037037 0.61953125 0.7199074074074074 0.6182291666666667 0.725 0.6151041666666667 0.7324074074074074 0.6083333333333333 0.7421296296296296 0.5971354166666667 0.7490740740740741 0.5916666666666667 0.7583333333333333 0.58125 0.7638888888888888 0.5765625 0.7685185185185185 0.5705729166666667 0.7717592592592593 0.5682291666666667 0.7754629629629629 0.5638020833333334 0.7800925925925926 0.5604166666666667 0.7842592592592592 0.5549479166666667 0.7870370370370371 0.553125 0.7921296296296296 0.54765625 0.7953703703703704 0.5453125 0.7976851851851852 0.5419270833333333 0.8083333333333333 0.5325520833333334 0.812962962962963 0.5302083333333333 0.8143518518518519 0.52890625 0.8203703703703704 0.5283854166666667 0.825462962962963 0.5268229166666667 0.8277777777777777 0.5252604166666667 0.8300925925925926 0.52109375 0.8268518518518518 0.5174479166666667 0.8208333333333333 0.5145833333333333
2 0.7805555555555556 0.65078125 0.7768518518518519 0.65078125 0.7708333333333334 0.6520833333333333 0.7671296296296296 0.65390625 0.7620370370370371 0.6588541666666666 0.7583333333333333 0.66484375 0.7532407407407408 0.6708333333333333 0.7513888888888889 0.6723958333333333 0.749537037037037 0.6760416666666667 0.7472222222222222 0.6783854166666666 0.7435185185185185 0.6807291666666667 0.7421296296296296 0.6809895833333334 0.7412037037037037 0.6815104166666667 0.7384259259259259 0.68203125 0.736574074074074 0.68203125 0.7351851851851852 0.6825520833333333 0.7328703703703704 0.6828125 0.7291666666666666 0.684375 0.7277777777777777 0.6854166666666667 0.7245370370370371 0.6890625 0.7240740740740741 0.69296875 0.7236111111111111 0.6932291666666667 0.7268518518518519 0.6973958333333333 0.7314814814814815 0.7 0.7314814814814815 0.7002604166666667 0.7328703703703704 0.7010416666666667 0.7351851851851852 0.7015625 0.7402777777777778 0.7033854166666667 0.7435185185185185 0.7049479166666667 0.7481481481481481 0.7059895833333333 0.7550925925925925 0.7088541666666667 0.7578703703703704 0.7091145833333333 0.763425925925926 0.7104166666666667 0.7662037037037037 0.7104166666666667 0.7666666666666667 0.7106770833333333 0.7685185185185185 0.7106770833333333 0.7689814814814815 0.7109375 0.7726851851851851 0.7111979166666667 0.775 0.71171875 0.7796296296296297 0.7111979166666667 0.7810185185185186 0.7106770833333333 0.7847222222222222 0.7080729166666667 0.7870370370370371 0.7052083333333333 0.787962962962963 0.7020833333333333 0.788425925925926 0.7018229166666666 0.788425925925926 0.6994791666666667 0.7888888888888889 0.69921875 0.7888888888888889 0.696875 0.788425925925926 0.6966145833333334 0.788425925925926 0.6953125 0.7875 0.69375 0.7870370370370371 0.6895833333333333 0.7865740740740741 0.6893229166666667 0.7870370370370371 0.6890625 0.7870370370370371 0.6864583333333333 0.7875 0.6861979166666666 0.7875 0.6848958333333334 0.7888888888888889 0.6828125 0.7888888888888889 0.6817708333333333 0.7912037037037037 0.6783854166666666 0.7912037037037037 0.6776041666666667 0.7925925925925926 0.6752604166666667 0.7935185185185185 0.6744791666666666 0.7949074074074074 0.6721354166666667 0.7953703703703704 0.6705729166666666 0.7962962962962963 0.6697916666666667 0.7972222222222223 0.6661458333333333 0.7976851851851852 0.6658854166666667 0.7986111111111112 0.6627604166666666 0.799074074074074 0.6625 0.799074074074074 0.6611979166666667 0.799537037037037 0.6609375 0.799537037037037 0.6580729166666667 0.7898148148148149 0.653125 0.7824074074074074 0.6510416666666666 0.7810185185185186 0.6510416666666666
3 0.8421296296296297 0.42734375 0.8402777777777778 0.42890625 0.8356481481481481 0.4315104166666667 0.8351851851851851 0.4322916666666667 0.8337962962962963 0.43307291666666664 0.8310185185185185 0.4359375 0.8310185185185185 0.43671875 0.8287037037037037 0.4393229166666667 0.8305555555555556 0.44114583333333335 0.8342592592592593 0.44375 0.8379629629629629 0.4453125 0.8412037037037037 0.44609375 0.8430555555555556 0.44609375 0.8435185185185186 0.44635416666666666 0.8476851851851852 0.44635416666666666 0.8481481481481481 0.44609375 0.8495370370370371 0.44609375 0.85 0.44635416666666666 0.8523148148148149 0.44635416666666666 0.8555555555555555 0.4471354166666667 0.8569444444444444 0.4471354166666667 0.8592592592592593 0.4484375 0.861574074074074 0.44921875 0.8699074074074075 0.45390625 0.874537037037037 0.45598958333333334 0.8777777777777778 0.45703125 0.8810185185185185 0.4588541666666667 0.8833333333333333 0.4596354166666667 0.8888888888888888 0.4627604166666667 0.8907407407407407 0.46432291666666664 0.9023148148148148 0.4705729166666667 0.9050925925925926 0.4713541666666667 0.9111111111111111 0.4739583333333333 0.9166666666666666 0.475 0.9236111111111112 0.475 0.9263888888888889 0.4739583333333333 0.9287037037037037 0.47265625 0.9305555555555556 0.4705729166666667 0.9300925925925926 0.46979166666666666 0.9300925925925926 0.4669270833333333 0.9287037037037037 0.46536458333333336 0.9259259259259259 0.4635416666666667 0.925 0.4625 0.9027777777777778 0.45026041666666666 0.899074074074074 0.44869791666666664 0.8921296296296296 0.44505208333333335 0.888425925925926 0.44375 0.8782407407407408 0.43802083333333336 0.8768518518518519 0.43671875 0.874537037037037 0.4354166666666667 0.8740740740740741 0.4348958333333333 0.8740740740740741 0.43359375 0.8736111111111111 0.43333333333333335 0.8736111111111111 0.42682291666666666 0.8726851851851852 0.42526041666666664 0.8703703703703703 0.4236979166666667 0.8675925925925926 0.4231770833333333 0.8643518518518518 0.42213541666666665 0.861574074074074 0.42213541666666665 0.8611111111111112 0.421875 0.8569444444444444 0.42265625 0.8532407407407407 0.42291666666666666 0.8513888888888889 0.4234375
1 0.8810185185185185 0.4739583333333333 0.8759259259259259 0.46953125 0.8708333333333333 0.46640625 0.8657407407407407 0.46536458333333336 0.861574074074074 0.46510416666666665 0.8578703703703704 0.465625 0.8537037037037037 0.4671875 0.8481481481481481 0.475 0.8425925925925926 0.4778645833333333 0.8300925925925926 0.4817708333333333 0.8101851851851852 0.4861979166666667 0.8023148148148148 0.4890625 0.7962962962962963 0.4903645833333333 0.7861111111111111 0.4934895833333333 0.7837962962962963 0.49375 0.7791666666666667 0.49557291666666664 0.7689814814814815 0.4979166666666667 0.7657407407407407 0.49921875 0.7555555555555555 0.5015625 0.7462962962962963 0.5046875 0.7407407407407407 0.5057291666666667 0.7296296296296296 0.5091145833333334 0.725925925925926 0.5096354166666667 0.7157407407407408 0.5130208333333334 0.7078703703703704 0.5145833333333333 0.687962962962963 0.5213541666666667 0.6856481481481481 0.5252604166666667 0.6888888888888889 0.52890625 0.6935185185185185 0.53125 0.7018518518518518 0.53125 0.7166666666666667 0.5286458333333334 0.7208333333333333 0.5268229166666667 0.7287037037037037 0.5252604166666667 0.7351851851851852 0.5229166666666667 0.7476851851851852 0.5197916666666667 0.7527777777777778 0.5174479166666667 0.7671296296296296 0.5138020833333333 0.7791666666666667 0.5122395833333333 0.7870370370370371 0.5098958333333333 0.7921296296296296 0.5075520833333333 0.7981481481481482 0.50625 0.8018518518518518 0.5044270833333333 0.8083333333333333 0.503125 0.8277777777777777 0.4973958333333333 0.8324074074074074 0.49661458333333336 0.8384259259259259 0.49453125 0.8597222222222223 0.490625 0.8680555555555556 0.490625 0.8731481481481481 0.49140625 0.8796296296296297 0.4903645833333333 0.8842592592592593 0.48776041666666664 0.8856481481481482 0.4859375 0.8856481481481482 0.48151041666666666 0.8847222222222222 0.4786458333333333
4 0.8611111111111112 0.5854166666666667 0.8597222222222223 0.5859375 0.8574074074074074 0.5861979166666667 0.8541666666666666 0.5880208333333333 0.8523148148148149 0.5903645833333333 0.8523148148148149 0.5908854166666667 0.8513888888888889 0.5919270833333333 0.8513888888888889 0.5927083333333333 0.850925925925926 0.59296875 0.850925925925926 0.59375 0.85 0.5947916666666667 0.8495370370370371 0.5966145833333333 0.8490740740740741 0.596875 0.8490740740740741 0.5979166666666667 0.8486111111111111 0.5981770833333333 0.8476851851851852 0.6015625 0.8472222222222222 0.6018229166666667 0.8472222222222222 0.6028645833333334 0.8467592592592592 0.603125 0.8467592592592592 0.6044270833333333 0.8462962962962963 0.6046875 0.8462962962962963 0.6059895833333333 0.8458333333333333 0.60625 0.8453703703703703 0.6088541666666667 0.8449074074074074 0.6091145833333333 0.8449074074074074 0.6098958333333333 0.8439814814814814 0.6111979166666667 0.8439814814814814 0.6122395833333333 0.8435185185185186 0.6125 0.8435185185185186 0.6135416666666667 0.8430555555555556 0.6138020833333333 0.8430555555555556 0.61484375 0.8421296296296297 0.6161458333333333 0.8412037037037037 0.6166666666666667 0.8375 0.6171875 0.8351851851851851 0.61796875 0.8342592592592593 0.61796875 0.8300925925925926 0.6190104166666667 0.8287037037037037 0.6197916666666666 0.8273148148148148 0.6213541666666667 0.8273148148148148 0.621875 0.8263888888888888 0.6229166666666667 0.825925925925926 0.6265625 0.825462962962963 0.6268229166666667 0.825925925925926 0.6270833333333333 0.825925925925926 0.63046875 0.8282407407407407 0.6328125 0.8305555555555556 0.6341145833333334 0.8319444444444445 0.634375 0.8337962962962963 0.63515625 0.8421296296296297 0.6364583333333333 0.8453703703703703 0.6375 0.85 0.6380208333333334 0.850462962962963 0.63828125 0.8546296296296296 0.6385416666666667 0.8569444444444444 0.6390625 0.862037037037037 0.6390625 0.8625 0.6393229166666666 0.8643518518518518 0.6393229166666666 0.8648148148148148 0.6395833333333333 0.8662037037037037 0.6395833333333333 0.8666666666666667 0.6393229166666666 0.8708333333333333 0.6393229166666666 0.8712962962962963 0.6395833333333333 0.8731481481481481 0.6395833333333333 0.874537037037037 0.6390625 0.8805555555555555 0.6380208333333334 0.8847222222222222 0.6359375 0.8861111111111111 0.6338541666666667 0.8861111111111111 0.6317708333333333 0.8865740740740741 0.6315104166666666 0.8861111111111111 0.6268229166666667 0.8837962962962963 0.6234375 0.8814814814814815 0.621875 0.8814814814814815 0.6213541666666667 0.8805555555555555 0.6205729166666667 0.8800925925925925 0.6190104166666667 0.8796296296296297 0.61875 0.8796296296296297 0.6145833333333334 0.8800925925925925 0.6143229166666667 0.8800925925925925 0.6122395833333333 0.8805555555555555 0.6119791666666666 0.8805555555555555 0.6106770833333334 0.8810185185185185 0.6104166666666667 0.8810185185185185 0.609375 0.8814814814814815 0.6091145833333333 0.8819444444444444 0.6059895833333333 0.8824074074074074 0.6057291666666667 0.8824074074074074 0.6041666666666666 0.8828703703703704 0.60390625 0.8833333333333333 0.60078125 0.8837962962962963 0.6005208333333333 0.8842592592592593 0.5955729166666667 0.8847222222222222 0.5953125 0.8847222222222222 0.5932291666666667 0.8851851851851852 0.59296875 0.8851851851851852 0.5908854166666667 0.8847222222222222 0.590625 0.8842592592592593 0.5893229166666667 0.8819444444444444 0.5877604166666667 0.8810185185185185 0.5877604166666667 0.8773148148148148 0.58671875 0.8722222222222222 0.5864583333333333 0.8685185185185185 0.5856770833333333 0.8638888888888889 0.5856770833333333 0.8634259259259259 0.5854166666666667
5 0.8731481481481481 0.6700520833333333 0.8722222222222222 0.6705729166666666 0.8717592592592592 0.6705729166666666 0.8703703703703703 0.6713541666666667 0.8703703703703703 0.6716145833333333 0.8648148148148148 0.6747395833333333 0.8648148148148148 0.675 0.8634259259259259 0.67578125 0.8634259259259259 0.6760416666666667 0.8625 0.6765625 0.861574074074074 0.6776041666666667 0.8592592592592593 0.6791666666666667 0.8574074074074074 0.68125 0.8574074074074074 0.68203125 0.8569444444444444 0.6822916666666666 0.8569444444444444 0.68359375 0.8564814814814815 0.6838541666666667 0.8564814814814815 0.68515625 0.8560185185185185 0.6854166666666667 0.8564814814814815 0.6856770833333333 0.8564814814814815 0.68828125 0.8569444444444444 0.6885416666666667 0.8569444444444444 0.6895833333333333 0.8583333333333333 0.690625 0.8587962962962963 0.69140625 0.8597222222222223 0.6919270833333333 0.8611111111111112 0.69375 0.8629629629629629 0.6950520833333333 0.8643518518518518 0.696875 0.8666666666666667 0.6981770833333333 0.8671296296296296 0.6981770833333333 0.8685185185185185 0.6989583333333333 0.8689814814814815 0.6989583333333333 0.8717592592592592 0.7005208333333334 0.8722222222222222 0.7010416666666667 0.8731481481481481 0.7013020833333333 0.8740740740740741 0.7013020833333333 0.874537037037037 0.7015625 0.875462962962963 0.7015625 0.8759259259259259 0.7018229166666666 0.8768518518518519 0.7018229166666666 0.8800925925925925 0.7028645833333333 0.8810185185185185 0.7028645833333333 0.8847222222222222 0.70390625 0.8875 0.70390625 0.887962962962963 0.7041666666666667 0.8898148148148148 0.7041666666666667 0.8916666666666667 0.7046875 0.8953703703703704 0.7046875 0.8958333333333334 0.7049479166666667 0.8981481481481481 0.7049479166666667 0.8986111111111111 0.7052083333333333 0.9009259259259259 0.7052083333333333 0.9013888888888889 0.7049479166666667 0.9023148148148148 0.7049479166666667 0.9041666666666667 0.7044270833333334 0.9069444444444444 0.7026041666666667 0.9069444444444444 0.70234375 0.9087962962962963 0.7010416666666667 0.9106481481481481 0.6986979166666667 0.9115740740740741 0.6981770833333333 0.9152777777777777 0.69375 0.9162037037037037 0.6932291666666667 0.9162037037037037 0.6924479166666667 0.9166666666666666 0.6921875 0.9166666666666666 0.6916666666666667 0.9171296296296296 0.69140625 0.9175925925925926 0.6901041666666666 0.9185185185185185 0.6893229166666667 0.9185185185185185 0.6848958333333334 0.9180555555555555 0.6846354166666667 0.9180555555555555 0.68359375 0.9175925925925926 0.6833333333333333 0.9175925925925926 0.6825520833333333 0.9171296296296296 0.6822916666666666 0.9171296296296296 0.6815104166666667 0.9166666666666666 0.68125 0.9166666666666666 0.6807291666666667 0.9138888888888889 0.6776041666666667 0.9106481481481481 0.6755208333333333 0.9106481481481481 0.6752604166666667 0.9097222222222222 0.6747395833333333 0.9087962962962963 0.6736979166666667 0.9060185185185186 0.6721354166666667 0.9055555555555556 0.6721354166666667 0.9046296296296297 0.6716145833333333 0.9027777777777778 0.67109375 0.9018518518518519 0.67109375 0.899537037037037 0.6703125 0.8981481481481481 0.6703125 0.8962962962962963 0.6697916666666667 0.8925925925925926 0.6697916666666667 0.8921296296296296 0.66953125 0.8828703703703704 0.66953125 0.8824074074074074 0.6692708333333334 0.8796296296296297 0.6692708333333334 0.8791666666666667 0.66953125 0.8763888888888889 0.66953125 0.8759259259259259 0.6697916666666667 0.874537037037037 0.6697916666666667 0.8740740740740741 0.6700520833333333
1 0.9893518518518518 0.54453125 0.987037037037037 0.5447916666666667 0.9851851851851852 0.5455729166666666 0.9828703703703704 0.5486979166666667 0.9837962962962963 0.5533854166666666 0.9851851851851852 0.5546875 0.9888888888888889 0.5565104166666667 0.9912037037037037 0.56015625 0.9916666666666667 0.56484375 0.9898148148148148 0.5721354166666667 0.9893518518518518 0.5796875 0.987037037037037 0.5872395833333334 0.9837962962962963 0.6075520833333333 0.9824074074074074 0.6106770833333334 0.9805555555555555 0.6236979166666666 0.9782407407407407 0.6315104166666666 0.9773148148148149 0.6395833333333333 0.9745370370370371 0.6497395833333334 0.9736111111111111 0.65859375 0.9745370370370371 0.6622395833333333 0.9782407407407407 0.6651041666666667 0.9842592592592593 0.6661458333333333 0.9935185185185185 0.66640625 0.9953703703703703 0.6658854166666667 0.9981481481481481 0.6640625 0.999537037037037 0.6640625 0.999537037037037 0.5447916666666667
