0 0.14953703703703702 0.4044270833333333 0.14953703703703702 0.4049479166666667 0.1486111111111111 0.40572916666666664 0.1486111111111111 0.40625 0.14722222222222223 0.4078125 0.14722222222222223 0.4083333333333333 0.14907407407407408 0.41041666666666665 0.15092592592592594 0.4114583333333333 0.15555555555555556 0.4127604166666667 0.15648148148148147 0.4127604166666667 0.15787037037037038 0.41328125 0.1587962962962963 0.41328125 0.16111111111111112 0.41432291666666665 0.16666666666666666 0.4158854166666667 0.1675925925925926 0.4158854166666667 0.16898148148148148 0.41640625 0.1699074074074074 0.41640625 0.17083333333333334 0.41692708333333334 0.17824074074074073 0.41901041666666666 0.17962962962962964 0.4197916666666667 0.1814814814814815 0.421875 0.1814814814814815 0.42239583333333336 0.1824074074074074 0.4231770833333333 0.1824074074074074 0.4236979166666667 0.18425925925925926 0.42578125 0.1884259259259259 0.428125 0.18888888888888888 0.428125 0.18981481481481483 0.42864583333333334 0.19074074074074074 0.42864583333333334 0.19305555555555556 0.42942708333333335 0.19814814814814816 0.42942708333333335 0.1986111111111111 0.4296875 0.2013888888888889 0.4296875 0.2050925925925926 0.4309895833333333 0.20694444444444443 0.4309895833333333 0.2074074074074074 0.43125 0.20879629629629629 0.43125 0.21064814814814814 0.43046875 0.21296296296296297 0.42994791666666665 0.21435185185185185 0.42916666666666664 0.21481481481481482 0.42916666666666664 0.2162037037037037 0.4283854166666667 0.21666666666666667 0.4283854166666667 0.22037037037037038 0.42682291666666666 0.22037037037037038 0.42630208333333336 0.22453703703703703 0.421875 0.22453703703703703 0.42135416666666664 0.225 0.42109375 0.225 0.4203125 0.22546296296296298 0.4200520833333333 0.22546296296296298 0.41848958333333336 0.225 0.41822916666666665 0.225 0.4158854166666667 0.22407407407407406 0.41484375 0.21944444444444444 0.41354166666666664 0.21851851851851853 0.41354166666666664 0.2162037037037037 0.4127604166666667 0.2152777777777778 0.4127604166666667 0.2125 0.4119791666666667 0.20925925925925926 0.41015625 0.20925925925925926 0.40989583333333335 0.20833333333333334 0.409375 0.20694444444444443 0.40911458333333334 0.20555555555555555 0.4083333333333333 0.20462962962962963 0.4080729166666667 0.2037037037037037 0.4080729166666667 0.20324074074074075 0.4078125 0.2023148148148148 0.4078125 0.20185185185185187 0.4075520833333333 0.19675925925925927 0.4075520833333333 0.1962962962962963 0.4078125 0.19398148148148148 0.4078125 0.1935185185185185 0.4080729166666667 0.19212962962962962 0.4080729166666667 0.19027777777777777 0.40859375 0.18888888888888888 0.40859375 0.1875 0.4078125 0.18564814814814815 0.40729166666666666 0.18472222222222223 0.40729166666666666 0.18425925925925926 0.40703125 0.18194444444444444 0.40703125 0.17777777777777778 0.40572916666666664 0.17685185185185184 0.40572916666666664 0.1763888888888889 0.40546875 0.175 0.40546875 0.1736111111111111 0.4049479166666667 0.17222222222222222 0.4049479166666667 0.17175925925925925 0.4046875 0.17083333333333334 0.4046875 0.16944444444444445 0.4041666666666667 0.1685185185185185 0.4041666666666667 0.16805555555555557 0.40390625 0.16574074074074074 0.4036458333333333 0.16435185185185186 0.403125 0.16342592592592592 0.403125 0.16203703703703703 0.40260416666666665 0.16111111111111112 0.40260416666666665 0.16064814814814815 0.40234375 0.15925925925925927 0.40234375 0.1587962962962963 0.40208333333333335 0.15416666666666667 0.40208333333333335 0.15324074074074073 0.40234375 0.15138888888888888 0.40338541666666666 0.15092592592592594 0.40338541666666666
2 0.18518518518518517 0.17447916666666666 0.18287037037037038 0.17447916666666666 0.1824074074074074 0.17421875 0.17777777777777778 0.17447916666666666 0.1763888888888889 0.175 0.17314814814814813 0.17552083333333332 0.16944444444444445 0.17708333333333334 0.16805555555555557 0.17734375 0.16574074074074074 0.17890625 0.16574074074074074 0.1796875 0.1648148148148148 0.18098958333333334 0.1648148148148148 0.1828125 0.16435185185185186 0.18307291666666667 0.16435185185185186 0.18489583333333334 0.1638888888888889 0.18541666666666667 0.16157407407407406 0.18671875 0.15833333333333333 0.18802083333333333 0.15555555555555556 0.18880208333333334 0.15462962962962962 0.18880208333333334 0.1486111111111111 0.190625 0.1476851851851852 0.190625 0.14074074074074075 0.19270833333333334 0.1361111111111111 0.19348958333333333 0.13055555555555556 0.19505208333333332 0.12962962962962962 0.19557291666666668 0.12361111111111112 0.19713541666666667 0.12037037037037036 0.1984375 0.11944444444444445 0.1984375 0.11851851851851852 0.19895833333333332 0.11712962962962963 0.19921875 0.11342592592592593 0.20104166666666667 0.11342592592592593 0.20546875 0.11481481481481481 0.20703125 0.11481481481481481 0.20755208333333333 0.12083333333333333 0.21328125 0.12685185185185185 0.21692708333333333 0.12824074074074074 0.21692708333333333 0.1310185185185185 0.21744791666666666 0.13148148148148148 0.2171875 0.1361111111111111 0.21692708333333333 0.1398148148148148 0.21614583333333334 0.14212962962962963 0.21614583333333334 0.14722222222222223 0.21484375 0.14814814814814814 0.21484375 0.15046296296296297 0.2140625 0.15138888888888888 0.2140625 0.15833333333333333 0.21171875 0.16203703703703703 0.21119791666666668 0.16574074074074074 0.20989583333333334 0.1699074074074074 0.20911458333333333 0.1763888888888889 0.20911458333333333 0.17685185185185184 0.20885416666666667 0.17824074074074073 0.20885416666666667 0.1787037037037037 0.20911458333333333 0.18194444444444444 0.209375 0.1875 0.2109375 0.18888888888888888 0.2109375 0.19305555555555556 0.21171875 0.1935185185185185 0.21145833333333333 0.19537037037037036 0.21145833333333333 0.19583333333333333 0.21119791666666668 0.19722222222222222 0.21119791666666668 0.19907407407407407 0.21067708333333332 0.20185185185185187 0.21041666666666667 0.20416666666666666 0.20963541666666666 0.2050925925925926 0.20963541666666666 0.20694444444444443 0.20885416666666667 0.20879629629629629 0.20729166666666668 0.20925925925925926 0.20572916666666666 0.20972222222222223 0.20546875 0.20879629629629629 0.20078125 0.20694444444444443 0.19817708333333334 0.20694444444444443 0.19713541666666667 0.20601851851851852 0.19635416666666666 0.2050925925925926 0.19427083333333334 0.20185185185185187 0.19140625 0.20092592592592592 0.1890625 0.19907407407407407 0.18802083333333333 0.19768518518518519 0.18645833333333334 0.19768518518518519 0.18567708333333333 0.19490740740740742 0.18307291666666667 0.19305555555555556 0.17994791666666668 0.19166666666666668 0.17916666666666667 0.19074074074074074 0.17760416666666667 0.18935185185185185 0.1765625 0.18888888888888888 0.1765625
3 0.09537037037037037 0.4080729166666667 0.09259259259259259 0.41119791666666666 0.09305555555555556 0.41380208333333335 0.09537037037037037 0.4166666666666667 0.1037037037037037 0.4200520833333333 0.10601851851851851 0.4205729166666667 0.11342592592592593 0.4234375 0.11574074074074074 0.4239583333333333 0.11805555555555555 0.425 0.12314814814814815 0.4265625 0.12777777777777777 0.42890625 0.13194444444444445 0.43020833333333336 0.13472222222222222 0.4315104166666667 0.13796296296296295 0.43203125 0.14166666666666666 0.43359375 0.1449074074074074 0.434375 0.15185185185185185 0.43697916666666664 0.15416666666666667 0.43828125 0.16111111111111112 0.44036458333333334 0.16435185185185186 0.4421875 0.16527777777777777 0.4432291666666667 0.16574074074074074 0.4473958333333333 0.16620370370370371 0.44765625 0.16666666666666666 0.44947916666666665 0.1675925925925926 0.45078125 0.16944444444444445 0.4518229166666667 0.17407407407407408 0.453125 0.17453703703703705 0.45286458333333335 0.1787037037037037 0.45260416666666664 0.18055555555555555 0.45208333333333334 0.18194444444444444 0.45208333333333334 0.1875 0.4510416666666667 0.18935185185185185 0.4510416666666667 0.19398148148148148 0.44817708333333334 0.19722222222222222 0.4453125 0.20046296296296295 0.4432291666666667 0.2037037037037037 0.4388020833333333 0.2037037037037037 0.4361979166666667 0.20416666666666666 0.4359375 0.2037037037037037 0.43385416666666665 0.20185185185185187 0.4315104166666667 0.20092592592592592 0.4315104166666667 0.19814814814814816 0.43072916666666666 0.1925925925925926 0.43046875 0.18564814814814815 0.42864583333333334 0.17916666666666667 0.42890625 0.1787037037037037 0.42916666666666664 0.17453703703703705 0.42864583333333334 0.17175925925925925 0.4276041666666667 0.15787037037037038 0.4239583333333333 0.1574074074074074 0.4234375 0.15092592592592594 0.4200520833333333 0.14814814814814814 0.4192708333333333 0.14722222222222223 0.4192708333333333 0.1439814814814815 0.41796875 0.1388888888888889 0.4166666666666667 0.1375 0.4158854166666667 0.13194444444444445 0.4140625 0.12685185185185185 0.4119791666666667 0.12546296296296297 0.41171875 0.12268518518518519 0.41041666666666665 0.11203703703703703 0.4075520833333333 0.1111111111111111 0.40703125 0.10740740740740741 0.40598958333333335 0.09907407407407408 0.40625
3 0.14629629629629629 0.4515625 0.14444444444444443 0.44921875 0.1412037037037037 0.4434895833333333 0.13935185185185187 0.44166666666666665 0.13425925925925927 0.43854166666666666 0.13148148148148148 0.43854166666666666 0.13055555555555556 0.43828125 0.1300925925925926 0.43854166666666666 0.12685185185185185 0.4388020833333333 0.12314814814814815 0.44088541666666664 0.11990740740740741 0.44192708333333336 0.11388888888888889 0.44583333333333336 0.10740740740740741 0.4479166666666667 0.1037037037037037 0.44817708333333334 0.10185185185185185 0.44869791666666664 0.0962962962962963 0.44921875 0.09583333333333334 0.44947916666666665 0.09351851851851851 0.44947916666666665 0.09305555555555556 0.44973958333333336 0.09074074074074075 0.44973958333333336 0.09027777777777778 0.45 0.0837962962962963 0.4505208333333333 0.08148148148148149 0.4510416666666667 0.07546296296296297 0.4510416666666667 0.0712962962962963 0.4518229166666667 0.06805555555555555 0.4518229166666667 0.06388888888888888 0.45286458333333335 0.06157407407407407 0.45286458333333335 0.056018518518518516 0.45390625 0.05185185185185185 0.45390625 0.04861111111111111 0.4546875 0.041666666666666664 0.4549479166666667 0.0412037037037037 0.4552083333333333 0.03611111111111111 0.4557291666666667 0.03425925925925926 0.45625 0.03287037037037037 0.45625 0.031018518518518518 0.45677083333333335 0.02962962962962963 0.45677083333333335 0.02546296296296296 0.45807291666666666 0.024074074074074074 0.4588541666666667 0.022685185185185187 0.46171875 0.022685185185185187 0.46328125 0.025 0.4669270833333333 0.027777777777777776 0.46822916666666664 0.03287037037037037 0.46953125 0.037037037037037035 0.46953125 0.04027777777777778 0.4700520833333333 0.04490740740740741 0.46979166666666666 0.04537037037037037 0.46953125 0.04861111111111111 0.46953125 0.05277777777777778 0.46875 0.05925925925925926 0.46848958333333335 0.059722222222222225 0.46822916666666664 0.06111111111111111 0.46822916666666664 0.06342592592592593 0.46770833333333334 0.06574074074074074 0.46770833333333334 0.06620370370370371 0.4674479166666667 0.0763888888888889 0.4671875 0.07685185185185185 0.4669270833333333 0.08148148148148149 0.4669270833333333 0.08194444444444444 0.4666666666666667 0.08611111111111111 0.4666666666666667 0.08657407407407407 0.46640625 0.09166666666666666 0.46640625 0.09722222222222222 0.46536458333333336 0.10694444444444444 0.46510416666666665 0.10740740740740741 0.46484375 0.11064814814814815 0.46484375 0.1111111111111111 0.46458333333333335 0.11203703703703703 0.46484375 0.11944444444444445 0.46510416666666665 0.12407407407407407 0.4666666666666667 0.13055555555555556 0.46770833333333334 0.13194444444444445 0.4674479166666667 0.13842592592592592 0.4674479166666667 0.14212962962962963 0.46640625 0.14583333333333334 0.4640625 0.14675925925925926 0.4627604166666667 0.14722222222222223 0.45677083333333335 0.14675925925925926 0.45651041666666664
4 0.28379629629629627 0.3528645833333333 0.28194444444444444 0.353125 0.27685185185185185 0.35625 0.2759259259259259 0.3572916666666667 0.2759259259259259 0.35833333333333334 0.27546296296296297 0.35859375 0.275 0.3606770833333333 0.274537037037037 0.3609375 0.274537037037037 0.3614583333333333 0.27546296296296297 0.3625 0.27870370370370373 0.3651041666666667 0.2791666666666667 0.36770833333333336 0.2796296296296296 0.36796875 0.2796296296296296 0.3692708333333333 0.27546296296296297 0.37265625 0.274537037037037 0.37447916666666664 0.2726851851851852 0.3765625 0.2712962962962963 0.37734375 0.26851851851851855 0.37994791666666666 0.26342592592592595 0.38333333333333336 0.26296296296296295 0.3841145833333333 0.262037037037037 0.3846354166666667 0.262037037037037 0.38515625 0.25972222222222224 0.38776041666666666 0.2587962962962963 0.38828125 0.2574074074074074 0.38984375 0.25555555555555554 0.39088541666666665 0.25416666666666665 0.3924479166666667 0.25416666666666665 0.39296875 0.2523148148148148 0.39557291666666666 0.2523148148148148 0.39739583333333334 0.25277777777777777 0.39765625 0.25277777777777777 0.3984375 0.2550925925925926 0.4002604166666667 0.25601851851851853 0.4002604166666667 0.2587962962962963 0.4010416666666667 0.25972222222222224 0.4015625 0.262037037037037 0.40208333333333335 0.26481481481481484 0.403125 0.2657407407407407 0.403125 0.2675925925925926 0.4036458333333333 0.2689814814814815 0.4036458333333333 0.2708333333333333 0.4041666666666667 0.2722222222222222 0.40390625 0.27546296296296297 0.40260416666666665 0.2791666666666667 0.4005208333333333 0.2814814814814815 0.39817708333333335 0.28425925925925927 0.3966145833333333 0.2898148148148148 0.3919270833333333 0.2949074074074074 0.3888020833333333 0.29768518518518516 0.3859375 0.30925925925925923 0.37916666666666665 0.3101851851851852 0.37890625 0.31296296296296294 0.37890625 0.31342592592592594 0.37916666666666665 0.31574074074074077 0.37916666666666665 0.3162037037037037 0.37942708333333336 0.32222222222222224 0.37942708333333336 0.3226851851851852 0.37916666666666665 0.3236111111111111 0.37916666666666665 0.3263888888888889 0.37838541666666664 0.3277777777777778 0.3776041666666667 0.3277777777777778 0.37734375 0.32916666666666666 0.3765625 0.32916666666666666 0.37604166666666666 0.3300925925925926 0.375 0.3300925925925926 0.37421875 0.33055555555555555 0.37395833333333334 0.33055555555555555 0.3723958333333333 0.32685185185185184 0.3692708333333333 0.3212962962962963 0.36640625 0.3175925925925926 0.3653645833333333 0.31342592592592594 0.36302083333333335 0.3125 0.3619791666666667 0.3101851851851852 0.3606770833333333 0.30694444444444446 0.35989583333333336 0.30277777777777776 0.35833333333333334 0.3013888888888889 0.3575520833333333 0.2967592592592593 0.35625 0.29444444444444445 0.35520833333333335 0.287962962962963 0.3533854166666667 0.28703703703703703 0.3533854166666667 0.2865740740740741 0.353125 0.28425925925925927 0.353125
2 0.27870370370370373 0.4276041666666667 0.27314814814814814 0.42630208333333336 0.26666666666666666 0.42630208333333336 0.26296296296296295 0.4278645833333333 0.2625 0.42864583333333334 0.25972222222222224 0.43046875 0.2587962962962963 0.4315104166666667 0.2587962962962963 0.43463541666666666 0.25833333333333336 0.4354166666666667 0.25972222222222224 0.43776041666666665 0.26157407407407407 0.4390625 0.26157407407407407 0.4395833333333333 0.2587962962962963 0.44244791666666666 0.2587962962962963 0.44296875 0.25277777777777777 0.4466145833333333 0.2513888888888889 0.4479166666666667 0.24537037037037038 0.4513020833333333 0.24444444444444444 0.45234375 0.24166666666666667 0.45364583333333336 0.24027777777777778 0.45390625 0.23425925925925925 0.45755208333333336 0.23287037037037037 0.4578125 0.2300925925925926 0.459375 0.22824074074074074 0.46119791666666665 0.22407407407407406 0.4635416666666667 0.22361111111111112 0.46432291666666664 0.22268518518518518 0.46484375 0.2212962962962963 0.46640625 0.2212962962962963 0.4671875 0.22361111111111112 0.4703125 0.22685185185185186 0.4713541666666667 0.2324074074074074 0.47421875 0.2361111111111111 0.475 0.23935185185185184 0.475 0.23981481481481481 0.4752604166666667 0.2412037037037037 0.475 0.2449074074074074 0.475 0.24537037037037038 0.4747395833333333 0.24768518518518517 0.4747395833333333 0.24814814814814815 0.4744791666666667 0.25092592592592594 0.47421875 0.25555555555555554 0.47291666666666665 0.26296296296296295 0.46901041666666665 0.26342592592592595 0.46901041666666665 0.2657407407407407 0.4671875 0.27037037037037037 0.46458333333333335 0.27546296296296297 0.4627604166666667 0.2828703703703704 0.4591145833333333 0.2847222222222222 0.4588541666666667 0.28564814814814815 0.4583333333333333 0.287962962962963 0.4578125 0.2912037037037037 0.4578125 0.29444444444444445 0.4591145833333333 0.2967592592592593 0.4591145833333333 0.2972222222222222 0.459375 0.30324074074074076 0.459375 0.3074074074074074 0.4583333333333333 0.3101851851851852 0.45729166666666665 0.3138888888888889 0.4546875 0.3143518518518518 0.45078125 0.3101851851851852 0.4466145833333333 0.30833333333333335 0.4453125 0.30694444444444446 0.4432291666666667 0.3037037037037037 0.44114583333333335 0.30185185185185187 0.4393229166666667 0.29768518518518516 0.43671875 0.29398148148148145 0.4354166666666667 0.2916666666666667 0.43411458333333336 0.287962962962963 0.4328125 0.28564814814814815 0.4315104166666667 0.28194444444444444 0.43046875 0.2796296296296296 0.42916666666666664
3 0.4425925925925926 0.12109375 0.43842592592592594 0.12291666666666666 0.43796296296296294 0.125 0.4375 0.12526041666666668 0.4375 0.1265625 0.43703703703703706 0.12682291666666667 0.4375 0.12708333333333333 0.4375 0.128125 0.43842592592592594 0.12942708333333333 0.43842592592592594 0.13046875 0.44212962962962965 0.13489583333333333 0.4449074074074074 0.13697916666666668 0.44583333333333336 0.13828125 0.4527777777777778 0.14322916666666666 0.45555555555555555 0.14557291666666666 0.4601851851851852 0.15052083333333333 0.4615740740740741 0.15130208333333334 0.4666666666666667 0.15598958333333332 0.4675925925925926 0.15625 0.4703703703703704 0.15807291666666667 0.4736111111111111 0.16171875 0.4726851851851852 0.16614583333333333 0.4703703703703704 0.16901041666666666 0.4703703703703704 0.17161458333333332 0.4708333333333333 0.171875 0.4708333333333333 0.1734375 0.4740740740740741 0.17630208333333333 0.4773148148148148 0.17786458333333333 0.4810185185185185 0.17890625 0.48194444444444445 0.17942708333333332 0.48564814814814816 0.18020833333333333 0.49027777777777776 0.1796875 0.49907407407407406 0.17734375 0.5018518518518519 0.17630208333333333 0.5060185185185185 0.17395833333333333 0.5074074074074074 0.17239583333333333 0.5115740740740741 0.16979166666666667 0.5120370370370371 0.16875 0.512962962962963 0.16822916666666668 0.5148148148148148 0.16614583333333333 0.5143518518518518 0.16197916666666667 0.513425925925926 0.16119791666666666 0.5087962962962963 0.15885416666666666 0.5083333333333333 0.15807291666666667 0.5018518518518519 0.1546875 0.500462962962963 0.15494791666666666 0.49722222222222223 0.15494791666666666 0.49675925925925923 0.15520833333333334 0.49398148148148147 0.15546875 0.49027777777777776 0.15338541666666666 0.4888888888888889 0.15234375 0.4861111111111111 0.14921875 0.4837962962962963 0.14791666666666667 0.48194444444444445 0.14583333333333334 0.4791666666666667 0.14401041666666667 0.4722222222222222 0.13802083333333334 0.4708333333333333 0.13723958333333333 0.4652777777777778 0.13098958333333333 0.46296296296296297 0.12942708333333333 0.45925925925925926 0.12630208333333334 0.4587962962962963 0.12552083333333333 0.4564814814814815 0.12421875 0.45555555555555555 0.12317708333333334 0.45231481481481484 0.121875 0.44907407407407407 0.12109375 0.4476851851851852 0.12109375 0.44722222222222224 0.12083333333333333
0 0.29814814814814816 0.4666666666666667 0.2953703703703704 0.46848958333333335 0.2949074074074074 0.46901041666666665 0.2949074074074074 0.46979166666666666 0.29444444444444445 0.4700520833333333 0.29444444444444445 0.4708333333333333 0.2962962962962963 0.47291666666666665 0.2962962962962963 0.4734375 0.2967592592592593 0.47369791666666666 0.2967592592592593 0.47421875 0.29768518518518516 0.4752604166666667 0.29953703703703705 0.4765625 0.3 0.47734375 0.30092592592592593 0.4778645833333333 0.30092592592592593 0.4783854166666667 0.30185185185185187 0.47890625 0.3023148148148148 0.4796875 0.30416666666666664 0.48098958333333336 0.30462962962962964 0.48151041666666666 0.30462962962962964 0.48203125 0.30648148148148147 0.48411458333333335 0.3074074074074074 0.48463541666666665 0.30833333333333335 0.4856770833333333 0.30833333333333335 0.4861979166666667 0.3087962962962963 0.4864583333333333 0.3087962962962963 0.4875 0.30925925925925923 0.48776041666666664 0.30925925925925923 0.48854166666666665 0.30972222222222223 0.48880208333333336 0.30972222222222223 0.48984375 0.3101851851851852 0.4901041666666667 0.30972222222222223 0.490625 0.30972222222222223 0.4921875 0.30925925925925923 0.49244791666666665 0.30925925925925923 0.4947916666666667 0.30972222222222223 0.49505208333333334 0.30972222222222223 0.49583333333333335 0.3101851851851852 0.49609375 0.3101851851851852 0.49661458333333336 0.3111111111111111 0.49765625 0.3125 0.4984375 0.3143518518518518 0.49895833333333334 0.31712962962962965 0.5005208333333333 0.3175925925925926 0.5010416666666667 0.3175925925925926 0.5015625 0.31805555555555554 0.5018229166666667 0.31805555555555554 0.50234375 0.3189814814814815 0.5033854166666667 0.3199074074074074 0.50390625 0.3199074074074074 0.5041666666666667 0.32222222222222224 0.50546875 0.32314814814814813 0.50546875 0.3236111111111111 0.5057291666666667 0.325 0.5057291666666667 0.32546296296296295 0.5059895833333333 0.3277777777777778 0.5057291666666667 0.33055555555555555 0.5049479166666667 0.3337962962962963 0.5049479166666667 0.33425925925925926 0.5046875 0.3375 0.5046875 0.33796296296296297 0.5044270833333333 0.3402777777777778 0.5041666666666667 0.3421296296296296 0.5036458333333333 0.34444444444444444 0.5026041666666666 0.3458333333333333 0.50234375 0.3472222222222222 0.5015625 0.3472222222222222 0.5013020833333334 0.3490740740740741 0.5 0.3509259259259259 0.4979166666666667 0.350462962962963 0.49765625 0.350462962962963 0.49713541666666666 0.35 0.496875 0.35 0.49635416666666665 0.34953703703703703 0.49609375 0.34953703703703703 0.49557291666666664 0.3490740740740741 0.4953125 0.3486111111111111 0.4940104166666667 0.3476851851851852 0.4934895833333333 0.34675925925925927 0.49244791666666665 0.34675925925925927 0.49192708333333335 0.34629629629629627 0.49166666666666664 0.34629629629629627 0.4908854166666667 0.3458333333333333 0.490625 0.3458333333333333 0.4895833333333333 0.3453703703703704 0.48932291666666666 0.3453703703703704 0.48828125 0.3449074074074074 0.48802083333333335 0.3449074074074074 0.4875 0.34444444444444444 0.48723958333333334 0.34444444444444444 0.48671875 0.3439814814814815 0.4861979166666667 0.3421296296296296 0.48515625 0.3416666666666667 0.48463541666666665 0.3402777777777778 0.48463541666666665 0.3398148148148148 0.484375 0.33796296296296297 0.484375 0.33611111111111114 0.48385416666666664 0.3347222222222222 0.48385416666666664 0.33425925925925926 0.48359375 0.3333333333333333 0.48359375 0.33287037037037037 0.48333333333333334 0.33055555555555555 0.4830729166666667 0.32685185185185184 0.48098958333333336 0.32222222222222224 0.47578125 0.3212962962962963 0.4752604166666667 0.3212962962962963 0.475 0.3189814814814815 0.47369791666666666 0.3189814814814815 0.4734375 0.31666666666666665 0.47213541666666664 0.31666666666666665 0.471875 0.3148148148148148 0.4705729166666667 0.3143518518518518 0.46979166666666666 0.31342592592592594 0.46927083333333336 0.31296296296296294 0.46848958333333335 0.31203703703703706 0.46796875 0.3111111111111111 0.4666666666666667 0.3101851851851852 0.4661458333333333 0.30925925925925923 0.4661458333333333 0.3074074074074074 0.465625 0.3037037037037037 0.465625 0.30324074074074076 0.46588541666666666 0.30185185185185187 0.46588541666666666 0.3013888888888889 0.4661458333333333 0.300462962962963 0.4661458333333333 0.3 0.46640625 0.29907407407407405 0.46640625
3 0.28888888888888886 0.6466145833333333 0.2865740740740741 0.6453125 0.2796296296296296 0.6424479166666667 0.2773148148148148 0.6424479166666667 0.2740740740740741 0.6432291666666666 0.26944444444444443 0.6455729166666667 0.26851851851851855 0.6466145833333333 0.26851851851851855 0.6510416666666666 0.26805555555555555 0.6513020833333333 0.26805555555555555 0.6528645833333333 0.2671296296296296 0.6544270833333333 0.26342592592592595 0.65546875 0.25925925925925924 0.6575520833333334 0.2550925925925926 0.6583333333333333 0.24814814814814815 0.6611979166666667 0.2439814814814815 0.6622395833333333 0.24212962962962964 0.66328125 0.23796296296296296 0.66484375 0.23287037037037037 0.6661458333333333 0.22546296296296298 0.66875 0.2152777777777778 0.6716145833333333 0.21296296296296297 0.67265625 0.20925925925925926 0.6736979166666667 0.20833333333333334 0.6736979166666667 0.2037037037037037 0.67578125 0.19490740740740742 0.678125 0.18796296296296297 0.6815104166666667 0.18518518518518517 0.6846354166666667 0.18518518518518517 0.6861979166666666 0.1875 0.6888020833333334 0.1875 0.6893229166666667 0.19305555555555556 0.69140625 0.19907407407407407 0.6911458333333333 0.2023148148148148 0.690625 0.20462962962962963 0.68984375 0.20879629629629629 0.6893229166666667 0.2101851851851852 0.6885416666666667 0.2175925925925926 0.68671875 0.21851851851851853 0.6861979166666666 0.22268518518518518 0.68515625 0.2263888888888889 0.68359375 0.2324074074074074 0.68203125 0.2361111111111111 0.6802083333333333 0.24537037037037038 0.67734375 0.2462962962962963 0.6768229166666667 0.2490740740740741 0.6760416666666667 0.2513888888888889 0.67578125 0.2587962962962963 0.6731770833333334 0.2625 0.6723958333333333 0.27037037037037037 0.6700520833333333 0.2712962962962963 0.6700520833333333 0.275 0.6690104166666667 0.27870370370370373 0.66875 0.2791666666666667 0.6684895833333333 0.2796296296296296 0.66875 0.2847222222222222 0.6690104166666667 0.2851851851851852 0.66875 0.2884259259259259 0.66875 0.2912037037037037 0.6682291666666667 0.2967592592592593 0.66484375 0.29814814814814816 0.66328125 0.2986111111111111 0.66171875 0.2967592592592593 0.6591145833333333 0.29583333333333334 0.65390625 0.29444444444444445 0.6526041666666667 0.29259259259259257 0.6497395833333334 0.28935185185185186 0.6473958333333333
4 0.3962962962962963 0.6013020833333333 0.3962962962962963 0.6015625 0.39305555555555555 0.6033854166666667 0.3907407407407407 0.6059895833333333 0.3907407407407407 0.6065104166666667 0.38981481481481484 0.6072916666666667 0.38981481481481484 0.6083333333333333 0.38935185185185184 0.60859375 0.38935185185185184 0.6096354166666667 0.3888888888888889 0.6098958333333333 0.3888888888888889 0.6109375 0.38842592592592595 0.6111979166666667 0.3888888888888889 0.6114583333333333 0.38935185185185184 0.6130208333333333 0.3907407407407407 0.6145833333333334 0.39166666666666666 0.6151041666666667 0.40046296296296297 0.6169270833333333 0.40185185185185185 0.6169270833333333 0.4023148148148148 0.6171875 0.40879629629629627 0.6182291666666667 0.4152777777777778 0.6200520833333333 0.4162037037037037 0.6200520833333333 0.41805555555555557 0.6205729166666667 0.41944444444444445 0.6205729166666667 0.42407407407407405 0.6221354166666667 0.425 0.6221354166666667 0.42777777777777776 0.6229166666666667 0.42916666666666664 0.6229166666666667 0.4310185185185185 0.6234375 0.4324074074074074 0.6234375 0.4337962962962963 0.6239583333333333 0.43472222222222223 0.6239583333333333 0.4361111111111111 0.6244791666666667 0.43703703703703706 0.6244791666666667 0.43842592592592594 0.625 0.4393518518518518 0.625 0.44074074074074077 0.6255208333333333 0.4425925925925926 0.62578125 0.4439814814814815 0.6265625 0.44537037037037036 0.6283854166666667 0.44583333333333336 0.6307291666666667 0.4462962962962963 0.6309895833333333 0.44675925925925924 0.6348958333333333 0.45046296296296295 0.6372395833333333 0.4532407407407407 0.6380208333333334 0.45601851851851855 0.63828125 0.4564814814814815 0.6385416666666667 0.45925925925925926 0.6385416666666667 0.462037037037037 0.6375 0.4652777777777778 0.6356770833333333 0.4666666666666667 0.6346354166666667 0.4685185185185185 0.6322916666666667 0.4708333333333333 0.63046875 0.4722222222222222 0.6276041666666666 0.47314814814814815 0.6268229166666667 0.4740740740740741 0.62421875 0.475462962962963 0.62265625 0.47685185185185186 0.6200520833333333 0.4777777777777778 0.6192708333333333 0.4777777777777778 0.61875 0.4787037037037037 0.6177083333333333 0.4787037037037037 0.6169270833333333 0.48009259259259257 0.6153645833333333 0.4810185185185185 0.6127604166666667 0.48194444444444445 0.61171875 0.48148148148148145 0.6072916666666667 0.48009259259259257 0.6057291666666667 0.47824074074074074 0.6044270833333333 0.4726851851851852 0.603125 0.4666666666666667 0.6028645833333334 0.4652777777777778 0.6033854166666667 0.4652777777777778 0.6036458333333333 0.46296296296296297 0.6049479166666667 0.4625 0.6049479166666667 0.4625 0.6052083333333333 0.45787037037037037 0.6080729166666666 0.4546296296296296 0.6091145833333333 0.45416666666666666 0.6088541666666667 0.45092592592592595 0.60859375 0.44814814814814813 0.6078125 0.44722222222222224 0.6072916666666667 0.44537037037037036 0.6072916666666667 0.4393518518518518 0.6059895833333333 0.4361111111111111 0.6057291666666667 0.4356481481481482 0.60546875 0.4263888888888889 0.60390625 0.425 0.6033854166666667 0.4212962962962963 0.603125 0.4166666666666667 0.6018229166666667 0.41388888888888886 0.6015625 0.4134259259259259 0.6013020833333333 0.4115740740740741 0.6013020833333333 0.4111111111111111 0.6010416666666667 0.40925925925925927 0.6010416666666667 0.40879629629629627 0.60078125 0.40694444444444444 0.60078125 0.4064814814814815 0.6005208333333333 0.40324074074074073 0.6005208333333333 0.4027777777777778 0.6002604166666666 0.4 0.6002604166666666
1 0.5347222222222222 0.2609375 0.5296296296296297 0.26145833333333335 0.5259259259259259 0.2635416666666667 0.524074074074074 0.2674479166666667 0.5212962962962963 0.2830729166666667 0.5203703703703704 0.29296875 0.5180555555555556 0.3020833333333333 0.5180555555555556 0.3078125 0.5106481481481482 0.35625 0.5087962962962963 0.35885416666666664 0.5060185185185185 0.36015625 0.5018518518518519 0.3609375 0.49907407407407406 0.36223958333333334 0.4981481481481482 0.36223958333333334 0.49583333333333335 0.3645833333333333 0.49675925925925923 0.3690104166666667 0.5037037037037037 0.3729166666666667 0.513425925925926 0.37526041666666665 0.5175925925925926 0.375 0.5254629629629629 0.3734375 0.5291666666666667 0.3734375 0.5365740740740741 0.37213541666666666 0.5393518518518519 0.37135416666666665 0.5425925925925926 0.3690104166666667 0.5407407407407407 0.3658854166666667 0.5370370370370371 0.36354166666666665 0.5365740740740741 0.3614583333333333 0.5337962962962963 0.35859375 0.5333333333333333 0.35078125 0.5342592592592592 0.34348958333333335 0.5356481481481481 0.3390625 0.5375 0.31796875 0.5398148148148149 0.3078125 0.5416666666666666 0.28802083333333334 0.5439814814814815 0.27838541666666666 0.5453703703703704 0.26666666666666666 0.5444444444444444 0.2643229166666667 0.5416666666666666 0.26223958333333336
3 0.6189814814814815 0.36276041666666664 0.6166666666666667 0.3614583333333333 0.6148148148148148 0.3609375 0.6069444444444444 0.3609375 0.6041666666666666 0.36171875 0.6032407407407407 0.36171875 0.5967592592592592 0.36354166666666665 0.5958333333333333 0.3640625 0.5912037037037037 0.3645833333333333 0.587037037037037 0.365625 0.5861111111111111 0.365625 0.5847222222222223 0.36614583333333334 0.5837962962962963 0.36614583333333334 0.5805555555555556 0.36744791666666665 0.5712962962962963 0.37005208333333334 0.5680555555555555 0.37057291666666664 0.5643518518518519 0.371875 0.5611111111111111 0.37213541666666666 0.5583333333333333 0.37265625 0.5560185185185185 0.3734375 0.5518518518518518 0.37395833333333334 0.549537037037037 0.37473958333333335 0.5453703703703704 0.37526041666666665 0.5430555555555555 0.37604166666666666 0.5421296296296296 0.3768229166666667 0.5407407407407407 0.37734375 0.5370370370370371 0.3768229166666667 0.5333333333333333 0.375 0.5300925925925926 0.375 0.5296296296296297 0.37473958333333335 0.5212962962962963 0.3763020833333333 0.5166666666666667 0.3768229166666667 0.5143518518518518 0.37890625 0.5138888888888888 0.38046875 0.513425925925926 0.3807291666666667 0.5138888888888888 0.3809895833333333 0.5138888888888888 0.38255208333333335 0.5143518518518518 0.3828125 0.5143518518518518 0.3846354166666667 0.5157407407407407 0.38645833333333335 0.5166666666666667 0.3890625 0.5185185185185185 0.39088541666666665 0.5189814814814815 0.3921875 0.5208333333333334 0.39427083333333335 0.5222222222222223 0.39505208333333336 0.525 0.39765625 0.5291666666666667 0.4 0.5305555555555556 0.4002604166666667 0.5365740740740741 0.4002604166666667 0.5416666666666666 0.39895833333333336 0.5444444444444444 0.39765625 0.5453703703703704 0.3966145833333333 0.5467592592592593 0.3919270833333333 0.5486111111111112 0.39010416666666664 0.5541666666666667 0.3888020833333333 0.5564814814814815 0.38776041666666666 0.5574074074074075 0.38776041666666666 0.5597222222222222 0.38697916666666665 0.5606481481481481 0.38697916666666665 0.562037037037037 0.38645833333333335 0.5675925925925925 0.3854166666666667 0.5703703703703704 0.3846354166666667 0.5726851851851852 0.38359375 0.575925925925926 0.38333333333333336 0.5800925925925926 0.38177083333333334 0.5837962962962963 0.38125 0.5879629629629629 0.37994791666666666 0.5958333333333333 0.37864583333333335 0.6023148148148149 0.3768229166666667 0.6032407407407407 0.3768229166666667 0.6157407407407407 0.37265625 0.6189814814814815 0.37083333333333335 0.6203703703703703 0.3690104166666667 0.6203703703703703 0.36614583333333334 0.6208333333333333 0.3658854166666667 0.6208333333333333 0.3651041666666667
2 0.6421296296296296 0.16796875 0.6407407407407407 0.16848958333333333 0.6398148148148148 0.16848958333333333 0.6337962962962963 0.16979166666666667 0.6324074074074074 0.16979166666666667 0.6268518518518519 0.17135416666666667 0.6240740740740741 0.17265625 0.6203703703703703 0.17369791666666667 0.6194444444444445 0.17369791666666667 0.6166666666666667 0.17473958333333334 0.6148148148148148 0.175 0.6106481481481482 0.17682291666666666 0.6074074074074074 0.17760416666666667 0.6055555555555555 0.17864583333333334 0.6032407407407407 0.17942708333333332 0.5995370370370371 0.18151041666666667 0.5972222222222222 0.18489583333333334 0.5972222222222222 0.18619791666666666 0.5976851851851852 0.18645833333333334 0.5981481481481481 0.18880208333333334 0.5990740740740741 0.19010416666666666 0.6032407407407407 0.19270833333333334 0.6083333333333333 0.19427083333333334 0.6106481481481482 0.19453125 0.6143518518518518 0.19557291666666668 0.6171296296296296 0.19713541666666667 0.6175925925925926 0.19791666666666666 0.6199074074074075 0.19947916666666668 0.6212962962962963 0.20104166666666667 0.625462962962963 0.20390625 0.6259259259259259 0.20494791666666667 0.6282407407407408 0.20677083333333332 0.6296296296296297 0.20833333333333334 0.6296296296296297 0.20885416666666667 0.6314814814814815 0.21015625 0.6333333333333333 0.21223958333333334 0.6333333333333333 0.21276041666666667 0.6365740740740741 0.21614583333333334 0.6365740740740741 0.21666666666666667 0.638425925925926 0.21848958333333332 0.6398148148148148 0.21927083333333333 0.6407407407407407 0.2203125 0.6435185185185185 0.221875 0.6462962962962963 0.22291666666666668 0.6486111111111111 0.22291666666666668 0.649074074074074 0.22265625 0.6513888888888889 0.22265625 0.6518518518518519 0.22239583333333332 0.6532407407407408 0.22239583333333332 0.6537037037037037 0.22213541666666667 0.6574074074074074 0.22161458333333334 0.6662037037037037 0.21848958333333332 0.6703703703703704 0.21640625 0.6712962962962963 0.21536458333333333 0.6726851851851852 0.2125 0.6722222222222223 0.21223958333333334 0.6722222222222223 0.21119791666666668 0.6712962962962963 0.20989583333333334 0.6712962962962963 0.20885416666666667 0.6680555555555555 0.20520833333333333 0.6671296296296296 0.20338541666666668 0.6638888888888889 0.19973958333333333 0.662962962962963 0.19921875 0.6601851851851852 0.19609375 0.6597222222222222 0.19505208333333332 0.6587962962962963 0.19453125 0.6574074074074074 0.19296875 0.6574074074074074 0.19244791666666666 0.6550925925925926 0.1890625 0.6550925925925926 0.18802083333333333 0.6532407407407408 0.18541666666666667 0.6537037037037037 0.18515625 0.6541666666666667 0.18151041666666667 0.6560185185185186 0.18020833333333333 0.6578703703703703 0.17786458333333333 0.6564814814814814 0.17369791666666667 0.6541666666666667 0.17109375 0.65 0.16822916666666668 0.6481481481481481 0.16822916666666668 0.6476851851851851 0.16796875
1 0.5875 0.5028645833333333 0.5833333333333334 0.50234375 0.5717592592592593 0.49947916666666664 0.5675925925925925 0.49973958333333335 0.5634259259259259 0.5020833333333333 0.562962962962963 0.5033854166666667 0.5606481481481481 0.50546875 0.5662037037037037 0.5080729166666667 0.5675925925925925 0.5096354166666667 0.5671296296296297 0.5138020833333333 0.5398148148148149 0.5471354166666667 0.5324074074074074 0.5546875 0.5194444444444445 0.5705729166666667 0.5171296296296296 0.5723958333333333 0.5157407407407407 0.575 0.5060185185185185 0.5859375 0.5037037037037037 0.5901041666666667 0.4949074074074074 0.5989583333333334 0.49166666666666664 0.6033854166666667 0.49212962962962964 0.6072916666666667 0.49444444444444446 0.60859375 0.4981481481481482 0.609375 0.5013888888888889 0.6111979166666667 0.5064814814814815 0.6106770833333334 0.512962962962963 0.6075520833333333 0.5194444444444445 0.5989583333333334 0.5393518518518519 0.5760416666666667 0.5425925925925926 0.5708333333333333 0.5527777777777778 0.5596354166666667 0.5583333333333333 0.5520833333333334 0.562037037037037 0.5486979166666667 0.5685185185185185 0.5401041666666667 0.5787037037037037 0.5291666666666667 0.5819444444444445 0.5236979166666667 0.5856481481481481 0.5192708333333333 0.5879629629629629 0.5177083333333333 0.5912037037037037 0.5166666666666667 0.6032407407407407 0.5158854166666667 0.6055555555555555 0.5135416666666667 0.6046296296296296 0.5096354166666667 0.5972222222222222 0.5059895833333333
2 0.5671296296296297 0.63828125 0.5638888888888889 0.6390625 0.5601851851851852 0.6411458333333333 0.5597222222222222 0.6419270833333334 0.5587962962962963 0.6424479166666667 0.5583333333333333 0.64375 0.5564814814814815 0.6455729166666667 0.5541666666666667 0.65 0.5509259259259259 0.6541666666666667 0.55 0.65625 0.5486111111111112 0.6572916666666667 0.5472222222222223 0.66015625 0.5449074074074074 0.6627604166666666 0.5449074074074074 0.6635416666666667 0.5444444444444444 0.6638020833333333 0.5435185185185185 0.6661458333333333 0.5416666666666666 0.6682291666666667 0.5388888888888889 0.6700520833333333 0.5370370370370371 0.6708333333333333 0.5337962962962963 0.6708333333333333 0.5333333333333333 0.6705729166666666 0.5319444444444444 0.6708333333333333 0.5287037037037037 0.6708333333333333 0.5268518518518519 0.6713541666666667 0.5254629629629629 0.6713541666666667 0.524074074074074 0.671875 0.5212962962962963 0.6736979166666667 0.5194444444444445 0.6760416666666667 0.5194444444444445 0.6768229166666667 0.5189814814814815 0.6770833333333334 0.5189814814814815 0.6791666666666667 0.5194444444444445 0.6794270833333333 0.5194444444444445 0.6809895833333334 0.5208333333333334 0.6828125 0.5254629629629629 0.6854166666666667 0.5361111111111111 0.68828125 0.537962962962963 0.6893229166666667 0.5444444444444444 0.6911458333333333 0.5486111111111112 0.69140625 0.5532407407407407 0.6932291666666667 0.5555555555555556 0.6934895833333333 0.5601851851851852 0.6947916666666667 0.5643518518518519 0.6955729166666667 0.5689814814814815 0.6958333333333333 0.5694444444444444 0.69609375 0.5722222222222222 0.69609375 0.5763888888888888 0.6953125 0.5796296296296296 0.6940104166666666 0.5810185185185185 0.6932291666666667 0.5842592592592593 0.6895833333333333 0.5842592592592593 0.68515625 0.5833333333333334 0.6838541666666667 0.575925925925926 0.6776041666666667 0.575925925925926 0.6734375 0.5763888888888888 0.6731770833333334 0.5763888888888888 0.6721354166666667 0.5768518518518518 0.671875 0.5787037037037037 0.665625 0.5833333333333334 0.6580729166666667 0.5833333333333334 0.6572916666666667 0.5847222222222223 0.6549479166666666 0.5847222222222223 0.65390625 0.5861111111111111 0.6515625 0.5884259259259259 0.6489583333333333 0.5884259259259259 0.6484375 0.5907407407407408 0.6463541666666667 0.586574074074074 0.64296875 0.5796296296296296 0.6395833333333333 0.575925925925926 0.6390625 0.5731481481481482 0.63828125
3 0.6074074074074074 0.4197916666666667 0.6060185185185185 0.42161458333333335 0.6032407407407407 0.4234375 0.6027777777777777 0.4244791666666667 0.5990740740740741 0.428125 0.5986111111111111 0.4317708333333333 0.6 0.43307291666666664 0.6032407407407407 0.4348958333333333 0.6064814814814815 0.4356770833333333 0.6148148148148148 0.4356770833333333 0.6152777777777778 0.4354166666666667 0.6180555555555556 0.4354166666666667 0.6189814814814815 0.43515625 0.6226851851851852 0.43645833333333334 0.6236111111111111 0.43645833333333334 0.6263888888888889 0.43723958333333335 0.6277777777777778 0.43802083333333336 0.6375 0.44166666666666665 0.6398148148148148 0.44296875 0.6421296296296296 0.4434895833333333 0.6458333333333334 0.44505208333333335 0.6472222222222223 0.4453125 0.6541666666666667 0.4479166666666667 0.6611111111111111 0.4515625 0.6652777777777777 0.45286458333333335 0.6763888888888889 0.4578125 0.6819444444444445 0.4596354166666667 0.6828703703703703 0.4596354166666667 0.6851851851851852 0.46041666666666664 0.6930555555555555 0.46041666666666664 0.6976851851851852 0.4588541666666667 0.7 0.45677083333333335 0.700462962962963 0.4552083333333333 0.700925925925926 0.4549479166666667 0.6995370370370371 0.4513020833333333 0.6986111111111111 0.4505208333333333 0.6902777777777778 0.44635416666666666 0.6861111111111111 0.44479166666666664 0.6819444444444445 0.44244791666666666 0.675 0.43984375 0.6699074074074074 0.43723958333333335 0.6666666666666666 0.43671875 0.6638888888888889 0.43515625 0.6625 0.4348958333333333 0.6546296296296297 0.43203125 0.649074074074074 0.42916666666666664 0.6486111111111111 0.42916666666666664 0.6462962962962963 0.4276041666666667 0.6416666666666667 0.42604166666666665 0.6370370370370371 0.4231770833333333 0.6342592592592593 0.4200520833333333 0.6342592592592593 0.4161458333333333 0.6347222222222222 0.4158854166666667 0.6333333333333333 0.41510416666666666 0.6282407407407408 0.41354166666666664 0.6273148148148148 0.41302083333333334 0.6226851851851852 0.4127604166666667 0.6152777777777778 0.41484375
1 0.6462962962962963 0.46041666666666664 0.6398148148148148 0.45598958333333334 0.638425925925926 0.4544270833333333 0.6314814814814815 0.45338541666666665 0.6268518518518519 0.45390625 0.624537037037037 0.4549479166666667 0.6217592592592592 0.45859375 0.6222222222222222 0.4630208333333333 0.6185185185185185 0.46536458333333336 0.6023148148148149 0.4705729166666667 0.5944444444444444 0.4739583333333333 0.5837962962962963 0.47682291666666665 0.5717592592592593 0.4817708333333333 0.5675925925925925 0.4822916666666667 0.5634259259259259 0.484375 0.5601851851851852 0.48463541666666665 0.5537037037037037 0.48723958333333334 0.5324074074074074 0.49375 0.5263888888888889 0.49635416666666665 0.5199074074074074 0.4981770833333333 0.5162037037037037 0.5 0.5125 0.50078125 0.5083333333333333 0.5026041666666666 0.49722222222222223 0.5057291666666667 0.4740740740740741 0.5135416666666667 0.4666666666666667 0.5174479166666667 0.4666666666666667 0.5216145833333333 0.4703703703703704 0.5252604166666667 0.4740740740740741 0.5263020833333333 0.4787037037037037 0.5263020833333333 0.48703703703703705 0.5252604166666667 0.4981481481481482 0.5221354166666666 0.5023148148148148 0.5197916666666667 0.5212962962962963 0.5135416666666667 0.5337962962962963 0.50859375 0.5375 0.5078125 0.5481481481481482 0.5041666666666667 0.5597222222222222 0.50234375 0.5638888888888889 0.49947916666666664 0.575 0.49635416666666665 0.5805555555555556 0.4934895833333333 0.5833333333333334 0.49296875 0.6023148148148149 0.4861979166666667 0.6203703703703703 0.48098958333333336 0.6305555555555555 0.47890625 0.6393518518518518 0.47890625 0.6412037037037037 0.47942708333333334 0.6462962962962963 0.4796875 0.6532407407407408 0.4778645833333333 0.6550925925925926 0.4765625 0.6560185185185186 0.475 0.6550925925925926 0.4700520833333333
4 0.6425925925925926 0.5708333333333333 0.6402777777777777 0.5723958333333333 0.6402777777777777 0.5729166666666666 0.6393518518518518 0.5736979166666667 0.6393518518518518 0.57421875 0.638425925925926 0.5752604166666667 0.638425925925926 0.5760416666666667 0.637962962962963 0.5763020833333333 0.6375 0.5802083333333333 0.6370370370370371 0.58046875 0.6370370370370371 0.5815104166666667 0.6365740740740741 0.5817708333333333 0.6365740740740741 0.5828125 0.6361111111111111 0.5830729166666667 0.6361111111111111 0.5841145833333333 0.6356481481481482 0.584375 0.6356481481481482 0.5856770833333333 0.6347222222222222 0.5869791666666667 0.6342592592592593 0.5903645833333333 0.6337962962962963 0.590625 0.6337962962962963 0.5919270833333333 0.6333333333333333 0.5921875 0.6333333333333333 0.59375 0.6328703703703704 0.5940104166666667 0.6324074074074074 0.596875 0.6319444444444444 0.5971354166666667 0.6319444444444444 0.5981770833333333 0.6314814814814815 0.5984375 0.6305555555555555 0.6010416666666667 0.6300925925925925 0.6015625 0.6263888888888889 0.6033854166666667 0.6231481481481481 0.6033854166666667 0.6226851851851852 0.6036458333333333 0.6180555555555556 0.6041666666666666 0.6152777777777778 0.6049479166666667 0.6134259259259259 0.6072916666666667 0.6129629629629629 0.6106770833333334 0.6125 0.6109375 0.6134259259259259 0.6135416666666667 0.6148148148148148 0.6151041666666667 0.6171296296296296 0.615625 0.6189814814814815 0.6166666666666667 0.6226851851851852 0.6169270833333333 0.624537037037037 0.6177083333333333 0.6291666666666667 0.6190104166666667 0.6305555555555555 0.6190104166666667 0.6310185185185185 0.6192708333333333 0.6337962962962963 0.6192708333333333 0.6342592592592593 0.61953125 0.6365740740740741 0.61953125 0.6370370370370371 0.6197916666666666 0.638425925925926 0.6197916666666666 0.6388888888888888 0.6200520833333333 0.6402777777777777 0.6200520833333333 0.6425925925925926 0.6205729166666667 0.6476851851851851 0.6205729166666667 0.6481481481481481 0.6208333333333333 0.6523148148148148 0.6208333333333333 0.6527777777777778 0.6205729166666667 0.6597222222222222 0.6205729166666667 0.6601851851851852 0.6208333333333333 0.6625 0.6208333333333333 0.6648148148148149 0.6203125 0.6689814814814815 0.6200520833333333 0.6708333333333333 0.61953125 0.6722222222222223 0.61875 0.6736111111111112 0.6171875 0.6736111111111112 0.6153645833333333 0.674074074074074 0.6151041666666667 0.6736111111111112 0.61484375 0.6736111111111112 0.6122395833333333 0.6731481481481482 0.6119791666666666 0.6731481481481482 0.6111979166666667 0.6675925925925926 0.6083333333333333 0.6666666666666666 0.60703125 0.6643518518518519 0.6057291666666667 0.6625 0.6036458333333333 0.663425925925926 0.5955729166666667 0.6638888888888889 0.5953125 0.6638888888888889 0.5942708333333333 0.6643518518518519 0.5940104166666667 0.6643518518518519 0.5924479166666666 0.6648148148148149 0.5921875 0.6648148148148149 0.5908854166666667 0.6652777777777777 0.590625 0.6652777777777777 0.5893229166666667 0.6657407407407407 0.5890625 0.6657407407407407 0.5872395833333334 0.6662037037037037 0.5869791666666667 0.6662037037037037 0.5859375 0.6666666666666666 0.5856770833333333 0.6666666666666666 0.5846354166666666 0.6671296296296296 0.584375 0.6671296296296296 0.5833333333333334 0.6675925925925926 0.5830729166666667 0.6680555555555555 0.57890625 0.6685185185185185 0.5786458333333333 0.6685185185185185 0.5763020833333333 0.6689814814814815 0.5760416666666667 0.6685185185185185 0.57578125 0.6680555555555555 0.5736979166666667 0.6666666666666666 0.5721354166666667 0.6615740740740741 0.57109375 0.6583333333333333 0.5708333333333333 0.6578703703703703 0.5705729166666667 0.6444444444444445 0.5705729166666667 0.6439814814814815 0.5708333333333333
5 0.6662037037037037 0.6520833333333333 0.6620370370370371 0.6544270833333333 0.6620370370370371 0.6546875 0.6601851851851852 0.6565104166666667 0.6601851851851852 0.65703125 0.6597222222222222 0.6572916666666667 0.6569444444444444 0.6606770833333333 0.6550925925925926 0.6619791666666667 0.6550925925925926 0.6625 0.6537037037037037 0.6638020833333333 0.6537037037037037 0.6643229166666667 0.6532407407407408 0.6645833333333333 0.6532407407407408 0.66484375 0.6527777777777778 0.6651041666666667 0.6527777777777778 0.665625 0.6523148148148148 0.6658854166666667 0.6523148148148148 0.66640625 0.6527777777777778 0.6666666666666666 0.6527777777777778 0.6682291666666667 0.6532407407407408 0.6684895833333333 0.6532407407407408 0.6697916666666667 0.6537037037037037 0.6700520833333333 0.6541666666666667 0.6708333333333333 0.6555555555555556 0.6716145833333333 0.6574074074074074 0.6739583333333333 0.6597222222222222 0.6752604166666667 0.6597222222222222 0.6755208333333333 0.6606481481481481 0.6760416666666667 0.6615740740740741 0.67734375 0.6648148148148149 0.6794270833333333 0.6648148148148149 0.6796875 0.6657407407407407 0.6802083333333333 0.6657407407407407 0.68046875 0.6680555555555555 0.6817708333333333 0.6685185185185185 0.6817708333333333 0.6699074074074074 0.6822916666666666 0.6712962962962963 0.6822916666666666 0.6717592592592593 0.6825520833333333 0.6736111111111112 0.6825520833333333 0.674074074074074 0.6828125 0.675 0.6828125 0.6754629629629629 0.6830729166666667 0.6763888888888889 0.6830729166666667 0.6768518518518518 0.6833333333333333 0.6777777777777778 0.6833333333333333 0.6782407407407407 0.68359375 0.6796296296296296 0.68359375 0.6800925925925926 0.6838541666666667 0.6824074074074075 0.6838541666666667 0.6828703703703703 0.6841145833333333 0.6912037037037037 0.6841145833333333 0.6916666666666667 0.6838541666666667 0.6935185185185185 0.6838541666666667 0.6939814814814815 0.68359375 0.6953703703703704 0.68359375 0.6958333333333333 0.6833333333333333 0.6967592592592593 0.6833333333333333 0.6972222222222222 0.6830729166666667 0.6986111111111111 0.6830729166666667 0.6990740740740741 0.6828125 0.700462962962963 0.6828125 0.700925925925926 0.6825520833333333 0.7037037037037037 0.6825520833333333 0.7041666666666667 0.6822916666666666 0.7046296296296296 0.6822916666666666 0.7046296296296296 0.68203125 0.7050925925925926 0.6817708333333333 0.7050925925925926 0.6809895833333334 0.7060185185185185 0.6802083333333333 0.7060185185185185 0.6796875 0.7087962962962963 0.6768229166666667 0.7087962962962963 0.6763020833333333 0.7092592592592593 0.6760416666666667 0.7092592592592593 0.6752604166666667 0.7097222222222223 0.675 0.7097222222222223 0.6744791666666666 0.7101851851851851 0.67421875 0.7101851851851851 0.6734375 0.7106481481481481 0.6731770833333334 0.7106481481481481 0.6721354166666667 0.7111111111111111 0.671875 0.711574074074074 0.6705729166666666 0.7125 0.6697916666666667 0.7125 0.6674479166666667 0.7129629629629629 0.6671875 0.7129629629629629 0.6653645833333334 0.7125 0.6651041666666667 0.7125 0.6640625 0.711574074074074 0.66328125 0.7111111111111111 0.6619791666666667 0.7083333333333334 0.66015625 0.7050925925925926 0.65625 0.7041666666666667 0.6557291666666667 0.7041666666666667 0.65546875 0.7032407407407407 0.6549479166666666 0.7032407407407407 0.6546875 0.7013888888888888 0.6536458333333334 0.7013888888888888 0.6533854166666667 0.700925925925926 0.653125 0.700462962962963 0.653125 0.6981481481481482 0.6520833333333333 0.6976851851851852 0.6520833333333333 0.6953703703703704 0.6513020833333333 0.6939814814814815 0.6513020833333333 0.6935185185185185 0.6510416666666666 0.6916666666666667 0.6510416666666666 0.6912037037037037 0.65078125 0.6865740740740741 0.65078125 0.6861111111111111 0.6510416666666666 0.6731481481481482 0.6510416666666666 0.6726851851851852 0.6513020833333333 0.6699074074074074 0.6513020833333333 0.6694444444444444 0.6515625 0.6685185185185185 0.6515625 0.6671296296296296 0.6520833333333333
1 0.7671296296296296 0.5244791666666667 0.762962962962963 0.5260416666666666 0.7606481481481482 0.5299479166666666 0.7620370370370371 0.5330729166666667 0.762962962962963 0.53359375 0.7685185185185185 0.534375 0.7722222222222223 0.5364583333333334 0.7726851851851851 0.5432291666666667 0.7722222222222223 0.5598958333333334 0.7708333333333334 0.5682291666666667 0.7694444444444445 0.6036458333333333 0.7680555555555556 0.6125 0.7675925925925926 0.6385416666666667 0.7712962962962963 0.6421875 0.7796296296296297 0.6434895833333333 0.7833333333333333 0.6434895833333333 0.7870370370370371 0.64296875 0.7898148148148149 0.6416666666666667 0.7916666666666666 0.63984375 0.7925925925925926 0.6369791666666667 0.7949074074074074 0.5981770833333333 0.7949074074074074 0.5783854166666667 0.7967592592592593 0.5630208333333333 0.7967592592592593 0.55234375 0.7981481481481482 0.5442708333333334 0.7981481481481482 0.5369791666666667 0.8013888888888889 0.5354166666666667 0.8097222222222222 0.5338541666666666 0.8106481481481481 0.5330729166666667 0.8106481481481481 0.53046875 0.8097222222222222 0.528125 0.8069444444444445 0.5265625 0.8004629629629629 0.5255208333333333
3 0.8555555555555555 0.3338541666666667 0.8532407407407407 0.33229166666666665 0.8495370370370371 0.3307291666666667 0.8453703703703703 0.3296875 0.8449074074074074 0.3299479166666667 0.8416666666666667 0.3299479166666667 0.8393518518518519 0.3307291666666667 0.8337962962962963 0.33177083333333335 0.8296296296296296 0.33307291666666666 0.8231481481481482 0.3338541666666667 0.8189814814814815 0.33515625 0.8180555555555555 0.33515625 0.8152777777777778 0.33619791666666665 0.8106481481481481 0.33697916666666666 0.8064814814814815 0.33828125 0.8055555555555556 0.33828125 0.7972222222222223 0.34036458333333336 0.7888888888888889 0.3416666666666667 0.7828703703703703 0.34322916666666664 0.775 0.34322916666666664 0.7731481481481481 0.3424479166666667 0.7703703703703704 0.3421875 0.7685185185185185 0.3416666666666667 0.7583333333333333 0.3416666666666667 0.7560185185185185 0.3424479166666667 0.7518518518518519 0.34296875 0.749537037037037 0.3455729166666667 0.749537037037037 0.346875 0.7481481481481481 0.34921875 0.7481481481481481 0.35260416666666666 0.7486111111111111 0.3528645833333333 0.7490740740740741 0.35651041666666666 0.749537037037037 0.3567708333333333 0.749537037037037 0.3578125 0.750462962962963 0.35885416666666664 0.7513888888888889 0.3611979166666667 0.7555555555555555 0.36484375 0.7597222222222222 0.36692708333333335 0.763425925925926 0.36822916666666666 0.7662037037037037 0.36822916666666666 0.7675925925925926 0.3684895833333333 0.7680555555555556 0.36822916666666666 0.7703703703703704 0.36822916666666666 0.7708333333333334 0.36796875 0.7754629629629629 0.36744791666666665 0.7763888888888889 0.36692708333333335 0.7787037037037037 0.36640625 0.7805555555555556 0.3653645833333333 0.7819444444444444 0.36276041666666664 0.7828703703703703 0.3619791666666667 0.7833333333333333 0.35963541666666665 0.7842592592592592 0.35833333333333334 0.7898148148148149 0.35572916666666665 0.7916666666666666 0.35546875 0.7953703703703704 0.3541666666666667 0.7981481481481482 0.35390625 0.8 0.3533854166666667 0.8013888888888889 0.3533854166666667 0.8074074074074075 0.35182291666666665 0.8111111111111111 0.35130208333333335 0.8134259259259259 0.35052083333333334 0.8162037037037037 0.3502604166666667 0.8166666666666667 0.35 0.8185185185185185 0.35 0.8203703703703704 0.3494791666666667 0.8217592592592593 0.3494791666666667 0.825925925925926 0.34869791666666666 0.8268518518518518 0.34817708333333336 0.8300925925925926 0.34739583333333335 0.8305555555555556 0.34765625 0.8337962962962963 0.34765625 0.8356481481481481 0.34661458333333334 0.8388888888888889 0.3458333333333333 0.8416666666666667 0.3455729166666667 0.8425925925925926 0.3450520833333333 0.8444444444444444 0.34479166666666666 0.8495370370370371 0.34322916666666664 0.8532407407407407 0.3411458333333333 0.8555555555555555 0.3385416666666667 0.8564814814814815 0.3380208333333333
2 0.8023148148148148 0.5606770833333333 0.799537037037037 0.5625 0.7986111111111112 0.5640625 0.7981481481481482 0.5661458333333333 0.7976851851851852 0.56640625 0.7976851851851852 0.56796875 0.7972222222222223 0.5682291666666667 0.7972222222222223 0.5716145833333334 0.7967592592592593 0.5721354166666667 0.7981481481481482 0.57421875 0.799074074074074 0.575 0.799537037037037 0.575 0.8023148148148148 0.5765625 0.8050925925925926 0.5796875 0.8050925925925926 0.5838541666666667 0.8046296296296296 0.5841145833333333 0.8041666666666667 0.5864583333333333 0.8032407407407407 0.5877604166666667 0.8027777777777778 0.5919270833333333 0.8 0.5955729166666667 0.799537037037037 0.59765625 0.799074074074074 0.5979166666666667 0.7986111111111112 0.6 0.7981481481481482 0.6002604166666666 0.7981481481481482 0.6015625 0.7976851851851852 0.6018229166666667 0.7976851851851852 0.603125 0.7972222222222223 0.6033854166666667 0.7972222222222223 0.6057291666666667 0.7967592592592593 0.6059895833333333 0.7972222222222223 0.609375 0.7976851851851852 0.6096354166666667 0.7981481481481482 0.6111979166666667 0.7986111111111112 0.6111979166666667 0.8013888888888889 0.6127604166666667 0.8060185185185185 0.6138020833333333 0.8111111111111111 0.6138020833333333 0.8134259259259259 0.6143229166666667 0.8175925925925925 0.6143229166666667 0.8180555555555555 0.6145833333333334 0.8203703703703704 0.6145833333333334 0.8208333333333333 0.61484375 0.825462962962963 0.6145833333333334 0.8300925925925926 0.6135416666666667 0.8342592592592593 0.6109375 0.8342592592592593 0.61015625 0.8361111111111111 0.6072916666666667 0.836574074074074 0.6041666666666666 0.8384259259259259 0.6015625 0.8388888888888889 0.59921875 0.8393518518518519 0.5989583333333334 0.8407407407407408 0.5950520833333334 0.8416666666666667 0.5940104166666667 0.8416666666666667 0.5927083333333333 0.8425925925925926 0.5911458333333334 0.8425925925925926 0.58984375 0.8430555555555556 0.5895833333333333 0.8430555555555556 0.58828125 0.8435185185185186 0.5880208333333333 0.8435185185185186 0.58671875 0.8439814814814814 0.5864583333333333 0.8439814814814814 0.5854166666666667 0.8444444444444444 0.58515625 0.8449074074074074 0.5833333333333334 0.8453703703703703 0.5828125 0.8486111111111111 0.58125 0.8569444444444444 0.58046875 0.8583333333333333 0.5796875 0.8611111111111112 0.575 0.8611111111111112 0.57265625 0.861574074074074 0.5721354166666667 0.8611111111111112 0.571875 0.8611111111111112 0.57109375 0.8560185185185185 0.5682291666666667 0.8518518518518519 0.5674479166666667 0.8453703703703703 0.565625 0.8407407407407408 0.5651041666666666 0.8402777777777778 0.56484375 0.8384259259259259 0.56484375 0.836574074074074 0.5643229166666667 0.8337962962962963 0.5643229166666667 0.8314814814814815 0.5638020833333334 0.8296296296296296 0.5638020833333334 0.825925925925926 0.5627604166666667 0.8217592592592593 0.5625 0.8171296296296297 0.5614583333333333 0.8138888888888889 0.5614583333333333 0.8101851851851852 0.5606770833333333
3 0.7611111111111111 0.25390625 0.7611111111111111 0.26015625 0.7615740740740741 0.2604166666666667 0.7625 0.26328125 0.763425925925926 0.2643229166666667 0.7671296296296296 0.26536458333333335 0.7699074074074074 0.265625 0.7703703703703704 0.26588541666666665 0.7791666666666667 0.26614583333333336 0.7861111111111111 0.2640625 0.7902777777777777 0.26145833333333335 0.7972222222222223 0.26015625 0.8092592592592592 0.26015625 0.8097222222222222 0.2604166666666667 0.8203703703703704 0.26067708333333334 0.8208333333333333 0.2609375 0.8277777777777777 0.26119791666666664 0.8282407407407407 0.26145833333333335 0.8328703703703704 0.26171875 0.8333333333333334 0.26197916666666665 0.8388888888888889 0.26197916666666665 0.8393518518518519 0.26223958333333336 0.8430555555555556 0.26223958333333336 0.8435185185185186 0.2625 0.8472222222222222 0.2625 0.8476851851851852 0.26276041666666666 0.8550925925925926 0.26276041666666666 0.8555555555555555 0.2630208333333333 0.8583333333333333 0.2630208333333333 0.8606481481481482 0.2625 0.8671296296296296 0.2625 0.8689814814814815 0.26197916666666665 0.8708333333333333 0.2598958333333333 0.8712962962962963 0.25859375 0.8731481481481481 0.25625 0.8731481481481481 0.2513020833333333 0.8726851851851852 0.25052083333333336 0.8699074074074075 0.24921875 0.8662037037037037 0.24895833333333334 0.8657407407407407 0.24869791666666666 0.8611111111111112 0.24869791666666666 0.8606481481481482 0.2484375 0.8569444444444444 0.24817708333333333 0.8564814814814815 0.24791666666666667 0.8476851851851852 0.24791666666666667 0.8472222222222222 0.24765625 0.8291666666666667 0.24739583333333334 0.8287037037037037 0.24713541666666666 0.8217592592592593 0.246875 0.8189814814814815 0.24635416666666668 0.812962962962963 0.24635416666666668 0.8101851851851852 0.24583333333333332 0.8060185185185185 0.24583333333333332 0.8055555555555556 0.24557291666666667 0.7986111111111112 0.24557291666666667 0.7958333333333333 0.24479166666666666 0.7925925925925926 0.24296875 0.7898148148148149 0.24010416666666667 0.7870370370370371 0.23932291666666666 0.7842592592592592 0.23932291666666666 0.7837962962962963 0.2390625 0.7768518518518519 0.2390625 0.7763888888888889 0.23932291666666666 0.7726851851851851 0.23932291666666666 0.7722222222222223 0.23958333333333334 0.7708333333333334 0.23958333333333334 0.7671296296296296 0.24192708333333332 0.7652777777777777 0.24401041666666667 0.7648148148148148 0.24557291666666667 0.762962962962963 0.24765625 0.7620370370370371 0.25104166666666666 0.7615740740740741 0.2513020833333333 0.7615740740740741 0.25364583333333335
0 0.9097222222222222 0.5877604166666667 0.9050925925925926 0.5848958333333333 0.9041666666666667 0.5838541666666667 0.9032407407407408 0.5833333333333334 0.9027777777777778 0.5833333333333334 0.8949074074074074 0.5786458333333333 0.8944444444444445 0.5786458333333333 0.8925925925925926 0.5778645833333333 0.8888888888888888 0.5778645833333333 0.887962962962963 0.578125 0.8851851851851852 0.5794270833333334 0.8847222222222222 0.5794270833333334 0.8773148148148148 0.58359375 0.8773148148148148 0.5838541666666667 0.8763888888888889 0.584375 0.874537037037037 0.584375 0.8726851851851852 0.5848958333333333 0.8726851851851852 0.58515625 0.8717592592592592 0.5856770833333333 0.8717592592592592 0.5861979166666667 0.8708333333333333 0.5869791666666667 0.8708333333333333 0.5875 0.8675925925925926 0.5911458333333334 0.8569444444444444 0.5971354166666667 0.8564814814814815 0.5971354166666667 0.8550925925925926 0.5979166666666667 0.8546296296296296 0.5979166666666667 0.8523148148148149 0.5989583333333334 0.85 0.5994791666666667 0.8458333333333333 0.6018229166666667 0.8444444444444444 0.6020833333333333 0.8398148148148148 0.6046875 0.8379629629629629 0.6067708333333334 0.8379629629629629 0.6080729166666666 0.8384259259259259 0.6083333333333333 0.8384259259259259 0.6088541666666667 0.8388888888888889 0.6091145833333333 0.8388888888888889 0.6096354166666667 0.8393518518518519 0.6098958333333333 0.8393518518518519 0.6104166666666667 0.8398148148148148 0.6109375 0.8412037037037037 0.61171875 0.8425925925925926 0.6119791666666666 0.8435185185185186 0.6125 0.8453703703703703 0.6130208333333333 0.8476851851851852 0.6130208333333333 0.8481481481481481 0.61328125 0.8495370370370371 0.61328125 0.850462962962963 0.6127604166666667 0.8518518518518519 0.6125 0.8532407407407407 0.61171875 0.8555555555555555 0.6111979166666667 0.8583333333333333 0.6096354166666667 0.8587962962962963 0.6096354166666667 0.8606481481481482 0.60859375 0.8611111111111112 0.60859375 0.8643518518518518 0.60703125 0.8680555555555556 0.6059895833333333 0.8726851851851852 0.60390625 0.8731481481481481 0.60390625 0.874537037037037 0.603125 0.875 0.603125 0.8763888888888889 0.60234375 0.8791666666666667 0.6015625 0.8800925925925925 0.6010416666666667 0.8814814814814815 0.60078125 0.8847222222222222 0.5994791666666667 0.8861111111111111 0.5994791666666667 0.8865740740740741 0.59921875 0.8888888888888888 0.59921875 0.8898148148148148 0.5997395833333333 0.8916666666666667 0.6002604166666666 0.8930555555555556 0.6002604166666666 0.8935185185185185 0.6005208333333333 0.8962962962962963 0.6005208333333333 0.8976851851851851 0.5994791666666667 0.8976851851851851 0.5989583333333334 0.9 0.596875 0.9018518518518519 0.5963541666666666 0.9027777777777778 0.5963541666666666 0.9032407407407408 0.59609375 0.9046296296296297 0.59609375 0.9050925925925926 0.5958333333333333 0.9060185185185186 0.5958333333333333 0.9064814814814814 0.5955729166666667 0.9074074074074074 0.5955729166666667 0.9083333333333333 0.5953125 0.9115740740740741 0.5934895833333333 0.9120370370370371 0.59296875 0.9120370370370371 0.5924479166666666 0.9125 0.5921875 0.9125 0.5911458333333334 0.9120370370370371 0.5908854166666667 0.9120370370370371 0.5903645833333333
0 0.8398148148148148 0.4080729166666667 0.8398148148148148 0.40989583333333335 0.8393518518518519 0.41015625 0.8393518518518519 0.41171875 0.8388888888888889 0.4119791666666667 0.8393518518518519 0.4122395833333333 0.8398148148148148 0.4140625 0.8402777777777778 0.41432291666666665 0.8416666666666667 0.4161458333333333 0.8439814814814814 0.41744791666666664 0.8444444444444444 0.41744791666666664 0.8560185185185185 0.42083333333333334 0.8569444444444444 0.42083333333333334 0.8574074074074074 0.42109375 0.8587962962962963 0.42109375 0.8592592592592593 0.42083333333333334 0.8611111111111112 0.42083333333333334 0.861574074074074 0.42109375 0.8625 0.42109375 0.8629629629629629 0.42135416666666664 0.8689814814814815 0.42135416666666664 0.8703703703703703 0.42083333333333334 0.8712962962962963 0.42083333333333334 0.8717592592592592 0.4205729166666667 0.875 0.4197916666666667 0.8768518518518519 0.41901041666666666 0.8796296296296297 0.41901041666666666 0.8800925925925925 0.41875 0.8842592592592593 0.41875 0.8847222222222222 0.41901041666666666 0.8870370370370371 0.41901041666666666 0.8875 0.4192708333333333 0.8907407407407407 0.4192708333333333 0.8912037037037037 0.41953125 0.8939814814814815 0.41953125 0.8944444444444445 0.4197916666666667 0.8967592592592593 0.4197916666666667 0.8972222222222223 0.4200520833333333 0.9004629629629629 0.4200520833333333 0.9009259259259259 0.4203125 0.9060185185185186 0.4203125 0.9064814814814814 0.4200520833333333 0.9092592592592592 0.4200520833333333 0.9097222222222222 0.4197916666666667 0.9115740740740741 0.4197916666666667 0.9120370370370371 0.41953125 0.9125 0.41953125 0.9157407407407407 0.41796875 0.9157407407407407 0.41770833333333335 0.9162037037037037 0.41744791666666664 0.9162037037037037 0.41692708333333334 0.9166666666666666 0.4166666666666667 0.9166666666666666 0.41354166666666664 0.9162037037037037 0.41328125 0.9162037037037037 0.4119791666666667 0.9152777777777777 0.4114583333333333 0.9148148148148149 0.4114583333333333 0.9138888888888889 0.4109375 0.913425925925926 0.4109375 0.9120370370370371 0.41015625 0.9097222222222222 0.40989583333333335 0.9083333333333333 0.409375 0.9064814814814814 0.409375 0.9060185185185186 0.40911458333333334 0.9037037037037037 0.40911458333333334 0.9032407407407408 0.4088541666666667 0.9009259259259259 0.4088541666666667 0.9004629629629629 0.40859375 0.8986111111111111 0.40859375 0.8981481481481481 0.4083333333333333 0.8962962962962963 0.4083333333333333 0.8958333333333334 0.4080729166666667 0.8925925925925926 0.4080729166666667 0.8921296296296296 0.4078125 0.8912037037037037 0.4078125 0.8907407407407407 0.4075520833333333 0.8898148148148148 0.4075520833333333 0.8893518518518518 0.40729166666666666 0.887962962962963 0.40729166666666666 0.8875 0.40703125 0.8851851851851852 0.40677083333333336 0.8837962962962963 0.40598958333333335 0.8824074074074074 0.4041666666666667 0.8796296296296297 0.40260416666666665 0.8791666666666667 0.40260416666666665 0.8773148148148148 0.40182291666666664 0.8763888888888889 0.40182291666666664 0.8759259259259259 0.4015625 0.8680555555555556 0.4015625 0.8675925925925926 0.40182291666666664 0.8652777777777778 0.40182291666666664 0.8648148148148148 0.40208333333333335 0.8643518518518518 0.40182291666666664 0.8629629629629629 0.40182291666666664 0.8625 0.4015625 0.8601851851851852 0.4015625 0.8597222222222223 0.40130208333333334 0.8564814814814815 0.40130208333333334 0.8560185185185185 0.4010416666666667 0.8490740740740741 0.4010416666666667 0.8486111111111111 0.40130208333333334 0.8476851851851852 0.40130208333333334 0.8472222222222222 0.4015625 0.8458333333333333 0.40182291666666664 0.8449074074074074 0.40234375 0.8449074074074074 0.40260416666666665 0.8430555555555556 0.40390625 0.8430555555555556 0.4041666666666667 0.8421296296296297 0.4049479166666667 0.8421296296296297 0.40546875 0.8412037037037037 0.40625 0.8412037037037037 0.40677083333333336
0 0.7875 0.40338541666666666 0.7856481481481481 0.4044270833333333 0.7847222222222222 0.40546875 0.7842592592592592 0.40677083333333336 0.7833333333333333 0.4075520833333333 0.7833333333333333 0.40859375 0.7842592592592592 0.409375 0.7842592592592592 0.40989583333333335 0.7851851851851852 0.4109375 0.7865740740740741 0.41171875 0.7865740740740741 0.4119791666666667 0.7870370370370371 0.4119791666666667 0.7902777777777777 0.41380208333333335 0.7921296296296296 0.41432291666666665 0.7935185185185185 0.41510416666666666 0.7939814814814815 0.41510416666666666 0.7953703703703704 0.4158854166666667 0.7958333333333333 0.4158854166666667 0.7981481481481482 0.41692708333333334 0.799537037037037 0.4171875 0.8004629629629629 0.41770833333333335 0.8009259259259259 0.41770833333333335 0.8018518518518518 0.41822916666666665 0.8037037037037037 0.41875 0.8083333333333333 0.42135416666666664 0.8097222222222222 0.42161458333333335 0.8138888888888889 0.4239583333333333 0.8138888888888889 0.42526041666666664 0.8143518518518519 0.42552083333333335 0.8143518518518519 0.4278645833333333 0.8148148148148148 0.428125 0.8148148148148148 0.42864583333333334 0.8157407407407408 0.4296875 0.8180555555555555 0.4309895833333333 0.8189814814814815 0.43125 0.8199074074074074 0.43125 0.8203703703703704 0.4315104166666667 0.8212962962962963 0.4315104166666667 0.8217592592592593 0.4317708333333333 0.8226851851851852 0.4317708333333333 0.8231481481481482 0.43203125 0.8240740740740741 0.43203125 0.825925925925926 0.43255208333333334 0.8287037037037037 0.43385416666666665 0.8291666666666667 0.43385416666666665 0.8319444444444445 0.4354166666666667 0.8337962962962963 0.4359375 0.8347222222222223 0.4359375 0.8351851851851851 0.4356770833333333 0.8388888888888889 0.4356770833333333 0.8393518518518519 0.4354166666666667 0.8407407407407408 0.4354166666666667 0.8416666666666667 0.43515625 0.8425925925925926 0.43411458333333336 0.8458333333333333 0.4322916666666667 0.8458333333333333 0.43203125 0.8467592592592592 0.4315104166666667 0.8476851851851852 0.43046875 0.8513888888888889 0.428125 0.8523148148148149 0.42682291666666666 0.8550925925925926 0.42473958333333334 0.8560185185185185 0.4236979166666667 0.8560185185185185 0.421875 0.8564814814814815 0.42161458333333335 0.8564814814814815 0.4203125 0.8569444444444444 0.4200520833333333 0.8560185185185185 0.41901041666666666 0.850925925925926 0.41692708333333334 0.8490740740740741 0.41640625 0.8481481481481481 0.41640625 0.8472222222222222 0.4161458333333333 0.8444444444444444 0.41484375 0.8425925925925926 0.41432291666666665 0.8412037037037037 0.41354166666666664 0.8407407407407408 0.41354166666666664 0.8398148148148148 0.41302083333333334 0.8379629629629629 0.4125 0.8342592592592593 0.4125 0.8337962962962963 0.4122395833333333 0.8300925925925926 0.41380208333333335 0.825925925925926 0.41328125 0.825 0.41302083333333334 0.8231481481481482 0.4119791666666667 0.8222222222222222 0.4119791666666667 0.8175925925925925 0.41067708333333336 0.8166666666666667 0.41015625 0.8162037037037037 0.41015625 0.8148148148148148 0.409375 0.812962962962963 0.4088541666666667 0.8097222222222222 0.40703125 0.8087962962962963 0.40703125 0.8083333333333333 0.40677083333333336 0.8069444444444445 0.40677083333333336 0.8060185185185185 0.40651041666666665 0.8027777777777778 0.4049479166666667 0.8013888888888889 0.4046875 0.8004629629629629 0.4041666666666667 0.799537037037037 0.4041666666666667 0.7967592592592593 0.40338541666666666 0.7949074074074074 0.40260416666666665 0.7921296296296296 0.40260416666666665 0.7916666666666666 0.40234375 0.7907407407407407 0.40234375 0.7888888888888889 0.403125
0 0.9699074074074074 0.60703125 0.9657407407407408 0.609375 0.9657407407407408 0.6096354166666667 0.9648148148148148 0.61015625 0.9648148148148148 0.6104166666666667 0.9634259259259259 0.6111979166666667 0.9634259259259259 0.6114583333333333 0.9638888888888889 0.61171875 0.9638888888888889 0.6151041666666667 0.9666666666666667 0.6166666666666667 0.9671296296296297 0.6166666666666667 0.9680555555555556 0.6171875 0.9685185185185186 0.6171875 0.9717592592592592 0.6190104166666667 0.9722222222222222 0.6190104166666667 0.9745370370370371 0.6203125 0.975 0.6203125 0.975925925925926 0.6208333333333333 0.9763888888888889 0.6208333333333333 0.9782407407407407 0.621875 0.9787037037037037 0.621875 0.9796296296296296 0.6223958333333334 0.9800925925925926 0.6223958333333334 0.9810185185185185 0.6229166666666667 0.9814814814814815 0.6229166666666667 0.9819444444444444 0.6231770833333333 0.9824074074074074 0.6231770833333333 0.9833333333333333 0.6236979166666666 0.9837962962962963 0.6236979166666666 0.9856481481481482 0.6247395833333333 0.9861111111111112 0.6247395833333333 0.9902777777777778 0.6270833333333333 0.9907407407407407 0.6270833333333333 0.9912037037037037 0.62734375 0.9916666666666667 0.62734375 0.9925925925925926 0.6278645833333333 0.9930555555555556 0.6278645833333333 0.9981481481481481 0.6307291666666667 0.9981481481481481 0.6309895833333333 0.999537037037037 0.6309895833333333 0.999537037037037 0.615625 0.9976851851851852 0.615625 0.9953703703703703 0.6143229166666667 0.9949074074074075 0.6143229166666667 0.9939814814814815 0.6138020833333333 0.9935185185185185 0.6138020833333333 0.9930555555555556 0.6135416666666667 0.9925925925925926 0.6135416666666667 0.9916666666666667 0.6130208333333333 0.9912037037037037 0.6130208333333333 0.9898148148148148 0.6122395833333333 0.9893518518518518 0.6122395833333333 0.9875 0.6111979166666667 0.987037037037037 0.6111979166666667 0.9861111111111112 0.6106770833333334 0.9856481481481482 0.6106770833333334 0.9842592592592593 0.6098958333333333 0.9837962962962963 0.6098958333333333 0.9824074074074074 0.6091145833333333 0.9819444444444444 0.6091145833333333 0.9814814814814815 0.6088541666666667 0.9805555555555555 0.6088541666666667 0.9800925925925926 0.60859375 0.9796296296296296 0.60859375 0.9787037037037037 0.6080729166666666 0.9782407407407407 0.6080729166666666 0.9768518518518519 0.6072916666666667 0.975925925925926 0.6072916666666667 0.975462962962963 0.60703125 0.9745370370370371 0.60703125 0.9740740740740741 0.6067708333333334 0.9736111111111111 0.60703125
1 0.950925925925926 0.278125 0.9472222222222222 0.2794270833333333 0.9430555555555555 0.2796875 0.9402777777777778 0.28125 0.9384259259259259 0.28359375 0.937962962962963 0.2869791666666667 0.9402777777777778 0.2903645833333333 0.9421296296296297 0.2953125 0.9453703703703704 0.2986979166666667 0.9462962962962963 0.30182291666666666 0.9486111111111111 0.30520833333333336 0.950462962962963 0.3098958333333333 0.9537037037037037 0.3143229166666667 0.9550925925925926 0.31796875 0.9648148148148148 0.33541666666666664 0.9685185185185186 0.34375 0.975925925925926 0.3575520833333333 0.9800925925925926 0.36380208333333336 0.9837962962962963 0.3729166666666667 0.9805555555555555 0.3770833333333333 0.9787037037037037 0.3807291666666667 0.9800925925925926 0.3841145833333333 0.9819444444444444 0.38619791666666664 0.9861111111111112 0.3888020833333333 0.999537037037037 0.3890625 0.999537037037037 0.3453125 0.9981481481481481 0.3453125 0.9972222222222222 0.34479166666666666 0.9962962962962963 0.3416666666666667 0.9912037037037037 0.3338541666666667 0.9898148148148148 0.3302083333333333 0.9851851851851852 0.32317708333333334 0.9851851851851852 0.3221354166666667 0.9805555555555555 0.31484375 0.9800925925925926 0.31302083333333336 0.9777777777777777 0.3104166666666667 0.975462962962963 0.30390625 0.9731481481481481 0.30104166666666665 0.9685185185185186 0.2916666666666667 0.962037037037037 0.28203125 0.9583333333333334 0.2794270833333333 0.9546296296296296 0.27838541666666666
