0 0.27546296296296297 0.34322916666666664 0.27361111111111114 0.3453125 0.27361111111111114 0.346875 0.2740740740740741 0.34713541666666664 0.2740740740740741 0.3489583333333333 0.274537037037037 0.3494791666666667 0.2773148148148148 0.35104166666666664 0.2777777777777778 0.35104166666666664 0.2791666666666667 0.35182291666666665 0.2796296296296296 0.35182291666666665 0.2824074074074074 0.3533854166666667 0.2828703703703704 0.3533854166666667 0.2865740740740741 0.35494791666666664 0.29212962962962963 0.35651041666666666 0.2953703703703704 0.3580729166666667 0.29583333333333334 0.3580729166666667 0.29768518518518516 0.35911458333333335 0.29814814814814816 0.35911458333333335 0.29907407407407405 0.35963541666666665 0.29953703703703705 0.35963541666666665 0.300462962962963 0.36015625 0.3023148148148148 0.3606770833333333 0.30462962962962964 0.36223958333333334 0.30462962962962964 0.36276041666666664 0.3060185185185185 0.36432291666666666 0.30648148148148147 0.36614583333333334 0.3074074074074074 0.36692708333333335 0.3074074074074074 0.36744791666666665 0.30833333333333335 0.36796875 0.30925925925925923 0.3690104166666667 0.31203703703703706 0.3697916666666667 0.3143518518518518 0.37109375 0.3148148148148148 0.37109375 0.31712962962962965 0.37213541666666666 0.31851851851851853 0.3723958333333333 0.3189814814814815 0.37213541666666666 0.3199074074074074 0.37213541666666666 0.32175925925925924 0.37161458333333336 0.3226851851851852 0.371875 0.32314814814814813 0.3723958333333333 0.3263888888888889 0.37421875 0.32731481481481484 0.37421875 0.32916666666666666 0.37473958333333335 0.33055555555555555 0.37473958333333335 0.33101851851851855 0.37447916666666664 0.33240740740740743 0.37447916666666664 0.33287037037037037 0.37421875 0.3337962962962963 0.37421875 0.3365740740740741 0.3729166666666667 0.337037037037037 0.3729166666666667 0.3416666666666667 0.3703125 0.34305555555555556 0.36875 0.3486111111111111 0.3653645833333333 0.34953703703703703 0.36432291666666666 0.34953703703703703 0.36328125 0.35 0.36302083333333335 0.35 0.3619791666666667 0.350462962962963 0.36171875 0.35 0.35989583333333336 0.34953703703703703 0.35963541666666665 0.34953703703703703 0.35911458333333335 0.3486111111111111 0.3580729166666667 0.34629629629629627 0.3567708333333333 0.34444444444444444 0.35625 0.3435185185185185 0.35625 0.34305555555555556 0.35598958333333336 0.3421296296296296 0.35598958333333336 0.3416666666666667 0.35572916666666665 0.34074074074074073 0.35572916666666665 0.3402777777777778 0.35546875 0.33935185185185185 0.35546875 0.3384259259259259 0.35520833333333335 0.3365740740740741 0.3541666666666667 0.33564814814814814 0.3528645833333333 0.3347222222222222 0.35234375 0.3337962962962963 0.35130208333333335 0.3300925925925926 0.3494791666666667 0.325 0.3494791666666667 0.324537037037037 0.3497395833333333 0.32314814814814813 0.3497395833333333 0.3226851851851852 0.35 0.32037037037037036 0.35 0.3199074074074074 0.3502604166666667 0.31527777777777777 0.3502604166666667 0.31342592592592594 0.3494791666666667 0.30787037037037035 0.34791666666666665 0.30694444444444446 0.34739583333333335 0.2986111111111111 0.3450520833333333 0.29444444444444445 0.34322916666666664 0.2935185185185185 0.34322916666666664 0.29305555555555557 0.34296875 0.29212962962962963 0.34296875 0.2912037037037037 0.34270833333333334 0.28935185185185186 0.3416666666666667 0.2884259259259259 0.3416666666666667 0.28703703703703703 0.3411458333333333 0.2861111111111111 0.3411458333333333 0.28564814814814815 0.34088541666666666 0.28425925925925927 0.34088541666666666 0.28379629629629627 0.340625 0.2814814814814815 0.340625 0.2810185185185185 0.34088541666666666 0.2791666666666667 0.34088541666666666 0.2773148148148148 0.3416666666666667 0.2773148148148148 0.3419270833333333
2 0.36898148148148147 0.11380208333333333 0.3648148148148148 0.1125 0.36203703703703705 0.1125 0.36157407407407405 0.11223958333333334 0.36018518518518516 0.1125 0.3574074074074074 0.1125 0.35185185185185186 0.11354166666666667 0.34953703703703703 0.11432291666666666 0.34814814814814815 0.11536458333333334 0.34814814814814815 0.11614583333333334 0.34675925925925927 0.11822916666666666 0.34675925925925927 0.11953125 0.34629629629629627 0.11979166666666667 0.3458333333333333 0.121875 0.3439814814814815 0.12317708333333334 0.3398148148148148 0.12395833333333334 0.3375 0.12473958333333333 0.3337962962962963 0.12473958333333333 0.32175925925925924 0.12708333333333333 0.3143518518518518 0.12786458333333334 0.3101851851851852 0.12890625 0.3087962962962963 0.12890625 0.30694444444444446 0.12942708333333333 0.30324074074074076 0.1296875 0.3 0.13046875 0.2986111111111111 0.13046875 0.2912037037037037 0.13255208333333332 0.287962962962963 0.13463541666666667 0.287962962962963 0.13880208333333333 0.2898148148148148 0.14140625 0.2898148148148148 0.1421875 0.29259259259259257 0.14557291666666666 0.29259259259259257 0.14635416666666667 0.2935185185185185 0.14713541666666666 0.2935185185185185 0.14765625 0.2962962962962963 0.15026041666666667 0.29953703703703705 0.15182291666666667 0.3050925925925926 0.15182291666666667 0.3055555555555556 0.1515625 0.30972222222222223 0.1515625 0.3101851851851852 0.15130208333333334 0.31527777777777777 0.15130208333333334 0.31712962962962965 0.15078125 0.32222222222222224 0.15026041666666667 0.3300925925925926 0.14817708333333332 0.33425925925925926 0.14791666666666667 0.337037037037037 0.14713541666666666 0.3398148148148148 0.146875 0.3402777777777778 0.14661458333333333 0.3490740740740741 0.146875 0.35185185185185186 0.14635416666666667 0.3541666666666667 0.14635416666666667 0.3574074074074074 0.14713541666666666 0.36157407407407405 0.14973958333333334 0.36435185185185187 0.15052083333333333 0.37222222222222223 0.15052083333333333 0.3726851851851852 0.15026041666666667 0.37546296296296294 0.15026041666666667 0.3768518518518518 0.15 0.3800925925925926 0.14869791666666668 0.38287037037037036 0.14635416666666667 0.3824074074074074 0.14609375 0.3819444444444444 0.14244791666666667 0.38101851851851853 0.14114583333333333 0.38101851851851853 0.14010416666666667 0.38055555555555554 0.13984375 0.38055555555555554 0.13880208333333333 0.37962962962962965 0.13723958333333333 0.37962962962962965 0.1359375 0.37916666666666665 0.13567708333333334 0.37916666666666665 0.134375 0.3787037037037037 0.13411458333333334 0.3787037037037037 0.13307291666666668 0.37777777777777777 0.13151041666666666 0.37777777777777777 0.13020833333333334 0.3773148148148148 0.12994791666666666 0.3768518518518518 0.12786458333333334 0.375 0.125 0.37453703703703706 0.12265625 0.3736111111111111 0.12161458333333333 0.3736111111111111 0.12083333333333333 0.3731481481481482 0.12057291666666667 0.3731481481481482 0.11979166666666667 0.3726851851851852 0.11953125 0.3726851851851852 0.11875 0.3712962962962963 0.11640625
3 0.2199074074074074 0.34322916666666664 0.21805555555555556 0.3453125 0.21805555555555556 0.34921875 0.22037037037037038 0.35208333333333336 0.22361111111111112 0.3541666666666667 0.2300925925925926 0.3575520833333333 0.24305555555555555 0.36328125 0.25555555555555554 0.37005208333333334 0.25925925925925924 0.37161458333333336 0.262037037037037 0.3723958333333333 0.26342592592592595 0.3731770833333333 0.26851851851851855 0.37447916666666664 0.27361111111111114 0.3763020833333333 0.28194444444444444 0.38046875 0.28379629629629627 0.38203125 0.28564814814814815 0.384375 0.2851851851851852 0.38697916666666665 0.2847222222222222 0.38723958333333336 0.2851851851851852 0.38958333333333334 0.287962962962963 0.3924479166666667 0.29074074074074074 0.39401041666666664 0.2916666666666667 0.39427083333333335 0.30277777777777776 0.39401041666666664 0.30787037037037035 0.3927083333333333 0.3101851851851852 0.39166666666666666 0.3148148148148148 0.3888020833333333 0.3162037037037037 0.38723958333333336 0.32222222222222224 0.38255208333333335 0.32407407407407407 0.38046875 0.32592592592592595 0.37734375 0.32546296296296295 0.37526041666666665 0.32407407407407407 0.3736979166666667 0.32222222222222224 0.37265625 0.31805555555555554 0.3729166666666667 0.31574074074074077 0.371875 0.3143518518518518 0.37161458333333336 0.3125 0.37057291666666664 0.3074074074074074 0.36953125 0.3050925925925926 0.36953125 0.30324074074074076 0.37005208333333334 0.30185185185185187 0.37005208333333334 0.2986111111111111 0.3692708333333333 0.2916666666666667 0.36614583333333334 0.2833333333333333 0.36328125 0.27870370370370373 0.35989583333333336 0.2773148148148148 0.35963541666666665 0.27037037037037037 0.35703125 0.26805555555555555 0.35572916666666665 0.26435185185185184 0.35442708333333334 0.25601851851851853 0.35 0.2518518518518518 0.34869791666666666 0.24722222222222223 0.34609375 0.24166666666666667 0.34427083333333336 0.23981481481481481 0.34322916666666664 0.23842592592592593 0.34296875 0.23564814814814813 0.3416666666666667 0.23425925925925925 0.3416666666666667 0.2324074074074074 0.3411458333333333 0.22962962962962963 0.3411458333333333 0.22916666666666666 0.34088541666666666 0.22407407407407406 0.3411458333333333
3 0.25833333333333336 0.3807291666666667 0.25555555555555554 0.3770833333333333 0.25416666666666665 0.3763020833333333 0.2513888888888889 0.37552083333333336 0.24722222222222223 0.3768229166666667 0.24583333333333332 0.3768229166666667 0.24259259259259258 0.3776041666666667 0.23981481481481481 0.37786458333333334 0.23703703703703705 0.37994791666666666 0.2351851851851852 0.38203125 0.2324074074074074 0.38307291666666665 0.2263888888888889 0.38333333333333336 0.22592592592592592 0.38359375 0.22314814814814815 0.38359375 0.22268518518518518 0.38385416666666666 0.21064814814814814 0.3841145833333333 0.2101851851851852 0.384375 0.1884259259259259 0.3846354166666667 0.18796296296296297 0.3848958333333333 0.17592592592592593 0.3848958333333333 0.17546296296296296 0.38515625 0.1699074074074074 0.38515625 0.16944444444444445 0.3854166666666667 0.16898148148148148 0.38515625 0.16435185185185186 0.38515625 0.1638888888888889 0.3854166666666667 0.15 0.38567708333333334 0.14953703703703702 0.3859375 0.14537037037037037 0.38619791666666664 0.14212962962962963 0.38671875 0.13842592592592592 0.38776041666666666 0.1375 0.3885416666666667 0.1375 0.39010416666666664 0.13703703703703704 0.39036458333333335 0.1375 0.39557291666666666 0.13842592592592592 0.3971354166666667 0.14212962962962963 0.39895833333333336 0.14907407407407408 0.4002604166666667 0.1537037037037037 0.4002604166666667 0.15416666666666667 0.4005208333333333 0.15694444444444444 0.4005208333333333 0.1574074074074074 0.40078125 0.1648148148148148 0.40078125 0.16527777777777777 0.4005208333333333 0.18194444444444444 0.4005208333333333 0.1824074074074074 0.4002604166666667 0.1865740740740741 0.4002604166666667 0.18703703703703703 0.4 0.19722222222222222 0.4 0.19768518518518519 0.3997395833333333 0.20046296296296295 0.3997395833333333 0.20092592592592592 0.39947916666666666 0.21851851851851853 0.39947916666666666 0.21898148148148147 0.39921875 0.23194444444444445 0.39947916666666666 0.2324074074074074 0.3997395833333333 0.2361111111111111 0.4 0.2388888888888889 0.4010416666666667 0.2449074074074074 0.4041666666666667 0.2462962962962963 0.4041666666666667 0.24675925925925926 0.4044270833333333 0.25277777777777777 0.4044270833333333 0.25324074074074077 0.4041666666666667 0.25462962962962965 0.4041666666666667 0.25555555555555554 0.4036458333333333 0.25833333333333336 0.4005208333333333 0.2587962962962963 0.39791666666666664 0.25925925925925924 0.39765625 0.2601851851851852 0.38776041666666666 0.25972222222222224 0.3875 0.25972222222222224 0.38515625 0.25925925925925924 0.3848958333333333 0.25925925925925924 0.38359375 0.25833333333333336 0.38203125
3 0.08009259259259259 0.20729166666666668 0.07916666666666666 0.20859375 0.07916666666666666 0.21015625 0.0787037037037037 0.21041666666666667 0.0787037037037037 0.21328125 0.07962962962962963 0.21484375 0.08148148148148149 0.21666666666666667 0.09166666666666666 0.22135416666666666 0.09490740740740741 0.221875 0.10601851851851851 0.22526041666666666 0.10694444444444444 0.22526041666666666 0.11157407407407408 0.22708333333333333 0.1125 0.22708333333333333 0.11990740740740741 0.22942708333333334 0.12314814814814815 0.22994791666666667 0.1259259259259259 0.23125 0.13055555555555556 0.23255208333333333 0.13425925925925927 0.23307291666666666 0.1439814814814815 0.2359375 0.1449074074074074 0.2359375 0.15 0.2375 0.15231481481481482 0.23776041666666667 0.1550925925925926 0.23854166666666668 0.1574074074074074 0.23984375 0.1587962962962963 0.24192708333333332 0.15925925925925927 0.24401041666666667 0.16157407407407406 0.24661458333333333 0.1638888888888889 0.24791666666666667 0.16898148148148148 0.24921875 0.17222222222222222 0.24921875 0.1726851851851852 0.24895833333333334 0.18055555555555555 0.24921875 0.18101851851851852 0.24895833333333334 0.18425925925925926 0.24869791666666666 0.18611111111111112 0.24791666666666667 0.19074074074074074 0.24348958333333334 0.19166666666666668 0.24166666666666667 0.1935185185185185 0.23984375 0.1935185185185185 0.2390625 0.19537037037037036 0.23619791666666667 0.19537037037037036 0.23411458333333332 0.19583333333333333 0.23385416666666667 0.19583333333333333 0.23229166666666667 0.1962962962962963 0.23203125 0.1962962962962963 0.22786458333333334 0.19583333333333333 0.22760416666666666 0.19490740740740742 0.22473958333333333 0.19305555555555556 0.22369791666666666 0.18888888888888888 0.22239583333333332 0.18611111111111112 0.221875 0.18518518518518517 0.22135416666666666 0.18194444444444444 0.22083333333333333 0.1736111111111111 0.22057291666666667 0.17037037037037037 0.22135416666666666 0.16944444444444445 0.221875 0.16666666666666666 0.221875 0.16574074074074074 0.22213541666666667 0.1587962962962963 0.22057291666666667 0.15 0.21953125 0.14583333333333334 0.21796875 0.13240740740740742 0.21536458333333333 0.11296296296296296 0.20989583333333334 0.10277777777777777 0.20807291666666666 0.09166666666666666 0.20546875 0.0837962962962963 0.20546875
4 0.42824074074074076 0.3015625 0.425 0.30130208333333336 0.42453703703703705 0.30104166666666665 0.4236111111111111 0.30104166666666665 0.4217592592592593 0.3015625 0.4166666666666667 0.30416666666666664 0.4162037037037037 0.30416666666666664 0.41388888888888886 0.3059895833333333 0.4134259259259259 0.3072916666666667 0.41388888888888886 0.30755208333333334 0.41388888888888886 0.309375 0.41435185185185186 0.30963541666666666 0.41435185185185186 0.3104166666666667 0.41574074074074074 0.31197916666666664 0.41944444444444445 0.3143229166666667 0.41805555555555557 0.31614583333333335 0.41712962962962963 0.31666666666666665 0.41435185185185186 0.31953125 0.4101851851851852 0.321875 0.4074074074074074 0.32421875 0.3962962962962963 0.3307291666666667 0.3939814814814815 0.33255208333333336 0.38796296296296295 0.3359375 0.3814814814814815 0.34140625 0.38333333333333336 0.3450520833333333 0.3851851851851852 0.34661458333333334 0.3888888888888889 0.34869791666666666 0.39305555555555555 0.3502604166666667 0.39537037037037037 0.35078125 0.3962962962962963 0.35130208333333335 0.4013888888888889 0.35130208333333335 0.4078703703703704 0.3494791666666667 0.4134259259259259 0.34609375 0.41712962962962963 0.34322916666666664 0.41944444444444445 0.3421875 0.42268518518518516 0.33880208333333334 0.43148148148148147 0.3338541666666667 0.43194444444444446 0.3338541666666667 0.4351851851851852 0.33203125 0.4393518518518518 0.3302083333333333 0.44074074074074077 0.3302083333333333 0.4412037037037037 0.3299479166666667 0.44351851851851853 0.3296875 0.44583333333333336 0.3302083333333333 0.4476851851851852 0.3302083333333333 0.44814814814814813 0.33046875 0.4513888888888889 0.3307291666666667 0.4546296296296296 0.33177083333333335 0.45740740740740743 0.33151041666666664 0.4597222222222222 0.33098958333333334 0.4615740740740741 0.3302083333333333 0.4652777777777778 0.32786458333333335 0.4666666666666667 0.3263020833333333 0.46574074074074073 0.32265625 0.4638888888888889 0.3203125 0.4597222222222222 0.3177083333333333 0.4587962962962963 0.31666666666666665 0.4564814814814815 0.31536458333333334 0.45555555555555555 0.3143229166666667 0.4546296296296296 0.3140625 0.4513888888888889 0.31223958333333335 0.4513888888888889 0.31197916666666664 0.45 0.31145833333333334 0.449537037037037 0.3109375 0.4393518518518518 0.30546875 0.43703703703703706 0.30494791666666665 0.43333333333333335 0.303125
2 0.3958333333333333 0.37395833333333334 0.39444444444444443 0.37395833333333334 0.3939814814814815 0.3736979166666667 0.3888888888888889 0.37395833333333334 0.387037037037037 0.37447916666666664 0.3837962962962963 0.3763020833333333 0.3800925925925926 0.38046875 0.38055555555555554 0.3828125 0.3814814814814815 0.38385416666666666 0.38101851851851853 0.3880208333333333 0.38055555555555554 0.3885416666666667 0.3763888888888889 0.390625 0.37407407407407406 0.3927083333333333 0.3699074074074074 0.39453125 0.36527777777777776 0.3958333333333333 0.36064814814814816 0.39869791666666665 0.35555555555555557 0.4005208333333333 0.35185185185185186 0.40234375 0.3490740740740741 0.403125 0.3453703703703704 0.40546875 0.33796296296296297 0.4078125 0.33564814814814814 0.409375 0.3337962962962963 0.4119791666666667 0.337037037037037 0.415625 0.34953703703703703 0.4231770833333333 0.35324074074074074 0.42421875 0.3597222222222222 0.42421875 0.36018518518518516 0.4239583333333333 0.362962962962963 0.4236979166666667 0.36574074074074076 0.42291666666666666 0.36898148148148147 0.42135416666666664 0.37407407407407406 0.4197916666666667 0.3763888888888889 0.41848958333333336 0.3824074074074074 0.4161458333333333 0.38472222222222224 0.41484375 0.3875 0.4140625 0.3939814814814815 0.41119791666666666 0.39861111111111114 0.40989583333333335 0.399537037037037 0.409375 0.40694444444444444 0.4075520833333333 0.40879629629629627 0.4075520833333333 0.4111111111111111 0.4083333333333333 0.4152777777777778 0.40911458333333334 0.4222222222222222 0.40911458333333334 0.42685185185185187 0.4078125 0.4305555555555556 0.4046875 0.4310185185185185 0.40390625 0.4305555555555556 0.4036458333333333 0.4300925925925926 0.4002604166666667 0.4236111111111111 0.39505208333333336 0.4217592592592593 0.3927083333333333 0.4217592592592593 0.3921875 0.42083333333333334 0.39140625 0.4166666666666667 0.3893229166666667 0.4162037037037037 0.3885416666666667 0.41435185185185186 0.3875 0.4060185185185185 0.38046875 0.4046296296296296 0.37890625 0.4013888888888889 0.3768229166666667 0.4 0.37552083333333336
3 0.6310185185185185 0.08333333333333333 0.6287037037037037 0.08463541666666667 0.6268518518518519 0.08619791666666667 0.6259259259259259 0.08776041666666666 0.6259259259259259 0.09166666666666666 0.6263888888888889 0.09192708333333334 0.6268518518518519 0.09375 0.6277777777777778 0.09453125 0.6277777777777778 0.0953125 0.6291666666666667 0.09661458333333334 0.6300925925925925 0.0984375 0.6337962962962963 0.10208333333333333 0.6342592592592593 0.10338541666666666 0.6365740740740741 0.10520833333333333 0.638425925925926 0.10755208333333334 0.638425925925926 0.10807291666666667 0.6393518518518518 0.10859375 0.6412037037037037 0.11067708333333333 0.6412037037037037 0.11119791666666666 0.6430555555555556 0.1125 0.6449074074074074 0.11458333333333333 0.6449074074074074 0.11510416666666666 0.6481481481481481 0.11822916666666666 0.6486111111111111 0.11927083333333334 0.6518518518518519 0.121875 0.6541666666666667 0.12578125 0.6555555555555556 0.12682291666666667 0.6546296296296297 0.12786458333333334 0.6537037037037037 0.13046875 0.6518518518518519 0.13177083333333334 0.65 0.134375 0.6513888888888889 0.13723958333333333 0.6564814814814814 0.14296875 0.6583333333333333 0.14427083333333332 0.6620370370370371 0.14557291666666666 0.662962962962963 0.1453125 0.6671296296296296 0.1453125 0.6675925925925926 0.14505208333333333 0.6722222222222223 0.14479166666666668 0.6796296296296296 0.14348958333333334 0.6824074074074075 0.14270833333333333 0.6847222222222222 0.14166666666666666 0.6949074074074074 0.13515625 0.6972222222222222 0.13203125 0.6972222222222222 0.13098958333333333 0.6976851851851852 0.13072916666666667 0.6972222222222222 0.13046875 0.6972222222222222 0.12942708333333333 0.6962962962962963 0.12786458333333334 0.6944444444444444 0.12578125 0.6921296296296297 0.12421875 0.6912037037037037 0.12291666666666666 0.6893518518518519 0.12161458333333333 0.6851851851851852 0.1203125 0.6828703703703703 0.1203125 0.6824074074074075 0.12005208333333334 0.6787037037037037 0.11979166666666667 0.6759259259259259 0.11848958333333333 0.6717592592592593 0.11302083333333333 0.6708333333333333 0.1109375 0.6699074074074074 0.10989583333333333 0.6671296296296296 0.10833333333333334 0.6666666666666666 0.10729166666666666 0.6643518518518519 0.10520833333333333 0.6643518518518519 0.1046875 0.663425925925926 0.10390625 0.6620370370370371 0.1015625 0.6587962962962963 0.09869791666666666 0.6555555555555556 0.09453125 0.6532407407407408 0.09270833333333334 0.6518518518518519 0.09088541666666666 0.6504629629629629 0.08984375 0.6504629629629629 0.08932291666666667 0.6486111111111111 0.08723958333333333 0.6467592592592593 0.0859375 0.6462962962962963 0.08515625 0.6430555555555556 0.08359375 0.638425925925926 0.08255208333333333 0.6361111111111111 0.08255208333333333 0.6356481481481482 0.0828125 0.6337962962962963 0.0828125
0 0.4115740740740741 0.41770833333333335 0.40879629629629627 0.41848958333333336 0.4078703703703704 0.41901041666666666 0.4074074074074074 0.41901041666666666 0.4074074074074074 0.4192708333333333 0.4064814814814815 0.4197916666666667 0.4064814814814815 0.42161458333333335 0.4060185185185185 0.421875 0.4060185185185185 0.4239583333333333 0.4064814814814815 0.42421875 0.4064814814814815 0.42473958333333334 0.40694444444444444 0.425 0.40694444444444444 0.42552083333333335 0.4074074074074074 0.42578125 0.4078703703703704 0.4270833333333333 0.4115740740740741 0.4309895833333333 0.4115740740740741 0.4315104166666667 0.41203703703703703 0.43203125 0.412962962962963 0.43255208333333334 0.41435185185185186 0.43411458333333336 0.4148148148148148 0.4354166666666667 0.4185185185185185 0.4390625 0.4185185185185185 0.4401041666666667 0.41805555555555557 0.44036458333333334 0.41805555555555557 0.44114583333333335 0.41759259259259257 0.44140625 0.41759259259259257 0.4421875 0.41712962962962963 0.44244791666666666 0.41712962962962963 0.4434895833333333 0.4166666666666667 0.44375 0.4166666666666667 0.44505208333333335 0.4162037037037037 0.4453125 0.4162037037037037 0.4479166666666667 0.41712962962962963 0.44869791666666664 0.41712962962962963 0.44921875 0.41805555555555557 0.45026041666666666 0.41898148148148145 0.45078125 0.41898148148148145 0.4510416666666667 0.4212962962962963 0.45234375 0.42268518518518516 0.45390625 0.42314814814814816 0.4552083333333333 0.42407407407407405 0.45625 0.425 0.45677083333333335 0.425462962962963 0.45755208333333336 0.42777777777777776 0.4591145833333333 0.4287037037037037 0.4591145833333333 0.42916666666666664 0.459375 0.4305555555555556 0.459375 0.4310185185185185 0.4596354166666667 0.43194444444444446 0.4596354166666667 0.4324074074074074 0.459375 0.4337962962962963 0.459375 0.43425925925925923 0.4591145833333333 0.43842592592592594 0.4591145833333333 0.4393518518518518 0.459375 0.4398148148148148 0.4591145833333333 0.44166666666666665 0.4591145833333333 0.44212962962962965 0.4588541666666667 0.44351851851851853 0.4588541666666667 0.4449074074074074 0.4583333333333333 0.44583333333333336 0.4583333333333333 0.45046296296296295 0.45703125 0.4527777777777778 0.45598958333333334 0.4550925925925926 0.45546875 0.45601851851851855 0.4549479166666667 0.45601851851851855 0.45208333333333334 0.4564814814814815 0.4518229166666667 0.4564814814814815 0.4510416666666667 0.45601851851851855 0.45078125 0.45601851851851855 0.45026041666666666 0.45555555555555555 0.45 0.4550925925925926 0.44869791666666664 0.45416666666666666 0.44765625 0.4532407407407407 0.4471354166666667 0.4532407407407407 0.44557291666666665 0.4527777777777778 0.4453125 0.4527777777777778 0.44296875 0.45231481481481484 0.4427083333333333 0.45231481481481484 0.44192708333333336 0.45185185185185184 0.44166666666666665 0.45185185185185184 0.44088541666666664 0.4513888888888889 0.440625 0.45092592592592595 0.4393229166666667 0.45 0.4390625 0.44907407407407407 0.4390625 0.4462962962962963 0.43828125 0.44305555555555554 0.43802083333333336 0.4412037037037037 0.4375 0.43842592592592594 0.4359375 0.43842592592592594 0.4356770833333333 0.43703703703703706 0.4348958333333333 0.4356481481481482 0.43333333333333335 0.43472222222222223 0.4328125 0.43425925925925923 0.4322916666666667 0.43425925925925923 0.4317708333333333 0.43148148148148147 0.42864583333333334 0.43148148148148147 0.428125 0.4300925925925926 0.4270833333333333 0.42962962962962964 0.42630208333333336 0.4287037037037037 0.42578125 0.42777777777777776 0.42473958333333334 0.42777777777777776 0.42421875 0.425462962962963 0.42213541666666665 0.425462962962963 0.42161458333333335 0.42453703703703705 0.42083333333333334 0.42453703703703705 0.4203125 0.4236111111111111 0.4192708333333333 0.4199074074074074 0.4171875 0.4152777777777778 0.4171875 0.4148148148148148 0.41744791666666664
3 0.3578703703703704 0.5953125 0.35324074074074074 0.59375 0.3486111111111111 0.59375 0.3458333333333333 0.59453125 0.3439814814814815 0.5955729166666667 0.3435185185185185 0.6002604166666666 0.34120370370370373 0.6033854166666667 0.3351851851851852 0.6057291666666667 0.33055555555555555 0.60703125 0.32685185185185184 0.6075520833333333 0.32175925925925924 0.6091145833333333 0.3189814814814815 0.609375 0.31527777777777777 0.6104166666666667 0.3143518518518518 0.6104166666666667 0.30972222222222223 0.6119791666666666 0.3060185185185185 0.6125 0.2986111111111111 0.6145833333333334 0.29212962962962963 0.6153645833333333 0.2875 0.6166666666666667 0.28379629629629627 0.6171875 0.27870370370370373 0.61875 0.274537037037037 0.6192708333333333 0.2675925925925926 0.6213541666666667 0.2638888888888889 0.621875 0.26064814814814813 0.6229166666666667 0.25972222222222224 0.6229166666666667 0.25833333333333336 0.6236979166666666 0.25555555555555554 0.6244791666666667 0.2513888888888889 0.6268229166666667 0.2513888888888889 0.6309895833333333 0.2518518518518518 0.6317708333333333 0.2537037037037037 0.6333333333333333 0.25601851851851853 0.6346354166666667 0.25925925925925924 0.6354166666666666 0.2689814814814815 0.6354166666666666 0.26944444444444443 0.63515625 0.274537037037037 0.6346354166666667 0.27685185185185185 0.6338541666666667 0.2791666666666667 0.63359375 0.28379629629629627 0.6317708333333333 0.2898148148148148 0.6307291666666667 0.29444444444444445 0.6291666666666667 0.2986111111111111 0.62890625 0.30648148148148147 0.6265625 0.30972222222222223 0.6260416666666667 0.3143518518518518 0.6247395833333333 0.32037037037037036 0.6239583333333333 0.32222222222222224 0.6234375 0.3263888888888889 0.6231770833333333 0.33055555555555555 0.6221354166666667 0.33240740740740743 0.6221354166666667 0.33611111111111114 0.6213541666666667 0.34120370370370373 0.6208333333333333 0.3425925925925926 0.6203125 0.3490740740740741 0.6192708333333333 0.35509259259259257 0.6192708333333333 0.35555555555555557 0.6190104166666667 0.35694444444444445 0.6190104166666667 0.3597222222222222 0.6182291666666667 0.36064814814814816 0.6182291666666667 0.36666666666666664 0.61640625 0.36898148148148147 0.6151041666666667 0.36898148148148147 0.6143229166666667 0.3685185185185185 0.6140625 0.3685185185185185 0.6109375 0.3625 0.6033854166666667 0.36157407407407405 0.6018229166666667 0.3611111111111111 0.5994791666666667 0.3587962962962963 0.5973958333333333
4 0.48148148148148145 0.56015625 0.4740740740740741 0.5640625 0.4722222222222222 0.5661458333333333 0.4722222222222222 0.5666666666666667 0.47129629629629627 0.5674479166666667 0.4685185185185185 0.5721354166666667 0.4703703703703704 0.5744791666666667 0.47314814814814815 0.5760416666666667 0.4777777777777778 0.57734375 0.48009259259259257 0.5776041666666667 0.48657407407407405 0.5794270833333334 0.4875 0.5799479166666667 0.4935185185185185 0.5809895833333333 0.49722222222222223 0.58203125 0.4981481481481482 0.5825520833333333 0.5087962962962963 0.5854166666666667 0.5097222222222222 0.5859375 0.5120370370370371 0.5861979166666667 0.5171296296296296 0.5875 0.5222222222222223 0.5901041666666667 0.5236111111111111 0.5916666666666667 0.5231481481481481 0.5924479166666666 0.5231481481481481 0.5947916666666667 0.5226851851851851 0.5950520833333334 0.5231481481481481 0.5994791666666667 0.525 0.60078125 0.5296296296296297 0.60234375 0.5324074074074074 0.6026041666666667 0.5328703703703703 0.6028645833333334 0.5365740740740741 0.60234375 0.5412037037037037 0.5994791666666667 0.5421296296296296 0.5979166666666667 0.5435185185185185 0.5963541666666666 0.5444444444444444 0.5958333333333333 0.5458333333333333 0.5940104166666667 0.549537037037037 0.59140625 0.55 0.5903645833333333 0.5523148148148148 0.5880208333333333 0.5541666666666667 0.5848958333333333 0.5550925925925926 0.584375 0.5560185185185185 0.5828125 0.5574074074074075 0.5815104166666667 0.5574074074074075 0.5809895833333333 0.5587962962962963 0.5796875 0.5587962962962963 0.5791666666666667 0.5625 0.5755208333333334 0.5634259259259259 0.571875 0.562037037037037 0.5703125 0.5601851851851852 0.5692708333333333 0.5527777777777778 0.5674479166666667 0.5481481481481482 0.5674479166666667 0.5462962962962963 0.5684895833333333 0.5453703703703704 0.56953125 0.5425925925925926 0.57109375 0.5407407407407407 0.5716145833333334 0.5351851851851852 0.5716145833333334 0.5296296296296297 0.5705729166666667 0.5212962962962963 0.56796875 0.5175925925925926 0.5674479166666667 0.512962962962963 0.5661458333333333 0.5083333333333333 0.5653645833333333 0.4976851851851852 0.5622395833333333 0.4962962962962963 0.5622395833333333 0.4935185185185185 0.5614583333333333 0.48657407407407405 0.56015625
1 0.6962962962962963 0.22916666666666666 0.6888888888888889 0.22864583333333333 0.6833333333333333 0.23203125 0.6810185185185185 0.23567708333333334 0.6777777777777778 0.24244791666666668 0.6763888888888889 0.24791666666666667 0.6736111111111112 0.25234375 0.6638888888888889 0.28203125 0.6620370370370371 0.28515625 0.6597222222222222 0.29296875 0.6569444444444444 0.29791666666666666 0.6555555555555556 0.30364583333333334 0.6541666666666667 0.3059895833333333 0.6523148148148148 0.3125 0.65 0.31640625 0.6472222222222223 0.32473958333333336 0.6444444444444445 0.3260416666666667 0.638425925925926 0.3268229166666667 0.6342592592592593 0.32786458333333335 0.6319444444444444 0.3307291666666667 0.6314814814814815 0.3341145833333333 0.6347222222222222 0.3385416666666667 0.638425925925926 0.3411458333333333 0.6462962962962963 0.34296875 0.6550925925925926 0.34270833333333334 0.6578703703703703 0.3419270833333333 0.6615740740740741 0.3416666666666667 0.6694444444444444 0.3424479166666667 0.6726851851851852 0.3416666666666667 0.6768518518518518 0.33984375 0.6787037037037037 0.3377604166666667 0.6777777777777778 0.33515625 0.6754629629629629 0.33255208333333336 0.6754629629629629 0.33098958333333334 0.6736111111111112 0.32708333333333334 0.6722222222222223 0.3260416666666667 0.6726851851851852 0.3223958333333333 0.6754629629629629 0.31354166666666666 0.6782407407407407 0.30833333333333335 0.6837962962962963 0.28984375 0.6884259259259259 0.2791666666666667 0.6893518518518519 0.27447916666666666 0.6967592592592593 0.2557291666666667 0.6976851851851852 0.2513020833333333 0.700925925925926 0.24583333333333332 0.7037037037037037 0.23645833333333333 0.7027777777777777 0.2328125 0.700925925925926 0.23046875
3 0.7550925925925925 0.33828125 0.7546296296296297 0.3377604166666667 0.7513888888888889 0.33619791666666665 0.7476851851851852 0.33515625 0.7444444444444445 0.33515625 0.7407407407407407 0.3359375 0.737037037037037 0.33619791666666665 0.7314814814814815 0.3375 0.7300925925925926 0.3375 0.7245370370370371 0.3385416666666667 0.7231481481481481 0.3385416666666667 0.7212962962962963 0.3390625 0.7199074074074074 0.3390625 0.7185185185185186 0.33958333333333335 0.7157407407407408 0.33984375 0.7097222222222223 0.3411458333333333 0.7013888888888888 0.3421875 0.6972222222222222 0.34322916666666664 0.6925925925925925 0.34322916666666664 0.6898148148148148 0.34401041666666665 0.6884259259259259 0.34401041666666665 0.6861111111111111 0.34453125 0.6842592592592592 0.34453125 0.6819444444444445 0.3450520833333333 0.674537037037037 0.34479166666666666 0.6703703703703704 0.34375 0.6689814814814815 0.34375 0.6657407407407407 0.34296875 0.663425925925926 0.34296875 0.662962962962963 0.34270833333333334 0.6583333333333333 0.34270833333333334 0.6546296296296297 0.34375 0.65 0.34375 0.6462962962962963 0.3455729166666667 0.6458333333333334 0.34713541666666664 0.6453703703703704 0.34739583333333335 0.6453703703703704 0.3484375 0.6449074074074074 0.34869791666666666 0.6444444444444445 0.35572916666666665 0.6449074074074074 0.35598958333333336 0.6449074074074074 0.3578125 0.6458333333333334 0.35885416666666664 0.6467592592592593 0.3611979166666667 0.6481481481481481 0.3625 0.6481481481481481 0.36302083333333335 0.649537037037037 0.36432291666666666 0.65 0.3653645833333333 0.6523148148148148 0.3671875 0.6550925925925926 0.36875 0.6597222222222222 0.3697916666666667 0.663425925925926 0.3697916666666667 0.6638888888888889 0.36953125 0.6662037037037037 0.36953125 0.6666666666666666 0.3692708333333333 0.6694444444444444 0.3690104166666667 0.674537037037037 0.3658854166666667 0.6773148148148148 0.36171875 0.6791666666666667 0.36041666666666666 0.6814814814814815 0.35963541666666665 0.6842592592592592 0.359375 0.6888888888888889 0.35833333333333334 0.6939814814814815 0.3578125 0.7018518518518518 0.35625 0.7060185185185185 0.35625 0.7064814814814815 0.35598958333333336 0.7078703703703704 0.35598958333333336 0.7083333333333334 0.35572916666666665 0.7097222222222223 0.35572916666666665 0.7138888888888889 0.35494791666666664 0.7157407407407408 0.35494791666666664 0.7203703703703703 0.3536458333333333 0.7236111111111111 0.3533854166666667 0.7273148148148149 0.35234375 0.7319444444444444 0.35182291666666665 0.7361111111111112 0.3502604166666667 0.7393518518518518 0.35 0.7453703703703703 0.34869791666666666 0.7467592592592592 0.34869791666666666 0.7518518518518519 0.34713541666666664 0.7541666666666667 0.3455729166666667 0.7555555555555555 0.34322916666666664 0.7555555555555555 0.3419270833333333 0.7560185185185185 0.3416666666666667 0.7555555555555555 0.34140625
2 0.8263888888888888 0.14583333333333334 0.8138888888888889 0.14635416666666667 0.8125 0.146875 0.8074074074074075 0.14765625 0.8037037037037037 0.14869791666666668 0.8027777777777778 0.14869791666666668 0.8009259259259259 0.14921875 0.799537037037037 0.14921875 0.7953703703703704 0.15026041666666667 0.7939814814814815 0.15026041666666667 0.7916666666666666 0.15104166666666666 0.7907407407407407 0.15104166666666666 0.7875 0.15234375 0.7791666666666667 0.1546875 0.7736111111111111 0.15807291666666667 0.7736111111111111 0.16197916666666667 0.7754629629629629 0.16432291666666668 0.7754629629629629 0.16484375 0.7787037037037037 0.16744791666666667 0.7805555555555556 0.16848958333333333 0.7810185185185186 0.16848958333333333 0.7833333333333333 0.17005208333333333 0.7847222222222222 0.17005208333333333 0.7888888888888889 0.17109375 0.7912037037037037 0.17239583333333333 0.7916666666666666 0.1734375 0.7939814814814815 0.17578125 0.7949074074074074 0.17760416666666667 0.7962962962962963 0.17864583333333334 0.7986111111111112 0.18359375 0.8046296296296296 0.19114583333333332 0.8046296296296296 0.19166666666666668 0.8064814814814815 0.19427083333333334 0.8064814814814815 0.19505208333333332 0.8106481481481481 0.19947916666666668 0.8138888888888889 0.20078125 0.8180555555555555 0.20078125 0.8208333333333333 0.2 0.8217592592592593 0.19947916666666668 0.8236111111111111 0.19921875 0.825925925925926 0.1984375 0.8268518518518518 0.1984375 0.837037037037037 0.19635416666666666 0.8384259259259259 0.19557291666666668 0.8402777777777778 0.19322916666666667 0.8398148148148148 0.19270833333333334 0.8398148148148148 0.19114583333333332 0.8393518518518519 0.19088541666666667 0.8393518518518519 0.18932291666666667 0.8379629629629629 0.1875 0.8379629629629629 0.18645833333333334 0.8375 0.18619791666666666 0.8375 0.18515625 0.837037037037037 0.18489583333333334 0.8361111111111111 0.18125 0.8351851851851851 0.18020833333333333 0.8342592592592593 0.17734375 0.8319444444444445 0.17395833333333333 0.8319444444444445 0.17317708333333334 0.8305555555555556 0.17135416666666667 0.8300925925925926 0.16927083333333334 0.8296296296296296 0.16901041666666666 0.8296296296296296 0.16822916666666668 0.8291666666666667 0.16796875 0.8291666666666667 0.1671875 0.8282407407407407 0.16588541666666667 0.8287037037037037 0.165625 0.8287037037037037 0.16328125 0.8291666666666667 0.16302083333333334 0.8291666666666667 0.16197916666666667 0.8351851851851851 0.15833333333333333 0.8351851851851851 0.15390625 0.8337962962962963 0.15208333333333332 0.8337962962962963 0.15130208333333334 0.8333333333333334 0.15104166666666666 0.8328703703703704 0.14973958333333334 0.8300925925925926 0.14661458333333333
1 0.6935185185185185 0.47604166666666664 0.6902777777777778 0.47552083333333334 0.6777777777777778 0.47161458333333334 0.6726851851851852 0.471875 0.6662037037037037 0.4744791666666667 0.6657407407407407 0.4786458333333333 0.6689814814814815 0.4817708333333333 0.6685185185185185 0.4861979166666667 0.6611111111111111 0.49244791666666665 0.6578703703703703 0.49609375 0.6453703703703704 0.5057291666666667 0.6365740740740741 0.5135416666666667 0.6347222222222222 0.5158854166666667 0.6300925925925925 0.5192708333333333 0.6175925925925926 0.5309895833333333 0.6143518518518518 0.5330729166666667 0.612037037037037 0.5359375 0.6055555555555555 0.5408854166666667 0.587037037037037 0.5578125 0.575 0.5674479166666667 0.5717592592592593 0.571875 0.5717592592592593 0.5734375 0.5731481481481482 0.57578125 0.575462962962963 0.5768229166666666 0.5842592592592593 0.5786458333333333 0.5898148148148148 0.57734375 0.5925925925925926 0.5760416666666667 0.6023148148148149 0.5669270833333333 0.6074074074074074 0.56328125 0.6157407407407407 0.55546875 0.6231481481481481 0.5497395833333333 0.6291666666666667 0.5434895833333333 0.6458333333333334 0.5294270833333333 0.6513888888888889 0.5239583333333333 0.6592592592592592 0.5171875 0.6643518518518519 0.5138020833333333 0.6777777777777778 0.5010416666666667 0.6884259259259259 0.49244791666666665 0.6930555555555555 0.4908854166666667 0.700925925925926 0.49140625 0.7046296296296296 0.490625 0.7060185185185185 0.48984375 0.7087962962962963 0.48671875 0.7087962962962963 0.4856770833333333 0.7064814814814815 0.48359375 0.7060185185185185 0.4822916666666667 0.6986111111111111 0.478125
2 0.6444444444444445 0.61015625 0.6416666666666667 0.61015625 0.6412037037037037 0.6104166666666667 0.6393518518518518 0.6104166666666667 0.6370370370370371 0.6109375 0.6347222222222222 0.6119791666666666 0.6347222222222222 0.6122395833333333 0.6300925925925925 0.61484375 0.6291666666666667 0.6166666666666667 0.6268518518518519 0.6184895833333334 0.624537037037037 0.621875 0.6226851851851852 0.6229166666666667 0.6217592592592592 0.6247395833333333 0.6189814814814815 0.6268229166666667 0.6166666666666667 0.6296875 0.6152777777777778 0.63046875 0.6138888888888889 0.6330729166666667 0.6092592592592593 0.6375 0.6069444444444444 0.6388020833333333 0.6037037037037037 0.6395833333333333 0.5958333333333333 0.6393229166666666 0.5916666666666667 0.640625 0.5888888888888889 0.6424479166666667 0.5851851851851851 0.6466145833333333 0.5851851851851851 0.6489583333333333 0.5847222222222223 0.64921875 0.5847222222222223 0.6505208333333333 0.586574074074074 0.65390625 0.5953703703703703 0.65859375 0.5972222222222222 0.6591145833333333 0.5990740740740741 0.66015625 0.6027777777777777 0.6611979166666667 0.6041666666666666 0.6619791666666667 0.6106481481481482 0.6635416666666667 0.6134259259259259 0.6645833333333333 0.6157407407407407 0.6658854166666667 0.6185185185185185 0.6666666666666666 0.625462962962963 0.66796875 0.6268518518518519 0.6684895833333333 0.6282407407407408 0.6684895833333333 0.6319444444444444 0.6692708333333334 0.6342592592592593 0.6692708333333334 0.6347222222222222 0.66953125 0.6351851851851852 0.6692708333333334 0.637962962962963 0.6690104166666667 0.6416666666666667 0.6669270833333333 0.6430555555555556 0.665625 0.6430555555555556 0.66484375 0.6439814814814815 0.6638020833333333 0.6449074074074074 0.6606770833333333 0.6462962962962963 0.6583333333333333 0.6462962962962963 0.6541666666666667 0.6435185185185185 0.6505208333333333 0.6439814814814815 0.6479166666666667 0.6444444444444445 0.64765625 0.6444444444444445 0.64609375 0.6458333333333334 0.64375 0.6467592592592593 0.64296875 0.6467592592592593 0.6424479166666667 0.6504629629629629 0.6393229166666666 0.6518518518518519 0.63671875 0.6537037037037037 0.6346354166666667 0.6541666666666667 0.6333333333333333 0.6555555555555556 0.6317708333333333 0.6574074074074074 0.63046875 0.6587962962962963 0.628125 0.6601851851851852 0.6268229166666667 0.6606481481481481 0.6252604166666667 0.6625 0.6229166666666667 0.6638888888888889 0.6192708333333333 0.6643518518518519 0.6190104166666667 0.6601851851851852 0.615625 0.6537037037037037 0.6122395833333333 0.649537037037037 0.6109375 0.6467592592592593 0.6104166666666667 0.6449074074074074 0.6104166666666667
3 0.7361111111111112 0.390625 0.7328703703703704 0.3924479166666667 0.7328703703703704 0.3927083333333333 0.725925925925926 0.3963541666666667 0.7240740740740741 0.39791666666666664 0.7203703703703703 0.4 0.7180555555555556 0.40390625 0.7185185185185186 0.40729166666666666 0.7194444444444444 0.40859375 0.7245370370370371 0.4109375 0.7263888888888889 0.4109375 0.7291666666666666 0.4114583333333333 0.7314814814814815 0.4109375 0.736574074074074 0.41067708333333336 0.7449074074074075 0.41354166666666664 0.7486111111111111 0.415625 0.7518518518518519 0.41848958333333336 0.7541666666666667 0.4197916666666667 0.7550925925925925 0.42083333333333334 0.7583333333333333 0.42265625 0.7606481481481482 0.4234375 0.7625 0.42473958333333334 0.7666666666666667 0.42630208333333336 0.7712962962962963 0.42890625 0.7712962962962963 0.42916666666666664 0.7726851851851851 0.4296875 0.7759259259259259 0.43203125 0.7842592592592592 0.43697916666666664 0.7902777777777777 0.43984375 0.7944444444444444 0.44140625 0.7986111111111112 0.44244791666666666 0.8013888888888889 0.44244791666666666 0.8018518518518518 0.4427083333333333 0.8069444444444445 0.4427083333333333 0.8097222222222222 0.44166666666666665 0.812037037037037 0.4401041666666667 0.812962962962963 0.4388020833333333 0.812962962962963 0.43515625 0.8087962962962963 0.43125 0.8046296296296296 0.42890625 0.8032407407407407 0.4276041666666667 0.7972222222222223 0.42421875 0.7949074074074074 0.421875 0.7921296296296296 0.4205729166666667 0.7916666666666666 0.4197916666666667 0.7888888888888889 0.41875 0.7763888888888889 0.4114583333333333 0.774537037037037 0.4109375 0.7689814814814815 0.4078125 0.7666666666666667 0.40572916666666664 0.762962962962963 0.40390625 0.7620370370370371 0.40286458333333336 0.7587962962962963 0.4005208333333333 0.7587962962962963 0.3921875 0.7532407407407408 0.3885416666666667 0.7518518518518519 0.3880208333333333 0.750462962962963 0.3880208333333333 0.7481481481481481 0.3885416666666667 0.7439814814814815 0.3885416666666667 0.7439814814814815 0.3888020833333333 0.7421296296296296 0.38958333333333334 0.7402777777777778 0.38958333333333334 0.7379629629629629 0.39036458333333335
1 0.7620370370370371 0.4393229166666667 0.7574074074074074 0.4348958333333333 0.750462962962963 0.4315104166666667 0.7462962962962963 0.43046875 0.7402777777777778 0.4309895833333333 0.7351851851851852 0.43333333333333335 0.7337962962962963 0.43515625 0.7347222222222223 0.4393229166666667 0.7300925925925926 0.44166666666666665 0.700462962962963 0.44921875 0.6893518518518519 0.4510416666666667 0.6814814814814815 0.45364583333333336 0.6777777777777778 0.45416666666666666 0.6699074074074074 0.45651041666666664 0.6305555555555555 0.46536458333333336 0.6222222222222222 0.46770833333333334 0.6185185185185185 0.46927083333333336 0.6157407407407407 0.46927083333333336 0.6083333333333333 0.4705729166666667 0.5953703703703703 0.47421875 0.5800925925925926 0.47734375 0.5685185185185185 0.48098958333333336 0.5666666666666667 0.48203125 0.5662037037037037 0.4861979166666667 0.5671296296296297 0.4875 0.5717592592592593 0.49140625 0.5837962962962963 0.49140625 0.5907407407407408 0.4895833333333333 0.5976851851851852 0.48854166666666665 0.6032407407407407 0.48671875 0.6064814814814815 0.4864583333333333 0.6129629629629629 0.484375 0.6277777777777778 0.48098958333333336 0.6351851851851852 0.4786458333333333 0.637962962962963 0.4783854166666667 0.65 0.47552083333333334 0.6620370370370371 0.47421875 0.6736111111111112 0.4700520833333333 0.6768518518518518 0.4700520833333333 0.6944444444444444 0.46458333333333335 0.7018518518518518 0.4630208333333333 0.7046296296296296 0.46171875 0.7166666666666667 0.4596354166666667 0.7208333333333333 0.4583333333333333 0.7310185185185185 0.45677083333333335 0.7361111111111112 0.4549479166666667 0.7407407407407407 0.4546875 0.7476851851851852 0.45546875 0.7518518518518519 0.4578125 0.7560185185185185 0.4578125 0.762962962962963 0.45651041666666664 0.7652777777777777 0.4549479166666667 0.7666666666666667 0.45026041666666666 0.7643518518518518 0.4427083333333333
4 0.7361111111111112 0.5484375 0.7351851851851852 0.5486979166666667 0.7310185185185185 0.5486979166666667 0.7287037037037037 0.54921875 0.7273148148148149 0.55 0.7245370370370371 0.5528645833333333 0.7245370370370371 0.5536458333333333 0.7240740740740741 0.55390625 0.7240740740740741 0.5546875 0.7236111111111111 0.5549479166666667 0.7236111111111111 0.5557291666666667 0.7226851851851852 0.55703125 0.7222222222222222 0.5591145833333333 0.7189814814814814 0.5638020833333334 0.7180555555555556 0.5671875 0.7171296296296297 0.5682291666666667 0.7171296296296297 0.5690104166666666 0.7166666666666667 0.5692708333333333 0.7166666666666667 0.5700520833333333 0.7162037037037037 0.5703125 0.7148148148148148 0.57421875 0.7143518518518519 0.5744791666666667 0.7125 0.578125 0.7092592592592593 0.5796875 0.7055555555555556 0.5799479166666667 0.7050925925925926 0.5802083333333333 0.7013888888888888 0.5802083333333333 0.700925925925926 0.58046875 0.6972222222222222 0.5809895833333333 0.6939814814814815 0.5838541666666667 0.6935185185185185 0.5854166666666667 0.6930555555555555 0.5856770833333333 0.6930555555555555 0.58671875 0.6925925925925925 0.5869791666666667 0.6930555555555555 0.5916666666666667 0.6967592592592593 0.5947916666666667 0.6986111111111111 0.5955729166666667 0.6995370370370371 0.5955729166666667 0.7050925925925926 0.5973958333333333 0.7060185185185185 0.5973958333333333 0.7092592592592593 0.5984375 0.711574074074074 0.5986979166666667 0.7143518518518519 0.5994791666666667 0.7208333333333333 0.6 0.7245370370370371 0.60078125 0.7282407407407407 0.60078125 0.7287037037037037 0.6010416666666667 0.7333333333333333 0.6010416666666667 0.7356481481481482 0.6005208333333333 0.7444444444444445 0.6005208333333333 0.7449074074074075 0.6002604166666666 0.7476851851851852 0.6 0.7490740740740741 0.5994791666666667 0.75 0.5994791666666667 0.7518518518518519 0.5984375 0.7518518518518519 0.5979166666666667 0.7532407407407408 0.59609375 0.7532407407407408 0.5916666666666667 0.7527777777777778 0.59140625 0.7527777777777778 0.590625 0.7523148148148148 0.5903645833333333 0.7518518518518519 0.5890625 0.75 0.5869791666666667 0.7490740740740741 0.5864583333333333 0.7476851851851852 0.5838541666666667 0.7467592592592592 0.5830729166666667 0.7458333333333333 0.5796875 0.7472222222222222 0.5778645833333333 0.7472222222222222 0.5768229166666666 0.7476851851851852 0.5765625 0.7476851851851852 0.57578125 0.7486111111111111 0.5744791666666667 0.7486111111111111 0.5734375 0.7490740740740741 0.5731770833333333 0.7490740740740741 0.5723958333333333 0.75 0.57109375 0.75 0.5700520833333333 0.7509259259259259 0.56875 0.7518518518518519 0.5651041666666666 0.7523148148148148 0.56484375 0.7532407407407408 0.5619791666666667 0.7537037037037037 0.56171875 0.7541666666666667 0.56015625 0.7555555555555555 0.5580729166666667 0.7555555555555555 0.5567708333333333 0.7560185185185185 0.5565104166666667 0.7555555555555555 0.5559895833333334 0.7555555555555555 0.5541666666666667 0.7550925925925925 0.55390625 0.7546296296296297 0.5526041666666667 0.7481481481481481 0.5502604166666667 0.7462962962962963 0.55 0.7439814814814815 0.54921875 0.7421296296296296 0.54921875 0.7416666666666667 0.5489583333333333 0.7398148148148148 0.5489583333333333 0.7393518518518518 0.5486979166666667 0.736574074074074 0.5486979166666667
5 0.7361111111111112 0.6317708333333333 0.7356481481481482 0.63203125 0.7342592592592593 0.6322916666666667 0.7296296296296296 0.6348958333333333 0.7296296296296296 0.63515625 0.7282407407407407 0.6359375 0.7282407407407407 0.6361979166666667 0.7268518518518519 0.6369791666666667 0.7268518518518519 0.6372395833333333 0.7240740740740741 0.6385416666666667 0.7217592592592592 0.64140625 0.7208333333333333 0.6419270833333334 0.7208333333333333 0.6421875 0.7199074074074074 0.64296875 0.7199074074074074 0.6434895833333333 0.7194444444444444 0.64375 0.7194444444444444 0.6442708333333333 0.7189814814814814 0.64453125 0.7189814814814814 0.6450520833333333 0.7185185185185186 0.6453125 0.7185185185185186 0.6458333333333334 0.7180555555555556 0.64609375 0.7180555555555556 0.646875 0.7185185185185186 0.6471354166666666 0.7185185185185186 0.6484375 0.7189814814814814 0.6486979166666667 0.7189814814814814 0.65 0.7194444444444444 0.6502604166666667 0.7194444444444444 0.65078125 0.7199074074074074 0.6510416666666666 0.7199074074074074 0.6518229166666667 0.7203703703703703 0.6520833333333333 0.7203703703703703 0.6526041666666667 0.7208333333333333 0.6528645833333333 0.7212962962962963 0.6541666666666667 0.7222222222222222 0.6546875 0.7222222222222222 0.6549479166666666 0.7240740740740741 0.6567708333333333 0.7240740740740741 0.6572916666666667 0.7245370370370371 0.6575520833333334 0.7245370370370371 0.6578125 0.725462962962963 0.6583333333333333 0.725462962962963 0.65859375 0.7277777777777777 0.6598958333333333 0.7277777777777777 0.66015625 0.7300925925925926 0.6614583333333334 0.7300925925925926 0.66171875 0.7305555555555555 0.6619791666666667 0.7310185185185185 0.6619791666666667 0.7319444444444444 0.6625 0.7328703703703704 0.6625 0.7342592592592593 0.6630208333333333 0.7351851851851852 0.6630208333333333 0.736574074074074 0.6635416666666667 0.7375 0.6635416666666667 0.7398148148148148 0.6643229166666667 0.7416666666666667 0.6643229166666667 0.7421296296296296 0.6645833333333333 0.7435185185185185 0.6645833333333333 0.7439814814814815 0.66484375 0.7458333333333333 0.66484375 0.7462962962962963 0.6651041666666667 0.7486111111111111 0.6651041666666667 0.7490740740740741 0.6653645833333334 0.7597222222222222 0.6653645833333334 0.7601851851851852 0.6651041666666667 0.7625 0.6651041666666667 0.762962962962963 0.66484375 0.7638888888888888 0.66484375 0.7652777777777777 0.6643229166666667 0.7662037037037037 0.6643229166666667 0.7666666666666667 0.6640625 0.7671296296296296 0.6640625 0.7675925925925926 0.6638020833333333 0.7680555555555556 0.6630208333333333 0.7694444444444445 0.6622395833333333 0.7694444444444445 0.6619791666666667 0.7703703703703704 0.6614583333333334 0.7703703703703704 0.6611979166666667 0.7717592592592593 0.66015625 0.7717592592592593 0.6596354166666667 0.7726851851851851 0.6588541666666666 0.7726851851851851 0.6583333333333333 0.7731481481481481 0.6580729166666667 0.7731481481481481 0.6575520833333334 0.7736111111111111 0.6572916666666667 0.774074074074074 0.6559895833333333 0.7763888888888889 0.6536458333333334 0.7763888888888889 0.6528645833333333 0.7768518518518519 0.6526041666666667 0.7768518518518519 0.6520833333333333 0.7773148148148148 0.6518229166666667 0.7773148148148148 0.6513020833333333 0.7777777777777778 0.6510416666666666 0.7777777777777778 0.6505208333333333 0.7782407407407408 0.6502604166666667 0.7782407407407408 0.6471354166666666 0.7787037037037037 0.646875 0.7787037037037037 0.6463541666666667 0.7782407407407408 0.64609375 0.7782407407407408 0.6450520833333333 0.7777777777777778 0.6447916666666667 0.7773148148148148 0.64296875 0.7768518518518519 0.6427083333333333 0.7763888888888889 0.6419270833333334 0.7754629629629629 0.64140625 0.7754629629629629 0.6411458333333333 0.7736111111111111 0.6393229166666666 0.7736111111111111 0.6388020833333333 0.7731481481481481 0.6385416666666667 0.7726851851851851 0.6377604166666667 0.7717592592592593 0.6372395833333333 0.7712962962962963 0.6364583333333333 0.7675925925925926 0.6341145833333334 0.7671296296296296 0.6341145833333334 0.7648148148148148 0.6333333333333333 0.7638888888888888 0.6333333333333333 0.7625 0.6328125 0.7615740740740741 0.6328125 0.7611111111111111 0.6325520833333333 0.7597222222222222 0.6325520833333333 0.7592592592592593 0.6322916666666667 0.7569444444444444 0.6322916666666667 0.7564814814814815 0.63203125 0.7541666666666667 0.63203125 0.7537037037037037 0.6317708333333333 0.7513888888888889 0.6317708333333333 0.7509259259259259 0.6315104166666666 0.7486111111111111 0.6315104166666666 0.7481481481481481 0.63125 0.7421296296296296 0.63125 0.7416666666666667 0.6315104166666666 0.7393518518518518 0.6315104166666666 0.7388888888888889 0.6317708333333333
1 0.8712962962962963 0.51171875 0.861574074074074 0.5122395833333333 0.8597222222222223 0.5138020833333333 0.8578703703703704 0.5174479166666667 0.8587962962962963 0.52109375 0.8638888888888889 0.5231770833333333 0.8657407407407407 0.5252604166666667 0.8652777777777778 0.534375 0.8629629629629629 0.5442708333333334 0.8606481481481482 0.5486979166666667 0.8550925925925926 0.56953125 0.8513888888888889 0.5794270833333334 0.8490740740740741 0.5911458333333334 0.8472222222222222 0.5953125 0.8449074074074074 0.6052083333333333 0.8425925925925926 0.61015625 0.8393518518518519 0.6247395833333333 0.8393518518518519 0.6270833333333333 0.8416666666666667 0.6296875 0.8453703703703703 0.6307291666666667 0.8523148148148149 0.6317708333333333 0.8574074074074074 0.6315104166666666 0.8606481481481482 0.6307291666666667 0.8643518518518518 0.6263020833333334 0.8703703703703703 0.6020833333333333 0.8722222222222222 0.59765625 0.8736111111111111 0.5869791666666667 0.8810185185185185 0.56484375 0.8837962962962963 0.5606770833333333 0.8847222222222222 0.5567708333333333 0.8870370370370371 0.5520833333333334 0.888425925925926 0.5421875 0.8921296296296296 0.53203125 0.8921296296296296 0.5291666666666667 0.8939814814814815 0.5268229166666667 0.8962962962962963 0.5255208333333333 0.9018518518518519 0.5252604166666667 0.9037037037037037 0.5247395833333334 0.9060185185185186 0.5221354166666666 0.9060185185185186 0.5174479166666667 0.9004629629629629 0.5153645833333333 0.8962962962962963 0.5143229166666666 0.8870370370370371 0.51328125 0.8777777777777778 0.5130208333333334
3 0.9939814814814815 0.32734375 0.9912037037037037 0.32578125 0.9847222222222223 0.32369791666666664 0.9833333333333333 0.3234375 0.9796296296296296 0.3234375 0.9680555555555556 0.3255208333333333 0.9634259259259259 0.32578125 0.9629629629629629 0.3260416666666667 0.9601851851851851 0.3260416666666667 0.9597222222222223 0.3263020833333333 0.9578703703703704 0.3263020833333333 0.9574074074074074 0.3265625 0.9555555555555556 0.3265625 0.9527777777777777 0.32708333333333334 0.950462962962963 0.32708333333333334 0.9458333333333333 0.328125 0.9435185185185185 0.328125 0.9388888888888889 0.32916666666666666 0.9273148148148148 0.3299479166666667 0.9236111111111112 0.3307291666666667 0.9222222222222223 0.33046875 0.9194444444444444 0.33046875 0.9175925925925926 0.3299479166666667 0.9111111111111111 0.3296875 0.9106481481481481 0.3294270833333333 0.9060185185185186 0.32916666666666666 0.9055555555555556 0.32890625 0.8921296296296296 0.32864583333333336 0.8893518518518518 0.3299479166666667 0.8870370370370371 0.33203125 0.8828703703703704 0.3377604166666667 0.8824074074074074 0.3424479166666667 0.8828703703703704 0.34270833333333334 0.8833333333333333 0.3455729166666667 0.8851851851851852 0.34791666666666665 0.8856481481481482 0.34921875 0.8875 0.35130208333333335 0.8893518518518518 0.35260416666666666 0.8898148148148148 0.3533854166666667 0.8925925925925926 0.35494791666666664 0.8986111111111111 0.35625 0.9046296296296297 0.35651041666666666 0.9074074074074074 0.35546875 0.9111111111111111 0.35520833333333335 0.9143518518518519 0.3541666666666667 0.9157407407407407 0.3533854166666667 0.9180555555555555 0.35052083333333334 0.9199074074074074 0.34921875 0.9208333333333333 0.34791666666666665 0.9236111111111112 0.34661458333333334 0.9277777777777778 0.34609375 0.9282407407407407 0.3458333333333333 0.9296296296296296 0.3458333333333333 0.9300925925925926 0.3455729166666667 0.9314814814814815 0.3455729166666667 0.9356481481481481 0.34453125 0.937962962962963 0.34453125 0.9402777777777778 0.34401041666666665 0.9439814814814815 0.34375 0.9472222222222222 0.34296875 0.950462962962963 0.34296875 0.950925925925926 0.34270833333333334 0.9527777777777777 0.34270833333333334 0.9550925925925926 0.3421875 0.9597222222222223 0.3421875 0.9625 0.3416666666666667 0.9666666666666667 0.3419270833333333 0.9726851851851852 0.34010416666666665 0.975462962962963 0.33984375 0.975925925925926 0.33958333333333335 0.9777777777777777 0.33958333333333335 0.9819444444444444 0.33880208333333334 0.9856481481481482 0.3377604166666667 0.987037037037037 0.33697916666666666 0.9898148148148148 0.33619791666666665 0.9939814814814815 0.3338541666666667 0.9939814814814815 0.33307291666666666 0.9949074074074075 0.33177083333333335 0.9949074074074075 0.3307291666666667 0.9953703703703703 0.33046875 0.9953703703703703 0.3296875
2 0.8916666666666667 0.55234375 0.8898148148148148 0.5533854166666666 0.888425925925926 0.5546875 0.887962962962963 0.55625 0.8865740740740741 0.5583333333333333 0.8865740740740741 0.5591145833333333 0.8861111111111111 0.559375 0.8861111111111111 0.56015625 0.8856481481481482 0.5604166666666667 0.8861111111111111 0.5606770833333333 0.8865740740740741 0.5627604166666667 0.887962962962963 0.5643229166666667 0.887962962962963 0.5651041666666666 0.8898148148148148 0.5682291666666667 0.8898148148148148 0.5729166666666666 0.8893518518518518 0.5731770833333333 0.8893518518518518 0.5747395833333333 0.8888888888888888 0.575 0.8888888888888888 0.5760416666666667 0.8875 0.5768229166666666 0.8865740740740741 0.5778645833333333 0.8851851851851852 0.5815104166666667 0.8837962962962963 0.5828125 0.8833333333333333 0.5841145833333333 0.8810185185185185 0.5869791666666667 0.8805555555555555 0.5885416666666666 0.8777777777777778 0.5932291666666667 0.8763888888888889 0.5947916666666667 0.8759259259259259 0.5994791666666667 0.8814814814814815 0.6028645833333334 0.8847222222222222 0.6036458333333333 0.888425925925926 0.6036458333333333 0.8986111111111111 0.6057291666666667 0.9046296296296297 0.6057291666666667 0.9060185185185186 0.6052083333333333 0.9078703703703703 0.6049479166666667 0.9111111111111111 0.603125 0.9143518518518519 0.6 0.9143518518518519 0.5994791666666667 0.9185185185185185 0.5953125 0.9185185185185185 0.59453125 0.9194444444444444 0.5932291666666667 0.9194444444444444 0.5919270833333333 0.9199074074074074 0.5916666666666667 0.9199074074074074 0.5908854166666667 0.9208333333333333 0.5893229166666667 0.9236111111111112 0.5861979166666667 0.9263888888888889 0.5815104166666667 0.9282407407407407 0.5796875 0.9282407407407407 0.57890625 0.9300925925925926 0.5765625 0.9300925925925926 0.5760416666666667 0.9310185185185185 0.5752604166666667 0.9333333333333333 0.57421875 0.9347222222222222 0.5739583333333333 0.937037037037037 0.5739583333333333 0.9375 0.57421875 0.9435185185185185 0.57421875 0.9472222222222222 0.57265625 0.9495370370370371 0.56875 0.9495370370370371 0.56796875 0.95 0.5677083333333334 0.95 0.5643229166666667 0.9467592592592593 0.5625 0.9393518518518519 0.5604166666666667 0.9365740740740741 0.56015625 0.9319444444444445 0.5588541666666667 0.9282407407407407 0.5583333333333333 0.925 0.5572916666666666 0.9222222222222223 0.5567708333333333 0.9208333333333333 0.5567708333333333 0.9203703703703704 0.5565104166666667 0.9189814814814815 0.5565104166666667 0.9041666666666667 0.5528645833333333 0.9023148148148148 0.5528645833333333 0.9018518518518519 0.5526041666666667 0.8962962962962963 0.5526041666666667 0.8958333333333334 0.55234375
3 0.924074074074074 0.23255208333333333 0.924074074074074 0.23307291666666666 0.9231481481481482 0.23385416666666667 0.9231481481481482 0.234375 0.9217592592592593 0.2359375 0.9217592592592593 0.23645833333333333 0.9194444444444444 0.23854166666666668 0.9194444444444444 0.2390625 0.9185185185185185 0.24010416666666667 0.9185185185185185 0.24114583333333334 0.9180555555555555 0.24140625 0.9175925925925926 0.24375 0.9171296296296296 0.24401041666666667 0.9171296296296296 0.25026041666666665 0.9166666666666666 0.25052083333333336 0.9166666666666666 0.2518229166666667 0.9194444444444444 0.253125 0.925 0.25338541666666664 0.9254629629629629 0.25364583333333335 0.9282407407407407 0.25364583333333335 0.9287037037037037 0.25390625 0.937037037037037 0.25416666666666665 0.9375 0.25390625 0.9388888888888889 0.25390625 0.9425925925925925 0.2526041666666667 0.9467592592592593 0.25026041666666665 0.9476851851851852 0.25026041666666665 0.9490740740740741 0.24973958333333332 0.9513888888888888 0.24947916666666667 0.9518518518518518 0.24973958333333332 0.9527777777777777 0.24973958333333332 0.9560185185185185 0.25052083333333336 0.9574074074074074 0.25052083333333336 0.9578703703703704 0.25078125 0.962037037037037 0.25104166666666666 0.9625 0.2513020833333333 0.9638888888888889 0.2513020833333333 0.9643518518518519 0.2515625 0.9675925925925926 0.2518229166666667 0.9680555555555556 0.2520833333333333 0.9708333333333333 0.25234375 0.9712962962962963 0.2526041666666667 0.9740740740740741 0.2526041666666667 0.9745370370370371 0.25286458333333334 0.975925925925926 0.25286458333333334 0.9763888888888889 0.253125 0.9791666666666666 0.25338541666666664 0.9796296296296296 0.25364583333333335 0.9819444444444444 0.25364583333333335 0.9847222222222223 0.25442708333333336 0.9861111111111112 0.25442708333333336 0.986574074074074 0.2546875 0.9879629629629629 0.2546875 0.9884259259259259 0.25494791666666666 0.9916666666666667 0.2552083333333333 0.9935185185185185 0.2557291666666667 0.999537037037037 0.2557291666666667 0.999537037037037 0.24140625 0.9967592592592592 0.24140625 0.9962962962962963 0.24114583333333334 0.9939814814814815 0.24114583333333334 0.9935185185185185 0.24088541666666666 0.9912037037037037 0.24088541666666666 0.9907407407407407 0.240625 0.9879629629629629 0.240625 0.9875 0.24036458333333333 0.9856481481481482 0.24036458333333333 0.9851851851851852 0.24010416666666667 0.9837962962962963 0.24010416666666667 0.9833333333333333 0.23984375 0.9819444444444444 0.23984375 0.9814814814814815 0.23958333333333334 0.9777777777777777 0.23932291666666666 0.975 0.23854166666666668 0.9708333333333333 0.23828125 0.9703703703703703 0.23802083333333332 0.9689814814814814 0.23802083333333332 0.9657407407407408 0.23723958333333334 0.9643518518518519 0.23723958333333334 0.9638888888888889 0.23697916666666666 0.9625 0.23697916666666666 0.962037037037037 0.23671875 0.9592592592592593 0.23645833333333333 0.9583333333333334 0.23619791666666667 0.9560185185185185 0.23489583333333333 0.9546296296296296 0.23333333333333334 0.9546296296296296 0.2328125 0.950925925925926 0.22916666666666666 0.950462962962963 0.22916666666666666 0.9490740740740741 0.22838541666666667 0.9476851851851852 0.22838541666666667 0.9472222222222222 0.228125 0.9462962962962963 0.228125 0.9458333333333333 0.22838541666666667 0.9361111111111111 0.22838541666666667 0.9356481481481481 0.228125 0.9324074074074075 0.228125 0.9319444444444445 0.22838541666666667 0.9310185185185185 0.22838541666666667 0.9300925925925926 0.22864583333333333 0.9268518518518518 0.23046875 0.9268518518518518 0.23072916666666668
0 0.9939814814814815 0.5877604166666667 0.9916666666666667 0.5854166666666667 0.9916666666666667 0.5848958333333333 0.9898148148148148 0.5828125 0.9879629629629629 0.5817708333333333 0.9879629629629629 0.5815104166666667 0.987037037037037 0.5809895833333333 0.9861111111111112 0.5799479166666667 0.9810185185185185 0.5768229166666666 0.9805555555555555 0.5760416666666667 0.9777777777777777 0.5752604166666667 0.975462962962963 0.5752604166666667 0.975 0.575 0.9740740740740741 0.575 0.9736111111111111 0.5752604166666667 0.9726851851851852 0.5752604166666667 0.9722222222222222 0.5755208333333334 0.9712962962962963 0.5755208333333334 0.9708333333333333 0.57578125 0.9685185185185186 0.5760416666666667 0.9666666666666667 0.5765625 0.9629629629629629 0.5786458333333333 0.962037037037037 0.57890625 0.9611111111111111 0.57890625 0.9606481481481481 0.5791666666666667 0.9597222222222223 0.5791666666666667 0.9592592592592593 0.5794270833333334 0.9583333333333334 0.5794270833333334 0.9578703703703704 0.5796875 0.9564814814814815 0.5796875 0.9560185185185185 0.5799479166666667 0.9550925925925926 0.5799479166666667 0.9541666666666667 0.58046875 0.9527777777777777 0.58203125 0.9523148148148148 0.5838541666666667 0.9513888888888888 0.5848958333333333 0.9481481481481482 0.5869791666666667 0.9476851851851852 0.5869791666666667 0.9467592592592593 0.5875 0.9449074074074074 0.5880208333333333 0.9435185185185185 0.5888020833333333 0.9416666666666667 0.5893229166666667 0.9388888888888889 0.590625 0.9328703703703703 0.5921875 0.9305555555555556 0.5932291666666667 0.9287037037037037 0.59375 0.9277777777777778 0.59375 0.9222222222222223 0.5953125 0.9194444444444444 0.596875 0.9189814814814815 0.596875 0.9152777777777777 0.5989583333333334 0.9152777777777777 0.5997395833333333 0.9148148148148149 0.6 0.9148148148148149 0.6033854166666667 0.9152777777777777 0.60390625 0.9199074074074074 0.6065104166666667 0.9208333333333333 0.6065104166666667 0.9212962962962963 0.6067708333333334 0.9231481481481482 0.6067708333333334 0.9236111111111112 0.60703125 0.924074074074074 0.6067708333333334 0.925 0.6067708333333334 0.9254629629629629 0.6065104166666667 0.9277777777777778 0.60625 0.9342592592592592 0.6044270833333333 0.9351851851851852 0.60390625 0.9361111111111111 0.6036458333333333 0.937037037037037 0.6036458333333333 0.9388888888888889 0.6028645833333334 0.9444444444444444 0.6015625 0.9453703703703704 0.6010416666666667 0.9486111111111111 0.6002604166666666 0.950925925925926 0.59921875 0.9518518518518518 0.5989583333333334 0.9527777777777777 0.5989583333333334 0.9532407407407407 0.5986979166666667 0.9541666666666667 0.5986979166666667 0.9574074074074074 0.5973958333333333 0.9578703703703704 0.5973958333333333 0.9587962962962963 0.596875 0.9597222222222223 0.596875 0.9629629629629629 0.5958333333333333 0.9666666666666667 0.5958333333333333 0.9703703703703703 0.5973958333333333 0.9740740740740741 0.5973958333333333 0.975 0.5971354166666667 0.9782407407407407 0.5953125 0.9787037037037037 0.5953125 0.9814814814814815 0.5940104166666667 0.9824074074074074 0.59375 0.9837962962962963 0.59375 0.9842592592592593 0.5934895833333333 0.9856481481481482 0.5934895833333333 0.9875 0.59296875 0.9884259259259259 0.5924479166666666 0.9893518518518518 0.5921875 0.9902777777777778 0.5921875 0.9912037037037037 0.5916666666666667 0.9916666666666667 0.5916666666666667 0.9925925925925926 0.5908854166666667 0.9925925925925926 0.5903645833333333 0.9935185185185185 0.5893229166666667 0.9935185185185185 0.5880208333333333
0 0.9115740740740741 0.3927083333333333 0.9115740740740741 0.39296875 0.9092592592592592 0.39427083333333335 0.9092592592592592 0.39453125 0.9069444444444444 0.39609375 0.9069444444444444 0.3971354166666667 0.9064814814814814 0.39739583333333334 0.9064814814814814 0.4005208333333333 0.9074074074074074 0.4010416666666667 0.9074074074074074 0.40130208333333334 0.9097222222222222 0.40260416666666665 0.9101851851851852 0.40260416666666665 0.9162037037037037 0.40598958333333335 0.9166666666666666 0.40598958333333335 0.9194444444444444 0.4075520833333333 0.9212962962962963 0.4080729166666667 0.9263888888888889 0.4109375 0.9268518518518518 0.4109375 0.9277777777777778 0.4114583333333333 0.9305555555555556 0.4122395833333333 0.9342592592592592 0.41432291666666665 0.9356481481481481 0.4158854166666667 0.9351851851851852 0.41640625 0.9351851851851852 0.4171875 0.9347222222222222 0.41744791666666664 0.9347222222222222 0.41848958333333336 0.9342592592592592 0.41875 0.9342592592592592 0.4200520833333333 0.9351851851851852 0.42109375 0.9361111111111111 0.42161458333333335 0.9361111111111111 0.421875 0.9384259259259259 0.4231770833333333 0.9388888888888889 0.4231770833333333 0.9398148148148148 0.4236979166666667 0.9421296296296297 0.42421875 0.9430555555555555 0.42473958333333334 0.9458333333333333 0.42552083333333335 0.9495370370370371 0.4276041666666667 0.950462962962963 0.4278645833333333 0.9513888888888888 0.4278645833333333 0.9518518518518518 0.428125 0.9550925925925926 0.428125 0.9555555555555556 0.4278645833333333 0.9564814814814815 0.4278645833333333 0.9583333333333334 0.42734375 0.9606481481481481 0.42604166666666665 0.9611111111111111 0.42604166666666665 0.9625 0.42526041666666664 0.9629629629629629 0.42526041666666664 0.9648148148148148 0.42421875 0.9666666666666667 0.4236979166666667 0.9675925925925926 0.42265625 0.9726851851851852 0.4197916666666667 0.9726851851851852 0.4192708333333333 0.9731481481481481 0.41875 0.9740740740740741 0.41822916666666665 0.9745370370370371 0.41744791666666664 0.975462962962963 0.41692708333333334 0.9763888888888889 0.4158854166666667 0.975 0.41432291666666665 0.9708333333333333 0.4119791666666667 0.9703703703703703 0.4119791666666667 0.9689814814814814 0.41119791666666666 0.9680555555555556 0.4109375 0.9680555555555556 0.41067708333333336 0.9666666666666667 0.40963541666666664 0.9666666666666667 0.40911458333333334 0.9625 0.40703125 0.961574074074074 0.40572916666666664 0.9606481481481481 0.40520833333333334 0.9587962962962963 0.4046875 0.9550925925925926 0.40572916666666664 0.9541666666666667 0.40572916666666664 0.9537037037037037 0.40598958333333335 0.9513888888888888 0.40598958333333335 0.950925925925926 0.40625 0.950462962962963 0.40598958333333335 0.9486111111111111 0.40598958333333335 0.9481481481481482 0.40572916666666664 0.9472222222222222 0.40572916666666664 0.9444444444444444 0.40390625 0.9439814814814815 0.40390625 0.9388888888888889 0.4015625 0.937037037037037 0.4010416666666667 0.9324074074074075 0.39817708333333335 0.9296296296296296 0.39739583333333334 0.924537037037037 0.39479166666666665 0.924074074074074 0.39479166666666665 0.9189814814814815 0.3924479166666667 0.9180555555555555 0.3924479166666667 0.9175925925925926 0.3921875 0.9152777777777777 0.3919270833333333 0.9148148148148149 0.3921875 0.9138888888888889 0.3921875 0.913425925925926 0.3924479166666667 0.9125 0.3924479166666667
