3 0.02962962962962963 0.44583333333333336 0.02824074074074074 0.4466145833333333 0.02638888888888889 0.4471354166666667 0.02546296296296296 0.44817708333333334 0.020833333333333332 0.4505208333333333 0.020370370370370372 0.4510416666666667 0.020833333333333332 0.4549479166666667 0.025 0.4578125 0.02638888888888889 0.4578125 0.02824074074074074 0.45729166666666665 0.03333333333333333 0.45729166666666665 0.03611111111111111 0.45807291666666666 0.03796296296296296 0.4591145833333333 0.04259259259259259 0.46328125 0.04537037037037037 0.4666666666666667 0.04953703703703704 0.4703125 0.05185185185185185 0.47317708333333336 0.05277777777777778 0.47369791666666666 0.06018518518518518 0.4817708333333333 0.06342592592592593 0.484375 0.06388888888888888 0.48541666666666666 0.06527777777777778 0.4864583333333333 0.0699074074074074 0.49166666666666664 0.07083333333333333 0.4921875 0.07175925925925926 0.49375 0.07453703703703704 0.49609375 0.0763888888888889 0.49713541666666666 0.07916666666666666 0.4979166666666667 0.08101851851851852 0.4979166666666667 0.08148148148148149 0.4981770833333333 0.09212962962962963 0.4979166666666667 0.09398148148148149 0.49609375 0.09398148148148149 0.4953125 0.09444444444444444 0.49505208333333334 0.09444444444444444 0.4890625 0.09398148148148149 0.48880208333333336 0.09398148148148149 0.48776041666666664 0.09305555555555556 0.4861979166666667 0.09027777777777778 0.484375 0.08888888888888889 0.4828125 0.08888888888888889 0.4822916666666667 0.08657407407407407 0.48046875 0.08287037037037037 0.47604166666666664 0.08194444444444444 0.47552083333333334 0.08101851851851852 0.4739583333333333 0.0787037037037037 0.47213541666666664 0.07592592592592592 0.46875 0.075 0.46822916666666664 0.07268518518518519 0.46536458333333336 0.07175925925925926 0.46484375 0.06342592592592593 0.4549479166666667 0.06342592592592593 0.45338541666666665 0.06296296296296296 0.453125 0.06296296296296296 0.4515625 0.0625 0.4510416666666667 0.06712962962962964 0.4471354166666667 0.06574074074074074 0.44296875 0.06342592592592593 0.44140625 0.060648148148148145 0.44036458333333334 0.055092592592592596 0.4401041666666667 0.05462962962962963 0.44036458333333334 0.05185185185185185 0.44036458333333334 0.047685185185185185 0.44114583333333335 0.04537037037037037 0.44192708333333336 0.038425925925925926 0.44296875
3 0.09907407407407408 0.3221354166666667 0.09861111111111111 0.3234375 0.0962962962962963 0.3260416666666667 0.0962962962962963 0.32708333333333334 0.09537037037037037 0.328125 0.09537037037037037 0.3294270833333333 0.09490740740740741 0.3296875 0.09490740740740741 0.33046875 0.09305555555555556 0.33359375 0.09305555555555556 0.3380208333333333 0.09537037037037037 0.33984375 0.10092592592592593 0.34088541666666666 0.10277777777777777 0.3416666666666667 0.1037037037037037 0.3416666666666667 0.10462962962962963 0.3411458333333333 0.11018518518518519 0.33984375 0.11435185185185186 0.33984375 0.11481481481481481 0.33958333333333335 0.12222222222222222 0.33984375 0.12638888888888888 0.3411458333333333 0.13796296296296295 0.3424479166666667 0.1449074074074074 0.34427083333333336 0.1476851851851852 0.34479166666666666 0.14907407407407408 0.34479166666666666 0.15231481481481482 0.3455729166666667 0.1537037037037037 0.3455729166666667 0.1574074074074074 0.346875 0.16203703703703703 0.34765625 0.16666666666666666 0.3489583333333333 0.17037037037037037 0.3494791666666667 0.1726851851851852 0.3502604166666667 0.1736111111111111 0.3502604166666667 0.1824074074074074 0.35260416666666666 0.1865740740740741 0.3533854166666667 0.1912037037037037 0.3533854166666667 0.19166666666666668 0.3536458333333333 0.19305555555555556 0.3536458333333333 0.19398148148148148 0.3533854166666667 0.19722222222222222 0.35130208333333335 0.1986111111111111 0.3497395833333333 0.19953703703703704 0.3453125 0.19675925925925927 0.34270833333333334 0.1935185185185185 0.3419270833333333 0.18981481481481483 0.340625 0.1875 0.34036458333333336 0.18518518518518517 0.33958333333333335 0.17962962962962964 0.3385416666666667 0.17731481481481481 0.3377604166666667 0.17222222222222222 0.33697916666666666 0.16666666666666666 0.33541666666666664 0.16203703703703703 0.3346354166666667 0.16018518518518518 0.3338541666666667 0.1537037037037037 0.3328125 0.15092592592592594 0.33177083333333335 0.1486111111111111 0.33151041666666664 0.1439814814814815 0.3302083333333333 0.14305555555555555 0.3302083333333333 0.1375 0.32838541666666665 0.13472222222222222 0.328125 0.1300925925925926 0.3268229166666667 0.12777777777777777 0.32578125 0.12268518518518519 0.32526041666666666 0.12083333333333333 0.32317708333333334 0.11990740740740741 0.3182291666666667 0.1162037037037037 0.31692708333333336 0.11481481481481481 0.31614583333333335 0.11018518518518519 0.31614583333333335 0.10972222222222222 0.31640625 0.10694444444444444 0.31666666666666665 0.10277777777777777 0.31875 0.1 0.3216145833333333
3 0.1259259259259259 0.4453125 0.1259259259259259 0.44609375 0.125 0.4471354166666667 0.125 0.4484375 0.12453703703703704 0.44869791666666664 0.12407407407407407 0.4510416666666667 0.12361111111111112 0.4513020833333333 0.12361111111111112 0.4557291666666667 0.12453703703703704 0.45703125 0.12685185185185185 0.4583333333333333 0.1287037037037037 0.4583333333333333 0.1300925925925926 0.4588541666666667 0.13194444444444445 0.4588541666666667 0.13240740740740742 0.4591145833333333 0.13518518518518519 0.4591145833333333 0.13935185185185187 0.45703125 0.14212962962962963 0.45625 0.14351851851851852 0.45651041666666664 0.14675925925925926 0.45651041666666664 0.14953703703703702 0.45703125 0.15185185185185185 0.45703125 0.15231481481481482 0.45729166666666665 0.15416666666666667 0.45729166666666665 0.15601851851851853 0.4578125 0.15925925925925927 0.45807291666666666 0.1625 0.4588541666666667 0.16620370370370371 0.4591145833333333 0.17037037037037037 0.45989583333333334 0.17175925925925925 0.46041666666666664 0.1726851851851852 0.46041666666666664 0.17407407407407408 0.4609375 0.175 0.4609375 0.1763888888888889 0.46145833333333336 0.18194444444444444 0.4625 0.18518518518518517 0.4627604166666667 0.18888888888888888 0.46380208333333334 0.19305555555555556 0.4640625 0.19444444444444445 0.46458333333333335 0.19537037037037036 0.46458333333333335 0.19675925925925927 0.46510416666666665 0.19907407407407407 0.46536458333333336 0.20046296296296295 0.46588541666666666 0.2013888888888889 0.46588541666666666 0.20555555555555555 0.4669270833333333 0.20694444444444443 0.4669270833333333 0.20925925925925926 0.4674479166666667 0.2111111111111111 0.4674479166666667 0.21157407407407408 0.46770833333333334 0.21342592592592594 0.46770833333333334 0.21574074074074073 0.46822916666666664 0.22407407407407406 0.46822916666666664 0.22824074074074074 0.4671875 0.22962962962962963 0.46640625 0.22962962962962963 0.46588541666666666 0.23055555555555557 0.46510416666666665 0.23148148148148148 0.4625 0.2310185185185185 0.4622395833333333 0.2310185185185185 0.46119791666666665 0.2300925925925926 0.4596354166666667 0.22824074074074074 0.4583333333333333 0.22546296296296298 0.45755208333333336 0.21574074074074073 0.45598958333333334 0.21157407407407408 0.4546875 0.2050925925925926 0.45364583333333336 0.20185185185185187 0.45234375 0.2 0.45208333333333334 0.19675925925925927 0.4510416666666667 0.1935185185185185 0.45078125 0.18796296296296297 0.44973958333333336 0.1865740740740741 0.44921875 0.18425925925925926 0.44895833333333335 0.18287037037037038 0.4484375 0.17592592592592593 0.4471354166666667 0.17314814814814813 0.446875 0.17175925925925925 0.44635416666666666 0.17083333333333334 0.44635416666666666 0.16944444444444445 0.44583333333333336 0.1685185185185185 0.44583333333333336 0.16712962962962963 0.4453125 0.16620370370370371 0.4453125 0.15787037037037038 0.4432291666666667 0.1550925925925926 0.44166666666666665 0.15416666666666667 0.4401041666666667 0.15324074074074073 0.4395833333333333 0.15138888888888888 0.43723958333333335 0.15092592592592594 0.4356770833333333 0.14953703703703702 0.4348958333333333 0.14629629629629629 0.43385416666666665 0.14166666666666666 0.43359375 0.14027777777777778 0.43411458333333336 0.13842592592592592 0.434375 0.1361111111111111 0.4356770833333333 0.13425925925925927 0.4375 0.13055555555555556 0.4393229166666667 0.12962962962962962 0.44088541666666664 0.12777777777777777 0.4427083333333333 0.12685185185185185 0.44453125
0 0.15416666666666667 0.57265625 0.15046296296296297 0.57265625 0.15 0.5729166666666666 0.14629629629629629 0.5729166666666666 0.14583333333333334 0.5731770833333333 0.1412037037037037 0.5731770833333333 0.14074074074074075 0.5729166666666666 0.1375 0.5729166666666666 0.13703703703703704 0.5731770833333333 0.1361111111111111 0.5731770833333333 0.13564814814814816 0.5734375 0.13518518518518519 0.5734375 0.13425925925925927 0.5739583333333333 0.13425925925925927 0.5744791666666667 0.1337962962962963 0.5747395833333333 0.1337962962962963 0.5752604166666667 0.13333333333333333 0.5755208333333334 0.13333333333333333 0.5776041666666667 0.1337962962962963 0.5778645833333333 0.1337962962962963 0.5794270833333334 0.13425925925925927 0.5796875 0.13425925925925927 0.5802083333333333 0.1337962962962963 0.58046875 0.1337962962962963 0.5817708333333333 0.13333333333333333 0.58203125 0.13287037037037036 0.5838541666666667 0.13240740740740742 0.5841145833333333 0.13240740740740742 0.5846354166666666 0.13194444444444445 0.5848958333333333 0.13194444444444445 0.58515625 0.13055555555555556 0.5864583333333333 0.13055555555555556 0.5869791666666667 0.1300925925925926 0.5872395833333334 0.1300925925925926 0.58828125 0.13055555555555556 0.5885416666666666 0.1310185185185185 0.5893229166666667 0.1361111111111111 0.5919270833333333 0.1361111111111111 0.5921875 0.13703703703703704 0.59296875 0.13703703703703704 0.59375 0.1375 0.5940104166666667 0.1375 0.6005208333333333 0.13703703703703704 0.60078125 0.13703703703703704 0.61171875 0.1375 0.6119791666666666 0.1375 0.6125 0.1388888888888889 0.6138020833333333 0.1398148148148148 0.6138020833333333 0.14027777777777778 0.6140625 0.14166666666666666 0.6140625 0.14212962962962963 0.6143229166666667 0.14583333333333334 0.6143229166666667 0.14629629629629629 0.6145833333333334 0.14675925925925926 0.6143229166666667 0.1486111111111111 0.6143229166666667 0.14907407407407408 0.6140625 0.15 0.6140625 0.15046296296296297 0.6138020833333333 0.15185185185185185 0.6135416666666667 0.15324074074074073 0.6127604166666667 0.1537037037037037 0.6127604166666667 0.15462962962962962 0.6119791666666666 0.15462962962962962 0.6114583333333333 0.1550925925925926 0.6111979166666667 0.1550925925925926 0.6104166666666667 0.15555555555555556 0.61015625 0.15555555555555556 0.6091145833333333 0.15601851851851853 0.6088541666666667 0.15601851851851853 0.6078125 0.15648148148148147 0.6075520833333333 0.15648148148148147 0.6020833333333333 0.15694444444444444 0.6018229166666667 0.15694444444444444 0.5989583333333334 0.1574074074074074 0.5986979166666667 0.1574074074074074 0.5963541666666666 0.15787037037037038 0.59609375 0.15787037037037038 0.5947916666666667 0.15833333333333333 0.59453125 0.15833333333333333 0.5934895833333333 0.1587962962962963 0.5932291666666667 0.1587962962962963 0.5924479166666666 0.15925925925925927 0.5921875 0.15925925925925927 0.5916666666666667 0.1597222222222222 0.59140625 0.16018518518518518 0.590625 0.16435185185185186 0.5877604166666667 0.16435185185185186 0.5869791666666667 0.1648148148148148 0.58671875 0.1648148148148148 0.5854166666666667 0.16527777777777777 0.58515625 0.16527777777777777 0.5833333333333334 0.16574074074074074 0.5830729166666667 0.16574074074074074 0.5799479166666667 0.16620370370370371 0.5796875 0.16620370370370371 0.57578125 0.16574074074074074 0.5755208333333334 0.16574074074074074 0.575 0.16203703703703703 0.5736979166666667 0.16018518518518518 0.5736979166666667 0.1597222222222222 0.5734375 0.1574074074074074 0.5734375 0.15694444444444444 0.5731770833333333 0.15601851851851853 0.5731770833333333 0.15555555555555556 0.5729166666666666 0.15462962962962962 0.5729166666666666
4 0.20092592592592592 0.41510416666666666 0.2 0.41692708333333334 0.19953703703703704 0.4171875 0.19907407407407407 0.41901041666666666 0.1986111111111111 0.4192708333333333 0.1986111111111111 0.42135416666666664 0.19814814814814816 0.42161458333333335 0.19814814814814816 0.4239583333333333 0.20092592592592592 0.4270833333333333 0.20324074074074075 0.428125 0.20879629629629629 0.4296875 0.2111111111111111 0.42994791666666665 0.2125 0.43046875 0.21666666666666667 0.4309895833333333 0.22037037037037038 0.43203125 0.225 0.4322916666666667 0.22546296296296298 0.43255208333333334 0.2263888888888889 0.43255208333333334 0.2310185185185185 0.43359375 0.23472222222222222 0.43385416666666665 0.2351851851851852 0.43411458333333336 0.2375 0.434375 0.2388888888888889 0.4348958333333333 0.23981481481481481 0.4348958333333333 0.24305555555555555 0.43697916666666664 0.2439814814814815 0.43802083333333336 0.2449074074074074 0.4401041666666667 0.24675925925925926 0.4421875 0.24675925925925926 0.4427083333333333 0.24768518518518517 0.44375 0.24953703703703703 0.44453125 0.2523148148148148 0.4453125 0.2550925925925926 0.44557291666666665 0.25555555555555554 0.44583333333333336 0.2601851851851852 0.44583333333333336 0.26064814814814813 0.44557291666666665 0.2625 0.44557291666666665 0.26296296296296295 0.4453125 0.2638888888888889 0.4453125 0.26481481481481484 0.44479166666666664 0.2675925925925926 0.4440104166666667 0.2708333333333333 0.4434895833333333 0.27314814814814814 0.4421875 0.27314814814814814 0.44192708333333336 0.2763888888888889 0.44036458333333334 0.2777777777777778 0.4388020833333333 0.27870370370370373 0.43828125 0.2791666666666667 0.43723958333333335 0.2800925925925926 0.43645833333333334 0.28055555555555556 0.43515625 0.2810185185185185 0.4348958333333333 0.2810185185185185 0.43411458333333336 0.2814814814814815 0.43385416666666665 0.2814814814814815 0.43307291666666664 0.2824074074074074 0.4317708333333333 0.2824074074074074 0.43072916666666666 0.2828703703703704 0.43046875 0.2828703703703704 0.42890625 0.2833333333333333 0.42864583333333334 0.2833333333333333 0.421875 0.2828703703703704 0.42161458333333335 0.2828703703703704 0.4197916666666667 0.2814814814814815 0.41848958333333336 0.2810185185185185 0.41744791666666664 0.2791666666666667 0.4158854166666667 0.2759259259259259 0.4153645833333333 0.27546296296296297 0.41510416666666666 0.274537037037037 0.41510416666666666 0.2740740740740741 0.41484375 0.27314814814814814 0.41484375 0.27175925925925926 0.41432291666666665 0.26666666666666666 0.4140625 0.2662037037037037 0.41432291666666665 0.26342592592592595 0.41458333333333336 0.2587962962962963 0.4158854166666667 0.25787037037037036 0.4158854166666667 0.2523148148148148 0.41744791666666664 0.24675925925925926 0.41744791666666664 0.2462962962962963 0.4171875 0.24444444444444444 0.4171875 0.2439814814814815 0.41692708333333334 0.24027777777777778 0.41692708333333334 0.23981481481481481 0.4166666666666667 0.23842592592592593 0.4166666666666667 0.23564814814814813 0.4158854166666667 0.23425925925925925 0.4158854166666667 0.2324074074074074 0.4153645833333333 0.2310185185185185 0.4153645833333333 0.23055555555555557 0.41510416666666666 0.22546296296296298 0.41458333333333336 0.22083333333333333 0.41354166666666664 0.21944444444444444 0.41354166666666664 0.2162037037037037 0.4127604166666667 0.21435185185185185 0.4127604166666667 0.21203703703703702 0.4122395833333333 0.2074074074074074 0.4122395833333333 0.20694444444444443 0.4125 0.20555555555555555 0.4125 0.20462962962962963 0.4127604166666667
3 0.22824074074074074 0.3065104166666667 0.22453703703703703 0.30755208333333334 0.22361111111111112 0.30833333333333335 0.2222222222222222 0.31015625 0.2222222222222222 0.31171875 0.22268518518518518 0.31197916666666664 0.22268518518518518 0.3140625 0.22314814814814815 0.3143229166666667 0.22407407407407406 0.31796875 0.22592592592592592 0.32083333333333336 0.22592592592592592 0.321875 0.2273148148148148 0.32395833333333335 0.2273148148148148 0.32473958333333336 0.22824074074074074 0.3260416666666667 0.22824074074074074 0.32708333333333334 0.22870370370370371 0.32734375 0.22962962962962963 0.3302083333333333 0.2310185185185185 0.33203125 0.2310185185185185 0.33307291666666666 0.23194444444444445 0.334375 0.23194444444444445 0.33541666666666664 0.2324074074074074 0.33567708333333335 0.2324074074074074 0.33671875 0.23287037037037037 0.33697916666666666 0.23287037037037037 0.3377604166666667 0.2337962962962963 0.3390625 0.23425925925925925 0.3416666666666667 0.23472222222222222 0.3419270833333333 0.2351851851851852 0.34453125 0.23564814814814813 0.34479166666666666 0.23564814814814813 0.34739583333333335 0.2351851851851852 0.34765625 0.23472222222222222 0.3502604166666667 0.2337962962962963 0.35130208333333335 0.23194444444444445 0.35234375 0.23055555555555557 0.35390625 0.23055555555555557 0.35442708333333334 0.22916666666666666 0.35598958333333336 0.22824074074074074 0.35651041666666666 0.22824074074074074 0.35859375 0.23055555555555557 0.3614583333333333 0.23287037037037037 0.36223958333333334 0.2375 0.36302083333333335 0.2412037037037037 0.3640625 0.2449074074074074 0.36432291666666666 0.24537037037037038 0.3645833333333333 0.25277777777777777 0.3645833333333333 0.25324074074074077 0.36432291666666666 0.25601851851851853 0.36432291666666666 0.25787037037037036 0.36380208333333336 0.25925925925925924 0.36380208333333336 0.26666666666666666 0.36171875 0.26990740740740743 0.35963541666666665 0.26990740740740743 0.359375 0.2708333333333333 0.35911458333333335 0.27361111111111114 0.3572916666666667 0.274537037037037 0.3533854166666667 0.2726851851851852 0.35130208333333335 0.2708333333333333 0.3502604166666667 0.2675925925925926 0.34921875 0.26342592592592595 0.34869791666666666 0.2601851851851852 0.346875 0.25925925925925924 0.3455729166666667 0.2587962962962963 0.3455729166666667 0.2564814814814815 0.34401041666666665 0.2564814814814815 0.34348958333333335 0.25555555555555554 0.3424479166666667 0.25555555555555554 0.34140625 0.2550925925925926 0.3411458333333333 0.25462962962962965 0.33932291666666664 0.25416666666666665 0.3390625 0.25416666666666665 0.3377604166666667 0.2537037037037037 0.3375 0.25277777777777777 0.33489583333333334 0.2523148148148148 0.3346354166666667 0.2518518518518518 0.33229166666666665 0.2513888888888889 0.33203125 0.2513888888888889 0.33125 0.25046296296296294 0.3299479166666667 0.25 0.3268229166666667 0.24953703703703703 0.3265625 0.24953703703703703 0.3255208333333333 0.24861111111111112 0.32421875 0.24861111111111112 0.32317708333333334 0.24814814814814815 0.3229166666666667 0.24814814814814815 0.321875 0.24768518518518517 0.3216145833333333 0.24768518518518517 0.3203125 0.24722222222222223 0.32005208333333335 0.24722222222222223 0.3190104166666667 0.24675925925925926 0.31875 0.24583333333333332 0.3151041666666667 0.24444444444444444 0.31302083333333336 0.24351851851851852 0.31015625 0.23981481481481481 0.30703125 0.23657407407407408 0.3059895833333333 0.23333333333333334 0.3059895833333333 0.23287037037037037 0.30625
3 0.35 0.3184895833333333 0.3453703703703704 0.3184895833333333 0.3449074074074074 0.31875 0.3435185185185185 0.31875 0.34120370370370373 0.31953125 0.3375 0.31979166666666664 0.3337962962962963 0.3221354166666667 0.3337962962962963 0.32578125 0.3333333333333333 0.3260416666666667 0.337037037037037 0.32760416666666664 0.3388888888888889 0.32786458333333335 0.3416666666666667 0.32890625 0.3425925925925926 0.3299479166666667 0.34305555555555556 0.3341145833333333 0.3425925925925926 0.334375 0.3425925925925926 0.33619791666666665 0.3421296296296296 0.33645833333333336 0.3421296296296296 0.3377604166666667 0.3416666666666667 0.3380208333333333 0.34120370370370373 0.34140625 0.3402777777777778 0.34270833333333334 0.3402777777777778 0.34375 0.3398148148148148 0.34401041666666665 0.33935185185185185 0.34609375 0.3388888888888889 0.3463541666666667 0.3388888888888889 0.34765625 0.3384259259259259 0.34791666666666665 0.3384259259259259 0.34921875 0.33796296296296297 0.3494791666666667 0.3375 0.3515625 0.3365740740740741 0.3528645833333333 0.33564814814814814 0.35833333333333334 0.3351851851851852 0.35859375 0.3351851851851852 0.35963541666666665 0.3337962962962963 0.3614583333333333 0.3333333333333333 0.365625 0.33287037037037037 0.3658854166666667 0.33194444444444443 0.37005208333333334 0.3314814814814815 0.3703125 0.33101851851851855 0.3736979166666667 0.3314814814814815 0.37395833333333334 0.3314814814814815 0.37552083333333336 0.33194444444444443 0.37578125 0.33194444444444443 0.3768229166666667 0.3337962962962963 0.3776041666666667 0.3384259259259259 0.37786458333333334 0.34074074074074073 0.37838541666666664 0.3453703703703704 0.37838541666666664 0.3486111111111111 0.3776041666666667 0.350462962962963 0.3765625 0.350462962962963 0.37604166666666666 0.35138888888888886 0.375 0.35138888888888886 0.37421875 0.3523148148148148 0.3731770833333333 0.35324074074074074 0.36796875 0.3537037037037037 0.36770833333333336 0.3537037037037037 0.36640625 0.3541666666666667 0.36614583333333334 0.3541666666666667 0.36484375 0.35462962962962963 0.3645833333333333 0.35555555555555557 0.3609375 0.3560185185185185 0.3606770833333333 0.3560185185185185 0.35989583333333336 0.3578703703703704 0.35703125 0.35833333333333334 0.353125 0.3587962962962963 0.3528645833333333 0.3587962962962963 0.3515625 0.3592592592592593 0.35130208333333335 0.3592592592592593 0.3502604166666667 0.36018518518518516 0.3489583333333333 0.36018518518518516 0.34765625 0.36064814814814816 0.34739583333333335 0.36064814814814816 0.3463541666666667 0.3611111111111111 0.34609375 0.3611111111111111 0.34479166666666666 0.36157407407407405 0.34453125 0.36157407407407405 0.34322916666666664 0.36203703703703705 0.34296875 0.36203703703703705 0.3416666666666667 0.362962962962963 0.34036458333333336 0.362962962962963 0.33932291666666664 0.36574074074074076 0.33515625 0.36898148148148147 0.33307291666666666 0.37175925925925923 0.3328125 0.37592592592592594 0.33177083333333335 0.3768518518518518 0.33177083333333335 0.37916666666666665 0.3299479166666667 0.37916666666666665 0.32760416666666664 0.37962962962962965 0.32734375 0.37962962962962965 0.3260416666666667 0.37777777777777777 0.32421875 0.3731481481481482 0.3221354166666667 0.3685185185185185 0.32083333333333336 0.3662037037037037 0.32057291666666665 0.36203703703703705 0.31953125 0.3578703703703704 0.31927083333333334 0.3574074074074074 0.3190104166666667 0.3541666666666667 0.3190104166666667 0.3537037037037037 0.31875 0.350462962962963 0.31875
1 0.3768518518518518 0.4015625 0.3611111111111111 0.40651041666666665 0.35833333333333334 0.4080729166666667 0.3574074074074074 0.4119791666666667 0.3611111111111111 0.4153645833333333 0.3648148148148148 0.415625 0.3680555555555556 0.41484375 0.3699074074074074 0.41484375 0.3726851851851852 0.415625 0.375 0.4171875 0.38333333333333336 0.42630208333333336 0.38842592592592595 0.43385416666666665 0.39444444444444443 0.44088541666666664 0.3958333333333333 0.44375 0.39814814814814814 0.44583333333333336 0.4078703703703704 0.4591145833333333 0.41388888888888886 0.46588541666666666 0.41574074074074074 0.46953125 0.41805555555555557 0.471875 0.4199074074074074 0.47578125 0.425 0.48125 0.4273148148148148 0.48541666666666666 0.43287037037037035 0.49166666666666664 0.4439814814814815 0.5013020833333334 0.4462962962962963 0.5020833333333333 0.4513888888888889 0.5020833333333333 0.4537037037037037 0.5015625 0.4550925925925926 0.5005208333333333 0.45601851851851855 0.4979166666666667 0.45185185185185184 0.4903645833333333 0.4462962962962963 0.48359375 0.44583333333333336 0.48203125 0.44166666666666665 0.47708333333333336 0.43703703703703706 0.46953125 0.425462962962963 0.4552083333333333 0.42314814814814816 0.4510416666666667 0.41388888888888886 0.4395833333333333 0.40694444444444444 0.42942708333333335 0.4013888888888889 0.42265625 0.40046296296296297 0.4205729166666667 0.3962962962962963 0.415625 0.39490740740740743 0.4114583333333333 0.3962962962962963 0.40989583333333335 0.40046296296296297 0.40729166666666666 0.40185185185185185 0.4044270833333333 0.40046296296296297 0.40208333333333335 0.3972222222222222 0.4 0.39444444444444443 0.39947916666666666 0.38564814814814813 0.4
2 0.3921296296296296 0.4822916666666667 0.39166666666666666 0.4830729166666667 0.38842592592592595 0.48515625 0.3861111111111111 0.4875 0.38333333333333336 0.48932291666666666 0.3824074074074074 0.4903645833333333 0.3824074074074074 0.4908854166666667 0.38101851851851853 0.49192708333333335 0.3787037037037037 0.49453125 0.3787037037037037 0.49505208333333334 0.3773148148148148 0.49635416666666665 0.3773148148148148 0.496875 0.37592592592592594 0.4981770833333333 0.375 0.5002604166666667 0.37407407407407406 0.5010416666666667 0.3736111111111111 0.5026041666666666 0.37175925925925923 0.5052083333333334 0.3712962962962963 0.5075520833333333 0.37083333333333335 0.5078125 0.37083333333333335 0.5091145833333334 0.37037037037037035 0.509375 0.37083333333333335 0.5111979166666667 0.3712962962962963 0.5114583333333333 0.3712962962962963 0.5122395833333333 0.37222222222222223 0.5135416666666667 0.37407407407407406 0.5143229166666666 0.3768518518518518 0.5145833333333333 0.3773148148148148 0.51484375 0.37916666666666665 0.51484375 0.37962962962962965 0.5151041666666667 0.38472222222222224 0.5151041666666667 0.3851851851851852 0.51484375 0.3888888888888889 0.5143229166666666 0.38981481481481484 0.5138020833333333 0.3912037037037037 0.5135416666666667 0.3925925925925926 0.5127604166666667 0.39351851851851855 0.5127604166666667 0.3939814814814815 0.5125 0.39675925925925926 0.5125 0.3990740740740741 0.5135416666666667 0.4041666666666667 0.5140625 0.40879629629629627 0.515625 0.4101851851851852 0.515625 0.41064814814814815 0.5158854166666667 0.412962962962963 0.5161458333333333 0.41712962962962963 0.5174479166666667 0.4185185185185185 0.5174479166666667 0.41898148148148145 0.5177083333333333 0.4212962962962963 0.51796875 0.4236111111111111 0.51875 0.42685185185185187 0.5192708333333333 0.43194444444444446 0.5208333333333334 0.43333333333333335 0.5208333333333334 0.4351851851851852 0.5213541666666667 0.43657407407407406 0.5213541666666667 0.4388888888888889 0.521875 0.44537037037037036 0.521875 0.44583333333333336 0.5216145833333333 0.44722222222222224 0.5216145833333333 0.4486111111111111 0.5208333333333334 0.44907407407407407 0.5208333333333334 0.4513888888888889 0.51953125 0.4532407407407407 0.51796875 0.4537037037037037 0.5169270833333334 0.4546296296296296 0.5161458333333333 0.4546296296296296 0.515625 0.4564814814814815 0.5138020833333333 0.4564814814814815 0.5109375 0.45694444444444443 0.5106770833333333 0.45694444444444443 0.5096354166666667 0.4550925925925926 0.5075520833333333 0.45092592592592595 0.50625 0.449537037037037 0.50546875 0.449537037037037 0.5052083333333334 0.44583333333333336 0.50390625 0.4388888888888889 0.50078125 0.4361111111111111 0.5 0.43472222222222223 0.5 0.43425925925925923 0.49973958333333335 0.4310185185185185 0.49973958333333335 0.42916666666666664 0.49921875 0.4263888888888889 0.49895833333333334 0.42314814814814816 0.4979166666666667 0.4199074074074074 0.4973958333333333 0.41898148148148145 0.496875 0.4152777777777778 0.49583333333333335 0.41435185185185186 0.49583333333333335 0.4111111111111111 0.4947916666666667 0.4097222222222222 0.4940104166666667 0.4097222222222222 0.4934895833333333 0.40925925925925927 0.49322916666666666 0.40925925925925927 0.490625 0.40879629629629627 0.4903645833333333 0.40879629629629627 0.4859375 0.4074074074074074 0.48489583333333336 0.4013888888888889 0.48333333333333334 0.4 0.4825520833333333 0.3990740740740741 0.4825520833333333 0.39861111111111114 0.4822916666666667
3 0.5356481481481481 0.3609375 0.5324074074074074 0.35859375 0.5314814814814814 0.35859375 0.5300925925925926 0.3580729166666667 0.5222222222222223 0.3580729166666667 0.5217592592592593 0.35833333333333334 0.5199074074074074 0.35833333333333334 0.5152777777777777 0.359375 0.5138888888888888 0.359375 0.5106481481481482 0.36041666666666666 0.5097222222222222 0.36041666666666666 0.5078703703703704 0.3609375 0.5064814814814815 0.3609375 0.5060185185185185 0.3611979166666667 0.5046296296296297 0.3611979166666667 0.5023148148148148 0.3619791666666667 0.4898148148148148 0.3640625 0.4875 0.36484375 0.48657407407407405 0.36484375 0.48055555555555557 0.36614583333333334 0.4777777777777778 0.36640625 0.47638888888888886 0.36692708333333335 0.475462962962963 0.36692708333333335 0.4703703703703704 0.36822916666666666 0.46944444444444444 0.36822916666666666 0.4671296296296296 0.3690104166666667 0.46574074074074073 0.3690104166666667 0.46435185185185185 0.36953125 0.46296296296296297 0.36953125 0.45925925925925926 0.3703125 0.45555555555555555 0.3703125 0.4550925925925926 0.37057291666666664 0.45231481481481484 0.36875 0.44675925925925924 0.36692708333333335 0.44351851851851853 0.36770833333333336 0.44027777777777777 0.36770833333333336 0.43796296296296294 0.36822916666666666 0.4361111111111111 0.3690104166666667 0.4361111111111111 0.36953125 0.4356481481481482 0.3697916666666667 0.4351851851851852 0.3736979166666667 0.4356481481481482 0.37395833333333334 0.4356481481481482 0.37552083333333336 0.4361111111111111 0.37578125 0.4361111111111111 0.3770833333333333 0.43703703703703706 0.37838541666666664 0.4375 0.3807291666666667 0.43796296296296294 0.3809895833333333 0.4393518518518518 0.38385416666666666 0.44305555555555554 0.38776041666666666 0.44305555555555554 0.38828125 0.44722222222222224 0.39140625 0.45046296296296295 0.39140625 0.45092592592592595 0.39166666666666666 0.4527777777777778 0.39114583333333336 0.45555555555555555 0.39088541666666665 0.4615740740740741 0.3885416666666667 0.462037037037037 0.38697916666666665 0.4625 0.38671875 0.4625 0.3854166666666667 0.46296296296296297 0.38515625 0.4634259259259259 0.38385416666666666 0.4648148148148148 0.3828125 0.4666666666666667 0.38229166666666664 0.4685185185185185 0.38125 0.475 0.37994791666666666 0.47824074074074074 0.3796875 0.48148148148148145 0.37864583333333335 0.4824074074074074 0.37864583333333335 0.4861111111111111 0.3776041666666667 0.4875 0.3776041666666667 0.487962962962963 0.37734375 0.4912037037037037 0.3770833333333333 0.49583333333333335 0.37604166666666666 0.49722222222222223 0.37604166666666666 0.5027777777777778 0.37447916666666664 0.5041666666666667 0.37447916666666664 0.5046296296296297 0.37421875 0.5092592592592593 0.3736979166666667 0.5097222222222222 0.3734375 0.5162037037037037 0.3729166666666667 0.5203703703703704 0.371875 0.524074074074074 0.37135416666666665 0.5254629629629629 0.37083333333333335 0.5263888888888889 0.37083333333333335 0.5314814814814814 0.36953125 0.5337962962962963 0.3684895833333333 0.5361111111111111 0.36666666666666664 0.5370370370370371 0.3653645833333333 0.5370370370370371 0.36432291666666666 0.5365740740740741 0.3640625 0.5365740740740741 0.36302083333333335 0.5361111111111111 0.36276041666666664
0 0.45787037037037037 0.4734375 0.45740740740740743 0.47369791666666666 0.45601851851851855 0.4739583333333333 0.4550925925925926 0.4744791666666667 0.4546296296296296 0.4744791666666667 0.4546296296296296 0.475 0.4537037037037037 0.47578125 0.4537037037037037 0.47630208333333335 0.4532407407407407 0.4765625 0.4532407407407407 0.47708333333333336 0.4527777777777778 0.47734375 0.4527777777777778 0.4778645833333333 0.45231481481481484 0.478125 0.45231481481481484 0.4796875 0.45185185185185184 0.47994791666666664 0.45185185185185184 0.48385416666666664 0.4513888888888889 0.48411458333333335 0.4513888888888889 0.4861979166666667 0.45185185185185184 0.4864583333333333 0.45185185185185184 0.48723958333333334 0.45231481481481484 0.4875 0.45231481481481484 0.48828125 0.4527777777777778 0.48854166666666665 0.4527777777777778 0.48932291666666666 0.4532407407407407 0.4895833333333333 0.4532407407407407 0.4901041666666667 0.4537037037037037 0.4903645833333333 0.4537037037037037 0.4908854166666667 0.45416666666666666 0.49114583333333334 0.45416666666666666 0.49166666666666664 0.4546296296296296 0.49192708333333335 0.4550925925925926 0.49322916666666666 0.45555555555555555 0.4934895833333333 0.45555555555555555 0.49375 0.45601851851851855 0.4940104166666667 0.45601851851851855 0.49453125 0.4564814814814815 0.4947916666666667 0.4564814814814815 0.49557291666666664 0.45694444444444443 0.49583333333333335 0.45694444444444443 0.496875 0.45740740740740743 0.49713541666666666 0.45740740740740743 0.49895833333333334 0.45787037037037037 0.49921875 0.45787037037037037 0.5013020833333334 0.4583333333333333 0.5015625 0.4583333333333333 0.5033854166666667 0.4587962962962963 0.5036458333333333 0.4587962962962963 0.50625 0.45925925925925926 0.5065104166666666 0.45925925925925926 0.5098958333333333 0.46064814814814814 0.5109375 0.46064814814814814 0.5111979166666667 0.462037037037037 0.5119791666666667 0.4625 0.5119791666666667 0.46296296296296297 0.5122395833333333 0.4652777777777778 0.5122395833333333 0.46574074074074073 0.5125 0.4703703703703704 0.5125 0.4708333333333333 0.5122395833333333 0.47129629629629627 0.5122395833333333 0.4740740740740741 0.5106770833333333 0.4740740740740741 0.5104166666666666 0.47453703703703703 0.51015625 0.47453703703703703 0.50859375 0.475 0.5083333333333333 0.475 0.503125 0.475462962962963 0.5028645833333333 0.475462962962963 0.49895833333333334 0.4759259259259259 0.4986979166666667 0.4759259259259259 0.49661458333333336 0.47638888888888886 0.49635416666666665 0.47638888888888886 0.4940104166666667 0.47685185185185186 0.49375 0.47685185185185186 0.49296875 0.4773148148148148 0.49270833333333336 0.4773148148148148 0.4921875 0.47824074074074074 0.49140625 0.47824074074074074 0.4908854166666667 0.4791666666666667 0.4901041666666667 0.47962962962962963 0.48880208333333336 0.48055555555555557 0.48802083333333335 0.48055555555555557 0.4875 0.48148148148148145 0.48671875 0.48148148148148145 0.4859375 0.48194444444444445 0.4856770833333333 0.48194444444444445 0.48359375 0.4824074074074074 0.48333333333333334 0.4824074074074074 0.4817708333333333 0.4828703703703704 0.48151041666666666 0.4828703703703704 0.48046875 0.48333333333333334 0.48020833333333335 0.48333333333333334 0.47890625 0.4837962962962963 0.4786458333333333 0.4837962962962963 0.47760416666666666 0.48333333333333334 0.47734375 0.48333333333333334 0.4752604166666667 0.4828703703703704 0.475 0.4828703703703704 0.4744791666666667 0.4824074074074074 0.4744791666666667 0.48194444444444445 0.47421875 0.4791666666666667 0.47421875 0.4787037037037037 0.4739583333333333 0.4777777777777778 0.4739583333333333 0.4773148148148148 0.47421875 0.4722222222222222 0.47421875 0.47175925925925927 0.4744791666666667 0.4703703703703704 0.4744791666666667 0.4699074074074074 0.47421875 0.4689814814814815 0.47421875 0.4685185185185185 0.4739583333333333 0.4671296296296296 0.4739583333333333 0.4666666666666667 0.47369791666666666 0.4634259259259259 0.47369791666666666 0.46296296296296297 0.4734375
0 0.5 0.22890625 0.5 0.22916666666666666 0.4981481481481482 0.23046875 0.49722222222222223 0.23177083333333334 0.4962962962962963 0.23229166666666667 0.4962962962962963 0.23307291666666666 0.49583333333333335 0.23333333333333334 0.49583333333333335 0.23385416666666667 0.49027777777777776 0.23958333333333334 0.49027777777777776 0.24166666666666667 0.49074074074074076 0.24192708333333332 0.49074074074074076 0.24244791666666668 0.4912037037037037 0.24270833333333333 0.4912037037037037 0.24296875 0.4925925925925926 0.24375 0.4930555555555556 0.24375 0.4935185185185185 0.24401041666666667 0.49583333333333335 0.24401041666666667 0.4962962962962963 0.24427083333333333 0.4986111111111111 0.24427083333333333 0.49907407407407406 0.24453125 0.500462962962963 0.24453125 0.5009259259259259 0.24479166666666666 0.5018518518518519 0.24479166666666666 0.5041666666666667 0.24609375 0.5041666666666667 0.24635416666666668 0.5050925925925925 0.246875 0.5050925925925925 0.24713541666666666 0.5060185185185185 0.24765625 0.5060185185185185 0.24791666666666667 0.5064814814814815 0.24791666666666667 0.5069444444444444 0.24817708333333333 0.5078703703703704 0.24817708333333333 0.5092592592592593 0.24869791666666666 0.5120370370370371 0.24869791666666666 0.5125 0.24895833333333334 0.5171296296296296 0.24895833333333334 0.5175925925925926 0.24921875 0.5194444444444445 0.24921875 0.5199074074074074 0.24947916666666667 0.5208333333333334 0.24947916666666667 0.5212962962962963 0.24973958333333332 0.5222222222222223 0.24973958333333332 0.5226851851851851 0.25 0.524074074074074 0.25 0.524537037037037 0.25026041666666665 0.525 0.25026041666666665 0.5254629629629629 0.25052083333333336 0.5259259259259259 0.25052083333333336 0.5263888888888889 0.25078125 0.5268518518518519 0.25078125 0.5273148148148148 0.25104166666666666 0.5277777777777778 0.25104166666666666 0.5282407407407408 0.2513020833333333 0.5287037037037037 0.2513020833333333 0.5291666666666667 0.2515625 0.5296296296296297 0.2515625 0.5300925925925926 0.2518229166666667 0.5305555555555556 0.2518229166666667 0.5310185185185186 0.2520833333333333 0.5314814814814814 0.2520833333333333 0.5319444444444444 0.25234375 0.5324074074074074 0.25234375 0.5328703703703703 0.2526041666666667 0.5333333333333333 0.2526041666666667 0.5337962962962963 0.25286458333333334 0.5388888888888889 0.25416666666666665 0.5398148148148149 0.2546875 0.5402777777777777 0.2546875 0.5416666666666666 0.2552083333333333 0.5430555555555555 0.2552083333333333 0.5435185185185185 0.25546875 0.5439814814814815 0.25546875 0.5444444444444444 0.2557291666666667 0.5453703703703704 0.2557291666666667 0.5467592592592593 0.25625 0.549074074074074 0.2565104166666667 0.549537037037037 0.25625 0.5509259259259259 0.25625 0.5513888888888889 0.2559895833333333 0.5523148148148148 0.2559895833333333 0.5537037037037037 0.25546875 0.5537037037037037 0.2552083333333333 0.5546296296296296 0.2546875 0.5546296296296296 0.25442708333333336 0.5555555555555556 0.25364583333333335 0.5555555555555556 0.253125 0.5560185185185185 0.25286458333333334 0.5560185185185185 0.25234375 0.5564814814814815 0.2520833333333333 0.5564814814814815 0.24895833333333334 0.5560185185185185 0.24869791666666666 0.5560185185185185 0.24791666666666667 0.5555555555555556 0.24765625 0.5550925925925926 0.24765625 0.5546296296296296 0.24739583333333334 0.5532407407407407 0.24713541666666666 0.5523148148148148 0.24661458333333333 0.5509259259259259 0.24635416666666668 0.55 0.24583333333333332 0.549537037037037 0.24583333333333332 0.5458333333333333 0.24427083333333333 0.5453703703703704 0.24427083333333333 0.5449074074074074 0.24401041666666667 0.5398148148148149 0.24270833333333333 0.5388888888888889 0.2421875 0.5356481481481481 0.24140625 0.5347222222222222 0.24088541666666666 0.5342592592592592 0.24088541666666666 0.5333333333333333 0.24036458333333333 0.5319444444444444 0.24010416666666667 0.5305555555555556 0.23932291666666666 0.5300925925925926 0.23932291666666666 0.5291666666666667 0.23880208333333333 0.5291666666666667 0.23854166666666668 0.5268518518518519 0.23723958333333334 0.5268518518518519 0.23697916666666666 0.5259259259259259 0.23619791666666667 0.5259259259259259 0.23567708333333334 0.5254629629629629 0.23541666666666666 0.5254629629629629 0.23489583333333333 0.525 0.23463541666666668 0.525 0.234375 0.5231481481481481 0.23333333333333334 0.5226851851851851 0.23333333333333334 0.5194444444444445 0.23229166666666667 0.5185185185185185 0.23229166666666667 0.5180555555555556 0.23203125 0.513425925925926 0.23203125 0.5120370370370371 0.23125 0.5120370370370371 0.23098958333333333 0.5097222222222222 0.22942708333333334 0.5097222222222222 0.22916666666666666 0.5087962962962963 0.22864583333333333 0.5083333333333333 0.22864583333333333 0.5069444444444444 0.228125 0.5060185185185185 0.228125 0.5055555555555555 0.22786458333333334 0.5018518518518519 0.22786458333333334
0 0.5189814814814815 0.4700520833333333 0.5189814814814815 0.47213541666666664 0.5194444444444445 0.47239583333333335 0.5194444444444445 0.475 0.5199074074074074 0.4752604166666667 0.5199074074074074 0.4765625 0.5203703703703704 0.47682291666666665 0.5203703703703704 0.478125 0.5208333333333334 0.4783854166666667 0.5208333333333334 0.47890625 0.5212962962962963 0.4791666666666667 0.5217592592592593 0.47994791666666664 0.5226851851851851 0.48046875 0.5226851851851851 0.48072916666666665 0.524074074074074 0.48151041666666666 0.524074074074074 0.4817708333333333 0.525 0.4822916666666667 0.5254629629629629 0.4822916666666667 0.5259259259259259 0.4825520833333333 0.5273148148148148 0.4825520833333333 0.5277777777777778 0.4828125 0.5300925925925926 0.4828125 0.5305555555555556 0.4825520833333333 0.5314814814814814 0.4825520833333333 0.5328703703703703 0.48203125 0.5412037037037037 0.48203125 0.5416666666666666 0.4817708333333333 0.5425925925925926 0.4817708333333333 0.5430555555555555 0.48151041666666666 0.5444444444444444 0.48151041666666666 0.5458333333333333 0.48098958333333336 0.5481481481481482 0.48072916666666665 0.5486111111111112 0.48046875 0.5518518518518518 0.4796875 0.5546296296296296 0.4783854166666667 0.5550925925925926 0.4783854166666667 0.5560185185185185 0.4778645833333333 0.5569444444444445 0.4778645833333333 0.5574074074074075 0.47760416666666666 0.5587962962962963 0.47760416666666666 0.5592592592592592 0.47734375 0.5606481481481481 0.47734375 0.5611111111111111 0.47708333333333336 0.5625 0.47708333333333336 0.562962962962963 0.47682291666666665 0.5652777777777778 0.47682291666666665 0.5657407407407408 0.4765625 0.5685185185185185 0.4765625 0.5689814814814815 0.47630208333333335 0.5699074074074074 0.47630208333333335 0.5703703703703704 0.47604166666666664 0.5712962962962963 0.47604166666666664 0.5717592592592593 0.47578125 0.5736111111111111 0.47578125 0.5740740740740741 0.47552083333333334 0.5763888888888888 0.47552083333333334 0.5768518518518518 0.4752604166666667 0.5791666666666667 0.4752604166666667 0.5796296296296296 0.475 0.5810185185185185 0.475 0.5814814814814815 0.4747395833333333 0.5828703703703704 0.4747395833333333 0.5833333333333334 0.4744791666666667 0.5847222222222223 0.4744791666666667 0.5851851851851851 0.47421875 0.586574074074074 0.47421875 0.587037037037037 0.4739583333333333 0.5884259259259259 0.47369791666666666 0.5884259259259259 0.4734375 0.5898148148148148 0.47265625 0.5898148148148148 0.47239583333333335 0.5912037037037037 0.47109375 0.5912037037037037 0.46953125 0.5907407407407408 0.46927083333333336 0.5907407407407408 0.46848958333333335 0.5902777777777778 0.46822916666666664 0.5902777777777778 0.4674479166666667 0.5898148148148148 0.4671875 0.5898148148148148 0.4666666666666667 0.5888888888888889 0.4661458333333333 0.5888888888888889 0.46588541666666666 0.5875 0.46510416666666665 0.587037037037037 0.46510416666666665 0.5856481481481481 0.46458333333333335 0.5847222222222223 0.46458333333333335 0.5842592592592593 0.46432291666666664 0.5819444444444445 0.46432291666666664 0.5814814814814815 0.4640625 0.5791666666666667 0.4640625 0.5787037037037037 0.46432291666666664 0.5763888888888888 0.46432291666666664 0.575925925925926 0.46458333333333335 0.5712962962962963 0.46458333333333335 0.5708333333333333 0.46484375 0.5685185185185185 0.46484375 0.5680555555555555 0.46510416666666665 0.5648148148148148 0.46510416666666665 0.5643518518518519 0.46536458333333336 0.562037037037037 0.46536458333333336 0.5615740740740741 0.465625 0.5509259259259259 0.465625 0.5504629629629629 0.46536458333333336 0.549074074074074 0.46536458333333336 0.5486111111111112 0.46510416666666665 0.5481481481481482 0.46510416666666665 0.5444444444444444 0.4635416666666667 0.5398148148148149 0.4635416666666667 0.5393518518518519 0.46380208333333334 0.538425925925926 0.46380208333333334 0.537962962962963 0.4640625 0.5370370370370371 0.4640625 0.5365740740740741 0.46432291666666664 0.5356481481481481 0.46432291666666664 0.5351851851851852 0.46458333333333335 0.5342592592592592 0.46458333333333335 0.5337962962962963 0.46484375 0.5324074074074074 0.46484375 0.5319444444444444 0.46510416666666665 0.5296296296296297 0.46510416666666665 0.5291666666666667 0.46536458333333336 0.5268518518518519 0.46536458333333336 0.5263888888888889 0.465625 0.524537037037037 0.465625 0.524074074074074 0.46588541666666666 0.5231481481481481 0.46588541666666666 0.5226851851851851 0.4661458333333333 0.5212962962962963 0.46640625 0.5199074074074074 0.46770833333333334 0.5199074074074074 0.46848958333333335 0.5194444444444445 0.46875 0.5194444444444445 0.46979166666666666
2 0.7560185185185185 0.28229166666666666 0.7513888888888889 0.2799479166666667 0.7486111111111111 0.2796875 0.7481481481481481 0.2794270833333333 0.7467592592592592 0.2794270833333333 0.7462962962962963 0.2796875 0.7435185185185185 0.2796875 0.7430555555555556 0.2799479166666667 0.7398148148148148 0.2799479166666667 0.7393518518518518 0.28020833333333334 0.7379629629629629 0.28020833333333334 0.7375 0.28046875 0.7351851851851852 0.28072916666666664 0.7337962962962963 0.28125 0.7314814814814815 0.28151041666666665 0.7282407407407407 0.2825520833333333 0.7226851851851852 0.2830729166666667 0.7212962962962963 0.28359375 0.7166666666666667 0.2838541666666667 0.7162037037037037 0.28411458333333334 0.7152777777777778 0.28411458333333334 0.7092592592592593 0.28541666666666665 0.7060185185185185 0.28515625 0.700462962962963 0.2838541666666667 0.6981481481481482 0.2838541666666667 0.6976851851851852 0.28359375 0.6907407407407408 0.28359375 0.6902777777777778 0.2833333333333333 0.6888888888888889 0.2833333333333333 0.6833333333333333 0.28489583333333335 0.6810185185185185 0.28515625 0.6782407407407407 0.2859375 0.6754629629629629 0.2875 0.6731481481481482 0.2903645833333333 0.6722222222222223 0.2953125 0.6726851851851852 0.2955729166666667 0.6726851851851852 0.29791666666666666 0.6731481481481482 0.2981770833333333 0.6736111111111112 0.3028645833333333 0.674074074074074 0.303125 0.674074074074074 0.30416666666666664 0.674537037037037 0.30442708333333335 0.674537037037037 0.30572916666666666 0.675 0.3059895833333333 0.6754629629629629 0.3072916666666667 0.6768518518518518 0.30859375 0.6768518518518518 0.30911458333333336 0.6810185185185185 0.31302083333333336 0.6851851851851852 0.31536458333333334 0.6925925925925925 0.31744791666666666 0.6995370370370371 0.3171875 0.7 0.31692708333333336 0.7046296296296296 0.31666666666666665 0.7055555555555556 0.31614583333333335 0.7069444444444445 0.31588541666666664 0.7111111111111111 0.3143229166666667 0.7111111111111111 0.3140625 0.7134259259259259 0.31276041666666665 0.7152777777777778 0.3106770833333333 0.7162037037037037 0.30859375 0.7180555555555556 0.3065104166666667 0.7199074074074074 0.30546875 0.7273148148148149 0.3033854166666667 0.7328703703703704 0.3026041666666667 0.7412037037037037 0.30026041666666664 0.7421296296296296 0.30026041666666664 0.7458333333333333 0.29921875 0.749537037037037 0.2986979166666667 0.7523148148148148 0.29791666666666666 0.7537037037037037 0.29713541666666665 0.7550925925925925 0.296875 0.7564814814814815 0.29609375 0.7564814814814815 0.29583333333333334 0.7587962962962963 0.2947916666666667 0.7597222222222222 0.29348958333333336 0.7597222222222222 0.29270833333333335 0.7601851851851852 0.29244791666666664 0.7601851851851852 0.29140625 0.7606481481481482 0.2911458333333333 0.7606481481481482 0.290625 0.7601851851851852 0.2903645833333333 0.7597222222222222 0.2869791666666667 0.7578703703703704 0.28489583333333335 0.7569444444444444 0.2830729166666667
1 0.7046296296296296 0.259375 0.6967592592592593 0.25677083333333334 0.6925925925925925 0.2565104166666667 0.6898148148148148 0.25729166666666664 0.6851851851851852 0.25729166666666664 0.6805555555555556 0.2596354166666667 0.6791666666666667 0.2638020833333333 0.6814814814814815 0.2674479166666667 0.6800925925925926 0.26875 0.6689814814814815 0.2760416666666667 0.6574074074074074 0.28203125 0.6555555555555556 0.2838541666666667 0.6351851851851852 0.2955729166666667 0.6282407407407408 0.30026041666666664 0.6231481481481481 0.3026041666666667 0.6148148148148148 0.30833333333333335 0.6027777777777777 0.31484375 0.6 0.31692708333333336 0.5962962962962963 0.3184895833333333 0.5884259259259259 0.32369791666666664 0.5712962962962963 0.3338541666666667 0.5712962962962963 0.3372395833333333 0.5726851851851852 0.33828125 0.5740740740740741 0.3385416666666667 0.5796296296296296 0.34140625 0.586574074074074 0.34010416666666665 0.5893518518518519 0.3390625 0.5921296296296297 0.3375 0.5925925925925926 0.33671875 0.5995370370370371 0.33307291666666666 0.6087962962962963 0.32734375 0.6125 0.32578125 0.6189814814814815 0.32135416666666666 0.638425925925926 0.3104166666666667 0.6388888888888888 0.30963541666666666 0.6601851851851852 0.2981770833333333 0.6652777777777777 0.29453125 0.6717592592592593 0.2911458333333333 0.674537037037037 0.2877604166666667 0.6787037037037037 0.28541666666666665 0.6847222222222222 0.2838541666666667 0.6916666666666667 0.28098958333333335 0.6949074074074074 0.2786458333333333 0.700925925925926 0.2755208333333333 0.7083333333333334 0.27734375 0.7125 0.27708333333333335 0.7157407407407408 0.2752604166666667 0.7171296296296297 0.27265625 0.7171296296296297 0.27057291666666666 0.7152777777777778 0.2674479166666667
