0 0.6782407407407407 0.4427083333333333 0.6777777777777778 0.4432291666666667 0.6777777777777778 0.44453125 0.6773148148148148 0.44479166666666664 0.6773148148148148 0.44635416666666666 0.6768518518518518 0.4466145833333333 0.6768518518518518 0.4473958333333333 0.6773148148148148 0.44765625 0.6773148148148148 0.44817708333333334 0.6777777777777778 0.44869791666666664 0.6800925925925926 0.45 0.6819444444444445 0.4505208333333333 0.6842592592592592 0.45078125 0.6861111111111111 0.4515625 0.687962962962963 0.45208333333333334 0.6902777777777778 0.45234375 0.6907407407407408 0.45260416666666664 0.6921296296296297 0.45260416666666664 0.6925925925925925 0.45286458333333335 0.6935185185185185 0.45286458333333335 0.6939814814814815 0.453125 0.6949074074074074 0.453125 0.6967592592592593 0.45364583333333336 0.6981481481481482 0.45364583333333336 0.6986111111111111 0.45390625 0.700462962962963 0.45390625 0.700925925925926 0.45416666666666666 0.7027777777777777 0.45416666666666666 0.7032407407407407 0.4544270833333333 0.7074074074074074 0.4546875 0.7078703703703704 0.4549479166666667 0.7087962962962963 0.4549479166666667 0.7106481481481481 0.45546875 0.712037037037037 0.45546875 0.7148148148148148 0.45625 0.7157407407407408 0.45625 0.7166666666666667 0.45651041666666664 0.7180555555555556 0.45755208333333336 0.7189814814814814 0.45859375 0.7189814814814814 0.4591145833333333 0.7203703703703703 0.46015625 0.7203703703703703 0.46041666666666664 0.7208333333333333 0.46041666666666664 0.7236111111111111 0.46171875 0.7245370370370371 0.46197916666666666 0.725462962962963 0.46197916666666666 0.725925925925926 0.4622395833333333 0.7268518518518519 0.4622395833333333 0.7282407407407407 0.4627604166666667 0.7291666666666666 0.4627604166666667 0.7310185185185185 0.46328125 0.7324074074074074 0.46328125 0.7328703703703704 0.4635416666666667 0.7342592592592593 0.4635416666666667 0.7347222222222223 0.46380208333333334 0.7356481481481482 0.46380208333333334 0.7398148148148148 0.46510416666666665 0.7407407407407407 0.46510416666666665 0.7412037037037037 0.46484375 0.7435185185185185 0.46458333333333335 0.7467592592592592 0.46328125 0.7472222222222222 0.46328125 0.7481481481481481 0.4627604166666667 0.7486111111111111 0.4622395833333333 0.7486111111111111 0.46171875 0.75 0.46041666666666664 0.75 0.45989583333333334 0.7509259259259259 0.4591145833333333 0.7509259259259259 0.45859375 0.7518518518518519 0.45755208333333336 0.7518518518518519 0.45677083333333335 0.7523148148148148 0.45651041666666664 0.7523148148148148 0.45598958333333334 0.7532407407407408 0.4549479166666667 0.7537037037037037 0.45260416666666664 0.7546296296296297 0.4515625 0.7546296296296297 0.45026041666666666 0.7550925925925925 0.45 0.7550925925925925 0.4471354166666667 0.7527777777777778 0.44583333333333336 0.7518518518518519 0.44557291666666665 0.7509259259259259 0.44557291666666665 0.750462962962963 0.44583333333333336 0.7486111111111111 0.44583333333333336 0.7481481481481481 0.44609375 0.7472222222222222 0.44609375 0.7467592592592592 0.44583333333333336 0.7453703703703703 0.44583333333333336 0.7449074074074075 0.44557291666666665 0.7439814814814815 0.44557291666666665 0.7416666666666667 0.44479166666666664 0.7407407407407407 0.44479166666666664 0.7388888888888889 0.44427083333333334 0.737037037037037 0.4432291666666667 0.736574074074074 0.4432291666666667 0.7356481481481482 0.4427083333333333 0.7351851851851852 0.4427083333333333 0.7342592592592593 0.4421875 0.7324074074074074 0.44166666666666665 0.7282407407407407 0.44244791666666666 0.7273148148148149 0.44296875 0.7268518518518519 0.44296875 0.7245370370370371 0.44427083333333334 0.7194444444444444 0.44427083333333334 0.7189814814814814 0.4440104166666667 0.7175925925925926 0.4440104166666667 0.7171296296296297 0.44375 0.7162037037037037 0.44375 0.7143518518518519 0.4432291666666667 0.7129629629629629 0.4432291666666667 0.7125 0.44296875 0.7083333333333334 0.44296875 0.7078703703703704 0.4427083333333333 0.7055555555555556 0.4427083333333333 0.7050925925925926 0.44244791666666666 0.7037037037037037 0.44244791666666666 0.7032407407407407 0.4421875 0.7018518518518518 0.4421875 0.7 0.44166666666666665 0.6981481481481482 0.44166666666666665 0.6976851851851852 0.44140625 0.6962962962962963 0.44140625 0.6958333333333333 0.44114583333333335 0.6944444444444444 0.44114583333333335 0.6939814814814815 0.44088541666666664 0.6912037037037037 0.44088541666666664 0.6907407407407408 0.440625 0.6884259259259259 0.440625 0.687962962962963 0.44036458333333334 0.6865740740740741 0.44036458333333334 0.6861111111111111 0.4401041666666667 0.6842592592592592 0.4401041666666667 0.6837962962962963 0.44036458333333334 0.6814814814814815 0.44036458333333334
2 0.6518518518518519 0.2140625 0.6504629629629629 0.21354166666666666 0.6472222222222223 0.21354166666666666 0.6462962962962963 0.21328125 0.6425925925925926 0.21432291666666667 0.6402777777777777 0.21458333333333332 0.6347222222222222 0.21614583333333334 0.6333333333333333 0.21692708333333333 0.6333333333333333 0.21744791666666666 0.6296296296296297 0.22109375 0.6296296296296297 0.221875 0.6287037037037037 0.22291666666666668 0.6282407407407408 0.22447916666666667 0.6268518518518519 0.22526041666666666 0.625462962962963 0.22682291666666668 0.6231481481481481 0.228125 0.6217592592592592 0.22838541666666667 0.6138888888888889 0.23177083333333334 0.611574074074074 0.23229166666666667 0.6037037037037037 0.23567708333333334 0.600925925925926 0.23619791666666667 0.5962962962962963 0.23802083333333332 0.5921296296296297 0.2390625 0.5875 0.24114583333333334 0.5842592592592593 0.2421875 0.5805555555555556 0.24401041666666667 0.5800925925925926 0.24479166666666666 0.5800925925925926 0.2484375 0.5814814814814815 0.24973958333333332 0.5824074074074074 0.2518229166666667 0.5837962962962963 0.25338541666666664 0.5847222222222223 0.25390625 0.587037037037037 0.25703125 0.5898148148148148 0.2591145833333333 0.5925925925925926 0.26067708333333334 0.5944444444444444 0.26119791666666664 0.5986111111111111 0.26119791666666664 0.6032407407407407 0.2598958333333333 0.6069444444444444 0.259375 0.6166666666666667 0.2559895833333333 0.6226851851851852 0.25338541666666664 0.6273148148148148 0.2520833333333333 0.6296296296296297 0.2518229166666667 0.6324074074074074 0.25078125 0.6347222222222222 0.25026041666666665 0.638425925925926 0.25 0.6388888888888888 0.24973958333333332 0.6412037037037037 0.24973958333333332 0.6416666666666667 0.24947916666666667 0.6578703703703703 0.24973958333333332 0.6583333333333333 0.24947916666666667 0.6601851851851852 0.24947916666666667 0.6606481481481481 0.24921875 0.663425925925926 0.24895833333333334 0.6680555555555555 0.24765625 0.6708333333333333 0.24609375 0.6736111111111112 0.24401041666666667 0.674537037037037 0.24140625 0.675 0.24114583333333334 0.674537037037037 0.23567708333333334 0.6699074074074074 0.22786458333333334 0.6675925925925926 0.22604166666666667 0.6666666666666666 0.22447916666666667 0.6648148148148149 0.22317708333333333 0.6620370370370371 0.22005208333333334 0.6597222222222222 0.21875 0.6583333333333333 0.21744791666666666
3 0.6287037037037037 0.4544270833333333 0.6291666666666667 0.4583333333333333 0.6305555555555555 0.45989583333333334 0.6347222222222222 0.46197916666666666 0.6356481481481482 0.46197916666666666 0.6430555555555556 0.46432291666666664 0.649074074074074 0.46536458333333336 0.6532407407407408 0.4666666666666667 0.6555555555555556 0.4669270833333333 0.6592592592592592 0.46796875 0.6620370370370371 0.46822916666666664 0.6657407407407407 0.46953125 0.6694444444444444 0.46979166666666666 0.6699074074074074 0.4700520833333333 0.6754629629629629 0.4705729166666667 0.6759259259259259 0.4708333333333333 0.6777777777777778 0.4708333333333333 0.6810185185185185 0.471875 0.6851851851851852 0.47239583333333335 0.6888888888888889 0.47369791666666666 0.700925925925926 0.47578125 0.7041666666666667 0.47682291666666665 0.7050925925925926 0.47682291666666665 0.7097222222222223 0.478125 0.7106481481481481 0.478125 0.7143518518518519 0.48046875 0.7152777777777778 0.48151041666666666 0.7162037037037037 0.4861979166666667 0.7199074074074074 0.48723958333333334 0.7245370370370371 0.4869791666666667 0.7273148148148149 0.4859375 0.7287037037037037 0.48489583333333336 0.7305555555555555 0.4828125 0.7305555555555555 0.4822916666666667 0.7361111111111112 0.4783854166666667 0.737037037037037 0.4765625 0.7402777777777778 0.47317708333333336 0.7407407407407407 0.47109375 0.7412037037037037 0.4708333333333333 0.7412037037037037 0.4666666666666667 0.7361111111111112 0.46484375 0.7342592592592593 0.46484375 0.7337962962962963 0.46458333333333335 0.7287037037037037 0.46458333333333335 0.7268518518518519 0.46510416666666665 0.7240740740740741 0.4666666666666667 0.7236111111111111 0.46640625 0.7212962962962963 0.46640625 0.7189814814814814 0.46588541666666666 0.7171296296296297 0.46588541666666666 0.7129629629629629 0.46484375 0.712037037037037 0.46484375 0.7046296296296296 0.4627604166666667 0.700462962962963 0.4622395833333333 0.6949074074074074 0.46067708333333335 0.6925925925925925 0.46041666666666664 0.6912037037037037 0.45989583333333334 0.6875 0.459375 0.6833333333333333 0.4583333333333333 0.6805555555555556 0.45807291666666666 0.6694444444444444 0.4549479166666667 0.6652777777777777 0.4544270833333333 0.6541666666666667 0.4513020833333333 0.65 0.45078125 0.6481481481481481 0.45026041666666666 0.6467592592592593 0.45026041666666666 0.6449074074074074 0.44973958333333336 0.6435185185185185 0.44973958333333336 0.6430555555555556 0.44947916666666665 0.6407407407407407 0.44947916666666665 0.6402777777777777 0.44921875 0.6347222222222222 0.44921875 0.6310185185185185 0.4510416666666667
3 0.687037037037037 0.4822916666666667 0.6819444444444445 0.4783854166666667 0.6787037037037037 0.47760416666666666 0.674537037037037 0.47760416666666666 0.6703703703703704 0.4783854166666667 0.6694444444444444 0.47890625 0.6675925925925926 0.48203125 0.6685185185185185 0.4861979166666667 0.6652777777777777 0.48776041666666664 0.6583333333333333 0.4895833333333333 0.6537037037037037 0.4901041666666667 0.6439814814814815 0.49244791666666665 0.6328703703703704 0.4942708333333333 0.6305555555555555 0.49505208333333334 0.6268518518518519 0.49557291666666664 0.6226851851851852 0.496875 0.6185185185185185 0.49765625 0.6152777777777778 0.4979166666666667 0.6046296296296296 0.50078125 0.5981481481481481 0.5018229166666667 0.5907407407407408 0.50390625 0.5898148148148148 0.50390625 0.5833333333333334 0.50546875 0.5819444444444445 0.5065104166666666 0.5805555555555556 0.5088541666666667 0.5805555555555556 0.5104166666666666 0.5824074074074074 0.5138020833333333 0.5851851851851851 0.515625 0.5879629629629629 0.5166666666666667 0.5912037037037037 0.5166666666666667 0.5916666666666667 0.5169270833333334 0.5921296296296297 0.5166666666666667 0.5986111111111111 0.5166666666666667 0.5990740740740741 0.51640625 0.600925925925926 0.51640625 0.6125 0.5145833333333333 0.6171296296296296 0.51328125 0.6203703703703703 0.5127604166666667 0.6268518518518519 0.5106770833333333 0.6300925925925925 0.5104166666666666 0.6342592592592593 0.509375 0.638425925925926 0.5088541666666667 0.6425925925925926 0.5075520833333333 0.6453703703703704 0.5072916666666667 0.6467592592592593 0.5067708333333333 0.6509259259259259 0.5059895833333333 0.6523148148148148 0.5059895833333333 0.6537037037037037 0.50546875 0.6592592592592592 0.5044270833333333 0.6606481481481481 0.5044270833333333 0.6625 0.50390625 0.6643518518518519 0.50390625 0.6666666666666666 0.5033854166666667 0.6689814814814815 0.5033854166666667 0.6694444444444444 0.503125 0.6726851851851852 0.5036458333333333 0.6773148148148148 0.50390625 0.6819444444444445 0.5057291666666667 0.6842592592592592 0.5057291666666667 0.6847222222222222 0.5059895833333333 0.6888888888888889 0.5059895833333333 0.6935185185185185 0.50390625 0.6949074074074074 0.50234375 0.6962962962962963 0.4979166666666667 0.6953703703703704 0.49609375 0.6953703703703704 0.49453125 0.6935185185185185 0.49166666666666664 0.6935185185185185 0.4908854166666667 0.6907407407407408 0.4875 0.6898148148148148 0.48541666666666666
3 0.4361111111111111 0.34869791666666666 0.4356481481481482 0.3494791666666667 0.4356481481481482 0.35234375 0.4351851851851852 0.35260416666666666 0.4361111111111111 0.35651041666666666 0.4388888888888889 0.35833333333333334 0.4444444444444444 0.35989583333333336 0.4513888888888889 0.3611979166666667 0.4537037037037037 0.3611979166666667 0.45416666666666666 0.3614583333333333 0.4583333333333333 0.3614583333333333 0.4587962962962963 0.36171875 0.462037037037037 0.36171875 0.4625 0.3619791666666667 0.4671296296296296 0.3619791666666667 0.4699074074074074 0.3625 0.4759259259259259 0.36276041666666664 0.47824074074074074 0.36328125 0.49166666666666664 0.36354166666666665 0.49398148148148147 0.3640625 0.4976851851851852 0.3640625 0.4981481481481482 0.36432291666666666 0.5037037037037037 0.3645833333333333 0.5041666666666667 0.36484375 0.5064814814814815 0.36484375 0.5069444444444444 0.3651041666666667 0.5125 0.3651041666666667 0.512962962962963 0.3653645833333333 0.5148148148148148 0.3653645833333333 0.5189814814814815 0.36614583333333334 0.5203703703703704 0.36666666666666664 0.5212962962962963 0.36666666666666664 0.524537037037037 0.3684895833333333 0.5282407407407408 0.3729166666666667 0.5328703703703703 0.37395833333333334 0.537962962962963 0.37395833333333334 0.538425925925926 0.3736979166666667 0.5407407407407407 0.3736979166666667 0.5425925925925926 0.37265625 0.5435185185185185 0.3703125 0.5444444444444444 0.3692708333333333 0.5458333333333333 0.3619791666666667 0.5462962962962963 0.36171875 0.5467592592592593 0.359375 0.5476851851851852 0.3580729166666667 0.5481481481481482 0.35390625 0.5486111111111112 0.3536458333333333 0.5476851851851852 0.3494791666666667 0.5472222222222223 0.3489583333333333 0.5449074074074074 0.34791666666666665 0.5402777777777777 0.34765625 0.5398148148148149 0.34739583333333335 0.5365740740740741 0.34739583333333335 0.5333333333333333 0.34817708333333336 0.5291666666666667 0.35078125 0.5203703703703704 0.35078125 0.5175925925925926 0.3502604166666667 0.5138888888888888 0.3502604166666667 0.513425925925926 0.35 0.5097222222222222 0.3497395833333333 0.5092592592592593 0.3494791666666667 0.5 0.34921875 0.49953703703703706 0.3489583333333333 0.49583333333333335 0.3489583333333333 0.49537037037037035 0.34869791666666666 0.4875 0.3484375 0.48703703703703705 0.34817708333333336 0.48148148148148145 0.34817708333333336 0.4810185185185185 0.34791666666666665 0.47824074074074074 0.34791666666666665 0.4777777777777778 0.34765625 0.475 0.34765625 0.47453703703703703 0.34739583333333335 0.4708333333333333 0.34739583333333335 0.4703703703703704 0.34713541666666664 0.4685185185185185 0.34713541666666664 0.46574074074074073 0.34661458333333334 0.462037037037037 0.34661458333333334 0.4615740740740741 0.3463541666666667 0.4587962962962963 0.3463541666666667 0.4583333333333333 0.34609375 0.44907407407407407 0.3458333333333333 0.4486111111111111 0.3455729166666667 0.44166666666666665 0.3455729166666667 0.4388888888888889 0.34609375
4 0.8074074074074075 0.3807291666666667 0.8055555555555556 0.3807291666666667 0.8050925925925926 0.38046875 0.8009259259259259 0.38046875 0.8004629629629629 0.3802083333333333 0.7939814814814815 0.3802083333333333 0.7912037037037037 0.38125 0.7888888888888889 0.38307291666666665 0.7870370370370371 0.38515625 0.7870370370370371 0.38567708333333334 0.7861111111111111 0.38671875 0.7861111111111111 0.3875 0.7851851851851852 0.3885416666666667 0.7870370370370371 0.39114583333333336 0.7888888888888889 0.3921875 0.7902777777777777 0.39375 0.7902777777777777 0.39427083333333335 0.7916666666666666 0.39609375 0.7916666666666666 0.396875 0.7907407407407407 0.39817708333333335 0.7907407407407407 0.3997395833333333 0.7902777777777777 0.4 0.7902777777777777 0.40078125 0.788425925925926 0.403125 0.788425925925926 0.4036458333333333 0.7856481481481481 0.40625 0.7856481481481481 0.40677083333333336 0.7717592592592593 0.42239583333333336 0.7717592592592593 0.42291666666666666 0.7712962962962963 0.4231770833333333 0.7712962962962963 0.425 0.7717592592592593 0.42526041666666664 0.7717592592592593 0.42604166666666665 0.7722222222222223 0.42630208333333336 0.7726851851851851 0.4276041666666667 0.774537037037037 0.42864583333333334 0.7782407407407408 0.4296875 0.7791666666666667 0.4296875 0.7824074074074074 0.43072916666666666 0.7833333333333333 0.43072916666666666 0.7865740740740741 0.4315104166666667 0.7944444444444444 0.4315104166666667 0.799537037037037 0.42890625 0.8055555555555556 0.4236979166666667 0.8083333333333333 0.4205729166666667 0.8092592592592592 0.4200520833333333 0.8143518518518519 0.41354166666666664 0.8212962962962963 0.4078125 0.8240740740740741 0.40625 0.8296296296296296 0.4041666666666667 0.8342592592592593 0.4044270833333333 0.8347222222222223 0.4041666666666667 0.8379629629629629 0.40390625 0.8398148148148148 0.403125 0.8412037037037037 0.40286458333333336 0.8444444444444444 0.4002604166666667 0.8444444444444444 0.3997395833333333 0.8453703703703703 0.39895833333333336 0.8453703703703703 0.3984375 0.8462962962962963 0.39739583333333334 0.8462962962962963 0.3966145833333333 0.8467592592592592 0.3963541666666667 0.8462962962962963 0.39609375 0.8458333333333333 0.39401041666666664 0.8449074074074074 0.3927083333333333 0.8439814814814814 0.3919270833333333 0.8412037037037037 0.39036458333333335 0.8393518518518519 0.38984375 0.8375 0.3885416666666667 0.8333333333333334 0.3875 0.8324074074074074 0.38697916666666665 0.8282407407407407 0.38567708333333334 0.8273148148148148 0.38567708333333334 0.8222222222222222 0.3841145833333333 0.8212962962962963 0.3841145833333333 0.8199074074074074 0.38359375 0.8166666666666667 0.38307291666666665 0.8134259259259259 0.38203125 0.8125 0.38203125 0.8101851851851852 0.38125 0.8092592592592592 0.38125
2 0.8138888888888889 0.4544270833333333 0.8125 0.4544270833333333 0.812037037037037 0.45416666666666666 0.8069444444444445 0.45416666666666666 0.8032407407407407 0.4552083333333333 0.8009259259259259 0.45703125 0.7986111111111112 0.4583333333333333 0.7981481481481482 0.4588541666666667 0.7981481481481482 0.4625 0.7976851851851852 0.4627604166666667 0.8009259259259259 0.46640625 0.8009259259259259 0.46979166666666666 0.8004629629629629 0.4700520833333333 0.8 0.47161458333333334 0.7958333333333333 0.47630208333333335 0.7907407407407407 0.4796875 0.7893518518518519 0.48125 0.7865740740740741 0.4828125 0.7861111111111111 0.48359375 0.7833333333333333 0.48541666666666666 0.7810185185185186 0.4875 0.775 0.49114583333333334 0.774074074074074 0.49244791666666665 0.7712962962962963 0.49453125 0.7712962962962963 0.49505208333333334 0.7694444444444445 0.49765625 0.7694444444444445 0.4981770833333333 0.774537037037037 0.5015625 0.774537037037037 0.5018229166666667 0.7791666666666667 0.503125 0.7828703703703703 0.5049479166666667 0.7865740740740741 0.5059895833333333 0.7944444444444444 0.5059895833333333 0.7986111111111112 0.5046875 0.8092592592592592 0.4984375 0.8143518518518519 0.4947916666666667 0.8162037037037037 0.49296875 0.8212962962962963 0.4901041666666667 0.8212962962962963 0.48984375 0.8268518518518518 0.4869791666666667 0.8296296296296296 0.4859375 0.8342592592592593 0.48541666666666666 0.8375 0.48463541666666665 0.8416666666666667 0.48489583333333336 0.8430555555555556 0.48411458333333335 0.8472222222222222 0.4828125 0.8537037037037037 0.4786458333333333 0.8550925925925926 0.47604166666666664 0.8564814814814815 0.4747395833333333 0.8560185185185185 0.47265625 0.8555555555555555 0.47239583333333335 0.8555555555555555 0.4708333333333333 0.8532407407407407 0.46953125 0.8490740740740741 0.46796875 0.8476851851851852 0.46770833333333334 0.8458333333333333 0.4666666666666667 0.8425925925925926 0.465625 0.837037037037037 0.4625 0.8356481481481481 0.4622395833333333 0.8263888888888888 0.4583333333333333 0.8231481481481482 0.45755208333333336 0.8222222222222222 0.45703125 0.8185185185185185 0.45598958333333334 0.8171296296296297 0.4552083333333333
3 0.8569444444444444 0.14036458333333332 0.8546296296296296 0.14244791666666667 0.8546296296296296 0.14348958333333334 0.8541666666666666 0.14375 0.8541666666666666 0.1453125 0.8537037037037037 0.14557291666666666 0.8541666666666666 0.14739583333333334 0.8569444444444444 0.15052083333333333 0.8629629629629629 0.15390625 0.8629629629629629 0.15416666666666667 0.8671296296296296 0.15572916666666667 0.8717592592592592 0.15885416666666666 0.8759259259259259 0.16041666666666668 0.8782407407407408 0.16171875 0.8782407407407408 0.16197916666666667 0.8833333333333333 0.16484375 0.8842592592592593 0.16588541666666667 0.8902777777777777 0.16901041666666666 0.8921296296296296 0.17083333333333334 0.8939814814814815 0.17135416666666667 0.9041666666666667 0.17734375 0.9050925925925926 0.17890625 0.9050925925925926 0.17994791666666668 0.9055555555555556 0.18020833333333333 0.9055555555555556 0.1828125 0.9050925925925926 0.18307291666666667 0.9050925925925926 0.18463541666666666 0.9046296296296297 0.18541666666666667 0.9060185185185186 0.18671875 0.9074074074074074 0.18932291666666667 0.9106481481481481 0.19114583333333332 0.9152777777777777 0.19244791666666666 0.9189814814814815 0.1921875 0.9217592592592593 0.19114583333333332 0.9226851851851852 0.19114583333333332 0.925 0.19036458333333334 0.9310185185185185 0.18723958333333332 0.9351851851851852 0.18567708333333333 0.937037037037037 0.18385416666666668 0.9398148148148148 0.18255208333333334 0.9458333333333333 0.17786458333333333 0.9462962962962963 0.17604166666666668 0.9467592592592593 0.17578125 0.9467592592592593 0.17473958333333334 0.9472222222222222 0.17447916666666666 0.9472222222222222 0.1734375 0.9439814814814815 0.1703125 0.9416666666666667 0.16901041666666666 0.9393518518518519 0.16822916666666668 0.9351851851851852 0.16822916666666668 0.9319444444444445 0.16927083333333334 0.9277777777777778 0.17005208333333333 0.9222222222222223 0.16901041666666666 0.9194444444444444 0.16770833333333332 0.9157407407407407 0.16432291666666668 0.9152777777777777 0.16432291666666668 0.9115740740740741 0.16223958333333333 0.9115740740740741 0.16197916666666667 0.9111111111111111 0.16197916666666667 0.9060185185185186 0.15911458333333334 0.9050925925925926 0.15807291666666667 0.9027777777777778 0.15703125 0.8981481481481481 0.15416666666666667 0.8944444444444445 0.15260416666666668 0.8925925925925926 0.15104166666666666 0.888425925925926 0.14869791666666668 0.8851851851851852 0.14635416666666667 0.8824074074074074 0.1453125 0.8726851851851852 0.13958333333333334 0.8699074074074075 0.13854166666666667 0.8657407407407407 0.13854166666666667 0.8652777777777778 0.13828125 0.8648148148148148 0.13854166666666667 0.8611111111111112 0.13854166666666667
0 0.8379629629629629 0.4921875 0.8347222222222223 0.4940104166666667 0.8347222222222223 0.4947916666666667 0.8351851851851851 0.49505208333333334 0.8351851851851851 0.49609375 0.8356481481481481 0.49635416666666665 0.8356481481481481 0.49713541666666666 0.8361111111111111 0.4973958333333333 0.8361111111111111 0.4979166666666667 0.8407407407407408 0.5005208333333333 0.8416666666666667 0.5015625 0.8425925925925926 0.5020833333333333 0.8444444444444444 0.5026041666666666 0.85 0.5057291666666667 0.85 0.5059895833333333 0.8523148148148149 0.5072916666666667 0.8523148148148149 0.5075520833333333 0.8606481481481482 0.5122395833333333 0.8606481481481482 0.5125 0.862037037037037 0.51328125 0.8625 0.5138020833333333 0.8625 0.5143229166666666 0.8629629629629629 0.5145833333333333 0.8629629629629629 0.5158854166666667 0.8634259259259259 0.5161458333333333 0.8634259259259259 0.51796875 0.8638888888888889 0.5182291666666666 0.8638888888888889 0.5190104166666667 0.8643518518518518 0.5192708333333333 0.8648148148148148 0.52109375 0.8657407407407407 0.5216145833333333 0.8675925925925926 0.5221354166666666 0.8689814814814815 0.5229166666666667 0.8694444444444445 0.5229166666666667 0.8726851851851852 0.5247395833333334 0.8726851851851852 0.525 0.8763888888888889 0.5268229166666667 0.8773148148148148 0.5270833333333333 0.8782407407407408 0.5270833333333333 0.8796296296296297 0.5276041666666667 0.8819444444444444 0.5276041666666667 0.8824074074074074 0.52734375 0.8847222222222222 0.5270833333333333 0.8875 0.5263020833333333 0.888425925925926 0.52578125 0.8893518518518518 0.52578125 0.8907407407407407 0.5252604166666667 0.8916666666666667 0.5252604166666667 0.8986111111111111 0.5216145833333333 0.899074074074074 0.5216145833333333 0.9018518518518519 0.5197916666666667 0.9018518518518519 0.51953125 0.9027777777777778 0.5190104166666667 0.9027777777777778 0.51875 0.9041666666666667 0.5177083333333333 0.9041666666666667 0.5169270833333334 0.9037037037037037 0.5166666666666667 0.9037037037037037 0.5161458333333333 0.9032407407407408 0.5158854166666667 0.9027777777777778 0.5145833333333333 0.9018518518518519 0.5135416666666667 0.9004629629629629 0.5127604166666667 0.9 0.5127604166666667 0.8958333333333334 0.5104166666666666 0.8921296296296296 0.50625 0.8916666666666667 0.50625 0.8907407407407407 0.5057291666666667 0.8888888888888888 0.5057291666666667 0.888425925925926 0.50546875 0.8824074074074074 0.50546875 0.8819444444444444 0.5052083333333334 0.8796296296296297 0.5052083333333334 0.8791666666666667 0.5049479166666667 0.8768518518518519 0.5046875 0.875462962962963 0.50390625 0.875 0.50390625 0.8722222222222222 0.50234375 0.8717592592592592 0.5018229166666667 0.8712962962962963 0.5018229166666667 0.8694444444444445 0.50078125 0.8689814814814815 0.50078125 0.8648148148148148 0.4984375 0.8648148148148148 0.4981770833333333 0.8638888888888889 0.49765625 0.8634259259259259 0.49765625 0.861574074074074 0.49661458333333336 0.8611111111111112 0.49661458333333336 0.8555555555555555 0.4934895833333333 0.8550925925925926 0.4934895833333333 0.8537037037037037 0.49270833333333336 0.8518518518518519 0.4921875 0.8490740740740741 0.490625 0.8476851851851852 0.490625 0.8472222222222222 0.4903645833333333 0.8458333333333333 0.4903645833333333 0.8453703703703703 0.4901041666666667 0.8449074074074074 0.4903645833333333 0.8416666666666667 0.490625 0.8402777777777778 0.49140625 0.8398148148148148 0.49140625 0.8384259259259259 0.4921875
3 0.9157407407407407 0.6794270833333333 0.9037037037037037 0.6721354166666667 0.9013888888888889 0.6713541666666667 0.9 0.6697916666666667 0.8953703703703704 0.6684895833333333 0.8925925925925926 0.6682291666666667 0.8921296296296296 0.66796875 0.8916666666666667 0.6682291666666667 0.888425925925926 0.6682291666666667 0.8856481481481482 0.66953125 0.8842592592592593 0.6697916666666667 0.8837962962962963 0.67109375 0.8819444444444444 0.6731770833333334 0.8819444444444444 0.6778645833333333 0.8773148148148148 0.6825520833333333 0.8726851851851852 0.6846354166666667 0.8726851851851852 0.6848958333333334 0.8666666666666667 0.6880208333333333 0.8629629629629629 0.6893229166666667 0.8592592592592593 0.69140625 0.8555555555555555 0.6927083333333334 0.850925925925926 0.6953125 0.8490740740740741 0.6958333333333333 0.8439814814814814 0.6986979166666667 0.8407407407407408 0.7 0.837037037037037 0.7010416666666667 0.8319444444444445 0.7033854166666667 0.8175925925925925 0.7106770833333333 0.8152777777777778 0.7127604166666667 0.8152777777777778 0.7169270833333333 0.8166666666666667 0.7182291666666667 0.8185185185185185 0.7192708333333333 0.8226851851851852 0.7205729166666667 0.8273148148148148 0.7205729166666667 0.8287037037037037 0.7200520833333334 0.8310185185185185 0.7197916666666667 0.8375 0.7177083333333333 0.8416666666666667 0.715625 0.8458333333333333 0.7145833333333333 0.85 0.7130208333333333 0.8527777777777777 0.7111979166666667 0.8606481481481482 0.7080729166666667 0.8629629629629629 0.7067708333333333 0.8648148148148148 0.70625 0.8703703703703703 0.7033854166666667 0.8763888888888889 0.7013020833333333 0.8856481481481482 0.6966145833333334 0.8888888888888888 0.6955729166666667 0.8916666666666667 0.6942708333333333 0.8949074074074074 0.6934895833333333 0.9018518518518519 0.690625 0.9046296296296297 0.6901041666666666 0.9074074074074074 0.6908854166666667 0.9120370370370371 0.6916666666666667 0.9125 0.69140625 0.9157407407407407 0.69140625 0.9166666666666666 0.6908854166666667 0.9189814814814815 0.6903645833333333 0.9208333333333333 0.6893229166666667 0.9222222222222223 0.6854166666666667
