0 0.6884259259259259 0.4432291666666667 0.6884259259259259 0.44375 0.687962962962963 0.4440104166666667 0.687962962962963 0.44505208333333335 0.6875 0.4453125 0.6875 0.4466145833333333 0.687037037037037 0.4471354166666667 0.6875 0.4473958333333333 0.6875 0.44817708333333334 0.6888888888888889 0.44973958333333336 0.6898148148148148 0.45026041666666666 0.6907407407407408 0.4505208333333333 0.6916666666666667 0.4505208333333333 0.6921296296296297 0.45078125 0.6930555555555555 0.45078125 0.6935185185185185 0.4510416666666667 0.6944444444444444 0.4510416666666667 0.6949074074074074 0.4513020833333333 0.6958333333333333 0.4513020833333333 0.6962962962962963 0.4515625 0.6976851851851852 0.4515625 0.6981481481481482 0.4518229166666667 0.7013888888888888 0.45208333333333334 0.7050925925925926 0.453125 0.7074074074074074 0.453125 0.7078703703703704 0.45338541666666665 0.7097222222222223 0.45338541666666665 0.711574074074074 0.45390625 0.7129629629629629 0.45390625 0.7134259259259259 0.45416666666666666 0.7148148148148148 0.45416666666666666 0.7152777777777778 0.4544270833333333 0.7162037037037037 0.4544270833333333 0.7166666666666667 0.4546875 0.7189814814814814 0.4549479166666667 0.7203703703703703 0.45546875 0.7217592592592592 0.45546875 0.7222222222222222 0.4557291666666667 0.7236111111111111 0.4557291666666667 0.7240740740740741 0.45598958333333334 0.725 0.45598958333333334 0.7268518518518519 0.45651041666666664 0.7291666666666666 0.45755208333333336 0.7300925925925926 0.4588541666666667 0.7310185185185185 0.459375 0.7319444444444444 0.46041666666666664 0.7351851851851852 0.46197916666666666 0.7356481481481482 0.46197916666666666 0.736574074074074 0.4625 0.7375 0.4625 0.7412037037037037 0.4635416666666667 0.7421296296296296 0.4635416666666667 0.7425925925925926 0.46380208333333334 0.7435185185185185 0.46380208333333334 0.7439814814814815 0.4640625 0.7462962962962963 0.46432291666666664 0.7476851851851852 0.46484375 0.7518518518518519 0.46484375 0.7527777777777778 0.46432291666666664 0.7550925925925925 0.4640625 0.7578703703703704 0.4627604166666667 0.7583333333333333 0.46197916666666666 0.7592592592592593 0.46145833333333336 0.7615740740740741 0.4588541666666667 0.7615740740740741 0.4583333333333333 0.763425925925926 0.45625 0.763425925925926 0.45546875 0.7638888888888888 0.4552083333333333 0.7638888888888888 0.45416666666666666 0.7643518518518518 0.45390625 0.7643518518518518 0.45286458333333335 0.7657407407407407 0.4513020833333333 0.7657407407407407 0.4471354166666667 0.7652777777777777 0.446875 0.763425925925926 0.44635416666666666 0.7620370370370371 0.44635416666666666 0.7615740740740741 0.44609375 0.7583333333333333 0.44609375 0.7578703703703704 0.44583333333333336 0.7560185185185185 0.44583333333333336 0.7555555555555555 0.44557291666666665 0.7513888888888889 0.44557291666666665 0.750462962962963 0.44505208333333335 0.75 0.44505208333333335 0.7486111111111111 0.44427083333333334 0.7486111111111111 0.4440104166666667 0.7458333333333333 0.44244791666666666 0.7453703703703703 0.44244791666666666 0.7444444444444445 0.44192708333333336 0.7430555555555556 0.44192708333333336 0.7384259259259259 0.4432291666666667 0.7361111111111112 0.44479166666666664 0.7300925925925926 0.44479166666666664 0.7296296296296296 0.44453125 0.7273148148148149 0.44453125 0.7268518518518519 0.44427083333333334 0.725462962962963 0.44427083333333334 0.725 0.4440104166666667 0.7231481481481481 0.4440104166666667 0.7226851851851852 0.44375 0.7212962962962963 0.44375 0.7208333333333333 0.4434895833333333 0.7194444444444444 0.4434895833333333 0.7189814814814814 0.4432291666666667 0.7171296296296297 0.4432291666666667 0.7166666666666667 0.44296875 0.7148148148148148 0.44296875 0.7143518518518519 0.4427083333333333 0.712037037037037 0.4427083333333333 0.711574074074074 0.44244791666666666 0.7083333333333334 0.44244791666666666 0.7078703703703704 0.4421875 0.7050925925925926 0.4421875 0.7046296296296296 0.44192708333333336 0.7037037037037037 0.44192708333333336 0.7018518518518518 0.44140625 0.700462962962963 0.44140625 0.7 0.44114583333333335 0.6953703703703704 0.44114583333333335 0.6949074074074074 0.44088541666666664 0.6930555555555555 0.44088541666666664 0.6912037037037037 0.44140625 0.6893518518518519 0.4421875
2 0.6611111111111111 0.21510416666666668 0.6583333333333333 0.2140625 0.6532407407407408 0.2140625 0.6416666666666667 0.21666666666666667 0.638425925925926 0.21875 0.6365740740740741 0.22057291666666667 0.6365740740740741 0.22317708333333333 0.6361111111111111 0.2234375 0.6361111111111111 0.22447916666666667 0.6328703703703704 0.22734375 0.6300925925925925 0.22890625 0.6277777777777778 0.2296875 0.6240740740740741 0.23151041666666666 0.6208333333333333 0.23229166666666667 0.6171296296296296 0.23411458333333332 0.6148148148148148 0.23463541666666668 0.6087962962962963 0.23697916666666666 0.6041666666666666 0.23828125 0.6018518518518519 0.23932291666666666 0.5995370370370371 0.23984375 0.5967592592592592 0.24140625 0.5939814814814814 0.24244791666666668 0.5916666666666667 0.24296875 0.5893518518518519 0.24401041666666667 0.5888888888888889 0.24557291666666667 0.5879629629629629 0.24661458333333333 0.5879629629629629 0.24765625 0.5875 0.24791666666666667 0.5888888888888889 0.24947916666666667 0.5907407407407408 0.25286458333333334 0.5925925925925926 0.2546875 0.5925925925925926 0.2552083333333333 0.5944444444444444 0.25729166666666664 0.5995370370370371 0.26067708333333334 0.600462962962963 0.26067708333333334 0.6032407407407407 0.26145833333333335 0.6046296296296296 0.26119791666666664 0.6078703703703704 0.26119791666666664 0.6083333333333333 0.2609375 0.611574074074074 0.26067708333333334 0.6162037037037037 0.2596354166666667 0.6189814814814815 0.25833333333333336 0.6259259259259259 0.25625 0.6342592592592593 0.2526041666666667 0.6351851851851852 0.2526041666666667 0.6365740740740741 0.2520833333333333 0.637962962962963 0.2520833333333333 0.6421296296296296 0.25078125 0.6467592592592593 0.25026041666666665 0.6504629629629629 0.24947916666666667 0.6509259259259259 0.24973958333333332 0.6546296296296297 0.24973958333333332 0.6574074074074074 0.24921875 0.6587962962962963 0.24921875 0.6592592592592592 0.24947916666666667 0.6694444444444444 0.24921875 0.6773148148148148 0.24765625 0.6805555555555556 0.24583333333333332 0.6824074074074075 0.24401041666666667 0.6824074074074075 0.24322916666666666 0.6833333333333333 0.24192708333333332 0.6833333333333333 0.240625 0.6837962962962963 0.24036458333333333 0.6833333333333333 0.2375 0.6828703703703703 0.23723958333333334 0.6828703703703703 0.2359375 0.6824074074074075 0.23567708333333334 0.6819444444444445 0.23411458333333332 0.6787037037037037 0.23020833333333332 0.6777777777777778 0.228125 0.6754629629629629 0.2265625 0.674537037037037 0.225 0.6708333333333333 0.22135416666666666 0.6708333333333333 0.22083333333333333 0.6652777777777777 0.21744791666666666 0.6652777777777777 0.2171875
3 0.6393518518518518 0.4546875 0.6388888888888888 0.4588541666666667 0.6402777777777777 0.46041666666666664 0.6421296296296296 0.46171875 0.6449074074074074 0.4622395833333333 0.65 0.46380208333333334 0.6527777777777778 0.4640625 0.6587962962962963 0.4661458333333333 0.6666666666666666 0.46770833333333334 0.6694444444444444 0.46796875 0.6736111111111112 0.46953125 0.6777777777777778 0.46953125 0.6814814814814815 0.4705729166666667 0.6851851851851852 0.47109375 0.6865740740740741 0.471875 0.6898148148148148 0.47291666666666665 0.6916666666666667 0.47291666666666665 0.6995370370370371 0.4744791666666667 0.7046296296296296 0.475 0.7074074074074074 0.47578125 0.7083333333333334 0.47578125 0.7125 0.47708333333333336 0.7152777777777778 0.47734375 0.7199074074074074 0.4783854166666667 0.7231481481481481 0.48020833333333335 0.7240740740740741 0.48125 0.725 0.4859375 0.7319444444444444 0.48776041666666664 0.7342592592592593 0.48723958333333334 0.7361111111111112 0.48723958333333334 0.7384259259259259 0.4859375 0.7402777777777778 0.484375 0.7416666666666667 0.4825520833333333 0.7458333333333333 0.47942708333333334 0.75 0.4747395833333333 0.7518518518518519 0.47161458333333334 0.7518518518518519 0.4705729166666667 0.7523148148148148 0.4703125 0.7523148148148148 0.4666666666666667 0.7513888888888889 0.4661458333333333 0.7476851851851852 0.4661458333333333 0.7444444444444445 0.46536458333333336 0.7388888888888889 0.46536458333333336 0.7351851851851852 0.4666666666666667 0.7328703703703704 0.4666666666666667 0.7324074074074074 0.4669270833333333 0.7305555555555555 0.46640625 0.7287037037037037 0.46640625 0.7268518518518519 0.46588541666666666 0.725462962962963 0.46588541666666666 0.7226851851851852 0.46510416666666665 0.7203703703703703 0.46484375 0.7171296296296297 0.46380208333333334 0.7148148148148148 0.4635416666666667 0.7134259259259259 0.4630208333333333 0.7055555555555556 0.46171875 0.6976851851851852 0.459375 0.6888888888888889 0.4578125 0.6842592592592592 0.45651041666666664 0.6736111111111112 0.4546875 0.6694444444444444 0.453125 0.6657407407407407 0.45260416666666664 0.6643518518518519 0.45208333333333334 0.6587962962962963 0.4510416666666667 0.6569444444444444 0.4510416666666667 0.6564814814814814 0.45078125 0.6527777777777778 0.4505208333333333 0.6523148148148148 0.45026041666666666 0.65 0.45026041666666666 0.649537037037037 0.45 0.6462962962962963 0.45 0.6421296296296296 0.4513020833333333
3 0.6972222222222222 0.48203125 0.6930555555555555 0.47942708333333334 0.6907407407407408 0.47890625 0.6898148148148148 0.4783854166666667 0.6842592592592592 0.4783854166666667 0.6814814814814815 0.4791666666666667 0.6787037037037037 0.48125 0.6782407407407407 0.48203125 0.6782407407407407 0.48385416666666664 0.6787037037037037 0.48411458333333335 0.6787037037037037 0.4859375 0.6791666666666667 0.4861979166666667 0.674074074074074 0.48828125 0.6560185185185186 0.49296875 0.6537037037037037 0.49322916666666666 0.6509259259259259 0.4940104166666667 0.6476851851851851 0.4942708333333333 0.6393518518518518 0.49635416666666665 0.6361111111111111 0.49661458333333336 0.6277777777777778 0.4981770833333333 0.6203703703703703 0.5002604166666667 0.6185185185185185 0.5010416666666667 0.612037037037037 0.5020833333333333 0.6097222222222223 0.5028645833333333 0.6 0.5046875 0.5972222222222222 0.50546875 0.5939814814814814 0.5067708333333333 0.5916666666666667 0.509375 0.5916666666666667 0.5125 0.5921296296296297 0.5127604166666667 0.5921296296296297 0.5138020833333333 0.5939814814814814 0.5158854166666667 0.5962962962962963 0.5174479166666667 0.5981481481481481 0.5174479166666667 0.5986111111111111 0.5177083333333333 0.6069444444444444 0.5177083333333333 0.6074074074074074 0.5174479166666667 0.6101851851851852 0.5174479166666667 0.6106481481481482 0.5171875 0.6148148148148148 0.5169270833333334 0.6185185185185185 0.5158854166666667 0.6226851851851852 0.5153645833333333 0.6273148148148148 0.5138020833333333 0.638425925925926 0.5119791666666667 0.6425925925925926 0.5106770833333333 0.6453703703703704 0.51015625 0.6486111111111111 0.5098958333333333 0.6541666666666667 0.5088541666666667 0.6555555555555556 0.5080729166666667 0.6587962962962963 0.50703125 0.6689814814814815 0.5057291666666667 0.6782407407407407 0.5036458333333333 0.6856481481481481 0.5033854166666667 0.6893518518518519 0.5049479166666667 0.6930555555555555 0.5059895833333333 0.700925925925926 0.50546875 0.7023148148148148 0.5046875 0.7046296296296296 0.5041666666666667 0.7064814814814815 0.50234375 0.7064814814814815 0.4979166666666667 0.7060185185185185 0.49765625 0.7055555555555556 0.4940104166666667 0.7050925925925926 0.49375 0.7041666666666667 0.490625
3 0.44537037037037036 0.3494791666666667 0.4449074074074074 0.3515625 0.4444444444444444 0.35182291666666665 0.4444444444444444 0.3572916666666667 0.44722222222222224 0.35963541666666665 0.4486111111111111 0.35989583333333336 0.45185185185185184 0.3611979166666667 0.45555555555555555 0.3614583333333333 0.45601851851851855 0.36171875 0.4587962962962963 0.36171875 0.4615740740740741 0.36223958333333334 0.4648148148148148 0.36223958333333334 0.4652777777777778 0.3625 0.4689814814814815 0.36276041666666664 0.4703703703703704 0.36328125 0.47638888888888886 0.36328125 0.47685185185185186 0.36354166666666665 0.48055555555555557 0.36354166666666665 0.4810185185185185 0.36380208333333336 0.4847222222222222 0.36380208333333336 0.48518518518518516 0.3640625 0.4888888888888889 0.3640625 0.48935185185185187 0.36432291666666666 0.49907407407407406 0.3645833333333333 0.5018518518518519 0.3653645833333333 0.5055555555555555 0.3653645833333333 0.5060185185185185 0.365625 0.5087962962962963 0.365625 0.5092592592592593 0.3658854166666667 0.5138888888888888 0.3658854166666667 0.5162037037037037 0.36640625 0.5208333333333334 0.36666666666666664 0.5212962962962963 0.36692708333333335 0.5268518518518519 0.36744791666666665 0.5291666666666667 0.36796875 0.5328703703703703 0.36796875 0.5342592592592592 0.36875 0.5351851851851852 0.3697916666666667 0.5370370370370371 0.3729166666666667 0.5407407407407407 0.37421875 0.5435185185185185 0.37421875 0.5439814814814815 0.37447916666666664 0.549074074074074 0.37421875 0.5513888888888889 0.3734375 0.5527777777777778 0.3723958333333333 0.5532407407407407 0.37083333333333335 0.5541666666666667 0.3697916666666667 0.5546296296296296 0.36666666666666664 0.5550925925925926 0.36640625 0.5550925925925926 0.3653645833333333 0.5560185185185185 0.36380208333333336 0.5560185185185185 0.3625 0.5564814814814815 0.36223958333333334 0.5569444444444445 0.35442708333333334 0.5574074074074075 0.3541666666666667 0.5564814814814815 0.3497395833333333 0.5532407407407407 0.34869791666666666 0.5449074074074074 0.3484375 0.5421296296296296 0.3494791666666667 0.5393518518518519 0.35130208333333335 0.5365740740740741 0.35182291666666665 0.5319444444444444 0.35182291666666665 0.5314814814814814 0.3515625 0.5287037037037037 0.3515625 0.5263888888888889 0.35104166666666664 0.5231481481481481 0.35104166666666664 0.5226851851851851 0.35078125 0.5194444444444445 0.35078125 0.5189814814814815 0.35052083333333334 0.5162037037037037 0.35052083333333334 0.5157407407407407 0.3502604166666667 0.5125 0.3502604166666667 0.5120370370370371 0.35 0.5097222222222222 0.35 0.5092592592592593 0.3497395833333333 0.5055555555555555 0.3497395833333333 0.5027777777777778 0.34921875 0.49444444444444446 0.34921875 0.49398148148148147 0.3489583333333333 0.4828703703703704 0.34869791666666666 0.4824074074074074 0.3484375 0.47824074074074074 0.3484375 0.4777777777777778 0.34817708333333336 0.475 0.34817708333333336 0.47453703703703703 0.34791666666666665 0.4708333333333333 0.34791666666666665 0.4703703703703704 0.34765625 0.46805555555555556 0.34765625 0.4675925925925926 0.34739583333333335 0.46435185185185185 0.34739583333333335 0.4638888888888889 0.34713541666666664 0.46064814814814814 0.34713541666666664 0.4601851851851852 0.346875 0.45555555555555555 0.346875 0.4550925925925926 0.34661458333333334 0.45092592592592595 0.34661458333333334 0.44722222222222224 0.34765625
4 0.8115740740740741 0.38046875 0.8046296296296296 0.38046875 0.8041666666666667 0.3807291666666667 0.8023148148148148 0.3807291666666667 0.7986111111111112 0.3828125 0.7967592592592593 0.3848958333333333 0.7967592592592593 0.3854166666666667 0.7949074074074074 0.3880208333333333 0.7949074074074074 0.3893229166666667 0.7976851851851852 0.3924479166666667 0.7986111111111112 0.39427083333333335 0.799537037037037 0.39479166666666665 0.799537037037037 0.3953125 0.8004629629629629 0.39609375 0.8 0.4002604166666667 0.799537037037037 0.4005208333333333 0.799537037037037 0.40130208333333334 0.7981481481481482 0.40286458333333336 0.7976851851851852 0.4041666666666667 0.7949074074074074 0.40703125 0.7949074074074074 0.4075520833333333 0.7925925925925926 0.41015625 0.7916666666666666 0.41067708333333336 0.7870370370370371 0.4158854166666667 0.7870370370370371 0.41640625 0.7851851851851852 0.41822916666666665 0.7851851851851852 0.41875 0.7837962962962963 0.4203125 0.7828703703703703 0.42083333333333334 0.7819444444444444 0.421875 0.7819444444444444 0.42239583333333336 0.7810185185185186 0.4231770833333333 0.7810185185185186 0.425 0.7814814814814814 0.42526041666666664 0.7819444444444444 0.42734375 0.7842592592592592 0.42864583333333334 0.7898148148148149 0.43020833333333336 0.7921296296296296 0.43046875 0.7949074074074074 0.43125 0.7967592592592593 0.43125 0.7972222222222223 0.4315104166666667 0.8004629629629629 0.4315104166666667 0.8009259259259259 0.4317708333333333 0.8041666666666667 0.4315104166666667 0.8078703703703703 0.43020833333333336 0.8106481481481481 0.42864583333333334 0.8125 0.4265625 0.8134259259259259 0.42604166666666665 0.8166666666666667 0.42213541666666665 0.8194444444444444 0.4197916666666667 0.8212962962962963 0.41640625 0.8245370370370371 0.4127604166666667 0.8310185185185185 0.4075520833333333 0.8342592592592593 0.40572916666666664 0.8375 0.4046875 0.8388888888888889 0.4046875 0.8412037037037037 0.4041666666666667 0.8444444444444444 0.4041666666666667 0.8449074074074074 0.40390625 0.8490740740740741 0.4036458333333333 0.8523148148148149 0.40130208333333334 0.8532407407407407 0.4002604166666667 0.8532407407407407 0.3997395833333333 0.8541666666666666 0.39895833333333336 0.8546296296296296 0.39765625 0.8555555555555555 0.396875 0.8555555555555555 0.3953125 0.8550925925925926 0.39505208333333336 0.8541666666666666 0.3924479166666667 0.8458333333333333 0.38828125 0.8439814814814814 0.3880208333333333 0.8347222222222223 0.3854166666666667 0.8328703703703704 0.3846354166666667 0.8319444444444445 0.3846354166666667 0.8287037037037037 0.38385416666666666 0.8273148148148148 0.38385416666666666 0.8212962962962963 0.38203125 0.8185185185185185 0.38177083333333334 0.8148148148148148 0.3807291666666667 0.812037037037037 0.3807291666666667
2 0.8240740740740741 0.4544270833333333 0.8226851851851852 0.4544270833333333 0.8222222222222222 0.45416666666666666 0.8171296296296297 0.45416666666666666 0.8143518518518519 0.4549479166666667 0.8092592592592592 0.4583333333333333 0.8087962962962963 0.4588541666666667 0.8087962962962963 0.45989583333333334 0.8083333333333333 0.46015625 0.8078703703703703 0.46328125 0.8087962962962963 0.46432291666666664 0.8087962962962963 0.46510416666666665 0.8092592592592592 0.46536458333333336 0.8092592592592592 0.4661458333333333 0.8097222222222222 0.46640625 0.8097222222222222 0.4671875 0.8106481481481481 0.46822916666666664 0.8106481481481481 0.46901041666666665 0.8111111111111111 0.46927083333333336 0.8115740740740741 0.4705729166666667 0.8101851851851852 0.47161458333333334 0.8069444444444445 0.47552083333333334 0.8027777777777778 0.478125 0.799074074074074 0.4822916666666667 0.7949074074074074 0.48489583333333336 0.7898148148148149 0.48880208333333336 0.7870370370370371 0.4901041666666667 0.7847222222222222 0.49296875 0.7833333333333333 0.49375 0.7805555555555556 0.4973958333333333 0.7805555555555556 0.4981770833333333 0.7824074074074074 0.5002604166666667 0.7851851851851852 0.5020833333333333 0.7902777777777777 0.5036458333333333 0.7944444444444444 0.5057291666666667 0.7981481481481482 0.5067708333333333 0.8018518518518518 0.5067708333333333 0.8023148148148148 0.50703125 0.8027777777777778 0.5067708333333333 0.8055555555555556 0.5065104166666666 0.8078703703703703 0.5057291666666667 0.8087962962962963 0.5057291666666667 0.8162037037037037 0.5010416666666667 0.8162037037037037 0.50078125 0.8180555555555555 0.5 0.8208333333333333 0.49765625 0.8236111111111111 0.49635416666666665 0.825462962962963 0.49505208333333334 0.8263888888888888 0.49375 0.8291666666666667 0.49140625 0.8324074074074074 0.4895833333333333 0.8324074074074074 0.48932291666666666 0.8379629629629629 0.4864583333333333 0.8407407407407408 0.48541666666666666 0.8444444444444444 0.48463541666666665 0.850462962962963 0.48463541666666665 0.850925925925926 0.484375 0.8532407407407407 0.484375 0.8537037037037037 0.48411458333333335 0.8569444444444444 0.48411458333333335 0.8587962962962963 0.4828125 0.8606481481481482 0.48046875 0.8638888888888889 0.4783854166666667 0.8638888888888889 0.4778645833333333 0.8657407407407407 0.47578125 0.8657407407407407 0.475 0.8662037037037037 0.4747395833333333 0.8657407407407407 0.4705729166666667 0.8643518518518518 0.46979166666666666 0.8638888888888889 0.46979166666666666 0.861574074074074 0.46848958333333335 0.8578703703703704 0.4674479166666667 0.8527777777777777 0.46484375 0.850462962962963 0.4640625 0.8486111111111111 0.4630208333333333 0.8453703703703703 0.46197916666666666 0.8421296296296297 0.46015625 0.8393518518518519 0.459375 0.8384259259259259 0.4588541666666667 0.8351851851851851 0.45807291666666666 0.8342592592592593 0.45755208333333336 0.8300925925925926 0.45651041666666664 0.8273148148148148 0.4552083333333333
3 0.8648148148148148 0.13958333333333334 0.8611111111111112 0.14296875 0.8611111111111112 0.14427083333333332 0.8606481481481482 0.14453125 0.8606481481481482 0.14583333333333334 0.8601851851851852 0.14609375 0.862037037037037 0.14921875 0.8643518518518518 0.15130208333333334 0.8703703703703703 0.1546875 0.8731481481481481 0.15572916666666667 0.8787037037037037 0.15911458333333334 0.8824074074074074 0.16067708333333333 0.8837962962962963 0.16171875 0.8893518518518518 0.16458333333333333 0.8916666666666667 0.16692708333333334 0.9 0.17161458333333332 0.9018518518518519 0.17213541666666668 0.9078703703703703 0.17552083333333332 0.9106481481481481 0.17786458333333333 0.9111111111111111 0.18072916666666666 0.9115740740740741 0.18098958333333334 0.9115740740740741 0.1859375 0.9138888888888889 0.18828125 0.9148148148148149 0.18984375 0.9189814814814815 0.19192708333333333 0.9208333333333333 0.19244791666666666 0.924074074074074 0.19270833333333334 0.9337962962962963 0.18958333333333333 0.9365740740740741 0.18802083333333333 0.9421296296296297 0.18567708333333333 0.9486111111111111 0.18098958333333334 0.9518518518518518 0.17916666666666667 0.9537037037037037 0.17734375 0.9537037037037037 0.17630208333333333 0.9541666666666667 0.17604166666666668 0.9546296296296296 0.17395833333333333 0.9550925925925926 0.17369791666666667 0.9518518518518518 0.16979166666666667 0.9486111111111111 0.16822916666666668 0.9467592592592593 0.16770833333333332 0.9425925925925925 0.16770833333333332 0.9351851851851852 0.16979166666666667 0.9310185185185185 0.16901041666666666 0.9273148148148148 0.1671875 0.924537037037037 0.16458333333333333 0.9222222222222223 0.16354166666666667 0.9199074074074074 0.16197916666666667 0.9148148148148149 0.15963541666666667 0.9064814814814814 0.1546875 0.9041666666666667 0.15390625 0.8962962962962963 0.1484375 0.8949074074074074 0.14791666666666667 0.8930555555555556 0.14661458333333333 0.8921296296296296 0.14635416666666667 0.8888888888888888 0.14453125 0.8888888888888888 0.14427083333333332 0.8800925925925925 0.13958333333333334 0.8768518518518519 0.13854166666666667 0.874537037037037 0.13854166666666667 0.8740740740740741 0.13828125 0.8699074074074075 0.13828125 0.8694444444444445 0.13854166666666667 0.8680555555555556 0.13854166666666667
0 0.8462962962962963 0.4934895833333333 0.8458333333333333 0.4940104166666667 0.8458333333333333 0.49557291666666664 0.8462962962962963 0.49583333333333335 0.8462962962962963 0.49765625 0.8513888888888889 0.5005208333333333 0.8513888888888889 0.50078125 0.8550925925925926 0.5028645833333333 0.8555555555555555 0.5028645833333333 0.8638888888888889 0.5075520833333333 0.8638888888888889 0.5078125 0.8666666666666667 0.509375 0.8666666666666667 0.5096354166666667 0.8717592592592592 0.5125 0.8736111111111111 0.5145833333333333 0.8736111111111111 0.515625 0.8740740740740741 0.5158854166666667 0.8740740740740741 0.5174479166666667 0.874537037037037 0.5177083333333333 0.875 0.51953125 0.875462962962963 0.5197916666666667 0.875462962962963 0.5203125 0.8759259259259259 0.5205729166666667 0.8759259259259259 0.52109375 0.8763888888888889 0.5216145833333333 0.8773148148148148 0.521875 0.8787037037037037 0.52265625 0.8791666666666667 0.52265625 0.8810185185185185 0.5236979166666667 0.8814814814814815 0.5236979166666667 0.8842592592592593 0.5252604166666667 0.8847222222222222 0.5252604166666667 0.8856481481481482 0.52578125 0.8875 0.5263020833333333 0.8888888888888888 0.5270833333333333 0.8907407407407407 0.5276041666666667 0.8916666666666667 0.5276041666666667 0.8921296296296296 0.5278645833333333 0.8930555555555556 0.5276041666666667 0.8944444444444445 0.5276041666666667 0.9027777777777778 0.5252604166666667 0.9037037037037037 0.5252604166666667 0.9069444444444444 0.5234375 0.9074074074074074 0.5234375 0.9087962962962963 0.52265625 0.9092592592592592 0.52265625 0.9125 0.5208333333333334 0.912962962962963 0.5200520833333333 0.9138888888888889 0.51953125 0.9143518518518519 0.51875 0.9157407407407407 0.5177083333333333 0.9157407407407407 0.5166666666666667 0.9148148148148149 0.5158854166666667 0.9148148148148149 0.5153645833333333 0.913425925925926 0.5138020833333333 0.9115740740740741 0.5127604166666667 0.9101851851851852 0.5125 0.9074074074074074 0.5111979166666667 0.9074074074074074 0.5109375 0.9060185185185186 0.5098958333333333 0.9060185185185186 0.509375 0.9041666666666667 0.5072916666666667 0.9013888888888889 0.5057291666666667 0.9004629629629629 0.5057291666666667 0.9 0.50546875 0.899074074074074 0.5057291666666667 0.8921296296296296 0.5057291666666667 0.8916666666666667 0.50546875 0.8907407407407407 0.50546875 0.8851851851851852 0.50390625 0.8800925925925925 0.5010416666666667 0.8796296296296297 0.5010416666666667 0.8782407407407408 0.5002604166666667 0.8777777777777778 0.5002604166666667 0.875 0.4986979166666667 0.875 0.4984375 0.8666666666666667 0.49375 0.8662037037037037 0.49375 0.8643518518518518 0.49270833333333336 0.8638888888888889 0.49270833333333336 0.8606481481481482 0.49114583333333334 0.8578703703703704 0.4903645833333333 0.8555555555555555 0.4903645833333333 0.8550925925925926 0.490625 0.8537037037037037 0.490625 0.8490740740740741 0.49192708333333335
3 0.9314814814814815 0.68125 0.9268518518518518 0.6778645833333333 0.9212962962962963 0.6747395833333333 0.9199074074074074 0.6734375 0.9175925925925926 0.67265625 0.9120370370370371 0.6697916666666667 0.9087962962962963 0.6684895833333333 0.9041666666666667 0.66796875 0.899074074074074 0.6692708333333334 0.8972222222222223 0.6700520833333333 0.8949074074074074 0.6723958333333333 0.8944444444444445 0.6739583333333333 0.8939814814814815 0.67421875 0.8935185185185185 0.67734375 0.8907407407407407 0.6809895833333334 0.888425925925926 0.6822916666666666 0.8847222222222222 0.68515625 0.8819444444444444 0.68671875 0.8800925925925925 0.6872395833333333 0.8740740740740741 0.690625 0.8666666666666667 0.69375 0.8587962962962963 0.6979166666666666 0.8532407407407407 0.7002604166666667 0.85 0.7010416666666667 0.8462962962962963 0.703125 0.8416666666666667 0.7049479166666667 0.8328703703703704 0.709375 0.8287037037037037 0.7127604166666667 0.8287037037037037 0.715625 0.8282407407407407 0.7158854166666667 0.8282407407407407 0.7166666666666667 0.8296296296296296 0.7182291666666667 0.8324074074074074 0.7197916666666667 0.836574074074074 0.7208333333333333 0.8425925925925926 0.7208333333333333 0.8453703703703703 0.7203125 0.8560185185185185 0.7166666666666667 0.8597222222222223 0.71484375 0.8652777777777778 0.7127604166666667 0.8694444444444445 0.7104166666666667 0.8731481481481481 0.7091145833333333 0.875 0.7080729166666667 0.8768518518518519 0.7075520833333333 0.8814814814814815 0.70546875 0.8842592592592593 0.70390625 0.8916666666666667 0.7010416666666667 0.8981481481481481 0.69765625 0.9046296296296297 0.6947916666666667 0.9069444444444444 0.6942708333333333 0.9078703703703703 0.69375 0.9111111111111111 0.6932291666666667 0.9157407407407407 0.6911458333333333 0.9203703703703704 0.6908854166666667 0.9236111111111112 0.6916666666666667 0.9268518518518518 0.6916666666666667 0.9273148148148148 0.6919270833333333 0.9310185185185185 0.6908854166666667 0.9337962962962963 0.6895833333333333 0.9347222222222222 0.68828125 0.9347222222222222 0.6869791666666667 0.9351851851851852 0.68671875 0.9351851851851852 0.68515625
