0 0.2712962962962963 0.3263020833333333 0.26805555555555555 0.3299479166666667 0.26805555555555555 0.33046875 0.26851851851851855 0.3307291666666667 0.26851851851851855 0.33203125 0.2689814814814815 0.33229166666666665 0.2689814814814815 0.3333333333333333 0.26990740740740743 0.334375 0.27314814814814814 0.33619791666666665 0.27361111111111114 0.33619791666666665 0.27546296296296297 0.3372395833333333 0.27685185185185185 0.3375 0.2800925925925926 0.3390625 0.28935185185185186 0.3419270833333333 0.2935185185185185 0.34427083333333336 0.29398148148148145 0.34427083333333336 0.2949074074074074 0.34479166666666666 0.2986111111111111 0.3453125 0.29907407407407405 0.3455729166666667 0.29907407407407405 0.3463541666666667 0.29953703703703705 0.34661458333333334 0.29953703703703705 0.34739583333333335 0.3 0.34765625 0.3 0.34921875 0.300462962962963 0.3494791666666667 0.30092592592592593 0.3515625 0.3023148148148148 0.353125 0.30324074074074076 0.3536458333333333 0.3037037037037037 0.3536458333333333 0.30462962962962964 0.3541666666666667 0.30787037037037035 0.35520833333333335 0.3101851851851852 0.35651041666666666 0.3101851851851852 0.3567708333333333 0.3125 0.3567708333333333 0.31296296296296294 0.35651041666666666 0.3143518518518518 0.35651041666666666 0.31805555555555554 0.3575520833333333 0.32175925925925924 0.359375 0.32314814814814813 0.359375 0.3236111111111111 0.35963541666666665 0.325 0.35963541666666665 0.32546296296296295 0.35989583333333336 0.3296296296296296 0.359375 0.33287037037037037 0.3580729166666667 0.3333333333333333 0.3580729166666667 0.3347222222222222 0.3572916666666667 0.3347222222222222 0.35703125 0.33611111111111114 0.35625 0.33611111111111114 0.35598958333333336 0.3384259259259259 0.3546875 0.3384259259259259 0.35442708333333334 0.3398148148148148 0.3536458333333333 0.3398148148148148 0.3533854166666667 0.3425925925925926 0.35182291666666665 0.3425925925925926 0.3515625 0.34444444444444444 0.3502604166666667 0.3449074074074074 0.34921875 0.3453703703703704 0.3489583333333333 0.3453703703703704 0.34739583333333335 0.3458333333333333 0.34713541666666664 0.3458333333333333 0.34479166666666666 0.3453703703703704 0.34453125 0.3453703703703704 0.34375 0.3449074074074074 0.34322916666666664 0.3439814814814815 0.34270833333333334 0.34305555555555556 0.3416666666666667 0.3425925925925926 0.3416666666666667 0.34120370370370373 0.34088541666666666 0.34074074074074073 0.34088541666666666 0.3375 0.33958333333333335 0.3337962962962963 0.3390625 0.33287037037037037 0.3385416666666667 0.33240740740740743 0.3385416666666667 0.3300925925925926 0.3372395833333333 0.3300925925925926 0.33697916666666666 0.3287037037037037 0.33619791666666665 0.3287037037037037 0.3359375 0.32592592592592595 0.3338541666666667 0.32407407407407407 0.3333333333333333 0.32314814814814813 0.3333333333333333 0.3226851851851852 0.33307291666666666 0.3212962962962963 0.33307291666666666 0.32083333333333336 0.3333333333333333 0.3199074074074074 0.3333333333333333 0.31805555555555554 0.3338541666666667 0.3162037037037037 0.3338541666666667 0.31574074074074077 0.3341145833333333 0.3101851851851852 0.3341145833333333 0.30694444444444446 0.33307291666666666 0.3060185185185185 0.33307291666666666 0.30277777777777776 0.33177083333333335 0.2986111111111111 0.3307291666666667 0.2953703703703704 0.32890625 0.2935185185185185 0.32838541666666665 0.2912037037037037 0.328125 0.28935185185185186 0.32734375 0.2847222222222222 0.3260416666666667 0.28379629629629627 0.3260416666666667 0.28194444444444444 0.32526041666666666 0.2791666666666667 0.32447916666666665 0.27546296296296297 0.32447916666666665
2 0.36898148148148147 0.09583333333333334 0.3662037037037037 0.09505208333333333 0.3597222222222222 0.09505208333333333 0.3592592592592593 0.0953125 0.35648148148148145 0.0953125 0.35324074074074074 0.09635416666666667 0.35185185185185186 0.09635416666666667 0.350462962962963 0.096875 0.34953703703703703 0.096875 0.3476851851851852 0.09947916666666666 0.3476851851851852 0.10104166666666667 0.3472222222222222 0.10130208333333333 0.34675925925925927 0.10338541666666666 0.3435185185185185 0.10546875 0.3416666666666667 0.10598958333333333 0.3333333333333333 0.10703125 0.3296296296296296 0.10807291666666667 0.32546296296296295 0.10859375 0.32222222222222224 0.10963541666666667 0.3148148148148148 0.10989583333333333 0.31157407407407406 0.11067708333333333 0.3087962962962963 0.1109375 0.30648148148148147 0.11171875 0.30416666666666664 0.11171875 0.3037037037037037 0.11197916666666667 0.29768518518518516 0.1125 0.29398148148148145 0.11354166666666667 0.2916666666666667 0.11380208333333333 0.2884259259259259 0.11484375 0.28703703703703703 0.11588541666666667 0.2865740740740741 0.11979166666666667 0.28703703703703703 0.12005208333333334 0.2875 0.12239583333333333 0.28888888888888886 0.12395833333333334 0.29074074074074074 0.12786458333333334 0.29212962962962963 0.12916666666666668 0.29259259259259257 0.13046875 0.29444444444444445 0.1328125 0.2986111111111111 0.13515625 0.29953703703703705 0.13489583333333333 0.30694444444444446 0.13489583333333333 0.3074074074074074 0.13463541666666667 0.31342592592592594 0.134375 0.3175925925925926 0.13333333333333333 0.3199074074074074 0.13307291666666668 0.3212962962962963 0.13255208333333332 0.32222222222222224 0.13255208333333332 0.3236111111111111 0.13203125 0.324537037037037 0.13203125 0.32592592592592595 0.13151041666666666 0.33425925925925926 0.13098958333333333 0.3347222222222222 0.13072916666666667 0.33611111111111114 0.13072916666666667 0.3402777777777778 0.12994791666666666 0.34814814814814815 0.12994791666666666 0.3486111111111111 0.1296875 0.3537037037037037 0.1296875 0.35694444444444445 0.13046875 0.36157407407407405 0.13333333333333333 0.36435185185185187 0.13411458333333334 0.37083333333333335 0.13411458333333334 0.3712962962962963 0.13385416666666666 0.37407407407407406 0.13385416666666666 0.37453703703703706 0.13359375 0.3763888888888889 0.13359375 0.38055555555555554 0.13229166666666667 0.38287037037037036 0.13072916666666667 0.3824074074074074 0.12630208333333334 0.3819444444444444 0.12604166666666666 0.38101851851851853 0.12291666666666666 0.38055555555555554 0.12265625 0.38055555555555554 0.12109375 0.3800925925925926 0.12083333333333333 0.3800925925925926 0.11953125 0.37962962962962965 0.11927083333333334 0.37962962962962965 0.11822916666666666 0.37916666666666665 0.11796875 0.37916666666666665 0.11692708333333333 0.3787037037037037 0.11666666666666667 0.3787037037037037 0.115625 0.37824074074074077 0.11536458333333334 0.37824074074074077 0.11432291666666666 0.37777777777777777 0.1140625 0.37777777777777777 0.11302083333333333 0.3768518518518518 0.11145833333333334 0.3768518518518518 0.11015625 0.375 0.10755208333333334 0.3726851851851852 0.10078125
3 0.21435185185185185 0.3260416666666667 0.2125 0.32760416666666664 0.2111111111111111 0.3299479166666667 0.21157407407407408 0.3302083333333333 0.2125 0.3338541666666667 0.21805555555555556 0.3377604166666667 0.22546296296296298 0.3419270833333333 0.2324074074074074 0.34453125 0.24212962962962964 0.3497395833333333 0.24722222222222223 0.35182291666666665 0.2490740740740741 0.3528645833333333 0.25 0.3541666666666667 0.2523148148148148 0.35572916666666665 0.25555555555555554 0.35651041666666666 0.2638888888888889 0.35989583333333336 0.26805555555555555 0.3609375 0.2708333333333333 0.3619791666666667 0.27685185185185185 0.3651041666666667 0.2796296296296296 0.3690104166666667 0.27824074074074073 0.37161458333333336 0.27824074074074073 0.37265625 0.2777777777777778 0.3729166666666667 0.2810185185185185 0.3765625 0.2833333333333333 0.37786458333333334 0.2865740740740741 0.37864583333333335 0.2884259259259259 0.37864583333333335 0.28888888888888886 0.37838541666666664 0.29444444444444445 0.37838541666666664 0.2986111111111111 0.3776041666666667 0.3023148148148148 0.3763020833333333 0.3101851851851852 0.37213541666666666 0.3111111111111111 0.37083333333333335 0.31805555555555554 0.3651041666666667 0.3189814814814815 0.36328125 0.32083333333333336 0.3611979166666667 0.3189814814814815 0.35859375 0.3175925925925926 0.3578125 0.3148148148148148 0.35703125 0.3101851851851852 0.35703125 0.3087962962962963 0.35598958333333336 0.30277777777777776 0.3541666666666667 0.300462962962963 0.3541666666666667 0.3 0.35442708333333334 0.2949074074074074 0.3541666666666667 0.2912037037037037 0.35234375 0.2824074074074074 0.34921875 0.27037037037037037 0.34322916666666664 0.2662037037037037 0.34140625 0.26342592592592595 0.340625 0.25092592592592594 0.334375 0.24675925925925926 0.33255208333333336 0.24259259259259258 0.33125 0.2351851851851852 0.32760416666666664 0.2310185185185185 0.3260416666666667 0.2222222222222222 0.32421875 0.2199074074074074 0.32421875 0.2175925925925926 0.325 0.21666666666666667 0.325
3 0.2513888888888889 0.36692708333333335 0.25 0.36484375 0.24861111111111112 0.3640625 0.24722222222222223 0.3625 0.2449074074074074 0.36171875 0.23564814814814813 0.36171875 0.2324074074074074 0.36276041666666664 0.23055555555555557 0.3651041666666667 0.22824074074074074 0.36666666666666664 0.22407407407407406 0.36744791666666665 0.21296296296296297 0.36770833333333336 0.2125 0.36796875 0.2050925925925926 0.36796875 0.20185185185185187 0.3684895833333333 0.18796296296296297 0.3684895833333333 0.1875 0.36875 0.17083333333333334 0.3690104166666667 0.17037037037037037 0.3692708333333333 0.1675925925925926 0.3692708333333333 0.16712962962962963 0.3690104166666667 0.1648148148148148 0.3690104166666667 0.16435185185185186 0.3692708333333333 0.1597222222222222 0.3692708333333333 0.15925925925925927 0.3690104166666667 0.1574074074074074 0.3690104166666667 0.15694444444444444 0.3692708333333333 0.14675925925925926 0.3692708333333333 0.14629629629629629 0.36953125 0.14537037037037037 0.3692708333333333 0.14166666666666666 0.3692708333333333 0.1412037037037037 0.36953125 0.1388888888888889 0.36953125 0.13657407407407407 0.37005208333333334 0.13472222222222222 0.37005208333333334 0.1310185185185185 0.37109375 0.12916666666666668 0.37213541666666666 0.1287037037037037 0.37265625 0.12916666666666668 0.3768229166666667 0.12962962962962962 0.3770833333333333 0.13055555555555556 0.37994791666666666 0.13148148148148148 0.3807291666666667 0.13657407407407407 0.38229166666666664 0.1398148148148148 0.38255208333333335 0.14027777777777778 0.3828125 0.14351851851851852 0.3828125 0.14629629629629629 0.38333333333333336 0.17037037037037037 0.38307291666666665 0.17083333333333334 0.3828125 0.18472222222222223 0.3828125 0.18518518518518517 0.38307291666666665 0.18935185185185185 0.38203125 0.20092592592592592 0.38203125 0.2013888888888889 0.38229166666666664 0.20694444444444443 0.38229166666666664 0.2074074074074074 0.38255208333333335 0.22361111111111112 0.38255208333333335 0.22407407407407406 0.3828125 0.22592592592592592 0.3828125 0.22870370370370371 0.38333333333333336 0.2300925925925926 0.38385416666666666 0.23055555555555557 0.384375 0.23287037037037037 0.3854166666666667 0.23657407407407408 0.3885416666666667 0.23796296296296296 0.3885416666666667 0.23981481481481481 0.3890625 0.24074074074074073 0.3888020833333333 0.2462962962962963 0.3888020833333333 0.24814814814814815 0.38828125 0.2490740740740741 0.3859375 0.25 0.3848958333333333 0.25 0.3828125 0.25046296296296294 0.38255208333333335 0.25092592592592594 0.378125 0.2513888888888889 0.37786458333333334 0.2513888888888889 0.37447916666666664 0.2518518518518518 0.37421875 0.2518518518518518 0.3684895833333333 0.2513888888888889 0.36822916666666666
3 0.075 0.1890625 0.07453703703703704 0.19114583333333332 0.07407407407407407 0.19140625 0.07407407407407407 0.19296875 0.07361111111111111 0.19322916666666667 0.07407407407407407 0.19348958333333333 0.07453703703703704 0.19557291666666668 0.07546296296296297 0.19713541666666667 0.08009259259259259 0.2 0.08148148148148149 0.20026041666666666 0.08287037037037037 0.20104166666666667 0.09074074074074075 0.203125 0.09490740740740741 0.20494791666666667 0.10092592592592593 0.20625 0.10416666666666667 0.20729166666666668 0.10740740740740741 0.2078125 0.11064814814814815 0.20911458333333333 0.11388888888888889 0.20963541666666666 0.11990740740740741 0.21145833333333333 0.12268518518518519 0.21197916666666666 0.12685185185185185 0.21380208333333334 0.1310185185185185 0.21458333333333332 0.13703703703703704 0.21666666666666667 0.14027777777777778 0.2171875 0.14212962962962963 0.21796875 0.14444444444444443 0.21822916666666667 0.15138888888888888 0.22005208333333334 0.15462962962962962 0.22161458333333334 0.15601851851851853 0.22421875 0.15694444444444444 0.22864583333333333 0.16111111111111112 0.23098958333333333 0.16435185185185186 0.23151041666666666 0.16574074074074074 0.23203125 0.1699074074074074 0.23177083333333334 0.17222222222222222 0.23125 0.17685185185185184 0.23125 0.18055555555555555 0.22994791666666667 0.18333333333333332 0.22838541666666667 0.1875 0.22395833333333334 0.1884259259259259 0.221875 0.18935185185185185 0.22109375 0.19027777777777777 0.21796875 0.1912037037037037 0.21666666666666667 0.19166666666666668 0.21328125 0.19212962962962962 0.21302083333333333 0.1912037037037037 0.2078125 0.19027777777777777 0.20677083333333332 0.1865740740740741 0.2046875 0.18564814814814815 0.20442708333333334 0.18101851851851852 0.20442708333333334 0.17685185185185184 0.203125 0.17546296296296296 0.203125 0.1736111111111111 0.20260416666666667 0.16898148148148148 0.20260416666666667 0.16527777777777777 0.2046875 0.1587962962962963 0.2046875 0.15601851851851853 0.20390625 0.14953703703703702 0.20286458333333332 0.1425925925925926 0.20052083333333334 0.1398148148148148 0.20026041666666666 0.12777777777777777 0.196875 0.12453703703703704 0.19635416666666666 0.1175925925925926 0.19401041666666666 0.11527777777777778 0.19375 0.10601851851851851 0.19114583333333332 0.10277777777777777 0.190625 0.09907407407407408 0.18932291666666667 0.09675925925925925 0.1890625 0.09074074074074075 0.18723958333333332 0.08935185185185185 0.18723958333333332 0.08703703703703704 0.18671875 0.08009259259259259 0.18671875 0.07592592592592592 0.18828125
4 0.42407407407407405 0.28567708333333336 0.41944444444444445 0.28567708333333336 0.4162037037037037 0.2869791666666667 0.41435185185185186 0.28854166666666664 0.4125 0.28932291666666665 0.4101851851851852 0.2908854166666667 0.41064814814814815 0.2947916666666667 0.41203703703703703 0.29583333333333334 0.4134259259259259 0.29635416666666664 0.41574074074074074 0.2984375 0.41574074074074074 0.29921875 0.412962962962963 0.303125 0.4097222222222222 0.30494791666666665 0.4064814814814815 0.30755208333333334 0.4013888888888889 0.3104166666666667 0.4013888888888889 0.3106770833333333 0.39861111111111114 0.31223958333333335 0.3962962962962963 0.31276041666666665 0.39490740740740743 0.31354166666666666 0.39305555555555555 0.31536458333333334 0.38564814814814813 0.3203125 0.38564814814814813 0.32057291666666665 0.38287037037037036 0.3221354166666667 0.37824074074074077 0.3260416666666667 0.3787037037037037 0.328125 0.37916666666666665 0.32838541666666665 0.37916666666666665 0.3299479166666667 0.3861111111111111 0.3341145833333333 0.39166666666666666 0.33645833333333336 0.39537037037037037 0.3372395833333333 0.3972222222222222 0.3372395833333333 0.40046296296296297 0.33645833333333336 0.4060185185185185 0.3341145833333333 0.41388888888888886 0.3296875 0.41574074074074074 0.328125 0.4203703703703704 0.3255208333333333 0.4212962962962963 0.32447916666666665 0.425462962962963 0.3221354166666667 0.425462962962963 0.321875 0.4351851851851852 0.31666666666666665 0.4375 0.31692708333333336 0.4388888888888889 0.31744791666666666 0.44212962962962965 0.3171875 0.4425925925925926 0.31692708333333336 0.4546296296296296 0.3171875 0.4583333333333333 0.31588541666666664 0.462037037037037 0.3138020833333333 0.46435185185185185 0.3106770833333333 0.4634259259259259 0.30807291666666664 0.46296296296296297 0.3078125 0.46296296296296297 0.30703125 0.4615740740740741 0.30520833333333336 0.45740740740740743 0.30182291666666666 0.4527777777777778 0.2989583333333333 0.4513888888888889 0.29765625 0.44907407407407407 0.296875 0.4462962962962963 0.2953125 0.4462962962962963 0.2950520833333333 0.4449074074074074 0.29453125 0.4393518518518518 0.29140625 0.4393518518518518 0.2911458333333333 0.43472222222222223 0.28880208333333335 0.4324074074074074 0.28828125 0.4300925925925926 0.2872395833333333
2 0.3925925925925926 0.35911458333333335 0.3888888888888889 0.35885416666666664 0.38842592592592595 0.35859375 0.38796296296296295 0.35885416666666664 0.38472222222222224 0.35911458333333335 0.3800925925925926 0.3609375 0.37824074074074077 0.36276041666666664 0.37546296296296294 0.36484375 0.37546296296296294 0.36614583333333334 0.3763888888888889 0.36744791666666665 0.3773148148148148 0.37135416666666665 0.37824074074074077 0.3729166666666667 0.37546296296296294 0.37447916666666664 0.3736111111111111 0.375 0.3675925925925926 0.37838541666666664 0.3638888888888889 0.3796875 0.35509259259259257 0.384375 0.3453703703703704 0.38828125 0.3421296296296296 0.3888020833333333 0.3375 0.39140625 0.33287037037037037 0.3924479166666667 0.3296296296296296 0.39479166666666665 0.3287037037037037 0.3958333333333333 0.3287037037037037 0.396875 0.33101851851851855 0.39947916666666666 0.33101851851851855 0.4 0.3347222222222222 0.40260416666666665 0.3365740740740741 0.4044270833333333 0.3421296296296296 0.4078125 0.3453703703703704 0.40911458333333334 0.34814814814814815 0.409375 0.3486111111111111 0.40963541666666664 0.3523148148148148 0.40963541666666664 0.3527777777777778 0.409375 0.35509259259259257 0.409375 0.3611111111111111 0.4083333333333333 0.3625 0.4075520833333333 0.36527777777777776 0.40677083333333336 0.3685185185185185 0.40520833333333334 0.3731481481481482 0.4036458333333333 0.37592592592592594 0.40208333333333335 0.3814814814814815 0.4005208333333333 0.38425925925925924 0.39921875 0.38842592592592595 0.39817708333333335 0.3921296296296296 0.3958333333333333 0.399537037037037 0.39348958333333334 0.4041666666666667 0.39348958333333334 0.4078703703703704 0.39479166666666665 0.41203703703703703 0.3958333333333333 0.4125 0.39557291666666666 0.4162037037037037 0.3953125 0.4199074074074074 0.39427083333333335 0.42083333333333334 0.39427083333333335 0.4236111111111111 0.39348958333333334 0.425462962962963 0.39166666666666666 0.425462962962963 0.39088541666666665 0.42685185185185187 0.3885416666666667 0.4263888888888889 0.38828125 0.425 0.384375 0.4212962962962963 0.38177083333333334 0.4185185185185185 0.37864583333333335 0.4111111111111111 0.3734375 0.40925925925925927 0.37161458333333336 0.4074074074074074 0.37057291666666664 0.40185185185185185 0.3653645833333333 0.3990740740740741 0.36354166666666665 0.39675925925925926 0.3614583333333333
3 0.6342592592592593 0.06822916666666666 0.6305555555555555 0.07005208333333333 0.6287037037037037 0.07213541666666666 0.6287037037037037 0.075 0.6282407407407408 0.07526041666666666 0.6282407407407408 0.07630208333333334 0.6291666666666667 0.07734375 0.6300925925925925 0.08020833333333334 0.6333333333333333 0.08333333333333333 0.6333333333333333 0.08385416666666666 0.6351851851851852 0.0859375 0.6361111111111111 0.08645833333333333 0.6365740740740741 0.0875 0.6462962962962963 0.09791666666666667 0.6462962962962963 0.0984375 0.649074074074074 0.10052083333333334 0.6518518518518519 0.10390625 0.6537037037037037 0.10546875 0.6537037037037037 0.10598958333333333 0.6574074074074074 0.11041666666666666 0.6587962962962963 0.11119791666666666 0.6578703703703703 0.11223958333333334 0.6569444444444444 0.11484375 0.6541666666666667 0.11666666666666667 0.6523148148148148 0.11901041666666666 0.6527777777777778 0.11927083333333334 0.6527777777777778 0.12057291666666667 0.6532407407407408 0.12083333333333333 0.6532407407407408 0.121875 0.6537037037037037 0.12213541666666666 0.6541666666666667 0.12369791666666667 0.6550925925925926 0.12421875 0.6574074074074074 0.12734375 0.6615740740740741 0.13020833333333334 0.663425925925926 0.13072916666666667 0.6671296296296296 0.13098958333333333 0.6675925925925926 0.13072916666666667 0.6736111111111112 0.13046875 0.6777777777777778 0.1296875 0.6791666666666667 0.12916666666666668 0.6800925925925926 0.12916666666666668 0.6824074074074075 0.12838541666666667 0.6833333333333333 0.12838541666666667 0.6851851851851852 0.12786458333333334 0.6939814814814815 0.12291666666666666 0.6990740740740741 0.11875 0.6990740740740741 0.11744791666666667 0.6995370370370371 0.1171875 0.6995370370370371 0.115625 0.7 0.11510416666666666 0.6976851851851852 0.1125 0.6976851851851852 0.11197916666666667 0.6930555555555555 0.10755208333333334 0.6893518518518519 0.10572916666666667 0.6833333333333333 0.10572916666666667 0.6828703703703703 0.10546875 0.6814814814814815 0.10546875 0.6796296296296296 0.10442708333333334 0.6782407407407407 0.10260416666666666 0.6763888888888889 0.10104166666666667 0.6763888888888889 0.10052083333333334 0.6736111111111112 0.09713541666666667 0.6726851851851852 0.09661458333333334 0.6708333333333333 0.09427083333333333 0.6680555555555555 0.0921875 0.6671296296296296 0.090625 0.6652777777777777 0.08880208333333334 0.6648148148148149 0.0875 0.6625 0.08515625 0.6625 0.08463541666666667 0.6597222222222222 0.08203125 0.6597222222222222 0.08151041666666667 0.6555555555555556 0.07708333333333334 0.6555555555555556 0.0765625 0.6541666666666667 0.075 0.6523148148148148 0.07369791666666667 0.6513888888888889 0.07213541666666666 0.649537037037037 0.07057291666666667 0.6462962962962963 0.06875 0.6421296296296296 0.06770833333333333 0.6375 0.06770833333333333 0.6370370370370371 0.06796875
0 0.4078703703703704 0.40208333333333335 0.40694444444444444 0.40260416666666665 0.4064814814814815 0.40260416666666665 0.40555555555555556 0.403125 0.40370370370370373 0.4036458333333333 0.4023148148148148 0.4046875 0.4013888888888889 0.40572916666666664 0.4013888888888889 0.40651041666666665 0.4009259259259259 0.40677083333333336 0.4009259259259259 0.40859375 0.4013888888888889 0.4088541666666667 0.4013888888888889 0.40963541666666664 0.40185185185185185 0.40989583333333335 0.4023148148148148 0.41171875 0.4060185185185185 0.4158854166666667 0.4060185185185185 0.41640625 0.4064814814814815 0.4166666666666667 0.40694444444444444 0.41796875 0.4078703703703704 0.41875 0.4078703703703704 0.4192708333333333 0.40879629629629627 0.4200520833333333 0.40879629629629627 0.4205729166666667 0.4097222222222222 0.42135416666666664 0.4097222222222222 0.421875 0.4111111111111111 0.4234375 0.41203703703703703 0.4278645833333333 0.4115740740740741 0.428125 0.4115740740740741 0.42916666666666664 0.4111111111111111 0.42942708333333335 0.4111111111111111 0.43046875 0.41064814814814815 0.43072916666666666 0.41064814814814815 0.4356770833333333 0.4115740740740741 0.4361979166666667 0.4115740740740741 0.43645833333333334 0.4152777777777778 0.43854166666666666 0.41574074074074074 0.4393229166666667 0.4166666666666667 0.43984375 0.41805555555555557 0.44140625 0.41805555555555557 0.44192708333333336 0.4185185185185185 0.4421875 0.41898148148148145 0.4434895833333333 0.4199074074074074 0.4440104166666667 0.4199074074074074 0.44427083333333334 0.4203703703703704 0.44427083333333334 0.4236111111111111 0.44609375 0.4236111111111111 0.44635416666666666 0.42685185185185187 0.44635416666666666 0.4273148148148148 0.44609375 0.43194444444444446 0.44609375 0.4324074074074074 0.44583333333333336 0.43425925925925923 0.44583333333333336 0.43472222222222223 0.44557291666666665 0.4388888888888889 0.44557291666666665 0.4425925925925926 0.44453125 0.44351851851851853 0.4440104166666667 0.44675925925925924 0.4432291666666667 0.44722222222222224 0.4427083333333333 0.45092592592592595 0.440625 0.4513888888888889 0.4401041666666667 0.4513888888888889 0.4395833333333333 0.45185185185185184 0.4393229166666667 0.4513888888888889 0.4388020833333333 0.4513888888888889 0.43776041666666665 0.45092592592592595 0.4375 0.45092592592592595 0.43671875 0.45046296296296295 0.43645833333333334 0.45046296296296295 0.4359375 0.449537037037037 0.4348958333333333 0.449537037037037 0.43411458333333336 0.44907407407407407 0.43385416666666665 0.44907407407407407 0.43333333333333335 0.44814814814814813 0.4322916666666667 0.44814814814814813 0.4315104166666667 0.4476851851851852 0.43125 0.4476851851851852 0.4276041666666667 0.4462962962962963 0.4265625 0.4462962962962963 0.42630208333333336 0.44305555555555554 0.42421875 0.43796296296296294 0.42291666666666666 0.4356481481481482 0.421875 0.43472222222222223 0.42161458333333335 0.4337962962962963 0.42161458333333335 0.43194444444444446 0.4205729166666667 0.43148148148148147 0.4197916666666667 0.4305555555555556 0.4192708333333333 0.42962962962962964 0.41796875 0.42824074074074076 0.41692708333333334 0.42824074074074076 0.41640625 0.425462962962963 0.41354166666666664 0.425462962962963 0.41302083333333334 0.42453703703703705 0.4122395833333333 0.42453703703703705 0.41171875 0.4212962962962963 0.40859375 0.4212962962962963 0.4080729166666667 0.4203703703703704 0.40729166666666666 0.4203703703703704 0.40677083333333336 0.41805555555555557 0.4041666666666667 0.41574074074074074 0.40260416666666665 0.41574074074074074 0.40234375 0.4134259259259259 0.40208333333333335 0.41203703703703703 0.4015625 0.4111111111111111 0.40182291666666664 0.40925925925925927 0.40182291666666664 0.40879629629629627 0.40208333333333335
3 0.3490740740740741 0.5822916666666667 0.3453703703703704 0.5799479166666667 0.3425925925925926 0.5799479166666667 0.3421296296296296 0.5796875 0.3402777777777778 0.5799479166666667 0.3365740740740741 0.58125 0.33425925925925926 0.5830729166666667 0.3333333333333333 0.5885416666666666 0.3296296296296296 0.5908854166666667 0.32592592592592595 0.5924479166666666 0.3212962962962963 0.59375 0.31851851851851853 0.5940104166666667 0.31342592592592594 0.5950520833333334 0.31157407407407406 0.5958333333333333 0.30787037037037035 0.596875 0.30462962962962964 0.5973958333333333 0.3013888888888889 0.5984375 0.2949074074074074 0.5994791666666667 0.29074074074074074 0.60078125 0.28703703703703703 0.6013020833333333 0.27870370370370373 0.6033854166666667 0.2773148148148148 0.6033854166666667 0.2671296296296296 0.6059895833333333 0.2550925925925926 0.6080729166666666 0.25277777777777777 0.6088541666666667 0.2518518518518518 0.6088541666666667 0.24953703703703703 0.6098958333333333 0.2449074074074074 0.6111979166666667 0.24259259259259258 0.6125 0.24027777777777778 0.61484375 0.24027777777777778 0.615625 0.24212962962962964 0.6190104166666667 0.2439814814814815 0.6205729166666667 0.24861111111111112 0.621875 0.2518518518518518 0.6221354166666667 0.25601851851851853 0.6213541666666667 0.26342592592592595 0.6208333333333333 0.27314814814814814 0.6190104166666667 0.274537037037037 0.6190104166666667 0.2800925925925926 0.6177083333333333 0.28425925925925927 0.6161458333333333 0.2916666666666667 0.6151041666666667 0.29259259259259257 0.6145833333333334 0.2986111111111111 0.6130208333333333 0.3111111111111111 0.6111979166666667 0.3143518518518518 0.6098958333333333 0.31574074074074077 0.6098958333333333 0.3226851851851852 0.6083333333333333 0.324537037037037 0.6083333333333333 0.3287037037037037 0.6075520833333333 0.3337962962962963 0.6072916666666667 0.34120370370370373 0.60546875 0.3453703703703704 0.6065104166666667 0.3490740740740741 0.6067708333333334 0.34953703703703703 0.60703125 0.35 0.6067708333333334 0.35324074074074074 0.6067708333333334 0.35462962962962963 0.6057291666666667 0.3574074074074074 0.6046875 0.35833333333333334 0.6036458333333333 0.3587962962962963 0.5997395833333333 0.3592592592592593 0.5994791666666667 0.35833333333333334 0.5981770833333333 0.3578703703703704 0.5958333333333333 0.35509259259259257 0.5911458333333334 0.35509259259259257 0.5903645833333333
4 0.47453703703703703 0.54765625 0.4699074074074074 0.55 0.4666666666666667 0.55234375 0.4648148148148148 0.5544270833333333 0.4648148148148148 0.5549479166666667 0.46296296296296297 0.5567708333333333 0.46296296296296297 0.5575520833333333 0.4615740740740741 0.5598958333333334 0.4615740740740741 0.5606770833333333 0.4625 0.56171875 0.4671296296296296 0.5638020833333334 0.4699074074074074 0.5643229166666667 0.475 0.5658854166666667 0.4773148148148148 0.5661458333333333 0.4824074074074074 0.5674479166666667 0.48333333333333334 0.56796875 0.49074074074074076 0.5700520833333333 0.49444444444444446 0.5716145833333334 0.49953703703703706 0.5729166666666666 0.5009259259259259 0.5736979166666667 0.5050925925925925 0.5747395833333333 0.5060185185185185 0.5747395833333333 0.5111111111111111 0.5763020833333333 0.5138888888888888 0.5778645833333333 0.5162037037037037 0.5799479166666667 0.5162037037037037 0.5809895833333333 0.5157407407407407 0.58125 0.5157407407407407 0.58671875 0.5162037037037037 0.5869791666666667 0.5162037037037037 0.5880208333333333 0.5171296296296296 0.5888020833333333 0.5194444444444445 0.58984375 0.525 0.5916666666666667 0.5287037037037037 0.59140625 0.5347222222222222 0.5877604166666667 0.5351851851851852 0.5864583333333333 0.537962962962963 0.58359375 0.538425925925926 0.5825520833333333 0.5421296296296296 0.5799479166666667 0.5435185185185185 0.578125 0.5458333333333333 0.5760416666666667 0.5458333333333333 0.5755208333333334 0.549537037037037 0.571875 0.549537037037037 0.5713541666666667 0.5509259259259259 0.5697916666666667 0.5527777777777778 0.56875 0.5541666666666667 0.5671875 0.5541666666666667 0.5666666666666667 0.5564814814814815 0.5643229166666667 0.5564814814814815 0.5627604166666667 0.5569444444444445 0.5625 0.5569444444444445 0.5598958333333334 0.5560185185185185 0.5588541666666667 0.5541666666666667 0.5578125 0.5504629629629629 0.5565104166666667 0.5476851851851852 0.5559895833333334 0.5439814814814815 0.5557291666666667 0.5412037037037037 0.55625 0.5402777777777777 0.5567708333333333 0.5393518518518519 0.5580729166666667 0.5370370370370371 0.559375 0.5328703703703703 0.5609375 0.5287037037037037 0.5606770833333333 0.5263888888888889 0.5598958333333334 0.524074074074074 0.5596354166666667 0.5157407407407407 0.5572916666666666 0.5148148148148148 0.5567708333333333 0.5064814814814815 0.5546875 0.5055555555555555 0.5541666666666667 0.5018518518518519 0.553125 0.4976851851851852 0.5526041666666667 0.49444444444444446 0.5515625 0.4861111111111111 0.55 0.48148148148148145 0.5481770833333334 0.4787037037037037 0.54765625
1 0.6958333333333333 0.21510416666666668 0.6888888888888889 0.21510416666666668 0.6847222222222222 0.21822916666666667 0.6810185185185185 0.22421875 0.6773148148148148 0.23385416666666667 0.6736111111111112 0.24088541666666666 0.6726851851851852 0.24583333333333332 0.6680555555555555 0.2557291666666667 0.6671296296296296 0.2604166666666667 0.6620370370370371 0.2721354166666667 0.6601851851851852 0.27838541666666666 0.6578703703703703 0.2825520833333333 0.6560185185185186 0.28880208333333335 0.649537037037037 0.3028645833333333 0.6476851851851851 0.3098958333333333 0.6444444444444445 0.31197916666666664 0.6333333333333333 0.3143229166666667 0.6305555555555555 0.3177083333333333 0.6310185185185185 0.3223958333333333 0.6347222222222222 0.3260416666666667 0.638425925925926 0.32786458333333335 0.6504629629629629 0.3299479166666667 0.6541666666666667 0.3299479166666667 0.6578703703703703 0.32890625 0.6615740740740741 0.32864583333333336 0.6643518518518519 0.32916666666666666 0.6694444444444444 0.32916666666666666 0.6773148148148148 0.3260416666666667 0.6777777777777778 0.3221354166666667 0.6759259259259259 0.3203125 0.6726851851851852 0.3143229166666667 0.6722222222222223 0.30963541666666666 0.6796296296296296 0.2911458333333333 0.6861111111111111 0.2716145833333333 0.6884259259259259 0.2674479166666667 0.6893518518518519 0.26328125 0.6944444444444444 0.2520833333333333 0.6990740740740741 0.23880208333333333 0.7027777777777777 0.23177083333333334 0.7032407407407407 0.22838541666666667 0.7050925925925926 0.22473958333333333 0.7046296296296296 0.21979166666666666 0.7023148148148148 0.21692708333333333 0.700462962962963 0.21588541666666666
3 0.7546296296296297 0.3260416666666667 0.7527777777777778 0.32473958333333336 0.7472222222222222 0.32317708333333334 0.7435185185185185 0.32317708333333334 0.7430555555555556 0.3234375 0.7398148148148148 0.32369791666666664 0.7379629629629629 0.32421875 0.736574074074074 0.32421875 0.7296296296296296 0.3255208333333333 0.7212962962962963 0.3260416666666667 0.7185185185185186 0.3268229166666667 0.7148148148148148 0.32734375 0.7125 0.328125 0.7087962962962963 0.328125 0.7050925925925926 0.3294270833333333 0.700462962962963 0.3296875 0.7 0.3299479166666667 0.6930555555555555 0.3307291666666667 0.6898148148148148 0.33151041666666664 0.6842592592592592 0.33177083333333335 0.6837962962962963 0.33203125 0.6782407407407407 0.33255208333333336 0.6777777777777778 0.3328125 0.674537037037037 0.3328125 0.6736111111111112 0.33307291666666666 0.6694444444444444 0.33098958333333334 0.6662037037037037 0.3302083333333333 0.6578703703703703 0.3302083333333333 0.6541666666666667 0.33125 0.6513888888888889 0.3307291666666667 0.6467592592592593 0.33098958333333334 0.6458333333333334 0.33151041666666664 0.6439814814814815 0.3338541666666667 0.6439814814814815 0.33619791666666665 0.6435185185185185 0.33645833333333336 0.6435185185185185 0.33828125 0.6430555555555556 0.3385416666666667 0.6430555555555556 0.34036458333333336 0.6425925925925926 0.340625 0.6425925925925926 0.3421875 0.6435185185185185 0.34348958333333335 0.6435185185185185 0.3450520833333333 0.6439814814814815 0.3453125 0.6439814814814815 0.34609375 0.6449074074074074 0.34713541666666664 0.6449074074074074 0.34791666666666665 0.6462962962962963 0.3502604166666667 0.6481481481481481 0.3515625 0.65 0.3541666666666667 0.6541666666666667 0.35703125 0.6564814814814814 0.3575520833333333 0.6648148148148149 0.3575520833333333 0.6652777777777777 0.3572916666666667 0.6671296296296296 0.3572916666666667 0.6685185185185185 0.3567708333333333 0.6694444444444444 0.3567708333333333 0.6736111111111112 0.3533854166666667 0.674537037037037 0.35130208333333335 0.6768518518518518 0.34869791666666666 0.6805555555555556 0.34713541666666664 0.6865740740740741 0.34609375 0.6893518518518519 0.3453125 0.6916666666666667 0.3453125 0.6972222222222222 0.34401041666666665 0.6990740740740741 0.34401041666666665 0.6995370370370371 0.34375 0.7050925925925926 0.34322916666666664 0.7097222222222223 0.3421875 0.7143518518518519 0.3419270833333333 0.7148148148148148 0.3416666666666667 0.7231481481481481 0.34088541666666666 0.7263888888888889 0.34010416666666665 0.7305555555555555 0.33958333333333335 0.7361111111111112 0.3380208333333333 0.7393518518518518 0.3377604166666667 0.7435185185185185 0.33645833333333336 0.7476851851851852 0.33619791666666665 0.7509259259259259 0.33541666666666664 0.7537037037037037 0.3338541666666667 0.7546296296296297 0.33177083333333335 0.7555555555555555 0.33098958333333334 0.7555555555555555 0.32838541666666665 0.7550925925925925 0.328125
2 0.8300925925925926 0.13255208333333332 0.8277777777777777 0.13255208333333332 0.8273148148148148 0.1328125 0.8236111111111111 0.1328125 0.8231481481481482 0.13255208333333332 0.8217592592592593 0.13255208333333332 0.8212962962962963 0.1328125 0.8148148148148148 0.13333333333333333 0.8101851851851852 0.13463541666666667 0.8092592592592592 0.13463541666666667 0.8064814814814815 0.13567708333333334 0.8027777777777778 0.13567708333333334 0.8023148148148148 0.1359375 0.8009259259259259 0.1359375 0.7981481481481482 0.13645833333333332 0.7921296296296296 0.13828125 0.7875 0.1390625 0.7833333333333333 0.14036458333333332 0.7787037037037037 0.14270833333333333 0.7759259259259259 0.14609375 0.7768518518518519 0.14973958333333334 0.7787037037037037 0.15182291666666667 0.7787037037037037 0.15234375 0.7805555555555556 0.15390625 0.7828703703703703 0.15494791666666666 0.7865740740740741 0.15546875 0.7898148148148149 0.15651041666666668 0.7944444444444444 0.159375 0.7958333333333333 0.1609375 0.7981481481481482 0.16484375 0.7981481481481482 0.165625 0.799537037037037 0.1671875 0.8018518518518518 0.17161458333333332 0.8041666666666667 0.17421875 0.8101851851851852 0.18489583333333334 0.8143518518518519 0.18802083333333333 0.8152777777777778 0.18828125 0.8171296296296297 0.18828125 0.8175925925925925 0.18854166666666666 0.8240740740740741 0.1875 0.8337962962962963 0.18463541666666666 0.8375 0.184375 0.8398148148148148 0.18359375 0.8425925925925926 0.18177083333333333 0.8425925925925926 0.17760416666666667 0.8416666666666667 0.17682291666666666 0.8412037037037037 0.17552083333333332 0.8393518518518519 0.17317708333333334 0.8388888888888889 0.17083333333333334 0.8384259259259259 0.17057291666666666 0.8384259259259259 0.16927083333333334 0.8375 0.16796875 0.8375 0.16692708333333334 0.8361111111111111 0.16510416666666666 0.8342592592592593 0.16015625 0.8324074074074074 0.15755208333333334 0.8314814814814815 0.15260416666666668 0.8305555555555556 0.15104166666666666 0.8305555555555556 0.15 0.8314814814814815 0.14869791666666668 0.837037037037037 0.1453125 0.8379629629629629 0.14427083333333332 0.8384259259259259 0.14166666666666666 0.8379629629629629 0.14140625 0.837037037037037 0.13880208333333333 0.8342592592592593 0.13541666666666666 0.8342592592592593 0.13463541666666667
1 0.6967592592592593 0.4671875 0.6893518518518519 0.46432291666666664 0.6782407407407407 0.46145833333333336 0.6736111111111112 0.4596354166666667 0.6694444444444444 0.4596354166666667 0.6625 0.4627604166666667 0.6592592592592592 0.4666666666666667 0.6671296296296296 0.4703125 0.663425925925926 0.47552083333333334 0.6587962962962963 0.48020833333333335 0.6541666666666667 0.4830729166666667 0.6513888888888889 0.4861979166666667 0.6268518518518519 0.50625 0.6217592592592592 0.5111979166666667 0.6148148148148148 0.51640625 0.6046296296296296 0.5260416666666666 0.6 0.5291666666666667 0.5856481481481481 0.5421875 0.5680555555555555 0.5565104166666667 0.5648148148148148 0.56015625 0.5652777777777778 0.5643229166666667 0.5666666666666667 0.5651041666666666 0.575 0.5674479166666667 0.5800925925925926 0.5674479166666667 0.5833333333333334 0.56640625 0.5879629629629629 0.5638020833333334 0.5921296296296297 0.5604166666666667 0.5962962962962963 0.5557291666666667 0.6152777777777778 0.5408854166666667 0.6157407407407407 0.53984375 0.6226851851851852 0.5341145833333333 0.6319444444444444 0.525 0.6462962962962963 0.5140625 0.6518518518518519 0.5083333333333333 0.6555555555555556 0.5059895833333333 0.662962962962963 0.49947916666666664 0.6662037037037037 0.49765625 0.6791666666666667 0.48515625 0.6888888888888889 0.47994791666666664 0.6916666666666667 0.47942708333333334 0.6976851851851852 0.4796875 0.700925925925926 0.47890625 0.7018518518518518 0.47760416666666666 0.7046296296296296 0.47604166666666664 0.7055555555555556 0.47421875 0.7023148148148148 0.4705729166666667
2 0.6351851851851852 0.5994791666666667 0.6314814814814815 0.6 0.6287037037037037 0.60078125 0.6277777777777778 0.6013020833333333 0.6263888888888889 0.6015625 0.6236111111111111 0.6033854166666667 0.6226851851851852 0.6049479166666667 0.6203703703703703 0.6067708333333334 0.6157407407407407 0.6122395833333333 0.6148148148148148 0.6127604166666667 0.612037037037037 0.6161458333333333 0.6087962962962963 0.6190104166666667 0.6087962962962963 0.61953125 0.6055555555555555 0.6229166666666667 0.6050925925925926 0.62421875 0.6041666666666666 0.625 0.5995370370370371 0.6276041666666666 0.5962962962962963 0.6278645833333333 0.5921296296296297 0.6286458333333333 0.5875 0.6286458333333333 0.5842592592592593 0.6299479166666667 0.5824074074074074 0.6309895833333333 0.5782407407407407 0.634375 0.5773148148148148 0.6372395833333333 0.5763888888888888 0.63828125 0.5777777777777777 0.6424479166666667 0.5819444444444445 0.6447916666666667 0.5833333333333334 0.64609375 0.5888888888888889 0.6481770833333333 0.5953703703703703 0.6513020833333333 0.600925925925926 0.6533854166666667 0.6018518518518519 0.6541666666666667 0.6069444444444444 0.65546875 0.6078703703703704 0.65546875 0.6101851851851852 0.65625 0.6111111111111112 0.65625 0.6157407407407407 0.6580729166666667 0.6171296296296296 0.6580729166666667 0.6194444444444445 0.65859375 0.6217592592592592 0.65859375 0.6222222222222222 0.6588541666666666 0.625462962962963 0.6588541666666666 0.6259259259259259 0.6591145833333333 0.6305555555555555 0.6583333333333333 0.6314814814814815 0.6578125 0.6333333333333333 0.6557291666666667 0.6356481481481482 0.6541666666666667 0.6375 0.64921875 0.6393518518518518 0.64609375 0.6393518518518518 0.6421875 0.6375 0.6390625 0.6375 0.6377604166666667 0.637962962962963 0.6375 0.6388888888888888 0.6341145833333334 0.6425925925925926 0.6302083333333334 0.6425925925925926 0.6296875 0.6453703703703704 0.6265625 0.6467592592592593 0.6255208333333333 0.6467592592592593 0.625 0.6481481481481481 0.6234375 0.649074074074074 0.6229166666666667 0.649074074074074 0.6223958333333334 0.6509259259259259 0.6205729166666667 0.6509259259259259 0.6200520833333333 0.6546296296296297 0.6161458333333333 0.6546296296296297 0.615625 0.6555555555555556 0.61484375 0.6555555555555556 0.6140625 0.6578703703703703 0.6111979166666667 0.6578703703703703 0.6072916666666667 0.6537037037037037 0.6049479166666667 0.6513888888888889 0.603125 0.6449074074074074 0.60078125 0.6393518518518518 0.5997395833333333 0.6356481481481482 0.5997395833333333
3 0.7324074074074074 0.3807291666666667 0.7324074074074074 0.3809895833333333 0.725462962962963 0.3846354166666667 0.7212962962962963 0.3875 0.7194444444444444 0.3893229166666667 0.7194444444444444 0.38984375 0.7171296296296297 0.3921875 0.7175925925925926 0.3963541666666667 0.7185185185185186 0.3971354166666667 0.7212962962962963 0.39869791666666665 0.7240740740740741 0.3997395833333333 0.7277777777777777 0.4 0.7282407407407407 0.4002604166666667 0.7305555555555555 0.4002604166666667 0.7310185185185185 0.4005208333333333 0.7361111111111112 0.4005208333333333 0.7425925925925926 0.40260416666666665 0.7453703703703703 0.4041666666666667 0.7472222222222222 0.40651041666666665 0.749537037037037 0.4083333333333333 0.7569444444444444 0.4125 0.7592592592592593 0.41328125 0.7657407407407407 0.41640625 0.7722222222222223 0.4203125 0.7731481481481481 0.42135416666666664 0.7870370370370371 0.42890625 0.7912037037037037 0.43072916666666666 0.7949074074074074 0.43203125 0.7976851851851852 0.4322916666666667 0.7981481481481482 0.43255208333333334 0.8013888888888889 0.43255208333333334 0.8018518518518518 0.4328125 0.8074074074074075 0.4317708333333333 0.8101851851851852 0.43020833333333336 0.8125 0.4278645833333333 0.8125 0.4236979166666667 0.8115740740740741 0.42239583333333336 0.8106481481481481 0.421875 0.8101851851851852 0.42109375 0.8050925925925926 0.41822916666666665 0.7939814814814815 0.41067708333333336 0.7819444444444444 0.40390625 0.7796296296296297 0.40208333333333335 0.7648148148148148 0.3932291666666667 0.763425925925926 0.39166666666666666 0.7583333333333333 0.3885416666666667 0.7583333333333333 0.38333333333333336 0.7587962962962963 0.38307291666666665 0.7587962962962963 0.3807291666666667 0.7583333333333333 0.3802083333333333 0.7518518518518519 0.3770833333333333 0.750462962962963 0.3770833333333333 0.75 0.3768229166666667 0.7462962962962963 0.3768229166666667 0.7393518518518518 0.378125
1 0.7597222222222222 0.4270833333333333 0.7564814814814815 0.42421875 0.7490740740740741 0.4197916666666667 0.7444444444444445 0.41875 0.7398148148148148 0.4192708333333333 0.7324074074074074 0.42291666666666666 0.7310185185185185 0.4276041666666667 0.7296296296296296 0.42916666666666664 0.725462962962963 0.4309895833333333 0.7092592592592593 0.4348958333333333 0.7046296296296296 0.4354166666666667 0.6967592592592593 0.43776041666666665 0.6939814814814815 0.43776041666666665 0.6865740740740741 0.4393229166666667 0.6754629629629629 0.4427083333333333 0.6578703703703703 0.44635416666666666 0.6439814814814815 0.45 0.6273148148148148 0.453125 0.6138888888888889 0.45703125 0.6064814814814815 0.45807291666666666 0.5972222222222222 0.46067708333333335 0.5856481481481481 0.4630208333333333 0.5638888888888889 0.46848958333333335 0.5606481481481481 0.4705729166666667 0.5615740740740741 0.4747395833333333 0.5638888888888889 0.4783854166666667 0.5680555555555555 0.48020833333333335 0.5800925925925926 0.47994791666666664 0.5912037037037037 0.47734375 0.5972222222222222 0.4752604166666667 0.6023148148148149 0.4744791666666667 0.6287037037037037 0.46770833333333334 0.649537037037037 0.4635416666666667 0.6555555555555556 0.4630208333333333 0.6606481481481481 0.46197916666666666 0.6699074074074074 0.4591145833333333 0.6768518518518518 0.4578125 0.6796296296296296 0.45651041666666664 0.6925925925925925 0.45260416666666664 0.7087962962962963 0.45026041666666666 0.7171296296296297 0.44817708333333334 0.7203703703703703 0.446875 0.7236111111111111 0.4466145833333333 0.7356481481481482 0.4440104166666667 0.7398148148148148 0.4440104166666667 0.7472222222222222 0.44505208333333335 0.7513888888888889 0.446875 0.7550925925925925 0.44635416666666666 0.763425925925926 0.4432291666666667 0.7648148148148148 0.4393229166666667 0.763425925925926 0.43333333333333335
4 0.7310185185185185 0.53828125 0.7305555555555555 0.5385416666666667 0.7277777777777777 0.5385416666666667 0.7245370370370371 0.5393229166666667 0.7226851851851852 0.5403645833333334 0.7208333333333333 0.5424479166666667 0.7203703703703703 0.54375 0.7189814814814814 0.5453125 0.7180555555555556 0.5481770833333334 0.7148148148148148 0.5526041666666667 0.7143518518518519 0.5549479166666667 0.7129629629629629 0.5565104166666667 0.7111111111111111 0.56171875 0.7106481481481481 0.5619791666666667 0.7101851851851851 0.56328125 0.7087962962962963 0.5645833333333333 0.7087962962962963 0.565625 0.7074074074074074 0.5677083333333334 0.7041666666666667 0.5692708333333333 0.6939814814814815 0.5700520833333333 0.6902777777777778 0.571875 0.6875 0.5760416666666667 0.6875 0.58046875 0.6893518518518519 0.5825520833333333 0.6912037037037037 0.58359375 0.6912037037037037 0.5838541666666667 0.6967592592592593 0.5859375 0.7013888888888888 0.58671875 0.7050925925925926 0.5880208333333333 0.7060185185185185 0.5880208333333333 0.7092592592592593 0.5888020833333333 0.7106481481481481 0.5888020833333333 0.7166666666666667 0.5901041666666667 0.7185185185185186 0.5901041666666667 0.7189814814814814 0.5903645833333333 0.7208333333333333 0.5903645833333333 0.7212962962962963 0.590625 0.7231481481481481 0.590625 0.7236111111111111 0.5908854166666667 0.725462962962963 0.5908854166666667 0.725925925925926 0.590625 0.7277777777777777 0.590625 0.7287037037037037 0.5903645833333333 0.7291666666666666 0.590625 0.7319444444444444 0.590625 0.7324074074074074 0.5908854166666667 0.7361111111111112 0.5911458333333334 0.736574074074074 0.59140625 0.7402777777777778 0.59140625 0.7476851851851852 0.5877604166666667 0.7481481481481481 0.5856770833333333 0.7486111111111111 0.5854166666666667 0.7486111111111111 0.5841145833333333 0.7490740740740741 0.5838541666666667 0.7486111111111111 0.5833333333333334 0.7486111111111111 0.5809895833333333 0.7481481481481481 0.5807291666666666 0.7481481481481481 0.5796875 0.7458333333333333 0.5778645833333333 0.7444444444444445 0.5755208333333334 0.7416666666666667 0.5736979166666667 0.7402777777777778 0.571875 0.7407407407407407 0.5716145833333334 0.7416666666666667 0.56796875 0.7425925925925926 0.5669270833333333 0.7425925925925926 0.5661458333333333 0.7435185185185185 0.5651041666666666 0.7435185185185185 0.5643229166666667 0.7439814814814815 0.5640625 0.7439814814814815 0.56328125 0.7449074074074075 0.5619791666666667 0.7449074074074075 0.5609375 0.7458333333333333 0.5596354166666667 0.7458333333333333 0.55859375 0.7462962962962963 0.5583333333333333 0.7462962962962963 0.5572916666666666 0.7467592592592592 0.55703125 0.7472222222222222 0.5552083333333333 0.7481481481481481 0.5544270833333333 0.7481481481481481 0.55390625 0.75 0.5513020833333333 0.75 0.5505208333333333 0.7509259259259259 0.5494791666666666 0.7509259259259259 0.5486979166666667 0.7513888888888889 0.5484375 0.7518518518518519 0.5442708333333334 0.7490740740740741 0.5416666666666666 0.7476851851851852 0.5408854166666667 0.7402777777777778 0.5390625 0.736574074074074 0.5388020833333333 0.7361111111111112 0.5385416666666667 0.7328703703703704 0.5385416666666667 0.7324074074074074 0.53828125
5 0.7268518518518519 0.6229166666666667 0.7268518518518519 0.6231770833333333 0.7240740740740741 0.6244791666666667 0.7240740740740741 0.6247395833333333 0.7217592592592592 0.6263020833333334 0.7217592592592592 0.6265625 0.7203703703703703 0.62734375 0.7203703703703703 0.6276041666666666 0.7162037037037037 0.6302083333333334 0.7162037037037037 0.63046875 0.7152777777777778 0.6309895833333333 0.7143518518518519 0.6322916666666667 0.7134259259259259 0.6328125 0.7134259259259259 0.6333333333333333 0.712037037037037 0.6346354166666667 0.712037037037037 0.6403645833333333 0.7125 0.640625 0.7125 0.6424479166666667 0.7138888888888889 0.6434895833333333 0.7138888888888889 0.64375 0.7152777777777778 0.6450520833333333 0.7152777777777778 0.6455729166666667 0.7157407407407408 0.6458333333333334 0.7157407407407408 0.6463541666666667 0.7162037037037037 0.6466145833333333 0.7166666666666667 0.6473958333333333 0.7185185185185186 0.6484375 0.7185185185185186 0.6486979166666667 0.7194444444444444 0.6494791666666667 0.7194444444444444 0.65 0.7199074074074074 0.6502604166666667 0.7199074074074074 0.6505208333333333 0.7240740740740741 0.6528645833333333 0.7245370370370371 0.6528645833333333 0.725925925925926 0.6533854166666667 0.7282407407407407 0.6536458333333334 0.7291666666666666 0.6541666666666667 0.7296296296296296 0.6541666666666667 0.7310185185185185 0.6546875 0.7319444444444444 0.6546875 0.7324074074074074 0.6549479166666666 0.737037037037037 0.6549479166666666 0.7375 0.6552083333333333 0.7393518518518518 0.6552083333333333 0.7398148148148148 0.65546875 0.7425925925925926 0.65546875 0.7430555555555556 0.6557291666666667 0.7453703703703703 0.6557291666666667 0.7458333333333333 0.6559895833333333 0.749537037037037 0.6559895833333333 0.75 0.6557291666666667 0.7578703703703704 0.6557291666666667 0.7583333333333333 0.65546875 0.7597222222222222 0.65546875 0.763425925925926 0.653125 0.763425925925926 0.6528645833333333 0.7657407407407407 0.6505208333333333 0.7657407407407407 0.65 0.7662037037037037 0.6497395833333334 0.7675925925925926 0.6479166666666667 0.7685185185185185 0.6473958333333333 0.7685185185185185 0.6471354166666666 0.7694444444444445 0.6463541666666667 0.7694444444444445 0.6458333333333334 0.7726851851851851 0.6424479166666667 0.7726851851851851 0.63984375 0.7731481481481481 0.6395833333333333 0.7731481481481481 0.6377604166666667 0.7726851851851851 0.6375 0.7726851851851851 0.6346354166666667 0.7699074074074074 0.6317708333333333 0.7699074074074074 0.63125 0.7694444444444445 0.6309895833333333 0.7675925925925926 0.6286458333333333 0.7662037037037037 0.6276041666666666 0.7662037037037037 0.6270833333333333 0.7657407407407407 0.6268229166666667 0.7657407407407407 0.6265625 0.763425925925926 0.625 0.762962962962963 0.625 0.7625 0.6247395833333333 0.7615740740740741 0.6247395833333333 0.7597222222222222 0.6239583333333333 0.7587962962962963 0.6239583333333333 0.7583333333333333 0.6236979166666666 0.7560185185185185 0.6236979166666666 0.7537037037037037 0.6229166666666667 0.7518518518518519 0.6229166666666667 0.7513888888888889 0.62265625 0.7472222222222222 0.6223958333333334 0.7467592592592592 0.6221354166666667 0.7453703703703703 0.6221354166666667 0.7449074074074075 0.621875 0.7412037037037037 0.621875 0.7407407407407407 0.6216145833333333 0.7356481481481482 0.6216145833333333 0.7351851851851852 0.621875 0.7314814814814815 0.621875 0.7300925925925926 0.6223958333333334 0.7291666666666666 0.6223958333333334 0.7277777777777777 0.6229166666666667
1 0.8726851851851852 0.50234375 0.8606481481481482 0.5026041666666666 0.8574074074074074 0.5041666666666667 0.8560185185185185 0.5059895833333333 0.8555555555555555 0.5098958333333333 0.8629629629629629 0.5143229166666666 0.8643518518518518 0.51796875 0.8611111111111112 0.5294270833333333 0.8592592592592593 0.5328125 0.8569444444444444 0.5432291666666667 0.8495370370370371 0.5645833333333333 0.8467592592592592 0.5760416666666667 0.8444444444444444 0.5799479166666667 0.8435185185185186 0.5848958333333333 0.8416666666666667 0.5885416666666666 0.8412037037037037 0.5924479166666666 0.8347222222222223 0.6151041666666667 0.8361111111111111 0.61953125 0.8416666666666667 0.6221354166666667 0.8486111111111111 0.6231770833333333 0.8527777777777777 0.6229166666666667 0.8569444444444444 0.6205729166666667 0.8587962962962963 0.61875 0.8606481481481482 0.6151041666666667 0.8662037037037037 0.5947916666666667 0.8699074074074075 0.58828125 0.8726851851851852 0.5807291666666666 0.8731481481481481 0.5763020833333333 0.8787037037037037 0.5559895833333334 0.8810185185185185 0.5518229166666667 0.8814814814814815 0.5481770833333334 0.8851851851851852 0.5388020833333333 0.8865740740740741 0.5317708333333333 0.8916666666666667 0.5190104166666667 0.8939814814814815 0.5169270833333334 0.8962962962962963 0.5161458333333333 0.9018518518518519 0.5153645833333333 0.9046296296296297 0.5135416666666667 0.9046296296296297 0.5091145833333334 0.9032407407407408 0.5075520833333333 0.899537037037037 0.5057291666666667 0.8861111111111111 0.5036458333333333 0.8768518518518519 0.503125
3 0.9976851851851852 0.3182291666666667 0.9967592592592592 0.3177083333333333 0.9962962962962963 0.31692708333333336 0.9935185185185185 0.31536458333333334 0.986574074074074 0.31328125 0.9814814814814815 0.31354166666666666 0.9791666666666666 0.3140625 0.9745370370370371 0.3140625 0.9740740740740741 0.3143229166666667 0.9726851851851852 0.3143229166666667 0.9722222222222222 0.3145833333333333 0.9708333333333333 0.3145833333333333 0.9666666666666667 0.31536458333333334 0.9629629629629629 0.31536458333333334 0.9625 0.315625 0.9569444444444445 0.31614583333333335 0.9537037037037037 0.31692708333333336 0.9518518518518518 0.31692708333333336 0.9453703703703704 0.3182291666666667 0.9430555555555555 0.3182291666666667 0.9407407407407408 0.31875 0.9351851851851852 0.31875 0.9324074074074075 0.31927083333333334 0.9291666666666667 0.31927083333333334 0.9287037037037037 0.31953125 0.9263888888888889 0.31953125 0.924537037037037 0.32005208333333335 0.9194444444444444 0.32005208333333335 0.9162037037037037 0.3190104166666667 0.913425925925926 0.3184895833333333 0.9074074074074074 0.3182291666666667 0.9050925925925926 0.3177083333333333 0.9013888888888889 0.3177083333333333 0.9009259259259259 0.31744791666666666 0.8949074074074074 0.31744791666666666 0.8944444444444445 0.3177083333333333 0.8925925925925926 0.3177083333333333 0.8912037037037037 0.3182291666666667 0.8893518518518518 0.31979166666666664 0.8870370370370371 0.3223958333333333 0.8861111111111111 0.32421875 0.8842592592592593 0.3260416666666667 0.8837962962962963 0.32916666666666666 0.8833333333333333 0.3294270833333333 0.8842592592592593 0.334375 0.8861111111111111 0.33671875 0.8865740740740741 0.3380208333333333 0.8893518518518518 0.3411458333333333 0.8921296296296296 0.34322916666666664 0.8967592592592593 0.34453125 0.8981481481481481 0.34453125 0.9009259259259259 0.3453125 0.9027777777777778 0.3453125 0.9032407407407408 0.3455729166666667 0.9078703703703703 0.3453125 0.9092592592592592 0.34479166666666666 0.9115740740740741 0.34453125 0.9162037037037037 0.34296875 0.9199074074074074 0.33880208333333334 0.9208333333333333 0.33828125 0.9217592592592593 0.33671875 0.924074074074074 0.33541666666666664 0.9277777777777778 0.33515625 0.9300925925925926 0.334375 0.9328703703703703 0.3338541666666667 0.9342592592592592 0.3338541666666667 0.9398148148148148 0.3328125 0.9430555555555555 0.3328125 0.9467592592592593 0.33203125 0.9490740740740741 0.33203125 0.9495370370370371 0.33177083333333335 0.9518518518518518 0.33177083333333335 0.9541666666666667 0.33125 0.9569444444444445 0.33125 0.9574074074074074 0.33098958333333334 0.9601851851851851 0.33098958333333334 0.9606481481481481 0.3307291666666667 0.9634259259259259 0.3307291666666667 0.9638888888888889 0.33046875 0.9685185185185186 0.33046875 0.9689814814814814 0.3302083333333333 0.9708333333333333 0.3302083333333333 0.975 0.32916666666666666 0.9763888888888889 0.32916666666666666 0.9782407407407407 0.32864583333333336 0.9819444444444444 0.32838541666666665 0.9861111111111112 0.32760416666666664 0.9907407407407407 0.3263020833333333 0.9953703703703703 0.32421875 0.9972222222222222 0.3223958333333333 0.9972222222222222 0.3184895833333333
2 0.887962962962963 0.54296875 0.8861111111111111 0.5442708333333334 0.8842592592592593 0.5466145833333333 0.8842592592592593 0.5473958333333333 0.8833333333333333 0.5484375 0.8833333333333333 0.5513020833333333 0.8828703703703704 0.5515625 0.8828703703703704 0.5528645833333333 0.8833333333333333 0.553125 0.8837962962962963 0.5549479166666667 0.8856481481481482 0.5565104166666667 0.887962962962963 0.5596354166666667 0.887962962962963 0.5645833333333333 0.8870370370370371 0.565625 0.8865740740740741 0.5674479166666667 0.8856481481481482 0.5684895833333333 0.8856481481481482 0.56953125 0.8828703703703704 0.57421875 0.8819444444444444 0.575 0.8814814814814815 0.5763020833333333 0.8805555555555555 0.5770833333333333 0.8787037037037037 0.5807291666666666 0.8777777777777778 0.5815104166666667 0.8763888888888889 0.5838541666666667 0.875462962962963 0.5872395833333334 0.875 0.5875 0.874537037037037 0.5916666666666667 0.8768518518518519 0.5934895833333333 0.8800925925925925 0.59453125 0.887962962962963 0.5953125 0.8921296296296296 0.5963541666666666 0.9009259259259259 0.5966145833333333 0.9013888888888889 0.5963541666666666 0.9041666666666667 0.59609375 0.9055555555555556 0.5953125 0.9060185185185186 0.59453125 0.9092592592592592 0.5921875 0.9092592592592592 0.5916666666666667 0.9106481481481481 0.5901041666666667 0.912962962962963 0.58828125 0.9166666666666666 0.5841145833333333 0.9166666666666666 0.58359375 0.9194444444444444 0.58046875 0.9199074074074074 0.57890625 0.9203703703703704 0.5786458333333333 0.9203703703703704 0.5776041666666667 0.9208333333333333 0.57734375 0.9208333333333333 0.5763020833333333 0.9236111111111112 0.5731770833333333 0.925 0.56953125 0.9273148148148148 0.56640625 0.9310185185185185 0.5651041666666666 0.9342592592592592 0.5651041666666666 0.9347222222222222 0.5653645833333333 0.9393518518518519 0.565625 0.9416666666666667 0.56484375 0.9425925925925925 0.56484375 0.9444444444444444 0.5638020833333334 0.9467592592592593 0.5604166666666667 0.9472222222222222 0.5559895833333334 0.9458333333333333 0.5546875 0.9430555555555555 0.5533854166666666 0.9398148148148148 0.5528645833333333 0.9319444444444445 0.5505208333333333 0.9305555555555556 0.5505208333333333 0.9263888888888889 0.5497395833333333 0.924537037037037 0.5489583333333333 0.9226851851851852 0.5486979166666667 0.9212962962962963 0.5481770833333334 0.9185185185185185 0.5479166666666667 0.9180555555555555 0.54765625 0.9162037037037037 0.54765625 0.913425925925926 0.5466145833333333 0.9092592592592592 0.5455729166666666 0.9083333333333333 0.5455729166666666 0.9050925925925926 0.54453125 0.9009259259259259 0.54375 0.899074074074074 0.54375 0.8986111111111111 0.5434895833333333 0.8916666666666667 0.5434895833333333 0.8912037037037037 0.5432291666666667
3 0.9273148148148148 0.22083333333333333 0.9212962962962963 0.22760416666666666 0.9212962962962963 0.228125 0.9208333333333333 0.22838541666666667 0.9208333333333333 0.22942708333333334 0.9203703703703704 0.2296875 0.9203703703703704 0.23072916666666668 0.9199074074074074 0.23098958333333333 0.9199074074074074 0.23203125 0.9194444444444444 0.23229166666666667 0.9194444444444444 0.2359375 0.9189814814814815 0.23619791666666667 0.9194444444444444 0.23645833333333333 0.9194444444444444 0.24010416666666667 0.9203703703703704 0.240625 0.9203703703703704 0.24088541666666666 0.9236111111111112 0.24244791666666668 0.9273148148148148 0.24270833333333333 0.9277777777777778 0.24296875 0.9305555555555556 0.24296875 0.9310185185185185 0.24322916666666666 0.9337962962962963 0.24322916666666666 0.9342592592592592 0.24348958333333334 0.9412037037037037 0.24348958333333334 0.9416666666666667 0.24322916666666666 0.9430555555555555 0.24322916666666666 0.9439814814814815 0.24296875 0.950925925925926 0.23958333333333334 0.9555555555555556 0.23958333333333334 0.9560185185185185 0.23984375 0.9587962962962963 0.24010416666666667 0.9592592592592593 0.24036458333333333 0.962037037037037 0.24036458333333333 0.9625 0.240625 0.9643518518518519 0.240625 0.9648148148148148 0.24088541666666666 0.9662037037037037 0.24088541666666666 0.9694444444444444 0.24166666666666667 0.9708333333333333 0.24166666666666667 0.9712962962962963 0.24192708333333332 0.9726851851851852 0.24192708333333332 0.9731481481481481 0.2421875 0.9745370370370371 0.2421875 0.975 0.24244791666666668 0.9763888888888889 0.24244791666666668 0.9768518518518519 0.24270833333333333 0.9782407407407407 0.24270833333333333 0.9787037037037037 0.24296875 0.9819444444444444 0.24322916666666666 0.987037037037037 0.24453125 0.9907407407407407 0.24479166666666666 0.9925925925925926 0.2453125 0.9962962962962963 0.24557291666666667 0.9967592592592592 0.24583333333333332 0.999537037037037 0.24583333333333332 0.999537037037037 0.22994791666666667 0.9967592592592592 0.22994791666666667 0.9962962962962963 0.2296875 0.9949074074074075 0.2296875 0.9944444444444445 0.22942708333333334 0.9930555555555556 0.22942708333333334 0.9925925925925926 0.22916666666666666 0.9912037037037037 0.22916666666666666 0.9907407407407407 0.22890625 0.9893518518518518 0.22890625 0.9888888888888889 0.22864583333333333 0.987037037037037 0.22864583333333333 0.9833333333333333 0.22760416666666666 0.9824074074074074 0.22760416666666666 0.9805555555555555 0.22708333333333333 0.9791666666666666 0.22708333333333333 0.9787037037037037 0.22682291666666668 0.975 0.2265625 0.9731481481481481 0.22604166666666667 0.9717592592592592 0.22604166666666667 0.9662037037037037 0.22447916666666667 0.9652777777777778 0.22447916666666667 0.9625 0.22369791666666666 0.9611111111111111 0.22291666666666668 0.9597222222222223 0.22161458333333334 0.9597222222222223 0.22109375 0.9587962962962963 0.22005208333333334 0.9555555555555556 0.21822916666666667 0.9555555555555556 0.21796875 0.9546296296296296 0.21744791666666666 0.9513888888888888 0.21666666666666667 0.9490740740740741 0.21666666666666667 0.9486111111111111 0.21640625 0.9351851851851852 0.21640625 0.9324074074074075 0.21770833333333334 0.9319444444444445 0.21770833333333334 0.9300925925925926 0.21901041666666668 0.9300925925925926 0.21927083333333333
0 0.9893518518518518 0.5765625 0.9884259259259259 0.5755208333333334 0.9875 0.575 0.987037037037037 0.57421875 0.9861111111111112 0.5736979166666667 0.9861111111111112 0.5734375 0.9828703703703704 0.5713541666666667 0.9828703703703704 0.57109375 0.9796296296296296 0.5692708333333333 0.9791666666666666 0.5684895833333333 0.9782407407407407 0.56796875 0.9777777777777777 0.56796875 0.9740740740740741 0.56640625 0.9736111111111111 0.5666666666666667 0.9694444444444444 0.5666666666666667 0.9680555555555556 0.5671875 0.9671296296296297 0.5671875 0.9634259259259259 0.5682291666666667 0.962037037037037 0.5690104166666666 0.961574074074074 0.5690104166666666 0.9592592592592593 0.5700520833333333 0.9546296296296296 0.5713541666666667 0.9513888888888888 0.5716145833333334 0.9495370370370371 0.5721354166666667 0.9495370370370371 0.5731770833333333 0.9490740740740741 0.5734375 0.9486111111111111 0.57578125 0.9476851851851852 0.5768229166666666 0.9467592592592593 0.57734375 0.9467592592592593 0.5776041666666667 0.9449074074074074 0.5786458333333333 0.9444444444444444 0.5786458333333333 0.9365740740740741 0.5817708333333333 0.9342592592592592 0.5822916666666667 0.9333333333333333 0.5828125 0.9314814814814815 0.5833333333333334 0.9305555555555556 0.5833333333333334 0.9291666666666667 0.5838541666666667 0.9282407407407407 0.5838541666666667 0.925 0.5854166666666667 0.9226851851851852 0.5859375 0.9203703703703704 0.5869791666666667 0.9175925925925926 0.5877604166666667 0.913425925925926 0.5901041666666667 0.912962962962963 0.5901041666666667 0.9111111111111111 0.5911458333333334 0.9106481481481481 0.5916666666666667 0.9106481481481481 0.5932291666666667 0.9111111111111111 0.5934895833333333 0.9111111111111111 0.5955729166666667 0.9143518518518519 0.5971354166666667 0.9148148148148149 0.5971354166666667 0.9166666666666666 0.5979166666666667 0.9175925925925926 0.5979166666666667 0.9194444444444444 0.5984375 0.9203703703703704 0.5981770833333333 0.9226851851851852 0.5981770833333333 0.9231481481481482 0.5979166666666667 0.924074074074074 0.5979166666666667 0.9259259259259259 0.5973958333333333 0.9268518518518518 0.596875 0.9305555555555556 0.5958333333333333 0.9314814814814815 0.5958333333333333 0.9351851851851852 0.5947916666666667 0.9365740740740741 0.5940104166666667 0.9490740740740741 0.590625 0.95 0.5901041666666667 0.9527777777777777 0.5893229166666667 0.9537037037037037 0.5893229166666667 0.9583333333333334 0.5880208333333333 0.9601851851851851 0.5880208333333333 0.9606481481481481 0.5877604166666667 0.9629629629629629 0.5877604166666667 0.9652777777777778 0.5885416666666666 0.9662037037037037 0.5885416666666666 0.9680555555555556 0.5890625 0.9699074074074074 0.5890625 0.9703703703703703 0.5893229166666667 0.9722222222222222 0.5888020833333333 0.9731481481481481 0.58828125 0.9745370370370371 0.5880208333333333 0.975 0.5875 0.9782407407407407 0.5856770833333333 0.9796296296296296 0.5856770833333333 0.9800925925925926 0.5854166666666667 0.9819444444444444 0.5854166666666667 0.9842592592592593 0.5846354166666666 0.9851851851851852 0.5846354166666666 0.9879629629629629 0.5838541666666667 0.9898148148148148 0.5828125 0.9898148148148148 0.5822916666666667 0.9902777777777778 0.58203125 0.9912037037037037 0.5799479166666667 0.9907407407407407 0.5796875 0.9907407407407407 0.57890625 0.9902777777777778 0.5786458333333333
0 0.9120370370370371 0.38255208333333335 0.9083333333333333 0.3846354166666667 0.9083333333333333 0.3848958333333333 0.9074074074074074 0.3854166666666667 0.9064814814814814 0.38645833333333335 0.9064814814814814 0.38697916666666665 0.9055555555555556 0.3880208333333333 0.9055555555555556 0.3888020833333333 0.9060185185185186 0.3890625 0.9060185185185186 0.38958333333333334 0.9069444444444444 0.390625 0.9078703703703703 0.39114583333333336 0.9078703703703703 0.39140625 0.9115740740740741 0.39348958333333334 0.9120370370370371 0.39348958333333334 0.9175925925925926 0.3963541666666667 0.9194444444444444 0.396875 0.9226851851851852 0.39869791666666665 0.9236111111111112 0.3997395833333333 0.924074074074074 0.3997395833333333 0.9263888888888889 0.4010416666666667 0.9282407407407407 0.4015625 0.9328703703703703 0.4036458333333333 0.9337962962962963 0.4046875 0.9337962962962963 0.40546875 0.9342592592592592 0.40572916666666664 0.9342592592592592 0.40729166666666666 0.9347222222222222 0.4075520833333333 0.9347222222222222 0.4088541666666667 0.9351851851851852 0.40911458333333334 0.9351851851851852 0.41015625 0.9356481481481481 0.41041666666666665 0.9361111111111111 0.41171875 0.937962962962963 0.4127604166666667 0.9384259259259259 0.4127604166666667 0.9393518518518519 0.41328125 0.9412037037037037 0.41380208333333335 0.9435185185185185 0.41510416666666666 0.9439814814814815 0.41510416666666666 0.9462962962962963 0.41640625 0.9467592592592593 0.41640625 0.9481481481481482 0.4171875 0.9486111111111111 0.4171875 0.950925925925926 0.41848958333333336 0.9550925925925926 0.41901041666666666 0.9587962962962963 0.41796875 0.9597222222222223 0.41744791666666664 0.9601851851851851 0.41744791666666664 0.961574074074074 0.4166666666666667 0.962037037037037 0.4166666666666667 0.9638888888888889 0.415625 0.9638888888888889 0.4153645833333333 0.9652777777777778 0.41458333333333336 0.9657407407407408 0.41458333333333336 0.975925925925926 0.40859375 0.9763888888888889 0.40859375 0.9773148148148149 0.4080729166666667 0.9773148148148149 0.4075520833333333 0.9777777777777777 0.40729166666666666 0.9777777777777777 0.40520833333333334 0.9787037037037037 0.4041666666666667 0.9782407407407407 0.4041666666666667 0.9768518518518519 0.40338541666666666 0.9768518518518519 0.403125 0.9745370370370371 0.40208333333333335 0.9726851851851852 0.4015625 0.9717592592592592 0.4015625 0.9689814814814814 0.40078125 0.9666666666666667 0.3997395833333333 0.9662037037037037 0.3997395833333333 0.9638888888888889 0.39817708333333335 0.9638888888888889 0.39765625 0.9629629629629629 0.3966145833333333 0.9629629629629629 0.3958333333333333 0.962037037037037 0.3953125 0.9611111111111111 0.3953125 0.9606481481481481 0.39505208333333336 0.9583333333333334 0.39505208333333336 0.9550925925925926 0.39609375 0.9518518518518518 0.39609375 0.950925925925926 0.3963541666666667 0.9495370370370371 0.39557291666666666 0.9490740740740741 0.39557291666666666 0.9481481481481482 0.39505208333333336 0.9462962962962963 0.39453125 0.9421296296296297 0.3921875 0.9416666666666667 0.3921875 0.9407407407407408 0.39166666666666666 0.9402777777777778 0.39166666666666666 0.9393518518518519 0.39114583333333336 0.9375 0.390625 0.9324074074074075 0.3880208333333333 0.9319444444444445 0.3880208333333333 0.9310185185185185 0.3875 0.9291666666666667 0.38697916666666665 0.924074074074074 0.3841145833333333 0.9222222222222223 0.38359375 0.9199074074074074 0.38229166666666664 0.9180555555555555 0.38177083333333334 0.9171296296296296 0.38177083333333334 0.9166666666666666 0.3815104166666667 0.9152777777777777 0.3815104166666667 0.913425925925926 0.38229166666666664
