0 0.5824074074074074 0.43463541666666666 0.5819444444444445 0.43515625 0.5819444444444445 0.4356770833333333 0.5814814814814815 0.4359375 0.5814814814814815 0.43697916666666664 0.5810185185185185 0.43723958333333335 0.5810185185185185 0.43828125 0.5805555555555556 0.43854166666666666 0.5805555555555556 0.43984375 0.5810185185185185 0.4401041666666667 0.5810185185185185 0.440625 0.5814814814814815 0.44114583333333335 0.5833333333333334 0.44244791666666666 0.5842592592592593 0.4427083333333333 0.5851851851851851 0.4427083333333333 0.586574074074074 0.4432291666666667 0.5875 0.4432291666666667 0.5879629629629629 0.4434895833333333 0.5888888888888889 0.4434895833333333 0.5893518518518519 0.44375 0.5902777777777778 0.44375 0.5907407407407408 0.4440104166666667 0.5916666666666667 0.4440104166666667 0.5921296296296297 0.44427083333333334 0.5930555555555556 0.44427083333333334 0.5935185185185186 0.44453125 0.5944444444444444 0.44453125 0.5949074074074074 0.44479166666666664 0.5958333333333333 0.44479166666666664 0.5962962962962963 0.44505208333333335 0.5972222222222222 0.44505208333333335 0.5976851851851852 0.4453125 0.5986111111111111 0.4453125 0.5990740740740741 0.44557291666666665 0.6013888888888889 0.44583333333333336 0.6027777777777777 0.44635416666666666 0.6037037037037037 0.44635416666666666 0.6055555555555555 0.446875 0.6069444444444444 0.446875 0.6074074074074074 0.4471354166666667 0.6083333333333333 0.4471354166666667 0.6087962962962963 0.4473958333333333 0.6097222222222223 0.4473958333333333 0.6101851851851852 0.44765625 0.6111111111111112 0.44765625 0.611574074074074 0.4479166666666667 0.6125 0.4479166666666667 0.6129629629629629 0.44817708333333334 0.6138888888888889 0.44817708333333334 0.6143518518518518 0.4484375 0.6166666666666667 0.44869791666666664 0.6194444444444445 0.44947916666666665 0.6208333333333333 0.45026041666666666 0.6217592592592592 0.4513020833333333 0.6217592592592592 0.45208333333333334 0.6222222222222222 0.45234375 0.6222222222222222 0.45338541666666665 0.6226851851851852 0.45364583333333336 0.6226851851851852 0.4546875 0.6268518518518519 0.45703125 0.6310185185185185 0.45703125 0.6375 0.4588541666666667 0.6407407407407407 0.4588541666666667 0.6412037037037037 0.45859375 0.6453703703703704 0.45859375 0.6462962962962963 0.4583333333333333 0.649537037037037 0.45651041666666664 0.649537037037037 0.45625 0.6509259259259259 0.4552083333333333 0.6513888888888889 0.45390625 0.6532407407407408 0.4518229166666667 0.6546296296296297 0.45078125 0.6546296296296297 0.45026041666666666 0.6550925925925926 0.45 0.6555555555555556 0.44869791666666664 0.6564814814814814 0.4479166666666667 0.6564814814814814 0.4473958333333333 0.6569444444444444 0.4471354166666667 0.6569444444444444 0.4466145833333333 0.6578703703703703 0.44557291666666665 0.6578703703703703 0.4440104166666667 0.6583333333333333 0.44375 0.6583333333333333 0.44296875 0.6578703703703703 0.44244791666666666 0.6550925925925926 0.44166666666666665 0.6541666666666667 0.44166666666666665 0.6523148148148148 0.44114583333333335 0.6509259259259259 0.44114583333333335 0.6504629629629629 0.44088541666666664 0.649537037037037 0.44088541666666664 0.6476851851851851 0.4401041666666667 0.6462962962962963 0.43984375 0.6453703703703704 0.4393229166666667 0.6444444444444445 0.4393229166666667 0.6425925925925926 0.4388020833333333 0.6393518518518518 0.43697916666666664 0.638425925925926 0.4359375 0.6370370370370371 0.4359375 0.6365740740740741 0.4356770833333333 0.6351851851851852 0.4356770833333333 0.6347222222222222 0.4354166666666667 0.6324074074074074 0.43645833333333334 0.6296296296296297 0.43723958333333335 0.6268518518518519 0.43854166666666666 0.6259259259259259 0.43854166666666666 0.625462962962963 0.43828125 0.6240740740740741 0.43828125 0.6236111111111111 0.43802083333333336 0.6217592592592592 0.43802083333333336 0.6212962962962963 0.43776041666666665 0.6199074074074075 0.43776041666666665 0.6171296296296296 0.43697916666666664 0.6162037037037037 0.43697916666666664 0.6148148148148148 0.43645833333333334 0.611574074074074 0.4361979166666667 0.6087962962962963 0.4354166666666667 0.6074074074074074 0.4354166666666667 0.6069444444444444 0.43515625 0.6055555555555555 0.43515625 0.6050925925925926 0.4348958333333333 0.6037037037037037 0.4348958333333333 0.6032407407407407 0.43463541666666666 0.6018518518518519 0.43463541666666666 0.6013888888888889 0.434375 0.6 0.434375 0.5995370370370371 0.43411458333333336 0.5967592592592592 0.43411458333333336 0.5962962962962963 0.43385416666666665 0.5949074074074074 0.43385416666666665 0.5916666666666667 0.4328125 0.586574074074074 0.4328125 0.5861111111111111 0.43307291666666664 0.5837962962962963 0.43333333333333335 0.5833333333333334 0.43411458333333336
2 0.5791666666666667 0.20494791666666667 0.575462962962963 0.20416666666666666 0.5731481481481482 0.2046875 0.5694444444444444 0.20494791666666667 0.5652777777777778 0.20625 0.5643518518518519 0.20625 0.5625 0.20703125 0.5597222222222222 0.20885416666666667 0.5597222222222222 0.21041666666666667 0.5592592592592592 0.21067708333333332 0.5592592592592592 0.21223958333333334 0.5564814814814815 0.21536458333333333 0.5560185185185185 0.21640625 0.5546296296296296 0.2171875 0.5481481481481482 0.21875 0.5472222222222223 0.21927083333333333 0.5361111111111111 0.22239583333333332 0.5328703703703703 0.22395833333333334 0.5291666666666667 0.22447916666666667 0.5236111111111111 0.2265625 0.5185185185185185 0.22786458333333334 0.5074074074074074 0.23229166666666667 0.5074074074074074 0.23671875 0.5078703703703704 0.23697916666666666 0.5078703703703704 0.23776041666666667 0.5087962962962963 0.23880208333333333 0.5092592592592593 0.24036458333333333 0.5138888888888888 0.24609375 0.5185185185185185 0.24947916666666667 0.5208333333333334 0.25026041666666665 0.5231481481481481 0.25026041666666665 0.5236111111111111 0.25 0.5254629629629629 0.25 0.5259259259259259 0.24973958333333332 0.5291666666666667 0.24947916666666667 0.5300925925925926 0.24895833333333334 0.5388888888888889 0.24661458333333333 0.5398148148148149 0.24609375 0.5425925925925926 0.24557291666666667 0.5458333333333333 0.24453125 0.5481481481481482 0.24427083333333333 0.5527777777777778 0.24296875 0.5560185185185185 0.24166666666666667 0.5601851851851852 0.240625 0.5648148148148148 0.24036458333333333 0.5671296296296297 0.23984375 0.5726851851851852 0.23984375 0.575462962962963 0.24036458333333333 0.5805555555555556 0.24036458333333333 0.5842592592592593 0.24114583333333334 0.5847222222222223 0.24088541666666666 0.5888888888888889 0.240625 0.5949074074074074 0.23932291666666666 0.5981481481481481 0.2375 0.6 0.2359375 0.600925925925926 0.23333333333333334 0.6013888888888889 0.23307291666666666 0.6013888888888889 0.23046875 0.600925925925926 0.23020833333333332 0.600925925925926 0.228125 0.600462962962963 0.22786458333333334 0.6 0.22604166666666667 0.5990740740740741 0.22447916666666667 0.5976851851851852 0.22317708333333333 0.5958333333333333 0.21979166666666666 0.5944444444444444 0.21875 0.5912037037037037 0.21510416666666668 0.5912037037037037 0.21458333333333332 0.5902777777777778 0.21380208333333334 0.5888888888888889 0.21145833333333333 0.5851851851851851 0.20833333333333334
3 0.5337962962962963 0.44166666666666665 0.5319444444444444 0.4434895833333333 0.5314814814814814 0.44557291666666665 0.5305555555555556 0.446875 0.5319444444444444 0.44973958333333336 0.5333333333333333 0.4510416666666667 0.5439814814814815 0.4549479166666667 0.5486111111111112 0.4557291666666667 0.549537037037037 0.45625 0.5532407407407407 0.45729166666666665 0.5541666666666667 0.45729166666666665 0.5574074074074075 0.4583333333333333 0.5601851851851852 0.4588541666666667 0.5643518518518519 0.46067708333333335 0.5717592592592593 0.4627604166666667 0.575925925925926 0.4635416666666667 0.5796296296296296 0.46510416666666665 0.586574074074074 0.46640625 0.5935185185185186 0.46875 0.6027777777777777 0.4703125 0.6074074074074074 0.47161458333333334 0.6097222222222223 0.47291666666666665 0.6111111111111112 0.4744791666666667 0.611574074074074 0.478125 0.6143518518518518 0.4796875 0.6189814814814815 0.48125 0.6199074074074075 0.48098958333333336 0.6226851851851852 0.48098958333333336 0.6240740740740741 0.47994791666666664 0.6277777777777778 0.4783854166666667 0.6291666666666667 0.47604166666666664 0.6305555555555555 0.4752604166666667 0.6314814814814815 0.4739583333333333 0.6347222222222222 0.47161458333333334 0.6375 0.46822916666666664 0.6393518518518518 0.4669270833333333 0.6398148148148148 0.46432291666666664 0.6402777777777777 0.4640625 0.6402777777777777 0.4622395833333333 0.6388888888888888 0.46041666666666664 0.6375 0.4596354166666667 0.6314814814814815 0.4583333333333333 0.6277777777777778 0.45859375 0.6236111111111111 0.4596354166666667 0.6166666666666667 0.4591145833333333 0.6037037037037037 0.4557291666666667 0.6 0.4552083333333333 0.5958333333333333 0.45364583333333336 0.5930555555555556 0.45208333333333334 0.5898148148148148 0.4513020833333333 0.5888888888888889 0.45078125 0.5847222222222223 0.45026041666666666 0.5796296296296296 0.44869791666666664 0.575925925925926 0.44817708333333334 0.5652777777777778 0.44505208333333335 0.5643518518518519 0.44505208333333335 0.5601851851851852 0.4434895833333333 0.5583333333333333 0.4432291666666667 0.5569444444444445 0.4427083333333333 0.5518518518518518 0.44192708333333336 0.5504629629629629 0.44140625 0.5449074074074074 0.44036458333333334 0.5421296296296296 0.44036458333333334 0.5416666666666666 0.4401041666666667 0.5370370370370371 0.4401041666666667
3 0.5837962962962963 0.47421875 0.5824074074074074 0.4734375 0.5796296296296296 0.4708333333333333 0.5773148148148148 0.4703125 0.5722222222222222 0.4705729166666667 0.5699074074074074 0.4713541666666667 0.5685185185185185 0.47265625 0.5680555555555555 0.4747395833333333 0.5657407407407408 0.4783854166666667 0.562037037037037 0.4796875 0.5541666666666667 0.48098958333333336 0.5513888888888889 0.4817708333333333 0.55 0.4817708333333333 0.5481481481481482 0.4822916666666667 0.5458333333333333 0.4822916666666667 0.5412037037037037 0.48333333333333334 0.5361111111111111 0.48385416666666664 0.5333333333333333 0.484375 0.5300925925925926 0.48541666666666666 0.524074074074074 0.4861979166666667 0.5226851851851851 0.48671875 0.5203703703703704 0.4869791666666667 0.5162037037037037 0.48802083333333335 0.5148148148148148 0.48802083333333335 0.5111111111111111 0.48880208333333336 0.5041666666666667 0.4895833333333333 0.5023148148148148 0.4901041666666667 0.500462962962963 0.4901041666666667 0.4986111111111111 0.490625 0.4935185185185185 0.49114583333333334 0.48842592592592593 0.49244791666666665 0.48703703703703705 0.49244791666666665 0.4787037037037037 0.49505208333333334 0.47685185185185186 0.49635416666666665 0.4759259259259259 0.49765625 0.47638888888888886 0.5020833333333333 0.47824074074074074 0.5041666666666667 0.48148148148148145 0.50546875 0.48333333333333334 0.50546875 0.4837962962962963 0.5057291666666667 0.49537037037037035 0.5057291666666667 0.4981481481481482 0.5052083333333334 0.5032407407407408 0.5049479166666667 0.5037037037037037 0.5046875 0.5087962962962963 0.5041666666666667 0.5120370370370371 0.5033854166666667 0.513425925925926 0.5033854166666667 0.5175925925925926 0.50234375 0.5217592592592593 0.5020833333333333 0.5254629629629629 0.5013020833333334 0.5287037037037037 0.5010416666666667 0.5324074074074074 0.49973958333333335 0.5375 0.49921875 0.5388888888888889 0.4986979166666667 0.5444444444444444 0.49765625 0.55 0.49765625 0.5504629629629629 0.4973958333333333 0.5550925925925926 0.49713541666666666 0.5555555555555556 0.496875 0.5601851851851852 0.49661458333333336 0.5606481481481481 0.49635416666666665 0.562962962962963 0.49635416666666665 0.5634259259259259 0.49609375 0.5703703703703704 0.49583333333333335 0.5708333333333333 0.49609375 0.5722222222222222 0.49609375 0.575 0.496875 0.5773148148148148 0.4979166666666667 0.5787037037037037 0.4979166666666667 0.5791666666666667 0.4981770833333333 0.587037037037037 0.4979166666666667 0.5888888888888889 0.496875 0.5916666666666667 0.49453125 0.5916666666666667 0.48854166666666665 0.5912037037037037 0.48828125 0.5907407407407408 0.4856770833333333 0.5893518518518519 0.48359375 0.5893518518518519 0.4825520833333333 0.587037037037037 0.4786458333333333 0.5837962962962963 0.4747395833333333
3 0.3490740740740741 0.33098958333333334 0.3476851851851852 0.33359375 0.3472222222222222 0.3380208333333333 0.34814814814814815 0.33958333333333335 0.350462962962963 0.34140625 0.3527777777777778 0.3424479166666667 0.35648148148148145 0.34348958333333335 0.3685185185185185 0.3455729166666667 0.3731481481481482 0.3458333333333333 0.3736111111111111 0.34609375 0.37777777777777777 0.3463541666666667 0.37824074074074077 0.34661458333333334 0.38055555555555554 0.34661458333333334 0.3851851851851852 0.34739583333333335 0.3875 0.34739583333333335 0.38796296296296295 0.34765625 0.38981481481481484 0.34765625 0.3921296296296296 0.34817708333333336 0.39444444444444443 0.34817708333333336 0.39490740740740743 0.3484375 0.39675925925925926 0.3484375 0.399537037037037 0.3489583333333333 0.4078703703703704 0.3494791666666667 0.4083333333333333 0.3497395833333333 0.41203703703703703 0.35 0.4125 0.3502604166666667 0.41388888888888886 0.3502604166666667 0.41435185185185186 0.35052083333333334 0.41574074074074074 0.35052083333333334 0.4162037037037037 0.35078125 0.41759259259259257 0.35078125 0.41805555555555557 0.35104166666666664 0.4300925925925926 0.35260416666666666 0.43425925925925923 0.3536458333333333 0.4361111111111111 0.3546875 0.4375 0.3575520833333333 0.4388888888888889 0.35911458333333335 0.44027777777777777 0.35989583333333336 0.44305555555555554 0.3606770833333333 0.4444444444444444 0.3606770833333333 0.44675925925925924 0.3611979166666667 0.45092592592592595 0.3609375 0.4550925925925926 0.35859375 0.4564814814814815 0.35703125 0.45694444444444443 0.35572916666666665 0.4587962962962963 0.3536458333333333 0.45925925925925926 0.3515625 0.46064814814814814 0.3489583333333333 0.46111111111111114 0.34609375 0.4615740740740741 0.3458333333333333 0.4615740740740741 0.3377604166666667 0.4587962962962963 0.33489583333333334 0.45555555555555555 0.3338541666666667 0.4527777777777778 0.33359375 0.45092592592592595 0.33307291666666666 0.45046296296296295 0.3333333333333333 0.44722222222222224 0.33359375 0.4425925925925926 0.33671875 0.4388888888888889 0.3377604166666667 0.4356481481481482 0.33697916666666666 0.4310185185185185 0.33671875 0.42777777777777776 0.3359375 0.42268518518518516 0.33567708333333335 0.42083333333333334 0.33515625 0.41712962962962963 0.33489583333333334 0.4148148148148148 0.334375 0.4125 0.334375 0.4097222222222222 0.3338541666666667 0.40185185185185185 0.33359375 0.4013888888888889 0.3333333333333333 0.39861111111111114 0.3333333333333333 0.39814814814814814 0.33307291666666666 0.38935185185185184 0.33255208333333336 0.3888888888888889 0.33229166666666665 0.3861111111111111 0.33229166666666665 0.38564814814814813 0.33203125 0.3837962962962963 0.33203125 0.38333333333333336 0.33177083333333335 0.37777777777777777 0.33125 0.3736111111111111 0.33046875 0.3680555555555556 0.3302083333333333 0.3675925925925926 0.3299479166666667 0.36203703703703705 0.3296875 0.36157407407407405 0.3294270833333333 0.3587962962962963 0.3294270833333333 0.35833333333333334 0.32916666666666666 0.3527777777777778 0.3294270833333333 0.35138888888888886 0.3299479166666667 0.350462962962963 0.3299479166666667
4 0.7134259259259259 0.3768229166666667 0.7092592592592593 0.3768229166666667 0.7087962962962963 0.3765625 0.7041666666666667 0.3768229166666667 0.700462962962963 0.37838541666666664 0.6972222222222222 0.38125 0.6962962962962963 0.38385416666666666 0.6958333333333333 0.3841145833333333 0.6958333333333333 0.3848958333333333 0.6972222222222222 0.38671875 0.6990740740740741 0.38776041666666666 0.700462962962963 0.3890625 0.700462962962963 0.38958333333333334 0.7013888888888888 0.39036458333333335 0.7013888888888888 0.39088541666666665 0.7023148148148148 0.3919270833333333 0.7023148148148148 0.3927083333333333 0.7 0.39557291666666666 0.7 0.39609375 0.6990740740740741 0.396875 0.6990740740740741 0.39739583333333334 0.6939814814814815 0.403125 0.6930555555555555 0.4036458333333333 0.6930555555555555 0.4041666666666667 0.6916666666666667 0.40572916666666664 0.6893518518518519 0.4075520833333333 0.6875 0.40989583333333335 0.6856481481481481 0.41119791666666666 0.6833333333333333 0.4140625 0.6814814814814815 0.4153645833333333 0.6791666666666667 0.41822916666666665 0.6791666666666667 0.41875 0.6782407407407407 0.41953125 0.6782407407407407 0.4203125 0.6796296296296296 0.42161458333333335 0.6796296296296296 0.42213541666666665 0.6810185185185185 0.4236979166666667 0.6865740740740741 0.42552083333333335 0.6875 0.42552083333333335 0.6888888888888889 0.42604166666666665 0.6898148148148148 0.42604166666666665 0.6912037037037037 0.4265625 0.6939814814814815 0.42682291666666666 0.6944444444444444 0.4270833333333333 0.6986111111111111 0.4270833333333333 0.6990740740740741 0.42682291666666666 0.7 0.42682291666666666 0.7032407407407407 0.42552083333333335 0.7055555555555556 0.42421875 0.7074074074074074 0.42265625 0.7097222222222223 0.42135416666666664 0.7125 0.41901041666666666 0.7129629629629629 0.41822916666666665 0.7148148148148148 0.41692708333333334 0.7152777777777778 0.4161458333333333 0.7171296296296297 0.41484375 0.7189814814814814 0.4127604166666667 0.7226851851851852 0.40963541666666664 0.7240740740740741 0.4088541666666667 0.725 0.4078125 0.7277777777777777 0.40572916666666664 0.7291666666666666 0.40520833333333334 0.7337962962962963 0.40234375 0.7361111111111112 0.4015625 0.7449074074074075 0.40130208333333334 0.7453703703703703 0.4010416666666667 0.7472222222222222 0.4010416666666667 0.7481481481481481 0.40078125 0.7523148148148148 0.3984375 0.7541666666666667 0.3963541666666667 0.7541666666666667 0.39348958333333334 0.7546296296296297 0.3932291666666667 0.7546296296296297 0.3924479166666667 0.7513888888888889 0.3893229166666667 0.7481481481481481 0.38828125 0.7412037037037037 0.3846354166666667 0.7398148148148148 0.384375 0.7333333333333333 0.38177083333333334 0.7296296296296296 0.3807291666666667 0.7287037037037037 0.3807291666666667 0.7273148148148149 0.3802083333333333 0.7240740740740741 0.3796875 0.7199074074074074 0.37838541666666664 0.7175925925925926 0.378125
2 0.7129629629629629 0.4505208333333333 0.7083333333333334 0.4505208333333333 0.7069444444444445 0.4510416666666667 0.7060185185185185 0.4510416666666667 0.7046296296296296 0.4515625 0.6995370370370371 0.4546875 0.6995370370370371 0.4552083333333333 0.6990740740740741 0.45546875 0.6990740740740741 0.45703125 0.6986111111111111 0.45729166666666665 0.6986111111111111 0.4591145833333333 0.7018518518518518 0.4627604166666667 0.7018518518518518 0.4635416666666667 0.7013888888888888 0.46380208333333334 0.7013888888888888 0.4666666666666667 0.6962962962962963 0.47109375 0.6902777777777778 0.4747395833333333 0.6884259259259259 0.47708333333333336 0.6851851851851852 0.4791666666666667 0.6833333333333333 0.48072916666666665 0.6814814814814815 0.48151041666666666 0.6768518518518518 0.484375 0.6722222222222223 0.48828125 0.6703703703703704 0.48932291666666666 0.6699074074074074 0.48932291666666666 0.6685185185185185 0.4903645833333333 0.6675925925925926 0.4940104166666667 0.6699074074074074 0.49609375 0.6763888888888889 0.4986979166666667 0.6814814814814815 0.5015625 0.6824074074074075 0.5015625 0.6842592592592592 0.5020833333333333 0.6898148148148148 0.50234375 0.6902777777777778 0.5020833333333333 0.6930555555555555 0.5018229166666667 0.6962962962962963 0.50078125 0.7027777777777777 0.4979166666666667 0.7074074074074074 0.4953125 0.7143518518518519 0.4901041666666667 0.7171296296296297 0.48854166666666665 0.7199074074074074 0.4856770833333333 0.7212962962962963 0.48489583333333336 0.7282407407407407 0.4828125 0.7319444444444444 0.4822916666666667 0.7356481481481482 0.48125 0.7439814814814815 0.48151041666666666 0.7462962962962963 0.48098958333333336 0.7518518518518519 0.4783854166666667 0.7546296296296297 0.475 0.7546296296296297 0.4705729166666667 0.7532407407407408 0.46979166666666666 0.75 0.4669270833333333 0.7453703703703703 0.46458333333333335 0.7430555555555556 0.4627604166666667 0.7393518518518518 0.46145833333333336 0.7333333333333333 0.4583333333333333 0.7291666666666666 0.45651041666666664 0.7273148148148149 0.45598958333333334 0.7203703703703703 0.45260416666666664 0.7185185185185186 0.45234375 0.7152777777777778 0.4510416666666667
3 0.8018518518518518 0.1375 0.7986111111111112 0.13880208333333333 0.7949074074074074 0.1421875 0.7953703703703704 0.14635416666666667 0.7981481481481482 0.1484375 0.7986111111111112 0.14921875 0.8060185185185185 0.15338541666666666 0.812037037037037 0.15755208333333334 0.8138888888888889 0.15833333333333333 0.8245370370370371 0.16484375 0.825462962962963 0.16588541666666667 0.8273148148148148 0.16692708333333334 0.8300925925925926 0.16979166666666667 0.8310185185185185 0.17005208333333333 0.8388888888888889 0.17447916666666666 0.8412037037037037 0.1765625 0.8425925925925926 0.17734375 0.8430555555555556 0.18151041666666667 0.8421296296296297 0.18229166666666666 0.8416666666666667 0.18385416666666668 0.8412037037037037 0.18411458333333333 0.8412037037037037 0.1859375 0.8435185185185186 0.18828125 0.8439814814814814 0.18932291666666667 0.8453703703703703 0.19036458333333334 0.8495370370370371 0.19192708333333333 0.8537037037037037 0.19270833333333334 0.8574074074074074 0.19192708333333333 0.8601851851851852 0.190625 0.8648148148148148 0.18932291666666667 0.8666666666666667 0.18828125 0.8689814814814815 0.18776041666666668 0.8717592592592592 0.18645833333333334 0.8800925925925925 0.18125 0.8814814814814815 0.17942708333333332 0.8833333333333333 0.17786458333333333 0.8833333333333333 0.1734375 0.8814814814814815 0.171875 0.8782407407407408 0.16979166666666667 0.8726851851851852 0.16875 0.8671296296296296 0.16979166666666667 0.8657407407407407 0.1703125 0.8638888888888889 0.1703125 0.8611111111111112 0.16979166666666667 0.8574074074074074 0.16770833333333332 0.8532407407407407 0.16380208333333332 0.850462962962963 0.16223958333333333 0.850462962962963 0.16197916666666667 0.8467592592592592 0.16015625 0.8416666666666667 0.15625 0.8407407407407408 0.15598958333333332 0.8342592592592593 0.15208333333333332 0.8319444444444445 0.15 0.8282407407407407 0.14765625 0.8263888888888888 0.14583333333333334 0.8208333333333333 0.14296875 0.8138888888888889 0.13828125 0.8115740740740741 0.13802083333333334 0.8074074074074075 0.13697916666666668 0.8050925925925926 0.13697916666666668 0.8046296296296296 0.13723958333333333
0 0.737037037037037 0.4903645833333333 0.7356481481481482 0.49192708333333335 0.7356481481481482 0.49244791666666665 0.7347222222222223 0.49322916666666666 0.7347222222222223 0.49375 0.7342592592592593 0.4940104166666667 0.737037037037037 0.49609375 0.7384259259259259 0.49765625 0.7398148148148148 0.4984375 0.7407407407407407 0.4986979166666667 0.7407407407407407 0.49895833333333334 0.7425925925925926 0.5 0.7425925925925926 0.5002604166666667 0.7435185185185185 0.50078125 0.7444444444444445 0.5018229166666667 0.749537037037037 0.5049479166666667 0.7518518518518519 0.5078125 0.7537037037037037 0.5088541666666667 0.7550925925925925 0.5104166666666666 0.7569444444444444 0.51171875 0.7569444444444444 0.5122395833333333 0.7578703703703704 0.51328125 0.7578703703703704 0.51484375 0.7583333333333333 0.5151041666666667 0.7583333333333333 0.5174479166666667 0.7587962962962963 0.5177083333333333 0.7587962962962963 0.5182291666666666 0.7592592592592593 0.51875 0.7662037037037037 0.52265625 0.7662037037037037 0.5229166666666667 0.7694444444444445 0.5247395833333334 0.7699074074074074 0.5252604166666667 0.7703703703703704 0.5252604166666667 0.7712962962962963 0.52578125 0.7736111111111111 0.52578125 0.774074074074074 0.5260416666666666 0.7763888888888889 0.5260416666666666 0.7768518518518519 0.52578125 0.7787037037037037 0.52578125 0.7791666666666667 0.5255208333333333 0.7805555555555556 0.5255208333333333 0.7810185185185186 0.5252604166666667 0.7819444444444444 0.5252604166666667 0.7837962962962963 0.5247395833333334 0.7847222222222222 0.52421875 0.7912037037037037 0.5223958333333333 0.7921296296296296 0.521875 0.7939814814814815 0.5213541666666667 0.7953703703703704 0.5205729166666667 0.7953703703703704 0.5203125 0.7967592592592593 0.51953125 0.7967592592592593 0.5192708333333333 0.7986111111111112 0.51796875 0.7986111111111112 0.5158854166666667 0.7981481481481482 0.515625 0.7981481481481482 0.51484375 0.7976851851851852 0.5145833333333333 0.7976851851851852 0.5140625 0.7972222222222223 0.5135416666666667 0.7962962962962963 0.51328125 0.7935185185185185 0.51171875 0.7930555555555555 0.51171875 0.7925925925925926 0.5111979166666667 0.7912037037037037 0.5104166666666666 0.7902777777777777 0.509375 0.7902777777777777 0.50859375 0.7898148148148149 0.5083333333333333 0.7893518518518519 0.50703125 0.788425925925926 0.5059895833333333 0.7875 0.50546875 0.7865740740740741 0.5052083333333334 0.7847222222222222 0.5052083333333334 0.7842592592592592 0.5049479166666667 0.7787037037037037 0.5049479166666667 0.7782407407407408 0.5046875 0.775 0.5044270833333333 0.774074074074074 0.50390625 0.7736111111111111 0.50390625 0.7703703703703704 0.5020833333333333 0.7703703703703704 0.5018229166666667 0.7611111111111111 0.49661458333333336 0.7611111111111111 0.49635416666666665 0.7587962962962963 0.49505208333333334 0.7578703703703704 0.4940104166666667 0.7518518518518519 0.490625 0.7518518518518519 0.4903645833333333 0.7509259259259259 0.4901041666666667 0.7476851851851852 0.48828125 0.7435185185185185 0.48828125 0.7425925925925926 0.48880208333333336 0.7407407407407407 0.48932291666666666 0.7398148148148148 0.48932291666666666
3 0.7754629629629629 0.6697916666666667 0.7717592592592593 0.6682291666666667 0.7680555555555556 0.6674479166666667 0.7643518518518518 0.6677083333333333 0.7620370370370371 0.66875 0.7592592592592593 0.66953125 0.7583333333333333 0.67109375 0.7583333333333333 0.6734375 0.7578703703703704 0.6736979166666667 0.7578703703703704 0.675 0.7574074074074074 0.6752604166666667 0.7569444444444444 0.67734375 0.7527777777777778 0.6807291666666667 0.75 0.6822916666666666 0.7425925925925926 0.68515625 0.7375 0.6877604166666667 0.7337962962962963 0.6890625 0.7300925925925926 0.6908854166666667 0.7222222222222222 0.69375 0.7175925925925926 0.6963541666666667 0.7101851851851851 0.6989583333333333 0.7087962962962963 0.6997395833333333 0.7023148148148148 0.7015625 0.6972222222222222 0.7041666666666667 0.6939814814814815 0.7052083333333333 0.6884259259259259 0.7083333333333334 0.687037037037037 0.70859375 0.6856481481481481 0.7096354166666666 0.6856481481481481 0.7109375 0.6851851851851852 0.7111979166666667 0.6851851851851852 0.7130208333333333 0.6875 0.7153645833333333 0.6888888888888889 0.7161458333333334 0.6925925925925925 0.7171875 0.6953703703703704 0.7171875 0.6958333333333333 0.7174479166666666 0.7041666666666667 0.71640625 0.7106481481481481 0.7140625 0.7162037037037037 0.7125 0.7194444444444444 0.7106770833333333 0.7245370370370371 0.7088541666666667 0.725925925925926 0.7080729166666667 0.7319444444444444 0.70625 0.737037037037037 0.70390625 0.7384259259259259 0.7036458333333333 0.7407407407407407 0.7026041666666667 0.7453703703703703 0.7013020833333333 0.7583333333333333 0.6958333333333333 0.763425925925926 0.6940104166666666 0.7675925925925926 0.6932291666666667 0.7708333333333334 0.6919270833333333 0.7759259259259259 0.690625 0.7782407407407408 0.690625 0.7791666666666667 0.6903645833333333 0.7828703703703703 0.6916666666666667 0.7842592592592592 0.6916666666666667 0.7847222222222222 0.69140625 0.7888888888888889 0.6911458333333333 0.7939814814814815 0.6893229166666667 0.7944444444444444 0.6854166666666667 0.7912037037037037 0.68203125 0.7912037037037037 0.6815104166666667 0.7870370370370371 0.6778645833333333 0.7824074074074074 0.675 0.7791666666666667 0.6723958333333333 0.7763888888888889 0.67109375
4 0.9601851851851851 0.6265625 0.9597222222222223 0.6263020833333334 0.9592592592592593 0.6236979166666666 0.9574074074074074 0.6208333333333333 0.9546296296296296 0.6190104166666667 0.950925925925926 0.6177083333333333 0.9435185185185185 0.6174479166666667 0.9430555555555555 0.6171875 0.9425925925925925 0.6174479166666667 0.9393518518518519 0.6174479166666667 0.9356481481481481 0.61953125 0.9347222222222222 0.6205729166666667 0.9328703703703703 0.6216145833333333 0.9287037037037037 0.62265625 0.9263888888888889 0.62265625 0.9259259259259259 0.6223958333333334 0.9236111111111112 0.6223958333333334 0.9231481481481482 0.6221354166666667 0.9199074074074074 0.6221354166666667 0.9157407407407407 0.6213541666666667 0.9125 0.6213541666666667 0.9120370370370371 0.62109375 0.9055555555555556 0.6205729166666667 0.9032407407407408 0.6200520833333333 0.8958333333333334 0.6197916666666666 0.8921296296296296 0.6190104166666667 0.8893518518518518 0.6190104166666667 0.8888888888888888 0.61875 0.8870370370370371 0.61875 0.8847222222222222 0.6182291666666667 0.8824074074074074 0.6182291666666667 0.8819444444444444 0.61796875 0.8800925925925925 0.61796875 0.8773148148148148 0.6174479166666667 0.8722222222222222 0.6174479166666667 0.8717592592592592 0.6177083333333333 0.8694444444444445 0.6177083333333333 0.8685185185185185 0.61796875 0.8648148148148148 0.6197916666666666 0.8625 0.6229166666666667 0.8625 0.6244791666666667 0.862037037037037 0.6247395833333333 0.862037037037037 0.62890625 0.8625 0.6291666666666667 0.8625 0.6307291666666667 0.8638888888888889 0.63203125 0.8652777777777778 0.6328125 0.8689814814814815 0.6338541666666667 0.8726851851851852 0.6341145833333334 0.8768518518518519 0.63515625 0.8787037037037037 0.63515625 0.8842592592592593 0.6361979166666667 0.8888888888888888 0.6364583333333333 0.8916666666666667 0.6372395833333333 0.8962962962962963 0.6375 0.9009259259259259 0.6385416666666667 0.9060185185185186 0.6390625 0.9074074074074074 0.6395833333333333 0.913425925925926 0.6401041666666667 0.9148148148148149 0.640625 0.9171296296296296 0.6408854166666667 0.9199074074074074 0.6416666666666667 0.9231481481481482 0.6434895833333333 0.9254629629629629 0.6473958333333333 0.9273148148148148 0.6494791666666667 0.9314814814814815 0.6515625 0.9328703703703703 0.6515625 0.9388888888888889 0.6528645833333333 0.9435185185185185 0.6528645833333333 0.9476851851851852 0.6513020833333333 0.950925925925926 0.64921875 0.9546296296296296 0.6447916666666667 0.9560185185185185 0.6424479166666667 0.9569444444444445 0.6395833333333333 0.9578703703703704 0.6385416666666667 0.9583333333333334 0.6364583333333333 0.9587962962962963 0.6361979166666667 0.9592592592592593 0.6328125 0.9597222222222223 0.6325520833333333 0.9597222222222223 0.63125 0.9601851851851851 0.6309895833333333
1 0.9222222222222223 0.27109375 0.9180555555555555 0.2716145833333333 0.9152777777777777 0.27265625 0.9120370370370371 0.2755208333333333 0.9111111111111111 0.27838541666666666 0.912962962962963 0.2984375 0.9162037037037037 0.3177083333333333 0.9166666666666666 0.3302083333333333 0.9194444444444444 0.3502604166666667 0.9208333333333333 0.3690104166666667 0.9166666666666666 0.371875 0.9120370370370371 0.3734375 0.9097222222222222 0.3770833333333333 0.9115740740740741 0.38203125 0.9152777777777777 0.3848958333333333 0.9199074074074074 0.3859375 0.9273148148148148 0.3859375 0.937037037037037 0.3846354166666667 0.9430555555555555 0.38307291666666665 0.9486111111111111 0.38307291666666665 0.9523148148148148 0.38255208333333335 0.9564814814814815 0.38046875 0.9583333333333334 0.37786458333333334 0.9583333333333334 0.3763020833333333 0.9546296296296296 0.3692708333333333 0.9481481481481482 0.36796875 0.9458333333333333 0.365625 0.9402777777777778 0.3299479166666667 0.9398148148148148 0.3184895833333333 0.9384259259259259 0.3104166666666667 0.9384259259259259 0.3028645833333333 0.9375 0.29921875 0.9365740740740741 0.28515625 0.9347222222222222 0.2752604166666667 0.9310185185185185 0.271875 0.9254629629629629 0.27109375
3 0.999537037037037 0.371875 0.9981481481481481 0.371875 0.9958333333333333 0.37265625 0.9939814814814815 0.3729166666666667 0.9907407407407407 0.37473958333333335 0.9902777777777778 0.37473958333333335 0.9888888888888889 0.37552083333333336 0.9884259259259259 0.37552083333333336 0.987037037037037 0.3763020833333333 0.986574074074074 0.3763020833333333 0.9828703703703704 0.37786458333333334 0.9814814814814815 0.378125 0.9777777777777777 0.3796875 0.9726851851851852 0.3809895833333333 0.9694444444444444 0.38229166666666664 0.9638888888888889 0.38385416666666666 0.9629629629629629 0.38385416666666666 0.9625 0.3841145833333333 0.9578703703703704 0.3841145833333333 0.9574074074074074 0.38385416666666666 0.95 0.38385416666666666 0.9495370370370371 0.3841145833333333 0.9430555555555555 0.3841145833333333 0.9365740740740741 0.3859375 0.9356481481481481 0.3859375 0.9342592592592592 0.38645833333333335 0.9319444444444445 0.38671875 0.9300925925925926 0.38776041666666666 0.9300925925925926 0.3880208333333333 0.9291666666666667 0.3885416666666667 0.9287037037037037 0.38958333333333334 0.9273148148148148 0.390625 0.9273148148148148 0.39140625 0.9268518518518518 0.39166666666666666 0.9268518518518518 0.39453125 0.9273148148148148 0.39479166666666665 0.9273148148148148 0.3966145833333333 0.9287037037037037 0.39817708333333335 0.9296296296296296 0.4002604166666667 0.9310185185185185 0.40130208333333334 0.9314814814814815 0.40208333333333335 0.9328703703703703 0.40286458333333336 0.9342592592592592 0.4044270833333333 0.9407407407407408 0.4083333333333333 0.9412037037037037 0.4083333333333333 0.9435185185185185 0.409375 0.9444444444444444 0.409375 0.9449074074074074 0.40963541666666664 0.9458333333333333 0.40963541666666664 0.9476851851851852 0.41015625 0.95 0.41015625 0.950462962962963 0.41041666666666665 0.9560185185185185 0.41041666666666665 0.9564814814814815 0.41015625 0.9583333333333334 0.41015625 0.9601851851851851 0.409375 0.9634259259259259 0.40859375 0.9643518518518519 0.4080729166666667 0.9648148148148148 0.4080729166666667 0.9648148148148148 0.4078125 0.9666666666666667 0.40677083333333336 0.9689814814814814 0.4041666666666667 0.9689814814814814 0.40338541666666666 0.9694444444444444 0.403125 0.9694444444444444 0.40234375 0.9699074074074074 0.40208333333333335 0.9703703703703703 0.4002604166666667 0.9722222222222222 0.39817708333333335 0.9791666666666666 0.39453125 0.9847222222222223 0.39296875 0.9879629629629629 0.39166666666666666 0.9893518518518518 0.39140625 0.9912037037037037 0.39036458333333335 0.9916666666666667 0.39036458333333335 0.9930555555555556 0.38958333333333334 0.9949074074074075 0.3890625 0.9981481481481481 0.38723958333333336 0.999537037037037 0.38723958333333336
