0 0.48935185185185187 0.4192708333333333 0.48564814814814816 0.4231770833333333 0.48564814814814816 0.4265625 0.4861111111111111 0.42682291666666666 0.4861111111111111 0.4276041666666667 0.4888888888888889 0.42916666666666664 0.49166666666666664 0.42994791666666665 0.4925925925925926 0.43046875 0.4935185185185185 0.43072916666666666 0.49444444444444446 0.43072916666666666 0.49583333333333335 0.43125 0.4981481481481482 0.4315104166666667 0.49907407407407406 0.43203125 0.500462962962963 0.4322916666666667 0.5013888888888889 0.4328125 0.5032407407407408 0.43333333333333335 0.5041666666666667 0.43333333333333335 0.5069444444444444 0.43411458333333336 0.5092592592592593 0.434375 0.5120370370370371 0.43515625 0.5143518518518518 0.4361979166666667 0.5175925925925926 0.43697916666666664 0.5212962962962963 0.4390625 0.5231481481481481 0.44114583333333335 0.5231481481481481 0.44166666666666665 0.524074074074074 0.44244791666666666 0.524074074074074 0.44296875 0.525 0.4440104166666667 0.5259259259259259 0.44453125 0.5268518518518519 0.44479166666666664 0.5277777777777778 0.44479166666666664 0.5282407407407408 0.44505208333333335 0.5291666666666667 0.44505208333333335 0.5310185185185186 0.44557291666666665 0.5333333333333333 0.4466145833333333 0.5342592592592592 0.4466145833333333 0.5356481481481481 0.4471354166666667 0.5365740740740741 0.4471354166666667 0.5370370370370371 0.4473958333333333 0.538425925925926 0.4473958333333333 0.5402777777777777 0.4479166666666667 0.5435185185185185 0.4479166666666667 0.5439814814814815 0.44817708333333334 0.5449074074074074 0.4479166666666667 0.5472222222222223 0.4479166666666667 0.5476851851851852 0.44765625 0.5486111111111112 0.44765625 0.549537037037037 0.4473958333333333 0.5527777777777778 0.4453125 0.5532407407407407 0.44453125 0.5550925925925926 0.4432291666666667 0.5555555555555556 0.44244791666666666 0.5564814814814815 0.44192708333333336 0.5583333333333333 0.43984375 0.5601851851851852 0.43854166666666666 0.562962962962963 0.4354166666666667 0.562962962962963 0.4315104166666667 0.5606481481481481 0.43020833333333336 0.5597222222222222 0.42994791666666665 0.5587962962962963 0.42994791666666665 0.5574074074074075 0.42942708333333335 0.5555555555555556 0.42942708333333335 0.5550925925925926 0.42916666666666664 0.5523148148148148 0.42916666666666664 0.5513888888888889 0.42890625 0.55 0.428125 0.549537037037037 0.428125 0.549074074074074 0.4276041666666667 0.5486111111111112 0.4276041666666667 0.5439814814814815 0.42473958333333334 0.5435185185185185 0.42473958333333334 0.5412037037037037 0.4236979166666667 0.5402777777777777 0.4236979166666667 0.5388888888888889 0.42421875 0.537962962962963 0.42421875 0.5342592592592592 0.42526041666666664 0.5333333333333333 0.42578125 0.5324074074074074 0.42578125 0.5319444444444444 0.42552083333333335 0.5305555555555556 0.42552083333333335 0.5300925925925926 0.42526041666666664 0.5291666666666667 0.42526041666666664 0.5287037037037037 0.425 0.5277777777777778 0.425 0.5273148148148148 0.42473958333333334 0.525 0.4244791666666667 0.5217592592592593 0.4234375 0.5194444444444445 0.4234375 0.5189814814814815 0.4231770833333333 0.5171296296296296 0.4231770833333333 0.5138888888888888 0.42213541666666665 0.512962962962963 0.42213541666666665 0.5125 0.421875 0.5111111111111111 0.421875 0.5106481481481482 0.42161458333333335 0.5097222222222222 0.42161458333333335 0.5078703703703704 0.42109375 0.5064814814814815 0.42109375 0.5060185185185185 0.42083333333333334 0.5037037037037037 0.4205729166666667 0.4976851851851852 0.41875 0.49583333333333335 0.41875 0.49537037037037035 0.41848958333333336 0.4930555555555556 0.41848958333333336 0.4925925925925926 0.41875 0.4912037037037037 0.41875
2 0.5217592592592593 0.18880208333333334 0.5180555555555556 0.18802083333333333 0.5157407407407407 0.18802083333333333 0.5152777777777777 0.18828125 0.512962962962963 0.18828125 0.5097222222222222 0.1890625 0.5050925925925925 0.18958333333333333 0.5023148148148148 0.19088541666666667 0.500462962962963 0.19322916666666667 0.5 0.19713541666666667 0.49583333333333335 0.19947916666666668 0.4875 0.20182291666666666 0.48657407407407405 0.20182291666666666 0.4847222222222222 0.20260416666666667 0.4837962962962963 0.20260416666666667 0.4777777777777778 0.20442708333333334 0.4740740740740741 0.20494791666666667 0.4703703703703704 0.20625 0.4625 0.20755208333333333 0.45925925925925926 0.20859375 0.4583333333333333 0.20859375 0.4550925925925926 0.20989583333333334 0.45 0.21119791666666668 0.44583333333333336 0.21276041666666667 0.44583333333333336 0.2140625 0.44537037037037036 0.21432291666666667 0.44537037037037036 0.2171875 0.44583333333333336 0.21744791666666666 0.44583333333333336 0.21822916666666667 0.4486111111111111 0.22161458333333334 0.45 0.22395833333333334 0.45 0.22473958333333333 0.4527777777777778 0.22760416666666666 0.4537037037037037 0.228125 0.4546296296296296 0.22942708333333334 0.45555555555555555 0.22994791666666667 0.4587962962962963 0.23098958333333333 0.4625 0.23020833333333332 0.4648148148148148 0.23020833333333332 0.4652777777777778 0.22994791666666667 0.4671296296296296 0.22994791666666667 0.4689814814814815 0.22942708333333334 0.4703703703703704 0.22942708333333334 0.4759259259259259 0.22838541666666667 0.4791666666666667 0.22708333333333333 0.4824074074074074 0.2265625 0.4861111111111111 0.22526041666666666 0.49027777777777776 0.22473958333333333 0.49444444444444446 0.2234375 0.49722222222222223 0.22291666666666668 0.5074074074074074 0.22265625 0.5078703703703704 0.22291666666666668 0.5101851851851852 0.22291666666666668 0.5106481481481482 0.22317708333333333 0.513425925925926 0.22317708333333333 0.5212962962962963 0.22552083333333334 0.5268518518518519 0.22552083333333334 0.5273148148148148 0.22526041666666666 0.5310185185185186 0.22526041666666666 0.5314814814814814 0.225 0.5328703703703703 0.225 0.5375 0.22265625 0.5398148148148149 0.2203125 0.5398148148148149 0.2171875 0.5402777777777777 0.21640625 0.5398148148148149 0.21614583333333334 0.5393518518518519 0.2125 0.538425925925926 0.21145833333333333 0.538425925925926 0.21067708333333332 0.537962962962963 0.21041666666666667 0.5370370370370371 0.20755208333333333 0.5361111111111111 0.20651041666666667 0.5361111111111111 0.20572916666666666 0.5347222222222222 0.20338541666666668 0.5337962962962963 0.20260416666666667 0.5333333333333333 0.20130208333333333 0.5305555555555556 0.19791666666666666 0.5305555555555556 0.19713541666666667 0.5296296296296297 0.19635416666666666 0.5291666666666667 0.19505208333333332 0.5268518518518519 0.19244791666666666
3 0.4356481481481482 0.42578125 0.4337962962962963 0.42734375 0.43333333333333335 0.4317708333333333 0.4361111111111111 0.4348958333333333 0.4393518518518518 0.43671875 0.44351851851851853 0.43776041666666665 0.44583333333333336 0.4388020833333333 0.4462962962962963 0.4393229166666667 0.45046296296296295 0.44036458333333334 0.45694444444444443 0.4432291666666667 0.45925925925925926 0.44375 0.4625 0.44505208333333335 0.4634259259259259 0.44505208333333335 0.46620370370370373 0.44583333333333336 0.4703703703703704 0.44817708333333334 0.475 0.44921875 0.48333333333333334 0.45234375 0.48842592592592593 0.45364583333333336 0.48935185185185187 0.45416666666666666 0.49953703703703706 0.45677083333333335 0.5018518518518519 0.45807291666666666 0.5055555555555555 0.4591145833333333 0.5087962962962963 0.4609375 0.5092592592592593 0.46171875 0.5106481481481482 0.4625 0.5106481481481482 0.46432291666666664 0.5101851851851852 0.46458333333333335 0.5097222222222222 0.4666666666666667 0.5111111111111111 0.4669270833333333 0.5120370370370371 0.4674479166666667 0.5166666666666667 0.46848958333333335 0.5212962962962963 0.46796875 0.5231481481481481 0.4666666666666667 0.5231481481481481 0.4661458333333333 0.524537037037037 0.46458333333333335 0.5300925925925926 0.46145833333333336 0.5370370370370371 0.45598958333333334 0.5388888888888889 0.45260416666666664 0.5407407407407407 0.4510416666666667 0.537962962962963 0.44895833333333335 0.5356481481481481 0.4479166666666667 0.5300925925925926 0.4466145833333333 0.5282407407407408 0.4466145833333333 0.525 0.4479166666666667 0.5212962962962963 0.4479166666666667 0.5171296296296296 0.446875 0.5138888888888888 0.4466145833333333 0.5101851851851852 0.44479166666666664 0.5055555555555555 0.44375 0.5018518518518519 0.4421875 0.49398148148148147 0.43984375 0.48657407407407405 0.43671875 0.4824074074074074 0.4356770833333333 0.4791666666666667 0.43411458333333336 0.4689814814814815 0.43125 0.4625 0.42864583333333334 0.4532407407407407 0.42630208333333336 0.45092592592592595 0.42526041666666664 0.4486111111111111 0.425 0.4439814814814815 0.4236979166666667 0.4393518518518518 0.4236979166666667
3 0.48009259259259257 0.4591145833333333 0.4787037037037037 0.4578125 0.475 0.45625 0.4685185185185185 0.45651041666666664 0.46620370370370373 0.45729166666666665 0.4634259259259259 0.4630208333333333 0.462037037037037 0.46380208333333334 0.45925925925925926 0.46458333333333335 0.45601851851851855 0.46484375 0.4513888888888889 0.46588541666666666 0.4393518518518518 0.4669270833333333 0.4324074074074074 0.46822916666666664 0.42777777777777776 0.46822916666666664 0.4236111111111111 0.46927083333333336 0.412962962962963 0.4703125 0.4125 0.4705729166666667 0.41064814814814815 0.4705729166666667 0.40879629629629627 0.47109375 0.40324074074074073 0.47161458333333334 0.4027777777777778 0.471875 0.4009259259259259 0.471875 0.40046296296296297 0.47213541666666664 0.39861111111111114 0.47213541666666664 0.39814814814814814 0.47239583333333335 0.3962962962962963 0.47239583333333335 0.3925925925925926 0.47317708333333336 0.38796296296296295 0.4734375 0.3851851851851852 0.4739583333333333 0.37962962962962965 0.47421875 0.3763888888888889 0.4747395833333333 0.3726851851851852 0.47578125 0.3685185185185185 0.4783854166666667 0.36944444444444446 0.4830729166666667 0.37175925925925923 0.4856770833333333 0.3731481481481482 0.4864583333333333 0.3787037037037037 0.4875 0.3907407407407407 0.4875 0.3912037037037037 0.48723958333333334 0.3939814814814815 0.48723958333333334 0.39444444444444443 0.4869791666666667 0.40370370370370373 0.48671875 0.4041666666666667 0.4864583333333333 0.40879629629629627 0.4861979166666667 0.40925925925925927 0.4859375 0.4111111111111111 0.4859375 0.41574074074074074 0.48515625 0.41805555555555557 0.48515625 0.4222222222222222 0.484375 0.4236111111111111 0.48385416666666664 0.4263888888888889 0.48385416666666664 0.4305555555555556 0.4830729166666667 0.43472222222222223 0.4830729166666667 0.4351851851851852 0.4828125 0.44212962962962965 0.4822916666666667 0.4425925925925926 0.48203125 0.4449074074074074 0.48203125 0.44537037037037036 0.4817708333333333 0.4550925925925926 0.48151041666666666 0.45787037037037037 0.48098958333333336 0.4634259259259259 0.48098958333333336 0.4638888888888889 0.48125 0.46574074074074073 0.48125 0.4703703703703704 0.48359375 0.47453703703703703 0.48515625 0.4824074074074074 0.48515625 0.4837962962962963 0.484375 0.48564814814814816 0.4825520833333333 0.4861111111111111 0.478125 0.48564814814814816 0.4778645833333333 0.48518518518518516 0.4747395833333333 0.4847222222222222 0.4744791666666667 0.4847222222222222 0.4713541666666667 0.4842592592592593 0.47109375 0.4837962962962963 0.4666666666666667 0.48333333333333334 0.46640625 0.4824074074074074 0.46328125
3 0.2671296296296296 0.303125 0.2657407407407407 0.30572916666666666 0.26481481481481484 0.3065104166666667 0.26481481481481484 0.30859375 0.2638888888888889 0.3104166666666667 0.2662037037037037 0.31276041666666665 0.26990740740740743 0.3143229166666667 0.274537037037037 0.315625 0.2791666666666667 0.31640625 0.28425925925925927 0.31796875 0.2949074074074074 0.31979166666666664 0.29814814814814816 0.32083333333333336 0.3106481481481482 0.32265625 0.3125 0.3234375 0.31574074074074077 0.32421875 0.3194444444444444 0.32447916666666665 0.3287037037037037 0.3263020833333333 0.33055555555555555 0.3263020833333333 0.3375 0.32760416666666664 0.34120370370370373 0.32786458333333335 0.3472222222222222 0.3296875 0.34814814814814815 0.3296875 0.35138888888888886 0.33125 0.3537037037037037 0.33567708333333335 0.35555555555555557 0.3375 0.3611111111111111 0.3390625 0.3680555555555556 0.3390625 0.37175925925925923 0.3377604166666667 0.3726851851851852 0.33697916666666666 0.3731481481481482 0.33567708333333335 0.37777777777777777 0.3294270833333333 0.37777777777777777 0.32864583333333336 0.37916666666666665 0.3265625 0.37962962962962965 0.32473958333333336 0.38055555555555554 0.32369791666666664 0.38055555555555554 0.3223958333333333 0.38101851851851853 0.3221354166666667 0.38101851851851853 0.3151041666666667 0.38055555555555554 0.31484375 0.38055555555555554 0.3138020833333333 0.3773148148148148 0.3125 0.3726851851851852 0.31145833333333334 0.36944444444444446 0.31145833333333334 0.36898148148148147 0.3111979166666667 0.3685185185185185 0.31145833333333334 0.3648148148148148 0.31145833333333334 0.3638888888888889 0.31171875 0.36064814814814816 0.3138020833333333 0.35694444444444445 0.3145833333333333 0.35648148148148145 0.3143229166666667 0.3527777777777778 0.3140625 0.34814814814814815 0.31302083333333336 0.34675925925925927 0.31302083333333336 0.3398148148148148 0.31171875 0.3375 0.3109375 0.3337962962962963 0.3106770833333333 0.3300925925925926 0.3098958333333333 0.325 0.30963541666666666 0.3013888888888889 0.30520833333333336 0.2962962962962963 0.3046875 0.29305555555555557 0.30390625 0.2916666666666667 0.30390625 0.28379629629629627 0.3026041666666667 0.28194444444444444 0.3026041666666667 0.2773148148148148 0.30182291666666666 0.2708333333333333 0.30182291666666666
4 0.6263888888888889 0.3690104166666667 0.6240740740740741 0.3690104166666667 0.6236111111111111 0.36875 0.6199074074074075 0.3690104166666667 0.6175925925925926 0.3697916666666667 0.6129629629629629 0.3723958333333333 0.611574074074074 0.37421875 0.611574074074074 0.375 0.6106481481481482 0.3763020833333333 0.6106481481481482 0.37734375 0.6148148148148148 0.38125 0.6157407407407407 0.3848958333333333 0.6148148148148148 0.38567708333333334 0.6134259259259259 0.38828125 0.6111111111111112 0.39010416666666664 0.6087962962962963 0.39296875 0.6064814814814815 0.39427083333333335 0.6013888888888889 0.39869791666666665 0.5995370370370371 0.3997395833333333 0.5953703703703703 0.4044270833333333 0.5902777777777778 0.4075520833333333 0.5875 0.4114583333333333 0.5875 0.4125 0.5884259259259259 0.41328125 0.5884259259259259 0.41380208333333335 0.5898148148148148 0.41484375 0.5902777777777778 0.415625 0.5916666666666667 0.41640625 0.5944444444444444 0.4171875 0.5953703703703703 0.4171875 0.6 0.41901041666666666 0.6041666666666666 0.4200520833333333 0.6074074074074074 0.4203125 0.6078703703703704 0.4200520833333333 0.6106481481481482 0.4197916666666667 0.6157407407407407 0.4171875 0.6175925925925926 0.4153645833333333 0.6208333333333333 0.41354166666666664 0.6208333333333333 0.41328125 0.6240740740740741 0.4114583333333333 0.6240740740740741 0.41119791666666666 0.6273148148148148 0.40911458333333334 0.6291666666666667 0.40729166666666666 0.6310185185185185 0.40625 0.6328703703703704 0.4046875 0.6342592592592593 0.403125 0.6402777777777777 0.39921875 0.6402777777777777 0.39895833333333336 0.6430555555555556 0.39739583333333334 0.649537037037037 0.3958333333333333 0.6537037037037037 0.39609375 0.6541666666666667 0.3963541666666667 0.6578703703703703 0.3963541666666667 0.6615740740740741 0.39557291666666666 0.6662037037037037 0.3924479166666667 0.6666666666666666 0.39114583333333336 0.6675925925925926 0.39010416666666664 0.6675925925925926 0.3893229166666667 0.6680555555555555 0.3890625 0.6680555555555555 0.3880208333333333 0.6657407407407407 0.3846354166666667 0.662962962962963 0.38255208333333335 0.6587962962962963 0.38046875 0.6583333333333333 0.38046875 0.6523148148148148 0.3768229166666667 0.65 0.3763020833333333 0.6421296296296296 0.3731770833333333 0.6402777777777777 0.3729166666666667 0.6342592592592593 0.37109375 0.6319444444444444 0.37083333333333335
2 0.6152777777777778 0.4432291666666667 0.6106481481481482 0.44296875 0.6101851851851852 0.4432291666666667 0.6078703703703704 0.4434895833333333 0.600925925925926 0.4471354166666667 0.600462962962963 0.44895833333333335 0.5990740740740741 0.4510416666666667 0.6023148148148149 0.4549479166666667 0.6013888888888889 0.45755208333333336 0.600925925925926 0.4578125 0.600925925925926 0.45859375 0.5990740740740741 0.4596354166666667 0.5986111111111111 0.46041666666666664 0.5944444444444444 0.4635416666666667 0.5879629629629629 0.4669270833333333 0.586574074074074 0.46848958333333335 0.5805555555555556 0.471875 0.5805555555555556 0.47213541666666664 0.5675925925925925 0.4791666666666667 0.5675925925925925 0.47942708333333334 0.562962962962963 0.4822916666666667 0.5634259259259259 0.4825520833333333 0.5638888888888889 0.4861979166666667 0.5648148148148148 0.4869791666666667 0.5763888888888888 0.4940104166666667 0.5800925925925926 0.4953125 0.5828703703703704 0.4953125 0.5837962962962963 0.49557291666666664 0.587037037037037 0.49453125 0.5879629629629629 0.49453125 0.5907407407407408 0.49375 0.5939814814814814 0.49244791666666665 0.6055555555555555 0.4859375 0.6060185185185185 0.4859375 0.6212962962962963 0.4778645833333333 0.6268518518518519 0.47630208333333335 0.6300925925925925 0.47630208333333335 0.6305555555555555 0.47604166666666664 0.6328703703703704 0.47604166666666664 0.6333333333333333 0.47578125 0.6430555555555556 0.47604166666666664 0.6435185185185185 0.47578125 0.6462962962962963 0.47552083333333334 0.6486111111111111 0.4744791666666667 0.6504629629629629 0.47317708333333336 0.6527777777777778 0.4705729166666667 0.6532407407407408 0.46640625 0.6513888888888889 0.46458333333333335 0.6504629629629629 0.4627604166666667 0.649537037037037 0.4625 0.6439814814814815 0.4591145833333333 0.6439814814814815 0.4588541666666667 0.6416666666666667 0.4578125 0.6370370370370371 0.4544270833333333 0.6365740740740741 0.4544270833333333 0.6310185185185185 0.4513020833333333 0.6305555555555555 0.4513020833333333 0.6296296296296297 0.4505208333333333 0.6263888888888889 0.44869791666666664 0.6259259259259259 0.44869791666666664 0.6185185185185185 0.44427083333333334 0.6162037037037037 0.44375
3 0.7592592592592593 0.13463541666666667 0.7555555555555555 0.13671875 0.7541666666666667 0.13828125 0.7541666666666667 0.14244791666666667 0.7578703703703704 0.146875 0.7657407407407407 0.15260416666666668 0.7666666666666667 0.15416666666666667 0.775 0.15885416666666666 0.7787037037037037 0.16223958333333333 0.7800925925925926 0.16302083333333334 0.7833333333333333 0.16692708333333334 0.7851851851851852 0.16796875 0.7888888888888889 0.17161458333333332 0.7916666666666666 0.1734375 0.7949074074074074 0.17760416666666667 0.7944444444444444 0.17786458333333333 0.7944444444444444 0.17890625 0.7939814814814815 0.17916666666666667 0.7939814814814815 0.18020833333333333 0.7935185185185185 0.18046875 0.7935185185185185 0.18151041666666667 0.7925925925925926 0.18307291666666667 0.7921296296296296 0.18567708333333333 0.7939814814814815 0.18723958333333332 0.7953703703703704 0.1890625 0.7986111111111112 0.19114583333333332 0.8027777777777778 0.19296875 0.8069444444444445 0.19296875 0.8111111111111111 0.1921875 0.8212962962962963 0.18932291666666667 0.8300925925925926 0.18463541666666666 0.8319444444444445 0.18307291666666667 0.8347222222222223 0.18151041666666667 0.8356481481481481 0.18020833333333333 0.836574074074074 0.1796875 0.8379629629629629 0.17786458333333333 0.8379629629629629 0.1765625 0.8375 0.17630208333333333 0.8375 0.175 0.8361111111111111 0.17317708333333334 0.8324074074074074 0.17083333333333334 0.8314814814814815 0.16979166666666667 0.8296296296296296 0.16901041666666666 0.8263888888888888 0.16875 0.825925925925926 0.16848958333333333 0.8217592592592593 0.16927083333333334 0.8189814814814815 0.16927083333333334 0.8180555555555555 0.16953125 0.8143518518518519 0.16770833333333332 0.8125 0.16588541666666667 0.8092592592592592 0.16380208333333332 0.8074074074074075 0.16171875 0.7986111111111112 0.15572916666666667 0.7972222222222223 0.15416666666666667 0.7958333333333333 0.15338541666666666 0.7944444444444444 0.15182291666666667 0.7925925925925926 0.15052083333333333 0.7921296296296296 0.14973958333333334 0.7898148148148149 0.14817708333333332 0.7865740740740741 0.14505208333333333 0.7847222222222222 0.14401041666666667 0.7787037037037037 0.13854166666666667 0.774074074074074 0.13567708333333334 0.7717592592592593 0.13463541666666667 0.7671296296296296 0.13359375 0.7666666666666667 0.13385416666666666 0.763425925925926 0.13385416666666666
0 0.6333333333333333 0.48541666666666666 0.6319444444444444 0.4861979166666667 0.6319444444444444 0.48776041666666664 0.6324074074074074 0.48802083333333335 0.6324074074074074 0.4901041666666667 0.6337962962962963 0.49166666666666664 0.6356481481481482 0.49296875 0.637962962962963 0.49557291666666664 0.6398148148148148 0.496875 0.6402777777777777 0.49765625 0.6412037037037037 0.4981770833333333 0.6412037037037037 0.4984375 0.6439814814814815 0.5 0.6462962962962963 0.5026041666666666 0.6481481481481481 0.50390625 0.649537037037037 0.50546875 0.649537037037037 0.5059895833333333 0.65 0.50625 0.65 0.5072916666666667 0.6504629629629629 0.5075520833333333 0.6504629629629629 0.50859375 0.6509259259259259 0.5088541666666667 0.6509259259259259 0.5111979166666667 0.6513888888888889 0.5114583333333333 0.6513888888888889 0.5138020833333333 0.6523148148148148 0.5143229166666666 0.6532407407407408 0.515625 0.6541666666666667 0.5161458333333333 0.6550925925925926 0.5171875 0.6592592592592592 0.5197916666666667 0.6606481481481481 0.5213541666666667 0.6615740740740741 0.521875 0.6625 0.5221354166666666 0.663425925925926 0.5221354166666666 0.6657407407407407 0.5229166666666667 0.6671296296296296 0.5229166666666667 0.6675925925925926 0.52265625 0.6703703703703704 0.52265625 0.6708333333333333 0.5223958333333333 0.6722222222222223 0.5223958333333333 0.6726851851851852 0.5221354166666666 0.674074074074074 0.5221354166666666 0.674537037037037 0.521875 0.6754629629629629 0.521875 0.6773148148148148 0.5213541666666667 0.6787037037037037 0.5213541666666667 0.6791666666666667 0.52109375 0.6800925925925926 0.52109375 0.6819444444444445 0.5205729166666667 0.6842592592592592 0.51953125 0.6856481481481481 0.5192708333333333 0.6884259259259259 0.51796875 0.6888888888888889 0.51796875 0.6898148148148148 0.5174479166666667 0.6898148148148148 0.5169270833333334 0.6902777777777778 0.5166666666666667 0.6902777777777778 0.515625 0.6907407407407408 0.5153645833333333 0.6907407407407408 0.5140625 0.6912037037037037 0.5135416666666667 0.6893518518518519 0.5114583333333333 0.6861111111111111 0.5091145833333334 0.6861111111111111 0.50859375 0.6851851851851852 0.5075520833333333 0.6851851851851852 0.5065104166666666 0.6847222222222222 0.50625 0.6842592592592592 0.5049479166666667 0.6828703703703703 0.5033854166666667 0.6819444444444445 0.5028645833333333 0.6819444444444445 0.5026041666666666 0.6805555555555556 0.5018229166666667 0.6796296296296296 0.5018229166666667 0.6777777777777778 0.5013020833333334 0.6736111111111112 0.5013020833333334 0.6722222222222223 0.50078125 0.6712962962962963 0.50078125 0.6699074074074074 0.5002604166666667 0.6689814814814815 0.5002604166666667 0.6671296296296296 0.49973958333333335 0.6625 0.496875 0.6625 0.49661458333333336 0.6611111111111111 0.49583333333333335 0.6611111111111111 0.49557291666666664 0.6601851851851852 0.49505208333333334 0.6592592592592592 0.4940104166666667 0.6555555555555556 0.49166666666666664 0.6537037037037037 0.4895833333333333 0.6509259259259259 0.48776041666666664 0.6504629629629629 0.4869791666666667 0.6467592592592593 0.48489583333333336 0.6462962962962963 0.484375 0.6449074074074074 0.484375 0.6444444444444445 0.48411458333333335 0.6430555555555556 0.48411458333333335 0.6425925925925926 0.48385416666666664 0.638425925925926 0.48385416666666664 0.6347222222222222 0.48489583333333336 0.6337962962962963 0.48541666666666666
3 0.638425925925926 0.6651041666666667 0.6347222222222222 0.66328125 0.6305555555555555 0.6630208333333333 0.6263888888888889 0.6638020833333333 0.6226851851851852 0.6658854166666667 0.6222222222222222 0.6734375 0.6189814814814815 0.6752604166666667 0.6129629629629629 0.6770833333333334 0.6078703703703704 0.6794270833333333 0.6023148148148149 0.6809895833333334 0.5995370370370371 0.6822916666666666 0.5953703703703703 0.6833333333333333 0.5939814814814814 0.6841145833333333 0.5893518518518519 0.6854166666666667 0.5884259259259259 0.6854166666666667 0.5861111111111111 0.68671875 0.5833333333333334 0.6872395833333333 0.5763888888888888 0.6901041666666666 0.5611111111111111 0.69453125 0.5583333333333333 0.6958333333333333 0.5550925925925926 0.6966145833333334 0.5476851851851852 0.6997395833333333 0.5449074074074074 0.7005208333333334 0.5425925925925926 0.7026041666666667 0.5412037037037037 0.7049479166666667 0.5430555555555555 0.70859375 0.5439814814814815 0.709375 0.5486111111111112 0.71171875 0.5509259259259259 0.71171875 0.5513888888888889 0.7119791666666667 0.5541666666666667 0.71171875 0.5555555555555556 0.7111979166666667 0.5666666666666667 0.7091145833333333 0.5685185185185185 0.7083333333333334 0.5694444444444444 0.7083333333333334 0.5740740740740741 0.70703125 0.5782407407407407 0.70546875 0.5907407407407408 0.7018229166666666 0.5949074074074074 0.6997395833333333 0.5990740740740741 0.6986979166666667 0.6032407407407407 0.696875 0.6074074074074074 0.69609375 0.6143518518518518 0.6934895833333333 0.6226851851851852 0.6911458333333333 0.6263888888888889 0.6903645833333333 0.6300925925925925 0.6901041666666666 0.6347222222222222 0.6890625 0.6375 0.6890625 0.637962962962963 0.6888020833333334 0.6425925925925926 0.6890625 0.6430555555555556 0.6893229166666667 0.6481481481481481 0.6893229166666667 0.6541666666666667 0.6875 0.6564814814814814 0.6854166666666667 0.6550925925925926 0.68359375 0.6546296296296297 0.6815104166666667 0.6532407407407408 0.6802083333333333 0.6518518518518519 0.6776041666666667 0.6444444444444445 0.6713541666666667 0.6435185185185185 0.6700520833333333 0.6402777777777777 0.6677083333333333
4 0.7425925925925926 0.6197916666666666 0.7384259259259259 0.6231770833333333 0.7379629629629629 0.6247395833333333 0.737037037037037 0.62578125 0.736574074074074 0.628125 0.7351851851851852 0.63046875 0.7361111111111112 0.6330729166666667 0.7375 0.6346354166666667 0.7402777777777778 0.63515625 0.7444444444444445 0.6364583333333333 0.75 0.6375 0.7513888888888889 0.6375 0.7560185185185185 0.6385416666666667 0.763425925925926 0.6393229166666666 0.7703703703703704 0.640625 0.774074074074074 0.6416666666666667 0.7796296296296297 0.6424479166666667 0.7833333333333333 0.6434895833333333 0.7847222222222222 0.6434895833333333 0.7875 0.6440104166666667 0.788425925925926 0.64453125 0.7898148148148149 0.6447916666666667 0.7935185185185185 0.646875 0.7949074074074074 0.64921875 0.7962962962962963 0.6544270833333333 0.7976851851851852 0.6557291666666667 0.799537037037037 0.6565104166666667 0.8004629629629629 0.6565104166666667 0.8032407407407407 0.6572916666666667 0.8050925925925926 0.6572916666666667 0.8083333333333333 0.6580729166666667 0.8115740740740741 0.6580729166666667 0.8143518518518519 0.6575520833333334 0.8175925925925925 0.6557291666666667 0.8180555555555555 0.6557291666666667 0.8194444444444444 0.6546875 0.825 0.6481770833333333 0.825925925925926 0.64765625 0.8277777777777777 0.6440104166666667 0.8291666666666667 0.6424479166666667 0.8291666666666667 0.6416666666666667 0.8296296296296296 0.64140625 0.8296296296296296 0.640625 0.8310185185185185 0.63828125 0.8310185185185185 0.63671875 0.8314814814814815 0.6364583333333333 0.8314814814814815 0.63515625 0.8319444444444445 0.6348958333333333 0.8319444444444445 0.6325520833333333 0.8324074074074074 0.6322916666666667 0.8324074074074074 0.6307291666666667 0.8328703703703704 0.63046875 0.8328703703703704 0.6265625 0.8314814814814815 0.625 0.8296296296296296 0.6236979166666666 0.8273148148148148 0.6231770833333333 0.825925925925926 0.6231770833333333 0.8231481481481482 0.6223958333333334 0.8199074074074074 0.6221354166666667 0.8194444444444444 0.621875 0.8143518518518519 0.621875 0.8134259259259259 0.6223958333333334 0.812037037037037 0.62421875 0.8074074074074075 0.6265625 0.8064814814814815 0.6268229166666667 0.8013888888888889 0.6268229166666667 0.8009259259259259 0.6265625 0.7949074074074074 0.6263020833333334 0.7930555555555555 0.62578125 0.7916666666666666 0.62578125 0.7847222222222222 0.6244791666666667 0.7787037037037037 0.6229166666666667 0.7680555555555556 0.6216145833333333 0.7583333333333333 0.6197916666666666 0.7564814814814815 0.6197916666666666 0.7537037037037037 0.6192708333333333 0.7513888888888889 0.6192708333333333 0.7509259259259259 0.6190104166666667 0.7439814814814815 0.6190104166666667
1 0.8657407407407407 0.275 0.8569444444444444 0.2747395833333333 0.8532407407407407 0.2755208333333333 0.8495370370370371 0.27786458333333336 0.8481481481481481 0.28072916666666664 0.8472222222222222 0.2947916666666667 0.8458333333333333 0.3 0.8458333333333333 0.30755208333333334 0.8444444444444444 0.315625 0.8444444444444444 0.3268229166666667 0.8435185185185186 0.33177083333333335 0.8430555555555556 0.3533854166666667 0.8416666666666667 0.3690104166666667 0.8407407407407408 0.3723958333333333 0.8393518518518519 0.3736979166666667 0.836574074074074 0.375 0.8296296296296296 0.3768229166666667 0.8282407407407407 0.3796875 0.8282407407407407 0.38255208333333335 0.8296296296296296 0.38567708333333334 0.8342592592592593 0.3888020833333333 0.8421296296296297 0.39036458333333335 0.8532407407407407 0.39010416666666664 0.8606481481481482 0.38828125 0.8657407407407407 0.3885416666666667 0.8703703703703703 0.3875 0.8763888888888889 0.3848958333333333 0.8763888888888889 0.38046875 0.875 0.3770833333333333 0.8731481481481481 0.37526041666666665 0.8671296296296296 0.37265625 0.8662037037037037 0.37057291666666664 0.8666666666666667 0.34791666666666665 0.8675925925925926 0.34375 0.8699074074074075 0.3065104166666667 0.8717592592592592 0.2916666666666667 0.8717592592592592 0.28098958333333335 0.8712962962962963 0.27890625 0.8689814814814815 0.2760416666666667
3 0.950925925925926 0.3768229166666667 0.9462962962962963 0.375 0.9435185185185185 0.37447916666666664 0.9388888888888889 0.37447916666666664 0.937037037037037 0.375 0.9356481481481481 0.375 0.9305555555555556 0.3765625 0.9282407407407407 0.3768229166666667 0.924537037037037 0.37786458333333334 0.9236111111111112 0.37838541666666664 0.9226851851851852 0.37838541666666664 0.9148148148148149 0.38046875 0.9138888888888889 0.38046875 0.9106481481481481 0.3815104166666667 0.9092592592592592 0.38229166666666664 0.9037037037037037 0.38385416666666666 0.9004629629629629 0.38515625 0.8972222222222223 0.38567708333333334 0.8930555555555556 0.38697916666666665 0.8907407407407407 0.38723958333333336 0.8893518518518518 0.38776041666666666 0.8842592592592593 0.3885416666666667 0.8800925925925925 0.38958333333333334 0.8773148148148148 0.38958333333333334 0.8768518518518519 0.38984375 0.874537037037037 0.3885416666666667 0.8717592592592592 0.38828125 0.8694444444444445 0.3890625 0.8662037037037037 0.3890625 0.8657407407407407 0.3893229166666667 0.8643518518518518 0.3890625 0.8592592592592593 0.3890625 0.8587962962962963 0.3893229166666667 0.8574074074074074 0.3893229166666667 0.8537037037037037 0.39088541666666665 0.8490740740740741 0.39088541666666665 0.8481481481481481 0.39114583333333336 0.8453703703703703 0.3927083333333333 0.8435185185185186 0.39609375 0.8435185185185186 0.4010416666666667 0.8439814814814814 0.40130208333333334 0.8449074074074074 0.4046875 0.8472222222222222 0.40703125 0.8476851851851852 0.4083333333333333 0.8532407407407407 0.4125 0.8569444444444444 0.41432291666666665 0.8625 0.415625 0.8666666666666667 0.4158854166666667 0.8671296296296296 0.4161458333333333 0.8731481481481481 0.4161458333333333 0.875 0.4153645833333333 0.8763888888888889 0.41510416666666666 0.8787037037037037 0.41354166666666664 0.8805555555555555 0.4114583333333333 0.8814814814814815 0.409375 0.8824074074074074 0.40859375 0.8824074074074074 0.4078125 0.8837962962962963 0.40546875 0.8856481481481482 0.4044270833333333 0.888425925925926 0.40390625 0.8902777777777777 0.40286458333333336 0.9004629629629629 0.4 0.9013888888888889 0.39947916666666666 0.9050925925925926 0.39869791666666665 0.9083333333333333 0.39739583333333334 0.9092592592592592 0.39739583333333334 0.9115740740740741 0.3966145833333333 0.9148148148148149 0.39609375 0.924537037037037 0.3932291666666667 0.9296296296296296 0.3924479166666667 0.9351851851851852 0.39088541666666665 0.9388888888888889 0.3890625 0.9467592592592593 0.38645833333333335 0.95 0.384375 0.9523148148148148 0.3807291666666667 0.9518518518518518 0.38046875 0.9518518518518518 0.37916666666666665 0.9513888888888888 0.37890625
2 0.9703703703703703 0.18333333333333332 0.9685185185185186 0.18385416666666668 0.9643518518518519 0.18411458333333333 0.9638888888888889 0.184375 0.9625 0.184375 0.962037037037037 0.18463541666666666 0.9569444444444445 0.18541666666666667 0.9550925925925926 0.1859375 0.9527777777777777 0.18723958333333332 0.95 0.18828125 0.9458333333333333 0.18932291666666667 0.9449074074074074 0.18932291666666667 0.9416666666666667 0.19036458333333334 0.9393518518518519 0.190625 0.9300925925925926 0.19322916666666667 0.9291666666666667 0.19322916666666667 0.924074074074074 0.1953125 0.9208333333333333 0.19713541666666667 0.9208333333333333 0.19817708333333334 0.9203703703703704 0.1984375 0.9203703703703704 0.19947916666666668 0.9199074074074074 0.19973958333333333 0.9199074074074074 0.20078125 0.9194444444444444 0.20104166666666667 0.9212962962962963 0.20338541666666668 0.9212962962962963 0.20390625 0.9259259259259259 0.20677083333333332 0.9277777777777778 0.20755208333333333 0.9300925925925926 0.2078125 0.9314814814814815 0.20833333333333334 0.9328703703703703 0.20833333333333334 0.9333333333333333 0.20859375 0.9356481481481481 0.20885416666666667 0.9375 0.21015625 0.9393518518518519 0.21197916666666666 0.9393518518518519 0.2125 0.9453703703703704 0.21744791666666666 0.950925925925926 0.22369791666666666 0.950925925925926 0.22421875 0.9518518518518518 0.22473958333333333 0.9541666666666667 0.22734375 0.9541666666666667 0.22786458333333334 0.9574074074074074 0.23125 0.9625 0.23515625 0.9666666666666667 0.23671875 0.9722222222222222 0.23619791666666667 0.9763888888888889 0.23463541666666668 0.9782407407407407 0.234375 0.9791666666666666 0.23385416666666667 0.9814814814814815 0.23333333333333334 0.9856481481481482 0.23177083333333334 0.9898148148148148 0.23072916666666668 0.9925925925925926 0.22838541666666667 0.9921296296296296 0.228125 0.9921296296296296 0.2265625 0.9916666666666667 0.22630208333333332 0.9916666666666667 0.22447916666666667 0.9907407407407407 0.22369791666666666 0.9907407407407407 0.22317708333333333 0.9898148148148148 0.22239583333333332 0.9888888888888889 0.22057291666666667 0.986574074074074 0.21822916666666667 0.986574074074074 0.21770833333333334 0.9842592592592593 0.21588541666666666 0.9805555555555555 0.21171875 0.9805555555555555 0.21119791666666668 0.9796296296296296 0.21041666666666667 0.9787037037037037 0.20859375 0.9763888888888889 0.20625 0.9763888888888889 0.20572916666666666 0.975462962962963 0.2046875 0.975 0.20260416666666667 0.9740740740740741 0.2015625 0.9740740740740741 0.196875 0.975462962962963 0.19557291666666668 0.9796296296296296 0.19322916666666667 0.9796296296296296 0.1890625 0.9787037037037037 0.18854166666666666 0.9773148148148149 0.18671875 0.9745370370370371 0.184375
1 0.9342592592592592 0.5200520833333333 0.9152777777777777 0.5161458333333333 0.9101851851851852 0.5158854166666667 0.9060185185185186 0.5171875 0.9046296296296297 0.5190104166666667 0.9009259259259259 0.5213541666666667 0.9064814814814814 0.5286458333333334 0.9060185185185186 0.5338541666666666 0.8962962962962963 0.5447916666666667 0.8875 0.55703125 0.8842592592592593 0.56015625 0.8828703703703704 0.5627604166666667 0.8782407407407408 0.5677083333333334 0.8680555555555556 0.58125 0.8652777777777778 0.5838541666666667 0.862037037037037 0.5895833333333333 0.8560185185185185 0.5953125 0.8523148148148149 0.6010416666666667 0.8495370370370371 0.60390625 0.8481481481481481 0.60703125 0.8407407407407408 0.6151041666666667 0.836574074074074 0.6229166666666667 0.8375 0.6265625 0.8453703703703703 0.6291666666666667 0.8490740740740741 0.6294270833333333 0.8532407407407407 0.6286458333333333 0.8574074074074074 0.6263020833333334 0.8648148148148148 0.6190104166666667 0.8671296296296296 0.61484375 0.8731481481481481 0.6078125 0.875462962962963 0.6033854166666667 0.8856481481481482 0.5911458333333334 0.8930555555555556 0.58046875 0.8962962962962963 0.57734375 0.9013888888888889 0.5692708333333333 0.9125 0.5549479166666667 0.9199074074074074 0.546875 0.9259259259259259 0.5380208333333333 0.9310185185185185 0.5341145833333333 0.9351851851851852 0.5325520833333334 0.9388888888888889 0.5322916666666667 0.9416666666666667 0.5315104166666667 0.9449074074074074 0.5294270833333333 0.9453703703703704 0.5252604166666667 0.9407407407407408 0.5223958333333333
2 0.9185185185185185 0.6572916666666667 0.9162037037037037 0.6578125 0.9120370370370371 0.6580729166666667 0.9092592592592592 0.6596354166666667 0.9069444444444444 0.6614583333333334 0.9050925925925926 0.6643229166666667 0.9050925925925926 0.6651041666666667 0.9041666666666667 0.6658854166666667 0.9037037037037037 0.6677083333333333 0.9 0.6734375 0.899074074074074 0.6765625 0.8958333333333334 0.68125 0.8958333333333334 0.68203125 0.8953703703703704 0.6822916666666666 0.8953703703703704 0.6830729166666667 0.8939814814814815 0.6854166666666667 0.8916666666666667 0.6877604166666667 0.888425925925926 0.68984375 0.8865740740740741 0.68984375 0.8861111111111111 0.6901041666666666 0.8833333333333333 0.6903645833333333 0.8805555555555555 0.6911458333333333 0.8787037037037037 0.6924479166666667 0.875 0.696875 0.874537037037037 0.70078125 0.8740740740740741 0.7010416666666667 0.875462962962963 0.7028645833333333 0.8759259259259259 0.7049479166666667 0.8810185185185185 0.7078125 0.8837962962962963 0.7088541666666667 0.8893518518518518 0.71015625 0.8958333333333334 0.7125 0.9018518518518519 0.7138020833333333 0.9032407407407408 0.7138020833333333 0.9083333333333333 0.7151041666666667 0.9097222222222222 0.7151041666666667 0.913425925925926 0.7158854166666667 0.9152777777777777 0.7158854166666667 0.9185185185185185 0.7166666666666667 0.9263888888888889 0.7166666666666667 0.9268518518518518 0.71640625 0.9291666666666667 0.71640625 0.9319444444444445 0.7158854166666667 0.9356481481481481 0.7143229166666667 0.937037037037037 0.7130208333333333 0.937962962962963 0.7106770833333333 0.9384259259259259 0.7104166666666667 0.9384259259259259 0.7096354166666666 0.9388888888888889 0.709375 0.9388888888888889 0.70625 0.9393518518518519 0.7059895833333333 0.9388888888888889 0.70078125 0.937037037037037 0.6986979166666667 0.9342592592592592 0.6966145833333334 0.9333333333333333 0.6927083333333334 0.9337962962962963 0.6924479166666667 0.9342592592592592 0.6895833333333333 0.9351851851851852 0.6880208333333333 0.9356481481481481 0.68515625 0.9361111111111111 0.6848958333333334 0.9361111111111111 0.6841145833333333 0.9375 0.6817708333333333 0.937962962962963 0.6791666666666667 0.9388888888888889 0.6778645833333333 0.9388888888888889 0.6765625 0.9393518518518519 0.6763020833333333 0.9393518518518519 0.675 0.9398148148148148 0.6747395833333333 0.9398148148148148 0.6734375 0.9402777777777778 0.6731770833333334 0.9402777777777778 0.6716145833333333 0.9412037037037037 0.6700520833333333 0.9416666666666667 0.665625 0.9393518518518519 0.6619791666666667 0.9356481481481481 0.6604166666666667 0.9342592592592592 0.66015625 0.9310185185185185 0.6588541666666666 0.9254629629629629 0.6578125
3 0.9435185185185185 0.43072916666666666 0.9356481481481481 0.4354166666666667 0.9342592592592592 0.43697916666666664 0.9328703703703703 0.43776041666666665 0.9328703703703703 0.43802083333333336 0.9310185185185185 0.4393229166666667 0.9310185185185185 0.43984375 0.9300925925925926 0.440625 0.9300925925925926 0.44114583333333335 0.9282407407407407 0.4432291666666667 0.9282407407407407 0.44427083333333334 0.9287037037037037 0.44453125 0.9287037037037037 0.44635416666666666 0.9291666666666667 0.4466145833333333 0.9291666666666667 0.4471354166666667 0.9347222222222222 0.44973958333333336 0.9351851851851852 0.44973958333333336 0.937037037037037 0.45078125 0.9398148148148148 0.4515625 0.9407407407407408 0.4515625 0.9421296296296297 0.45208333333333334 0.9430555555555555 0.45208333333333334 0.9435185185185185 0.45234375 0.9439814814814815 0.45208333333333334 0.9541666666666667 0.45208333333333334 0.9546296296296296 0.45234375 0.9569444444444445 0.45234375 0.9574074074074074 0.45260416666666664 0.9587962962962963 0.45260416666666664 0.9643518518518519 0.45416666666666666 0.9652777777777778 0.4546875 0.9666666666666667 0.4549479166666667 0.9708333333333333 0.45703125 0.9740740740740741 0.45807291666666666 0.975462962962963 0.4588541666666667 0.975925925925926 0.4588541666666667 0.9782407407407407 0.45989583333333334 0.9828703703703704 0.46119791666666665 0.986574074074074 0.46328125 0.9898148148148148 0.4640625 0.9930555555555556 0.46588541666666666 0.9930555555555556 0.4661458333333333 0.9976851851851852 0.46848958333333335 0.999537037037037 0.46848958333333335 0.999537037037037 0.45078125 0.9976851851851852 0.45078125 0.9958333333333333 0.44947916666666665 0.9953703703703703 0.44947916666666665 0.9935185185185185 0.4484375 0.9930555555555556 0.4484375 0.9916666666666667 0.44765625 0.9893518518518518 0.446875 0.9824074074074074 0.4432291666666667 0.9819444444444444 0.4432291666666667 0.9800925925925926 0.4421875 0.9796296296296296 0.4421875 0.9782407407407407 0.44140625 0.9777777777777777 0.44140625 0.975462962962963 0.44036458333333334 0.975462962962963 0.4401041666666667 0.9740740740740741 0.4393229166666667 0.9740740740740741 0.43854166666666666 0.9736111111111111 0.43828125 0.9736111111111111 0.43671875 0.9731481481481481 0.43645833333333334 0.9731481481481481 0.43385416666666665 0.9726851851851852 0.43359375 0.9726851851851852 0.4315104166666667 0.9708333333333333 0.4296875 0.9675925925925926 0.42864583333333334 0.9666666666666667 0.42864583333333334 0.9648148148148148 0.4276041666666667 0.9638888888888889 0.4276041666666667 0.9625 0.4270833333333333 0.9592592592592593 0.4270833333333333 0.9587962962962963 0.42682291666666666 0.9583333333333334 0.4270833333333333 0.9546296296296296 0.4270833333333333 0.9532407407407407 0.4276041666666667 0.9523148148148148 0.4276041666666667 0.9486111111111111 0.42916666666666664 0.9467592592592593 0.42942708333333335 0.9453703703703704 0.43020833333333336
1 0.9902777777777778 0.4786458333333333 0.9856481481481482 0.475 0.9814814814814815 0.47265625 0.9777777777777777 0.47161458333333334 0.975925925925926 0.4705729166666667 0.9703703703703703 0.46979166666666666 0.9652777777777778 0.46979166666666666 0.961574074074074 0.4705729166666667 0.9583333333333334 0.47239583333333335 0.9569444444444445 0.47421875 0.9569444444444445 0.4786458333333333 0.9541666666666667 0.48098958333333336 0.9467592592592593 0.48489583333333336 0.9416666666666667 0.4859375 0.9365740740740741 0.48828125 0.9259259259259259 0.49192708333333335 0.9162037037037037 0.4942708333333333 0.9115740740740741 0.49661458333333336 0.9069444444444444 0.4979166666666667 0.9 0.5010416666666667 0.8953703703703704 0.5020833333333333 0.8777777777777778 0.50859375 0.861574074074074 0.51328125 0.8537037037037037 0.5166666666666667 0.8375 0.5216145833333333 0.8337962962962963 0.5234375 0.8069444444444445 0.5328125 0.8037037037037037 0.5369791666666667 0.8069444444444445 0.5408854166666667 0.8111111111111111 0.5427083333333333 0.8157407407407408 0.54296875 0.8175925925925925 0.5424479166666667 0.8217592592592593 0.5424479166666667 0.8328703703703704 0.53984375 0.8407407407407408 0.5369791666666667 0.8458333333333333 0.5356770833333333 0.8611111111111112 0.5294270833333333 0.8648148148148148 0.5286458333333334 0.8712962962962963 0.5260416666666666 0.888425925925926 0.52109375 0.8986111111111111 0.51953125 0.9101851851851852 0.5130208333333334 0.9337962962962963 0.5052083333333334 0.9393518518518519 0.5028645833333333 0.9444444444444444 0.5015625 0.9643518518518519 0.4947916666666667 0.9745370370370371 0.49244791666666665 0.9837962962962963 0.49244791666666665 0.987037037037037 0.49166666666666664 0.9935185185185185 0.48854166666666665 0.9944444444444445 0.48671875 0.9935185185185185 0.4830729166666667
4 0.9884259259259259 0.5877604166666667 0.9879629629629629 0.5880208333333333 0.986574074074074 0.5880208333333333 0.9851851851851852 0.5888020833333333 0.9847222222222223 0.5888020833333333 0.9833333333333333 0.5895833333333333 0.9828703703703704 0.5895833333333333 0.9800925925925926 0.59140625 0.9800925925925926 0.5921875 0.9796296296296296 0.5924479166666666 0.9791666666666666 0.5950520833333334 0.9787037037037037 0.5953125 0.9782407407407407 0.5994791666666667 0.9777777777777777 0.5997395833333333 0.9777777777777777 0.60390625 0.9773148148148149 0.6041666666666666 0.9773148148148149 0.6158854166666666 0.9768518518518519 0.6161458333333333 0.9768518518518519 0.6177083333333333 0.9763888888888889 0.61796875 0.9763888888888889 0.6190104166666667 0.975462962962963 0.6200520833333333 0.9736111111111111 0.62109375 0.9694444444444444 0.6221354166666667 0.9662037037037037 0.6223958333333334 0.9643518518518519 0.6229166666666667 0.9643518518518519 0.6231770833333333 0.9629629629629629 0.6239583333333333 0.9625 0.6255208333333333 0.962037037037037 0.62578125 0.962037037037037 0.6265625 0.961574074074074 0.6268229166666667 0.961574074074074 0.63125 0.962037037037037 0.6315104166666666 0.962037037037037 0.6325520833333333 0.9625 0.6328125 0.9625 0.63359375 0.9629629629629629 0.6341145833333334 0.9638888888888889 0.6346354166666667 0.9666666666666667 0.6354166666666666 0.9675925925925926 0.6354166666666666 0.9689814814814814 0.6359375 0.9699074074074074 0.6359375 0.9703703703703703 0.6361979166666667 0.9740740740740741 0.6361979166666667 0.9745370370370371 0.6364583333333333 0.9819444444444444 0.63671875 0.9824074074074074 0.6369791666666667 0.9833333333333333 0.6369791666666667 0.9851851851851852 0.6375 0.9879629629629629 0.6375 0.9884259259259259 0.6377604166666667 0.999537037037037 0.6377604166666667 0.999537037037037 0.58828125 0.9976851851851852 0.58828125 0.9958333333333333 0.5877604166666667
