3 0.027314814814814816 0.4473958333333333 0.023148148148148147 0.44947916666666665 0.021296296296296296 0.45 0.018518518518518517 0.4513020833333333 0.015277777777777777 0.4546875 0.017592592592592594 0.4588541666666667 0.021296296296296296 0.45989583333333334 0.02962962962962963 0.4596354166666667 0.03333333333333333 0.46145833333333336 0.03564814814814815 0.46432291666666664 0.040740740740740744 0.46875 0.047685185185185185 0.4765625 0.04861111111111111 0.47708333333333336 0.053703703703703705 0.4828125 0.058333333333333334 0.4869791666666667 0.06018518518518518 0.4890625 0.06018518518518518 0.4895833333333333 0.06342592592592593 0.4921875 0.06851851851851852 0.4979166666666667 0.07175925925925926 0.49973958333333335 0.07592592592592592 0.5005208333333333 0.08101851851851852 0.5002604166666667 0.08148148148148149 0.5 0.08611111111111111 0.5 0.0875 0.5002604166666667 0.08935185185185185 0.4981770833333333 0.08935185185185185 0.4934895833333333 0.08888888888888889 0.49322916666666666 0.08888888888888889 0.4921875 0.08842592592592592 0.49192708333333335 0.08796296296296297 0.4901041666666667 0.0837962962962963 0.48541666666666666 0.08194444444444444 0.48385416666666664 0.08101851851851852 0.48203125 0.08009259259259259 0.48151041666666666 0.07731481481481481 0.4783854166666667 0.07453703703703704 0.47604166666666664 0.07361111111111111 0.4744791666666667 0.07175925925925926 0.47239583333333335 0.07083333333333333 0.471875 0.06481481481481481 0.46510416666666665 0.06388888888888888 0.4635416666666667 0.06157407407407407 0.46197916666666666 0.0587962962962963 0.4588541666666667 0.0587962962962963 0.4583333333333333 0.05787037037037037 0.45755208333333336 0.05648148148148148 0.4552083333333333 0.05694444444444444 0.45338541666666665 0.05787037037037037 0.45260416666666664 0.058333333333333334 0.4515625 0.06018518518518518 0.45 0.060648148148148145 0.4479166666666667 0.06111111111111111 0.44765625 0.060648148148148145 0.44635416666666666 0.058333333333333334 0.44453125 0.05740740740740741 0.4432291666666667 0.055092592592592596 0.4427083333333333 0.04814814814814815 0.4427083333333333 0.047685185185185185 0.44296875 0.04583333333333333 0.44296875 0.04537037037037037 0.4432291666666667 0.04259259259259259 0.4434895833333333 0.03888888888888889 0.44453125 0.03657407407407407 0.44479166666666664 0.03564814814814815 0.4453125
3 0.09537037037037037 0.32317708333333334 0.09259259259259259 0.3263020833333333 0.09259259259259259 0.3268229166666667 0.09166666666666666 0.32760416666666664 0.09027777777777778 0.3299479166666667 0.09027777777777778 0.3307291666666667 0.08981481481481482 0.33098958333333334 0.08981481481481482 0.33177083333333335 0.08842592592592592 0.3341145833333333 0.08796296296296297 0.3375 0.0875 0.3377604166666667 0.08796296296296297 0.3380208333333333 0.08842592592592592 0.34140625 0.09212962962962963 0.34322916666666664 0.09305555555555556 0.34322916666666664 0.09537037037037037 0.34401041666666665 0.1 0.34401041666666665 0.10185185185185185 0.34322916666666664 0.10324074074074074 0.34296875 0.10601851851851851 0.34296875 0.11018518518518519 0.3419270833333333 0.11388888888888889 0.3421875 0.11712962962962963 0.34296875 0.11851851851851852 0.34296875 0.12175925925925926 0.34375 0.12314814814814815 0.34375 0.12546296296296297 0.34453125 0.12638888888888888 0.34453125 0.13055555555555556 0.3455729166666667 0.13194444444444445 0.3455729166666667 0.13518518518518519 0.3463541666666667 0.13842592592592592 0.34661458333333334 0.14212962962962963 0.34791666666666665 0.1449074074074074 0.3484375 0.14629629629629629 0.3484375 0.14953703703703702 0.3494791666666667 0.15462962962962962 0.35 0.1597222222222222 0.3515625 0.16527777777777777 0.35260416666666666 0.1675925925925926 0.3533854166666667 0.1699074074074074 0.3536458333333333 0.1736111111111111 0.35494791666666664 0.175 0.35494791666666664 0.17685185185185184 0.35546875 0.18055555555555555 0.35572916666666665 0.18101851851851852 0.35598958333333336 0.18333333333333332 0.35598958333333336 0.1837962962962963 0.35625 0.1875 0.35625 0.18796296296296297 0.35598958333333336 0.18935185185185185 0.35598958333333336 0.1925925925925926 0.3536458333333333 0.19444444444444445 0.3494791666666667 0.19305555555555556 0.34791666666666665 0.19305555555555556 0.34739583333333335 0.18981481481481483 0.3453125 0.1884259259259259 0.3450520833333333 0.18472222222222223 0.34348958333333335 0.1814814814814815 0.34322916666666664 0.17546296296296296 0.34140625 0.1712962962962963 0.34088541666666666 0.16712962962962963 0.33958333333333335 0.1625 0.33880208333333334 0.15925925925925927 0.3377604166666667 0.15787037037037038 0.3377604166666667 0.15416666666666667 0.33671875 0.15324074074074073 0.33671875 0.14537037037037037 0.334375 0.1398148148148148 0.3333333333333333 0.13842592592592592 0.3333333333333333 0.13518518518518519 0.33229166666666665 0.12685185185185185 0.3307291666666667 0.12268518518518519 0.32916666666666666 0.12129629629629629 0.32916666666666666 0.11851851851851852 0.32864583333333336 0.11574074074074074 0.3263020833333333 0.11527777777777778 0.3221354166666667 0.11481481481481481 0.3216145833333333 0.11064814814814815 0.31953125 0.10972222222222222 0.31953125 0.10740740740740741 0.31875 0.10324074074074074 0.31875 0.10185185185185185 0.31953125 0.1 0.32005208333333335
3 0.12083333333333333 0.4471354166666667 0.12037037037037036 0.44895833333333335 0.11805555555555555 0.45286458333333335 0.1175925925925926 0.45651041666666664 0.11805555555555555 0.45677083333333335 0.11805555555555555 0.4588541666666667 0.11851851851851852 0.459375 0.12268518518518519 0.46119791666666665 0.12962962962962962 0.46119791666666665 0.13055555555555556 0.46145833333333336 0.13564814814814816 0.4588541666666667 0.13796296296296295 0.4588541666666667 0.13842592592592592 0.45859375 0.1388888888888889 0.4588541666666667 0.1412037037037037 0.4588541666666667 0.14166666666666666 0.4591145833333333 0.14351851851851852 0.4591145833333333 0.14537037037037037 0.4596354166666667 0.15416666666666667 0.46067708333333335 0.1638888888888889 0.4627604166666667 0.16944444444444445 0.46328125 0.17314814814814813 0.46432291666666664 0.17824074074074073 0.46484375 0.17962962962962964 0.46536458333333336 0.18935185185185185 0.4671875 0.1912037037037037 0.4671875 0.19305555555555556 0.46770833333333334 0.19444444444444445 0.46770833333333334 0.19722222222222222 0.46848958333333335 0.1986111111111111 0.46848958333333335 0.2013888888888889 0.46901041666666665 0.20462962962962963 0.4700520833333333 0.2074074074074074 0.4703125 0.20787037037037037 0.4705729166666667 0.2175925925925926 0.4705729166666667 0.2212962962962963 0.46979166666666666 0.22453703703703703 0.46770833333333334 0.225 0.4669270833333333 0.225 0.46380208333333334 0.22453703703703703 0.4635416666666667 0.22453703703703703 0.4625 0.22175925925925927 0.4609375 0.21851851851851853 0.46015625 0.21712962962962962 0.46015625 0.21296296296296297 0.4588541666666667 0.20879629629629629 0.45859375 0.20601851851851852 0.4578125 0.20092592592592592 0.45729166666666665 0.1962962962962963 0.45598958333333334 0.18888888888888888 0.4546875 0.18796296296296297 0.45416666666666666 0.18518518518518517 0.45338541666666665 0.18194444444444444 0.453125 0.1763888888888889 0.4515625 0.17546296296296296 0.4510416666666667 0.16296296296296298 0.44869791666666664 0.1574074074074074 0.446875 0.15601851851851853 0.446875 0.15462962962962962 0.44635416666666666 0.15185185185185185 0.44609375 0.1486111111111111 0.4453125 0.14675925925925926 0.44427083333333334 0.14583333333333334 0.4432291666666667 0.14583333333333334 0.44244791666666666 0.14629629629629629 0.4421875 0.14629629629629629 0.4393229166666667 0.14166666666666666 0.43723958333333335 0.13842592592592592 0.4361979166666667 0.13472222222222222 0.43645833333333334 0.13240740740740742 0.43776041666666665 0.13055555555555556 0.43802083333333336 0.12962962962962962 0.43854166666666666 0.12962962962962962 0.4388020833333333 0.12685185185185185 0.44036458333333334 0.12546296296296297 0.44192708333333336 0.12453703703703704 0.44244791666666666 0.12268518518518519 0.44453125 0.12222222222222222 0.44583333333333336
0 0.15787037037037038 0.57578125 0.15555555555555556 0.57578125 0.1550925925925926 0.5755208333333334 0.15092592592592594 0.5755208333333334 0.15046296296296297 0.5752604166666667 0.14675925925925926 0.5752604166666667 0.14629629629629629 0.575 0.14351851851851852 0.575 0.14305555555555555 0.5747395833333333 0.1337962962962963 0.5747395833333333 0.13333333333333333 0.575 0.13055555555555556 0.575 0.12962962962962962 0.5755208333333334 0.12916666666666668 0.5755208333333334 0.12777777777777777 0.5760416666666667 0.12777777777777777 0.5822916666666667 0.12824074074074074 0.5825520833333333 0.12824074074074074 0.5841145833333333 0.1259259259259259 0.5864583333333333 0.1259259259259259 0.5869791666666667 0.125 0.5877604166666667 0.125 0.5885416666666666 0.12546296296296297 0.5888020833333333 0.12546296296296297 0.5901041666666667 0.1259259259259259 0.5903645833333333 0.1259259259259259 0.59140625 0.12777777777777777 0.5924479166666666 0.12824074074074074 0.5924479166666666 0.12916666666666668 0.59296875 0.12916666666666668 0.5932291666666667 0.1300925925925926 0.59375 0.1300925925925926 0.5940104166666667 0.13055555555555556 0.5942708333333333 0.13055555555555556 0.5947916666666667 0.1310185185185185 0.5950520833333334 0.1310185185185185 0.5966145833333333 0.13148148148148148 0.596875 0.13148148148148148 0.6114583333333333 0.13194444444444445 0.61171875 0.13194444444444445 0.6130208333333333 0.13240740740740742 0.61328125 0.13240740740740742 0.6140625 0.13287037037037036 0.6143229166666667 0.13287037037037036 0.61484375 0.13425925925925927 0.615625 0.13472222222222222 0.615625 0.13518518518518519 0.6158854166666666 0.13796296296296295 0.6158854166666666 0.13842592592592592 0.6161458333333333 0.1388888888888889 0.6158854166666666 0.14166666666666666 0.6158854166666666 0.14212962962962963 0.615625 0.14351851851851852 0.615625 0.1439814814814815 0.6153645833333333 0.14629629629629629 0.61484375 0.14814814814814814 0.6138020833333333 0.14814814814814814 0.6135416666666667 0.14907407407407408 0.6130208333333333 0.14907407407407408 0.6125 0.15 0.61171875 0.15 0.6091145833333333 0.15046296296296297 0.6088541666666667 0.15046296296296297 0.6033854166666667 0.15092592592592594 0.603125 0.15092592592592594 0.60078125 0.15138888888888888 0.6005208333333333 0.15138888888888888 0.596875 0.15185185185185185 0.5966145833333333 0.15185185185185185 0.5942708333333333 0.15231481481481482 0.5940104166666667 0.15231481481481482 0.59296875 0.1527777777777778 0.5927083333333333 0.1527777777777778 0.5921875 0.15324074074074073 0.5919270833333333 0.15324074074074073 0.5916666666666667 0.15416666666666667 0.5911458333333334 0.15416666666666667 0.5908854166666667 0.15601851851851853 0.58984375 0.15601851851851853 0.5895833333333333 0.15787037037037038 0.5885416666666666 0.15787037037037038 0.5880208333333333 0.15833333333333333 0.5877604166666667 0.15833333333333333 0.58359375 0.1587962962962963 0.5833333333333334 0.1587962962962963 0.5825520833333333 0.15925925925925927 0.5822916666666667 0.15925925925925927 0.5815104166666667 0.1597222222222222 0.58125 0.1597222222222222 0.58046875 0.16018518518518518 0.5802083333333333 0.16018518518518518 0.5794270833333334 0.1597222222222222 0.5791666666666667 0.1597222222222222 0.5783854166666667 0.15925925925925927 0.578125 0.15925925925925927 0.57734375 0.1587962962962963 0.5770833333333333 0.1587962962962963 0.5760416666666667 0.15833333333333333 0.5760416666666667
4 0.19583333333333333 0.41692708333333334 0.1935185185185185 0.41953125 0.19305555555555556 0.421875 0.1925925925925926 0.42213541666666665 0.1925925925925926 0.42578125 0.19305555555555556 0.42604166666666665 0.19305555555555556 0.4276041666666667 0.19490740740740742 0.42916666666666664 0.19768518518518519 0.43072916666666666 0.19907407407407407 0.4309895833333333 0.20185185185185187 0.4322916666666667 0.20277777777777778 0.4322916666666667 0.20601851851851852 0.43307291666666664 0.2074074074074074 0.43307291666666664 0.20787037037037037 0.43333333333333335 0.2101851851851852 0.43359375 0.21157407407407408 0.43411458333333336 0.21435185185185185 0.434375 0.2175925925925926 0.43515625 0.21898148148148147 0.43515625 0.22083333333333333 0.4356770833333333 0.22592592592592592 0.4361979166666667 0.2263888888888889 0.43645833333333334 0.2300925925925926 0.43697916666666664 0.23148148148148148 0.4375 0.2324074074074074 0.4375 0.23425925925925925 0.43802083333333336 0.23703703703703705 0.4393229166666667 0.23935185185185184 0.44244791666666666 0.23935185185185184 0.4434895833333333 0.23981481481481481 0.44375 0.24027777777777778 0.44505208333333335 0.24351851851851852 0.4471354166666667 0.24444444444444444 0.4473958333333333 0.24814814814814815 0.44765625 0.24861111111111112 0.4479166666666667 0.25 0.4479166666666667 0.25046296296296294 0.44817708333333334 0.2564814814814815 0.44817708333333334 0.2569444444444444 0.4479166666666667 0.2601851851851852 0.44765625 0.26064814814814813 0.4473958333333333 0.2638888888888889 0.446875 0.2712962962962963 0.4427083333333333 0.2740740740740741 0.4395833333333333 0.2740740740740741 0.4390625 0.275 0.43828125 0.275 0.43776041666666665 0.2763888888888889 0.4359375 0.27685185185185185 0.43307291666666664 0.2773148148148148 0.4328125 0.2773148148148148 0.43020833333333336 0.2777777777777778 0.42994791666666665 0.2777777777777778 0.42682291666666666 0.2773148148148148 0.4265625 0.2773148148148148 0.42421875 0.27685185185185185 0.4239583333333333 0.27685185185185185 0.42265625 0.2763888888888889 0.42239583333333336 0.2763888888888889 0.42161458333333335 0.2759259259259259 0.42135416666666664 0.27546296296296297 0.4197916666666667 0.2740740740740741 0.41901041666666666 0.2726851851851852 0.41875 0.27175925925925926 0.41822916666666665 0.26944444444444443 0.41796875 0.26805555555555555 0.41744791666666664 0.26435185185185184 0.4171875 0.2638888888888889 0.41692708333333334 0.26064814814814813 0.41692708333333334 0.2601851851851852 0.4171875 0.2587962962962963 0.4171875 0.2574074074074074 0.41770833333333335 0.2564814814814815 0.41770833333333335 0.2518518518518518 0.41901041666666666 0.25092592592592594 0.41901041666666666 0.24861111111111112 0.4197916666666667 0.24305555555555555 0.4203125 0.24259259259259258 0.4200520833333333 0.2388888888888889 0.4197916666666667 0.23842592592592593 0.41953125 0.23703703703703705 0.41953125 0.23657407407407408 0.4192708333333333 0.2351851851851852 0.4192708333333333 0.23472222222222222 0.41901041666666666 0.23287037037037037 0.41901041666666666 0.2324074074074074 0.41875 0.2310185185185185 0.41875 0.23055555555555557 0.41848958333333336 0.22870370370370371 0.41848958333333336 0.22824074074074074 0.41822916666666665 0.22546296296296298 0.41796875 0.225 0.41770833333333335 0.2212962962962963 0.41744791666666664 0.21481481481481482 0.4158854166666667 0.21296296296296297 0.4158854166666667 0.2125 0.415625 0.20879629629629629 0.415625 0.20833333333333334 0.4153645833333333 0.20694444444444443 0.4153645833333333 0.2064814814814815 0.41510416666666666 0.2 0.41510416666666666 0.19722222222222222 0.4158854166666667 0.19722222222222222 0.4161458333333333
3 0.22083333333333333 0.30963541666666666 0.21851851851851853 0.3106770833333333 0.21851851851851853 0.3111979166666667 0.2175925925925926 0.31197916666666664 0.21712962962962962 0.31354166666666666 0.21666666666666667 0.3138020833333333 0.21666666666666667 0.31536458333333334 0.21712962962962962 0.315625 0.21712962962962962 0.31692708333333336 0.2175925925925926 0.3171875 0.2175925925925926 0.3184895833333333 0.21805555555555556 0.31875 0.21898148148148147 0.3223958333333333 0.21944444444444444 0.32265625 0.22037037037037038 0.32526041666666666 0.22175925925925927 0.32708333333333334 0.2222222222222222 0.32916666666666666 0.22268518518518518 0.3294270833333333 0.22268518518518518 0.33046875 0.22314814814814815 0.3307291666666667 0.22314814814814815 0.33151041666666664 0.22407407407407406 0.3328125 0.22407407407407406 0.3338541666666667 0.22453703703703703 0.3341145833333333 0.22453703703703703 0.33489583333333334 0.22592592592592592 0.33697916666666666 0.22592592592592592 0.3380208333333333 0.2263888888888889 0.33828125 0.22685185185185186 0.33984375 0.22824074074074074 0.3419270833333333 0.22824074074074074 0.34375 0.22870370370370371 0.34401041666666665 0.22916666666666666 0.34713541666666664 0.22962962962962963 0.34739583333333335 0.22962962962962963 0.34869791666666666 0.2300925925925926 0.3489583333333333 0.22962962962962963 0.35078125 0.22916666666666666 0.35104166666666664 0.2273148148148148 0.3546875 0.2263888888888889 0.35546875 0.22453703703703703 0.35625 0.22361111111111112 0.3572916666666667 0.22314814814814815 0.35989583333333336 0.22268518518518518 0.36015625 0.22268518518518518 0.36171875 0.22453703703703703 0.36432291666666666 0.22592592592592592 0.3645833333333333 0.22685185185185186 0.3651041666666667 0.22777777777777777 0.3651041666666667 0.2324074074074074 0.36614583333333334 0.2337962962962963 0.36614583333333334 0.2351851851851852 0.36666666666666664 0.23935185185185184 0.36692708333333335 0.23981481481481481 0.3671875 0.2449074074074074 0.3671875 0.24537037037037038 0.36692708333333335 0.2513888888888889 0.36666666666666664 0.2550925925925926 0.365625 0.25972222222222224 0.36484375 0.2652777777777778 0.3619791666666667 0.2671296296296296 0.36041666666666666 0.2671296296296296 0.35989583333333336 0.26851851851851855 0.3580729166666667 0.26851851851851855 0.35651041666666666 0.2671296296296296 0.35442708333333334 0.2652777777777778 0.3533854166666667 0.25601851851851853 0.3502604166666667 0.25277777777777777 0.34817708333333336 0.25092592592592594 0.34609375 0.25 0.34348958333333335 0.24953703703703703 0.34322916666666664 0.24953703703703703 0.3419270833333333 0.2490740740740741 0.3416666666666667 0.2490740740740741 0.34088541666666666 0.24814814814814815 0.33958333333333335 0.24814814814814815 0.33828125 0.24768518518518517 0.3380208333333333 0.24768518518518517 0.3372395833333333 0.24583333333333332 0.334375 0.24583333333333332 0.3333333333333333 0.24537037037037038 0.33307291666666666 0.24537037037037038 0.33229166666666665 0.24444444444444444 0.33098958333333334 0.24444444444444444 0.3299479166666667 0.2439814814814815 0.3296875 0.2439814814814815 0.32890625 0.24351851851851852 0.32864583333333336 0.24351851851851852 0.32786458333333335 0.24305555555555555 0.32760416666666664 0.24305555555555555 0.3268229166666667 0.24212962962962964 0.3255208333333333 0.24212962962962964 0.32447916666666665 0.24166666666666667 0.32421875 0.24166666666666667 0.32317708333333334 0.2412037037037037 0.3229166666666667 0.2412037037037037 0.321875 0.24074074074074073 0.3216145833333333 0.24074074074074073 0.3203125 0.24027777777777778 0.32005208333333335 0.23981481481481481 0.3177083333333333 0.2388888888888889 0.31666666666666665 0.23796296296296296 0.3138020833333333 0.23657407407407408 0.3125 0.23657407407407408 0.31197916666666664 0.23564814814814813 0.3109375 0.23194444444444445 0.30911458333333336 0.22962962962962963 0.30911458333333336 0.22916666666666666 0.30885416666666665 0.22453703703703703 0.30911458333333336 0.22407407407407406 0.309375
3 0.3486111111111111 0.3221354166666667 0.34305555555555556 0.3221354166666667 0.3425925925925926 0.321875 0.3375 0.321875 0.337037037037037 0.3221354166666667 0.3351851851851852 0.3221354166666667 0.33194444444444443 0.32317708333333334 0.3300925925925926 0.3234375 0.3287037037037037 0.32421875 0.32685185185185184 0.3260416666666667 0.3282407407407407 0.3299479166666667 0.33055555555555555 0.33125 0.33425925925925926 0.33255208333333336 0.33611111111111114 0.3338541666666667 0.33611111111111114 0.3385416666666667 0.33564814814814814 0.33880208333333334 0.33564814814814814 0.33984375 0.3351851851851852 0.34010416666666665 0.3347222222222222 0.34296875 0.3337962962962963 0.34427083333333336 0.3337962962962963 0.3458333333333333 0.3333333333333333 0.34609375 0.33287037037037037 0.34921875 0.33240740740740743 0.3494791666666667 0.33240740740740743 0.35078125 0.33194444444444443 0.35104166666666664 0.3314814814814815 0.3536458333333333 0.33101851851851855 0.35390625 0.33101851851851855 0.35546875 0.33055555555555555 0.35572916666666665 0.33055555555555555 0.3567708333333333 0.3300925925925926 0.35703125 0.3300925925925926 0.3580729166666667 0.3296296296296296 0.35833333333333334 0.3296296296296296 0.359375 0.32916666666666666 0.35963541666666665 0.32916666666666666 0.3606770833333333 0.3287037037037037 0.3609375 0.3287037037037037 0.3619791666666667 0.3282407407407407 0.36223958333333334 0.3282407407407407 0.36328125 0.3277777777777778 0.36354166666666665 0.3277777777777778 0.3645833333333333 0.32731481481481484 0.36484375 0.32731481481481484 0.3671875 0.32685185185185184 0.36744791666666665 0.32685185185185184 0.3692708333333333 0.3263888888888889 0.36953125 0.3263888888888889 0.37083333333333335 0.32592592592592595 0.37109375 0.32592592592592595 0.3736979166666667 0.32546296296296295 0.37395833333333334 0.32546296296296295 0.378125 0.32592592592592595 0.37838541666666664 0.3263888888888889 0.3796875 0.3287037037037037 0.38046875 0.3296296296296296 0.38046875 0.3300925925925926 0.3807291666666667 0.33240740740740743 0.3807291666666667 0.33287037037037037 0.3809895833333333 0.33935185185185185 0.3809895833333333 0.3398148148148148 0.3807291666666667 0.34120370370370373 0.3807291666666667 0.34305555555555556 0.3796875 0.34444444444444444 0.378125 0.34444444444444444 0.3776041666666667 0.3453703703703704 0.3765625 0.3453703703703704 0.37552083333333336 0.3458333333333333 0.37526041666666665 0.3458333333333333 0.37421875 0.34629629629629627 0.37395833333333334 0.34629629629629627 0.3729166666666667 0.34675925925925927 0.37265625 0.3476851851851852 0.3690104166666667 0.34814814814814815 0.36875 0.34814814814814815 0.36744791666666665 0.3486111111111111 0.3671875 0.3486111111111111 0.3658854166666667 0.3490740740740741 0.365625 0.3490740740740741 0.36432291666666666 0.34953703703703703 0.3640625 0.34953703703703703 0.36276041666666664 0.35 0.3625 0.350462962962963 0.35989583333333336 0.3509259259259259 0.35963541666666665 0.3509259259259259 0.35885416666666664 0.35185185185185186 0.3575520833333333 0.35185185185185186 0.35651041666666666 0.3523148148148148 0.35625 0.3523148148148148 0.35442708333333334 0.3527777777777778 0.3541666666666667 0.3527777777777778 0.3528645833333333 0.35324074074074074 0.35260416666666666 0.3537037037037037 0.35 0.3541666666666667 0.3497395833333333 0.3541666666666667 0.34869791666666666 0.35462962962962963 0.3484375 0.35462962962962963 0.34713541666666664 0.35509259259259257 0.346875 0.3560185185185185 0.34348958333333335 0.35648148148148145 0.34322916666666664 0.35648148148148145 0.3424479166666667 0.3574074074074074 0.34140625 0.3578703703703704 0.33984375 0.3587962962962963 0.3390625 0.3587962962962963 0.3385416666666667 0.3611111111111111 0.33697916666666666 0.3638888888888889 0.33619791666666665 0.3648148148148148 0.33619791666666665 0.36574074074074076 0.33567708333333335 0.3699074074074074 0.3346354166666667 0.37175925925925923 0.33359375 0.3726851851851852 0.33229166666666665 0.3731481481481482 0.3296875 0.3726851851851852 0.3294270833333333 0.3726851851851852 0.32890625 0.36944444444444446 0.3260416666666667 0.3662037037037037 0.3255208333333333 0.3648148148148148 0.325 0.3625 0.32473958333333336 0.35694444444444445 0.32317708333333334 0.3541666666666667 0.3229166666666667 0.3537037037037037 0.32265625 0.35185185185185186 0.32265625 0.35138888888888886 0.3223958333333333 0.3490740740740741 0.3223958333333333
1 0.3648148148148148 0.40572916666666664 0.3587962962962963 0.4078125 0.3523148148148148 0.4114583333333333 0.35185185185185186 0.4127604166666667 0.35324074074074074 0.41692708333333334 0.35648148148148145 0.41822916666666665 0.36527777777777776 0.41770833333333335 0.37175925925925923 0.421875 0.3763888888888889 0.42916666666666664 0.38564814814814813 0.4401041666666667 0.38796296296296295 0.44427083333333334 0.3962962962962963 0.4549479166666667 0.39861111111111114 0.45703125 0.4060185185185185 0.46822916666666664 0.4097222222222222 0.471875 0.41898148148148145 0.48463541666666665 0.4236111111111111 0.4890625 0.42777777777777776 0.49453125 0.4310185185185185 0.49713541666666666 0.43425925925925923 0.5018229166666667 0.4393518518518518 0.5044270833333333 0.4444444444444444 0.5044270833333333 0.4462962962962963 0.50390625 0.449537037037037 0.5018229166666667 0.44907407407407407 0.49765625 0.44583333333333336 0.4940104166666667 0.4439814814814815 0.48984375 0.4375 0.48072916666666665 0.43472222222222223 0.478125 0.42824074074074076 0.46848958333333335 0.425462962962963 0.465625 0.4203703703703704 0.45807291666666666 0.41712962962962963 0.4546875 0.40694444444444444 0.44114583333333335 0.4046296296296296 0.43671875 0.39444444444444443 0.42421875 0.3925925925925926 0.4205729166666667 0.3888888888888889 0.4158854166666667 0.3907407407407407 0.4125 0.3962962962962963 0.4080729166666667 0.39444444444444443 0.40625 0.39351851851851855 0.4041666666666667 0.39166666666666666 0.403125 0.38935185185185184 0.40260416666666665 0.38333333333333336 0.40234375 0.3768518518518518 0.403125 0.37175925925925923 0.4041666666666667 0.36898148148148147 0.40520833333333334
2 0.3851851851851852 0.4859375 0.38333333333333336 0.48776041666666664 0.37962962962962965 0.48984375 0.3787037037037037 0.49114583333333334 0.3768518518518518 0.49244791666666665 0.37453703703703706 0.49557291666666664 0.3731481481481482 0.49635416666666665 0.37175925925925923 0.4979166666666667 0.37083333333333335 0.5 0.36898148148148147 0.5018229166666667 0.36898148148148147 0.50234375 0.3685185185185185 0.5026041666666666 0.3685185185185185 0.503125 0.3680555555555556 0.5033854166666667 0.3680555555555556 0.50390625 0.3662037037037037 0.5065104166666666 0.3662037037037037 0.5072916666666667 0.3648148148148148 0.5088541666666667 0.3648148148148148 0.5098958333333333 0.36435185185185187 0.51015625 0.36435185185185187 0.51328125 0.3638888888888889 0.5135416666666667 0.36527777777777776 0.5151041666666667 0.3685185185185185 0.5169270833333334 0.36944444444444446 0.5169270833333334 0.3712962962962963 0.5174479166666667 0.3726851851851852 0.5174479166666667 0.3731481481481482 0.5177083333333333 0.37546296296296294 0.5177083333333333 0.37592592592592594 0.51796875 0.3824074074074074 0.5177083333333333 0.38287037037037036 0.5174479166666667 0.38425925925925924 0.5174479166666667 0.38472222222222224 0.5171875 0.38842592592592595 0.5166666666666667 0.3925925925925926 0.5177083333333333 0.3990740740740741 0.5177083333333333 0.399537037037037 0.51796875 0.40370370370370373 0.5182291666666666 0.4083333333333333 0.5197916666666667 0.40925925925925927 0.5197916666666667 0.4148148148148148 0.5213541666666667 0.41759259259259257 0.5216145833333333 0.41805555555555557 0.521875 0.41944444444444445 0.521875 0.42407407407407405 0.5229166666666667 0.425462962962963 0.5229166666666667 0.4273148148148148 0.5234375 0.4310185185185185 0.5236979166666667 0.43148148148148147 0.5239583333333333 0.4356481481481482 0.52421875 0.4361111111111111 0.5239583333333333 0.4388888888888889 0.5236979166666667 0.4425925925925926 0.52265625 0.44537037037037036 0.5208333333333334 0.44814814814814813 0.5177083333333333 0.4486111111111111 0.515625 0.45 0.5138020833333333 0.45 0.5127604166666667 0.4486111111111111 0.5109375 0.44583333333333336 0.509375 0.44537037037037036 0.509375 0.4425925925925926 0.5075520833333333 0.43842592592592594 0.5059895833333333 0.43703703703703706 0.5057291666666667 0.4361111111111111 0.5052083333333334 0.43472222222222223 0.5049479166666667 0.4337962962962963 0.5044270833333333 0.4310185185185185 0.5036458333333333 0.4300925925925926 0.5036458333333333 0.4287037037037037 0.503125 0.42777777777777776 0.503125 0.4263888888888889 0.5026041666666666 0.42407407407407405 0.50234375 0.42268518518518516 0.5015625 0.41944444444444445 0.5005208333333333 0.41574074074074074 0.5 0.4083333333333333 0.4979166666666667 0.40694444444444444 0.4979166666666667 0.4064814814814815 0.49765625 0.4050925925925926 0.49765625 0.40370370370370373 0.49713541666666666 0.40370370370370373 0.49661458333333336 0.40185185185185185 0.4940104166666667 0.4023148148148148 0.4934895833333333 0.4023148148148148 0.4908854166666667 0.4027777777777778 0.490625 0.4027777777777778 0.4901041666666667 0.4013888888888889 0.48828125 0.3990740740740741 0.48671875 0.39490740740740743 0.48541666666666666 0.3939814814814815 0.48541666666666666 0.3921296296296296 0.48489583333333336 0.3912037037037037 0.48515625 0.38796296296296295 0.48515625
3 0.5291666666666667 0.36380208333333336 0.525 0.3611979166666667 0.5217592592592593 0.3609375 0.5212962962962963 0.3606770833333333 0.5203703703703704 0.3606770833333333 0.5199074074074074 0.3609375 0.5143518518518518 0.3609375 0.5138888888888888 0.3611979166666667 0.5120370370370371 0.3611979166666667 0.5115740740740741 0.3614583333333333 0.5092592592592593 0.36171875 0.5060185185185185 0.36276041666666664 0.5050925925925925 0.36276041666666664 0.4976851851851852 0.36432291666666666 0.4935185185185185 0.3645833333333333 0.4930555555555556 0.36484375 0.49074074074074076 0.3651041666666667 0.48842592592592593 0.3658854166666667 0.48564814814814816 0.36614583333333334 0.4837962962962963 0.36666666666666664 0.4824074074074074 0.36666666666666664 0.48148148148148145 0.3671875 0.47638888888888886 0.3684895833333333 0.4722222222222222 0.3690104166666667 0.4685185185185185 0.37005208333333334 0.4675925925925926 0.37005208333333334 0.4615740740740741 0.37135416666666665 0.4583333333333333 0.37161458333333336 0.45694444444444443 0.37213541666666666 0.45601851851851855 0.37213541666666666 0.45416666666666666 0.37265625 0.4527777777777778 0.37265625 0.45092592592592595 0.3734375 0.45 0.3729166666666667 0.44675925925925924 0.3723958333333333 0.44305555555555554 0.37083333333333335 0.44212962962962965 0.37083333333333335 0.44166666666666665 0.37109375 0.4388888888888889 0.37109375 0.43842592592592594 0.37135416666666665 0.43148148148148147 0.37135416666666665 0.42916666666666664 0.3729166666666667 0.42916666666666664 0.3765625 0.4287037037037037 0.3768229166666667 0.42916666666666664 0.3770833333333333 0.42962962962962964 0.3802083333333333 0.4300925925925926 0.38046875 0.4310185185185185 0.38333333333333336 0.43148148148148147 0.38359375 0.43194444444444446 0.3848958333333333 0.43287037037037035 0.38567708333333334 0.43287037037037035 0.38619791666666664 0.4337962962962963 0.38697916666666665 0.43425925925925923 0.38828125 0.4361111111111111 0.39010416666666664 0.4375 0.39088541666666665 0.4388888888888889 0.3927083333333333 0.4412037037037037 0.39375 0.44305555555555554 0.39427083333333335 0.45092592592592595 0.39427083333333335 0.4546296296296296 0.3924479166666667 0.45555555555555555 0.38984375 0.45601851851851855 0.38958333333333334 0.45694444444444443 0.3875 0.45787037037037037 0.38671875 0.46111111111111114 0.38515625 0.4648148148148148 0.3841145833333333 0.4666666666666667 0.38385416666666666 0.46944444444444444 0.38255208333333335 0.47314814814814815 0.38177083333333334 0.47453703703703703 0.38177083333333334 0.47638888888888886 0.38125 0.4777777777777778 0.38125 0.47962962962962963 0.3807291666666667 0.4810185185185185 0.3807291666666667 0.4824074074074074 0.3802083333333333 0.48564814814814816 0.37994791666666666 0.4861111111111111 0.3796875 0.48842592592592593 0.37942708333333336 0.4898148148148148 0.37890625 0.49074074074074076 0.37890625 0.49675925925925923 0.3776041666666667 0.4981481481481482 0.3776041666666667 0.5018518518518519 0.3765625 0.5041666666666667 0.3765625 0.5046296296296297 0.3763020833333333 0.5078703703703704 0.37604166666666666 0.5083333333333333 0.37578125 0.5106481481481482 0.37552083333333336 0.5120370370370371 0.375 0.512962962962963 0.375 0.5143518518518518 0.37447916666666664 0.5152777777777777 0.37447916666666664 0.5166666666666667 0.37395833333333334 0.5217592592592593 0.3731770833333333 0.524537037037037 0.3723958333333333 0.5263888888888889 0.37161458333333336 0.5300925925925926 0.3692708333333333 0.5300925925925926 0.3651041666666667
0 0.45046296296296295 0.47578125 0.44814814814814813 0.47708333333333336 0.44814814814814813 0.47734375 0.44722222222222224 0.478125 0.44722222222222224 0.47890625 0.44675925925925924 0.4791666666666667 0.44675925925925924 0.48151041666666666 0.4462962962962963 0.4817708333333333 0.4462962962962963 0.4828125 0.44583333333333336 0.4830729166666667 0.44583333333333336 0.48385416666666664 0.44537037037037036 0.48411458333333335 0.44537037037037036 0.48515625 0.4449074074074074 0.48541666666666666 0.4449074074074074 0.4875 0.44537037037037036 0.48776041666666664 0.44537037037037036 0.48880208333333336 0.44583333333333336 0.4890625 0.44583333333333336 0.4901041666666667 0.4462962962962963 0.4903645833333333 0.4462962962962963 0.49114583333333334 0.44675925925925924 0.49140625 0.44722222222222224 0.49270833333333336 0.44814814814814813 0.4934895833333333 0.44814814814814813 0.4940104166666667 0.44907407407407407 0.4947916666666667 0.44907407407407407 0.4953125 0.449537037037037 0.49557291666666664 0.449537037037037 0.49635416666666665 0.45 0.49661458333333336 0.45 0.49765625 0.45046296296296295 0.4979166666666667 0.45046296296296295 0.50234375 0.45092592592592595 0.5026041666666666 0.45092592592592595 0.5033854166666667 0.4513888888888889 0.5036458333333333 0.4513888888888889 0.5046875 0.45185185185185184 0.5049479166666667 0.45185185185185184 0.5106770833333333 0.45231481481481484 0.5109375 0.45231481481481484 0.5122395833333333 0.4527777777777778 0.5125 0.4527777777777778 0.5135416666666667 0.4546296296296296 0.5145833333333333 0.4550925925925926 0.5145833333333333 0.4564814814814815 0.5151041666666667 0.45740740740740743 0.5151041666666667 0.45787037037037037 0.5153645833333333 0.46111111111111114 0.5153645833333333 0.4615740740740741 0.5151041666666667 0.46296296296296297 0.5151041666666667 0.4634259259259259 0.51484375 0.46435185185185185 0.51484375 0.4648148148148148 0.5145833333333333 0.46620370370370373 0.5143229166666666 0.4671296296296296 0.5138020833333333 0.4671296296296296 0.5135416666666667 0.4675925925925926 0.51328125 0.4675925925925926 0.5119791666666667 0.46805555555555556 0.51171875 0.46805555555555556 0.5098958333333333 0.4685185185185185 0.5096354166666667 0.4685185185185185 0.50625 0.4689814814814815 0.5059895833333333 0.4689814814814815 0.5015625 0.46944444444444444 0.5013020833333334 0.46944444444444444 0.49921875 0.4699074074074074 0.49895833333333334 0.4699074074074074 0.4973958333333333 0.4703703703703704 0.49713541666666666 0.4703703703703704 0.49583333333333335 0.4708333333333333 0.49557291666666664 0.4708333333333333 0.4940104166666667 0.47129629629629627 0.49375 0.47175925925925927 0.49244791666666665 0.4740740740740741 0.4901041666666667 0.4740740740740741 0.48932291666666666 0.47453703703703703 0.4890625 0.47453703703703703 0.48776041666666664 0.475 0.4875 0.475 0.4859375 0.475462962962963 0.4856770833333333 0.475462962962963 0.48489583333333336 0.4759259259259259 0.48463541666666665 0.4759259259259259 0.48385416666666664 0.47638888888888886 0.48359375 0.47638888888888886 0.4825520833333333 0.47685185185185186 0.4822916666666667 0.47685185185185186 0.4783854166666667 0.47638888888888886 0.478125 0.47638888888888886 0.4778645833333333 0.4740740740740741 0.4765625 0.4625 0.4765625 0.462037037037037 0.47630208333333335 0.46111111111111114 0.47630208333333335 0.46064814814814814 0.47604166666666664 0.45925925925925926 0.47604166666666664 0.4587962962962963 0.47578125
0 0.49444444444444446 0.23229166666666667 0.4935185185185185 0.23359375 0.4912037037037037 0.23515625 0.4912037037037037 0.23541666666666666 0.4898148148148148 0.23619791666666667 0.48935185185185187 0.2375 0.4888888888888889 0.23776041666666667 0.4888888888888889 0.23802083333333332 0.48842592592592593 0.23828125 0.48842592592592593 0.23854166666666668 0.487962962962963 0.23880208333333333 0.487962962962963 0.2390625 0.4875 0.23932291666666666 0.4875 0.23958333333333334 0.48333333333333334 0.24401041666666667 0.48333333333333334 0.24427083333333333 0.4837962962962963 0.24453125 0.4837962962962963 0.24505208333333334 0.4842592592592593 0.2453125 0.4847222222222222 0.24609375 0.48703703703703705 0.24739583333333334 0.4875 0.24739583333333334 0.4888888888888889 0.24791666666666667 0.4898148148148148 0.24791666666666667 0.4912037037037037 0.2484375 0.49212962962962964 0.2484375 0.4935185185185185 0.24895833333333334 0.4949074074074074 0.24895833333333334 0.49537037037037035 0.24921875 0.49675925925925923 0.24921875 0.49722222222222223 0.24947916666666667 0.4976851851851852 0.24947916666666667 0.49953703703703706 0.25052083333333336 0.49953703703703706 0.25078125 0.500462962962963 0.2513020833333333 0.500462962962963 0.2515625 0.5018518518518519 0.25234375 0.5032407407407408 0.25234375 0.5037037037037037 0.2526041666666667 0.5055555555555555 0.2526041666666667 0.5060185185185185 0.25286458333333334 0.5074074074074074 0.25286458333333334 0.5078703703703704 0.253125 0.5087962962962963 0.253125 0.5092592592592593 0.25338541666666664 0.5115740740740741 0.25338541666666664 0.5120370370370371 0.25364583333333335 0.513425925925926 0.25364583333333335 0.5138888888888888 0.25390625 0.5148148148148148 0.25390625 0.5152777777777777 0.25416666666666665 0.5162037037037037 0.25416666666666665 0.5166666666666667 0.25442708333333336 0.5180555555555556 0.25442708333333336 0.5185185185185185 0.2546875 0.5194444444444445 0.2546875 0.5199074074074074 0.25494791666666666 0.5222222222222223 0.2552083333333333 0.5254629629629629 0.25625 0.5263888888888889 0.25625 0.5277777777777778 0.25677083333333334 0.5287037037037037 0.25677083333333334 0.5296296296296297 0.25729166666666664 0.5310185185185186 0.25755208333333335 0.5319444444444444 0.25807291666666665 0.5324074074074074 0.25807291666666665 0.5337962962962963 0.25859375 0.5347222222222222 0.25859375 0.5351851851851852 0.25885416666666666 0.5356481481481481 0.25885416666666666 0.5361111111111111 0.2591145833333333 0.5370370370370371 0.2591145833333333 0.5375 0.259375 0.5388888888888889 0.259375 0.5393518518518519 0.2596354166666667 0.5421296296296296 0.2596354166666667 0.5425925925925926 0.2598958333333333 0.5449074074074074 0.2598958333333333 0.5453703703703704 0.2596354166666667 0.5462962962962963 0.2596354166666667 0.5467592592592593 0.259375 0.5472222222222223 0.259375 0.549537037037037 0.25833333333333336 0.549537037037037 0.25807291666666665 0.5504629629629629 0.25755208333333335 0.5504629629629629 0.25729166666666664 0.5509259259259259 0.25703125 0.5509259259259259 0.2565104166666667 0.5513888888888889 0.25625 0.5513888888888889 0.25416666666666665 0.5509259259259259 0.25390625 0.5509259259259259 0.2526041666666667 0.5504629629629629 0.25234375 0.5504629629629629 0.2518229166666667 0.5453703703703704 0.24921875 0.5421296296296296 0.2484375 0.5412037037037037 0.24791666666666667 0.5407407407407407 0.24791666666666667 0.5402777777777777 0.24765625 0.537962962962963 0.24713541666666666 0.5370370370370371 0.24661458333333333 0.5337962962962963 0.24583333333333332 0.5328703703703703 0.2453125 0.5324074074074074 0.2453125 0.5314814814814814 0.24479166666666666 0.5310185185185186 0.24479166666666666 0.5291666666666667 0.24375 0.5287037037037037 0.24375 0.5277777777777778 0.24322916666666666 0.5263888888888889 0.24296875 0.5254629629629629 0.24244791666666668 0.525 0.24244791666666668 0.5226851851851851 0.24114583333333334 0.5222222222222223 0.24114583333333334 0.5203703703703704 0.24010416666666667 0.5203703703703704 0.23958333333333334 0.5199074074074074 0.23932291666666666 0.5199074074074074 0.23880208333333333 0.5194444444444445 0.23854166666666668 0.5194444444444445 0.23802083333333332 0.5185185185185185 0.23723958333333334 0.5185185185185185 0.23671875 0.5180555555555556 0.23645833333333333 0.5180555555555556 0.23619791666666667 0.5175925925925926 0.23619791666666667 0.5166666666666667 0.23567708333333334 0.5157407407407407 0.23567708333333334 0.513425925925926 0.23489583333333333 0.5120370370370371 0.23489583333333333 0.5115740740740741 0.23463541666666668 0.5101851851851852 0.23463541666666668 0.5087962962962963 0.23411458333333332 0.5078703703703704 0.23411458333333332 0.5060185185185185 0.23333333333333334 0.5055555555555555 0.23333333333333334 0.5032407407407408 0.23203125 0.5027777777777778 0.23203125 0.5013888888888889 0.23151041666666666 0.49953703703703706 0.23151041666666666 0.49907407407407406 0.23125 0.4976851851851852 0.23125
0 0.5125 0.4734375 0.5125 0.47552083333333334 0.512962962962963 0.47578125 0.512962962962963 0.4783854166666667 0.513425925925926 0.4786458333333333 0.513425925925926 0.47994791666666664 0.5138888888888888 0.48020833333333335 0.5138888888888888 0.48098958333333336 0.5143518518518518 0.48125 0.5143518518518518 0.48203125 0.5152777777777777 0.4825520833333333 0.5152777777777777 0.4828125 0.5175925925925926 0.48385416666666664 0.5180555555555556 0.48385416666666664 0.5212962962962963 0.48489583333333336 0.5226851851851851 0.48489583333333336 0.5231481481481481 0.48463541666666665 0.5291666666666667 0.48463541666666665 0.5296296296296297 0.484375 0.5305555555555556 0.484375 0.5310185185185186 0.48411458333333335 0.5319444444444444 0.48411458333333335 0.5324074074074074 0.48385416666666664 0.5337962962962963 0.48385416666666664 0.5342592592592592 0.48359375 0.5365740740740741 0.48359375 0.5370370370370371 0.48333333333333334 0.5393518518518519 0.48333333333333334 0.5398148148148149 0.4830729166666667 0.5416666666666666 0.4830729166666667 0.5421296296296296 0.4828125 0.5430555555555555 0.4828125 0.5435185185185185 0.4825520833333333 0.5449074074074074 0.4822916666666667 0.5472222222222223 0.48125 0.5481481481481482 0.48125 0.5486111111111112 0.48098958333333336 0.549537037037037 0.48098958333333336 0.55 0.48072916666666665 0.5513888888888889 0.48072916666666665 0.5518518518518518 0.48046875 0.5532407407407407 0.48046875 0.5537037037037037 0.48020833333333335 0.5560185185185185 0.48020833333333335 0.5564814814814815 0.47994791666666664 0.5583333333333333 0.47994791666666664 0.5587962962962963 0.4796875 0.5601851851851852 0.4796875 0.5606481481481481 0.47942708333333334 0.5615740740740741 0.47942708333333334 0.562037037037037 0.4791666666666667 0.5625 0.4791666666666667 0.562962962962963 0.47890625 0.5638888888888889 0.47890625 0.5643518518518519 0.4786458333333333 0.5666666666666667 0.4786458333333333 0.5671296296296297 0.4783854166666667 0.5689814814814815 0.4783854166666667 0.5694444444444444 0.478125 0.5703703703703704 0.478125 0.5708333333333333 0.4778645833333333 0.5717592592592593 0.4778645833333333 0.5722222222222222 0.47760416666666666 0.5740740740740741 0.47760416666666666 0.5745370370370371 0.47734375 0.575925925925926 0.47734375 0.5773148148148148 0.47682291666666665 0.5782407407407407 0.47682291666666665 0.5787037037037037 0.4765625 0.5800925925925926 0.47630208333333335 0.5833333333333334 0.4744791666666667 0.5833333333333334 0.4734375 0.5837962962962963 0.47317708333333336 0.5837962962962963 0.4700520833333333 0.5833333333333334 0.46979166666666666 0.5828703703703704 0.46901041666666665 0.5800925925925926 0.4669270833333333 0.5800925925925926 0.4666666666666667 0.5782407407407407 0.4666666666666667 0.5777777777777777 0.46640625 0.5731481481481482 0.46640625 0.5726851851851852 0.4661458333333333 0.5712962962962963 0.4661458333333333 0.5708333333333333 0.46640625 0.5638888888888889 0.46640625 0.5634259259259259 0.4666666666666667 0.5597222222222222 0.4666666666666667 0.5592592592592592 0.4669270833333333 0.5569444444444445 0.4669270833333333 0.5564814814814815 0.4671875 0.5546296296296296 0.4671875 0.5541666666666667 0.4674479166666667 0.5481481481481482 0.4674479166666667 0.5476851851851852 0.46770833333333334 0.5467592592592593 0.46770833333333334 0.5453703703703704 0.46822916666666664 0.5439814814814815 0.46822916666666664 0.5412037037037037 0.4666666666666667 0.5407407407407407 0.4666666666666667 0.5393518518518519 0.4661458333333333 0.538425925925926 0.4661458333333333 0.5370370370370371 0.465625 0.5328703703703703 0.465625 0.5324074074074074 0.46588541666666666 0.5314814814814814 0.46588541666666666 0.5291666666666667 0.4666666666666667 0.5263888888888889 0.4666666666666667 0.5259259259259259 0.4669270833333333 0.524537037037037 0.4669270833333333 0.524074074074074 0.4671875 0.5226851851851851 0.4671875 0.5222222222222223 0.4674479166666667 0.5185185185185185 0.4674479166666667 0.5180555555555556 0.46770833333333334 0.5171296296296296 0.46770833333333334 0.5162037037037037 0.46822916666666664 0.5157407407407407 0.46822916666666664 0.513425925925926 0.46979166666666666 0.513425925925926 0.4703125 0.512962962962963 0.4705729166666667 0.512962962962963 0.47317708333333336
2 0.7476851851851852 0.28463541666666664 0.7439814814814815 0.2833333333333333 0.7425925925925926 0.2833333333333333 0.7421296296296296 0.2830729166666667 0.7351851851851852 0.2830729166666667 0.7347222222222223 0.2833333333333333 0.7333333333333333 0.2833333333333333 0.7328703703703704 0.28359375 0.7300925925925926 0.2838541666666667 0.7296296296296296 0.28411458333333334 0.7282407407407407 0.28411458333333334 0.7277777777777777 0.284375 0.7236111111111111 0.28463541666666664 0.7208333333333333 0.28541666666666665 0.7199074074074074 0.28541666666666665 0.7175925925925926 0.28619791666666666 0.7166666666666667 0.28619791666666666 0.7148148148148148 0.28671875 0.7134259259259259 0.28671875 0.7129629629629629 0.2869791666666667 0.711574074074074 0.2869791666666667 0.7111111111111111 0.2872395833333333 0.7074074074074074 0.2877604166666667 0.7046296296296296 0.28880208333333335 0.7032407407407407 0.28880208333333335 0.700925925925926 0.28932291666666665 0.6972222222222222 0.2875 0.6962962962962963 0.2875 0.6930555555555555 0.28671875 0.6916666666666667 0.28671875 0.6893518518518519 0.28619791666666666 0.6837962962962963 0.28619791666666666 0.6833333333333333 0.2864583333333333 0.6810185185185185 0.2864583333333333 0.6791666666666667 0.2869791666666667 0.6777777777777778 0.2869791666666667 0.6763888888888889 0.2877604166666667 0.674074074074074 0.28828125 0.6712962962962963 0.28932291666666665 0.6680555555555555 0.2908854166666667 0.6652777777777777 0.2942708333333333 0.6652777777777777 0.29921875 0.6657407407407407 0.2994791666666667 0.6657407407407407 0.3028645833333333 0.6662037037037037 0.303125 0.6662037037037037 0.3046875 0.6666666666666666 0.30494791666666665 0.6666666666666666 0.3067708333333333 0.6675925925925926 0.3078125 0.6675925925925926 0.30859375 0.6685185185185185 0.30963541666666666 0.6689814814814815 0.3111979166666667 0.6708333333333333 0.31276041666666665 0.6712962962962963 0.3138020833333333 0.6726851851851852 0.3151041666666667 0.6777777777777778 0.3184895833333333 0.6847222222222222 0.3203125 0.6939814814814815 0.32005208333333335 0.6953703703703704 0.31953125 0.700925925925926 0.31875 0.7041666666666667 0.3171875 0.7046296296296296 0.3171875 0.7069444444444445 0.315625 0.7087962962962963 0.3138020833333333 0.7087962962962963 0.31302083333333336 0.7092592592592593 0.31276041666666665 0.7097222222222223 0.31145833333333334 0.7125 0.30911458333333336 0.7199074074074074 0.30703125 0.7208333333333333 0.30703125 0.7226851851851852 0.3065104166666667 0.7240740740740741 0.3065104166666667 0.7287037037037037 0.30520833333333336 0.7324074074074074 0.3046875 0.7356481481481482 0.30364583333333334 0.7398148148148148 0.303125 0.7486111111111111 0.3 0.7509259259259259 0.2986979166666667 0.7518518518518519 0.29765625 0.7518518518518519 0.29713541666666665 0.7527777777777778 0.29609375 0.7527777777777778 0.2953125 0.7532407407407408 0.2950520833333333 0.7532407407407408 0.29401041666666666 0.7527777777777778 0.29375 0.7527777777777778 0.2916666666666667 0.7523148148148148 0.29140625 0.7523148148148148 0.2903645833333333 0.750462962962963 0.28828125 0.75 0.2869791666666667
1 0.6981481481481482 0.2635416666666667 0.6888888888888889 0.26067708333333334 0.6856481481481481 0.26015625 0.6814814814814815 0.26145833333333335 0.6773148148148148 0.2609375 0.6717592592592593 0.2635416666666667 0.6731481481481482 0.2671875 0.6731481481481482 0.2713541666666667 0.6708333333333333 0.27317708333333335 0.6532407407407408 0.2833333333333333 0.6523148148148148 0.284375 0.6467592592592593 0.2877604166666667 0.6407407407407407 0.2908854166666667 0.6342592592592593 0.2953125 0.6152777777777778 0.3065104166666667 0.6138888888888889 0.3078125 0.5680555555555555 0.3341145833333333 0.5638888888888889 0.3375 0.5638888888888889 0.33958333333333335 0.5648148148148148 0.3416666666666667 0.5722222222222222 0.34479166666666666 0.575925925925926 0.34479166666666666 0.5833333333333334 0.3424479166666667 0.5902777777777778 0.3372395833333333 0.6083333333333333 0.3268229166666667 0.611574074074074 0.3255208333333333 0.6125 0.32447916666666665 0.6222222222222222 0.3184895833333333 0.6300925925925925 0.3145833333333333 0.6375 0.3104166666666667 0.6388888888888888 0.30911458333333336 0.6518518518518519 0.3020833333333333 0.6560185185185186 0.2994791666666667 0.6574074074074074 0.29791666666666666 0.6643518518518519 0.29401041666666666 0.6671296296296296 0.2908854166666667 0.6703703703703704 0.2890625 0.6777777777777778 0.2864583333333333 0.6828703703703703 0.28541666666666665 0.6851851851851852 0.28411458333333334 0.6888888888888889 0.2830729166666667 0.6935185185185185 0.28229166666666666 0.6976851851851852 0.28229166666666666 0.700925925925926 0.28177083333333336 0.7055555555555556 0.28046875 0.7083333333333334 0.27890625 0.7097222222222223 0.2752604166666667 0.7087962962962963 0.27291666666666664 0.7046296296296296 0.2682291666666667
