0 0.3476851851851852 0.37213541666666666 0.3476851851851852 0.37265625 0.3472222222222222 0.3729166666666667 0.3476851851851852 0.3734375 0.3476851851851852 0.37447916666666664 0.34814814814814815 0.37473958333333335 0.34814814814814815 0.37552083333333336 0.3486111111111111 0.37578125 0.3486111111111111 0.3763020833333333 0.34953703703703703 0.3770833333333333 0.3509259259259259 0.37734375 0.3537037037037037 0.37864583333333335 0.3574074074074074 0.3796875 0.3597222222222222 0.3807291666666667 0.36064814814814816 0.3807291666666667 0.3625 0.3815104166666667 0.3638888888888889 0.38177083333333334 0.37083333333333335 0.3846354166666667 0.375 0.38567708333333334 0.37592592592592594 0.38619791666666664 0.37777777777777777 0.38671875 0.38101851851851853 0.3885416666666667 0.3814814814814815 0.3890625 0.3814814814814815 0.38984375 0.3819444444444444 0.39010416666666664 0.3824074074074074 0.3924479166666667 0.3837962962962963 0.39401041666666664 0.38425925925925924 0.3953125 0.38564814814814813 0.3963541666666667 0.3912037037037037 0.39791666666666664 0.3921296296296296 0.3984375 0.3990740740740741 0.39921875 0.40370370370370373 0.4010416666666667 0.4050925925925926 0.4010416666666667 0.40555555555555556 0.40078125 0.40925925925925927 0.4002604166666667 0.4101851851851852 0.3997395833333333 0.4115740740740741 0.39947916666666666 0.41203703703703703 0.39895833333333336 0.41712962962962963 0.39609375 0.41712962962962963 0.3958333333333333 0.4185185185185185 0.39505208333333336 0.4185185185185185 0.39479166666666665 0.4236111111111111 0.39166666666666666 0.425462962962963 0.38958333333333334 0.425462962962963 0.3890625 0.42592592592592593 0.3888020833333333 0.42592592592592593 0.3875 0.425462962962963 0.38723958333333336 0.425462962962963 0.38619791666666664 0.425 0.3859375 0.425 0.38515625 0.42453703703703705 0.3846354166666667 0.4212962962962963 0.38333333333333336 0.42083333333333334 0.38333333333333336 0.4199074074074074 0.3828125 0.41898148148148145 0.3828125 0.4185185185185185 0.38255208333333335 0.41712962962962963 0.38255208333333335 0.4166666666666667 0.38229166666666664 0.4148148148148148 0.38203125 0.4097222222222222 0.37916666666666665 0.40925925925925927 0.37838541666666664 0.4083333333333333 0.37786458333333334 0.4074074074074074 0.3768229166666667 0.4064814814814815 0.3768229166666667 0.4046296296296296 0.3763020833333333 0.39814814814814814 0.3763020833333333 0.3976851851851852 0.3765625 0.3962962962962963 0.3765625 0.3958333333333333 0.3768229166666667 0.39444444444444443 0.3768229166666667 0.39305555555555555 0.37734375 0.3921296296296296 0.37734375 0.3912037037037037 0.3768229166666667 0.38842592592592595 0.37604166666666666 0.3861111111111111 0.37578125 0.38333333333333336 0.375 0.3824074074074074 0.37447916666666664 0.37916666666666665 0.3736979166666667 0.37777777777777777 0.3729166666666667 0.3768518518518518 0.3729166666666667 0.37407407407407406 0.37213541666666666 0.36898148148148147 0.37005208333333334 0.36527777777777776 0.3690104166666667 0.36435185185185187 0.3690104166666667 0.3638888888888889 0.36875 0.36157407407407405 0.3684895833333333 0.36018518518518516 0.36796875 0.3592592592592593 0.36796875 0.35694444444444445 0.3671875 0.3560185185185185 0.36744791666666665 0.35324074074074074 0.36744791666666665 0.3527777777777778 0.36796875 0.3509259259259259 0.3690104166666667 0.3509259259259259 0.3692708333333333 0.3490740740740741 0.37057291666666664
2 0.4351851851851852 0.13359375 0.43148148148148147 0.13177083333333334 0.425462962962963 0.13177083333333334 0.425 0.13203125 0.4199074074074074 0.13229166666666667 0.4162037037037037 0.13333333333333333 0.41435185185185186 0.134375 0.41435185185185186 0.13515625 0.41388888888888886 0.13541666666666666 0.41388888888888886 0.1375 0.4134259259259259 0.13776041666666666 0.412962962962963 0.13984375 0.4115740740740741 0.14140625 0.40879629629629627 0.14296875 0.40694444444444444 0.14348958333333334 0.399537037037037 0.14427083333333332 0.39814814814814814 0.14479166666666668 0.3939814814814815 0.1453125 0.3921296296296296 0.14583333333333334 0.38796296296296295 0.14609375 0.38055555555555554 0.14791666666666667 0.37592592592592594 0.14817708333333332 0.3731481481481482 0.14921875 0.3699074074074074 0.14947916666666666 0.36574074074074076 0.15026041666666667 0.3648148148148148 0.15078125 0.3638888888888889 0.15078125 0.3625 0.15130208333333334 0.36018518518518516 0.1515625 0.3537037037037037 0.153125 0.3523148148148148 0.15416666666666667 0.3523148148148148 0.15807291666666667 0.3527777777777778 0.15833333333333333 0.3537037037037037 0.16067708333333333 0.35462962962962963 0.16145833333333334 0.35462962962962963 0.16223958333333333 0.3560185185185185 0.1640625 0.3560185185185185 0.16484375 0.35648148148148145 0.16510416666666666 0.3574074074074074 0.16744791666666667 0.3611111111111111 0.17213541666666668 0.36342592592592593 0.17239583333333333 0.3648148148148148 0.17291666666666666 0.36666666666666664 0.17291666666666666 0.36712962962962964 0.17265625 0.37222222222222223 0.17265625 0.3819444444444444 0.1703125 0.3861111111111111 0.16979166666666667 0.38657407407407407 0.16953125 0.38842592592592595 0.16953125 0.3912037037037037 0.16875 0.3962962962962963 0.16822916666666668 0.3976851851851852 0.16770833333333332 0.40046296296296297 0.1671875 0.4023148148148148 0.1671875 0.4027777777777778 0.16692708333333334 0.4148148148148148 0.16692708333333334 0.4152777777777778 0.16666666666666666 0.4162037037037037 0.16692708333333334 0.4185185185185185 0.16692708333333334 0.42407407407407405 0.16875 0.4273148148148148 0.1703125 0.42916666666666664 0.1703125 0.42962962962962964 0.17057291666666666 0.4337962962962963 0.17057291666666666 0.4351851851851852 0.17083333333333334 0.43796296296296294 0.1703125 0.44305555555555554 0.1703125 0.44583333333333336 0.16979166666666667 0.4476851851851852 0.16875 0.44907407407407407 0.16666666666666666 0.44907407407407407 0.16354166666666667 0.4486111111111111 0.16328125 0.44814814814814813 0.159375 0.4476851851851852 0.15911458333333334 0.44722222222222224 0.15677083333333333 0.44537037037037036 0.15390625 0.4444444444444444 0.15 0.44351851851851853 0.14869791666666668 0.44305555555555554 0.14661458333333333 0.4412037037037037 0.14375 0.4412037037037037 0.14244791666666667 0.4393518518518518 0.13984375 0.4388888888888889 0.13828125 0.43703703703703706 0.13645833333333332 0.43703703703703706 0.1359375
3 0.2953703703703704 0.3690104166666667 0.2935185185185185 0.37005208333333334 0.29074074074074074 0.3729166666666667 0.2912037037037037 0.3731770833333333 0.2912037037037037 0.3768229166666667 0.2949074074074074 0.3807291666666667 0.3055555555555556 0.38645833333333335 0.30833333333333335 0.38723958333333336 0.31203703703703706 0.3893229166666667 0.3138888888888889 0.39140625 0.31527777777777777 0.3921875 0.3199074074074074 0.39375 0.325 0.3966145833333333 0.3300925925925926 0.39739583333333334 0.33796296296296297 0.40078125 0.3416666666666667 0.40182291666666664 0.3472222222222222 0.4046875 0.35648148148148145 0.4078125 0.3587962962962963 0.40911458333333334 0.36157407407407405 0.4119791666666667 0.3611111111111111 0.4127604166666667 0.3611111111111111 0.4197916666666667 0.3685185185185185 0.42265625 0.3699074074074074 0.42265625 0.375 0.42161458333333335 0.3768518518518518 0.42161458333333335 0.38287037037037036 0.4200520833333333 0.3888888888888889 0.4161458333333333 0.3902777777777778 0.41432291666666665 0.39305555555555555 0.4127604166666667 0.39814814814814814 0.4083333333333333 0.39861111111111114 0.40651041666666665 0.40046296296296297 0.4046875 0.40046296296296297 0.4036458333333333 0.399537037037037 0.40260416666666665 0.39351851851851855 0.4 0.38842592592592595 0.3971354166666667 0.3861111111111111 0.396875 0.38472222222222224 0.3963541666666667 0.3768518518518518 0.39791666666666664 0.37175925925925923 0.396875 0.37037037037037035 0.39609375 0.36898148148148147 0.3958333333333333 0.36203703703703705 0.3932291666666667 0.3560185185185185 0.3893229166666667 0.3416666666666667 0.38333333333333336 0.33611111111111114 0.38046875 0.3296296296296296 0.378125 0.32592592592592595 0.37578125 0.3199074074074074 0.3734375 0.31296296296296294 0.37135416666666665 0.3074074074074074 0.3690104166666667 0.30277777777777776 0.36822916666666666 0.29814814814814816 0.36822916666666666
3 0.3337962962962963 0.40989583333333335 0.33055555555555555 0.4044270833333333 0.3263888888888889 0.40260416666666665 0.32175925925925924 0.40260416666666665 0.31712962962962965 0.4036458333333333 0.31574074074074077 0.4044270833333333 0.3138888888888889 0.40625 0.3125 0.40963541666666664 0.3101851851851852 0.41119791666666666 0.30648148148148147 0.4114583333333333 0.30277777777777776 0.4122395833333333 0.300462962962963 0.4122395833333333 0.3 0.4125 0.2902777777777778 0.4125 0.2898148148148148 0.4127604166666667 0.28379629629629627 0.4127604166666667 0.2833333333333333 0.41302083333333334 0.2652777777777778 0.41328125 0.26481481481481484 0.41354166666666664 0.25972222222222224 0.41354166666666664 0.25925925925925924 0.41380208333333335 0.2523148148148148 0.41380208333333335 0.24861111111111112 0.41458333333333336 0.24305555555555555 0.41458333333333336 0.24259259259259258 0.41484375 0.23796296296296296 0.41484375 0.2375 0.41510416666666666 0.22824074074074074 0.41510416666666666 0.22777777777777777 0.4153645833333333 0.22361111111111112 0.4153645833333333 0.22314814814814815 0.415625 0.22037037037037038 0.415625 0.21712962962962962 0.4161458333333333 0.2125 0.41744791666666664 0.21064814814814814 0.41901041666666666 0.2101851851851852 0.4197916666666667 0.21064814814814814 0.4239583333333333 0.2125 0.42630208333333336 0.2162037037037037 0.428125 0.2199074074074074 0.428125 0.22037037037037038 0.4278645833333333 0.22824074074074074 0.42916666666666664 0.23703703703703705 0.42942708333333335 0.2375 0.4296875 0.24814814814814815 0.4296875 0.2513888888888889 0.42864583333333334 0.2726851851851852 0.42864583333333334 0.27314814814814814 0.4283854166666667 0.2791666666666667 0.4283854166666667 0.2828703703703704 0.4276041666666667 0.2902777777777778 0.4276041666666667 0.29074074074074074 0.42734375 0.29444444444444445 0.42734375 0.2949074074074074 0.4270833333333333 0.29814814814814816 0.4270833333333333 0.2986111111111111 0.42682291666666666 0.3 0.4270833333333333 0.3101851851851852 0.4270833333333333 0.3148148148148148 0.42942708333333335 0.31851851851851853 0.43333333333333335 0.3212962962962963 0.434375 0.3296296296296296 0.43411458333333336 0.33287037037037037 0.4317708333333333 0.3333333333333333 0.4296875 0.3337962962962963 0.42942708333333335 0.3337962962962963 0.4278645833333333 0.33425925925925926 0.4276041666666667 0.33425925925925926 0.4114583333333333 0.3337962962962963 0.41119791666666666
3 0.1425925925925926 0.23177083333333334 0.14074074074074075 0.23541666666666666 0.14074074074074075 0.23880208333333333 0.1412037037037037 0.2390625 0.1412037037037037 0.24036458333333333 0.14583333333333334 0.24322916666666666 0.15 0.24505208333333334 0.15416666666666667 0.24609375 0.15925925925925927 0.24791666666666667 0.16157407407407406 0.24817708333333333 0.16944444444444445 0.25026041666666665 0.17083333333333334 0.25026041666666665 0.18101851851851852 0.2526041666666667 0.18333333333333332 0.25286458333333334 0.19027777777777777 0.2552083333333333 0.19537037037037036 0.2559895833333333 0.20092592592592592 0.25729166666666664 0.2064814814814815 0.2596354166666667 0.2074074074074074 0.2596354166666667 0.21203703703703702 0.26119791666666664 0.2175925925925926 0.26197916666666665 0.22268518518518518 0.26328125 0.22546296296296298 0.26484375 0.2273148148148148 0.2669270833333333 0.22870370370370371 0.271875 0.23287037037037037 0.27447916666666666 0.2361111111111111 0.2755208333333333 0.23796296296296296 0.2755208333333333 0.23842592592592593 0.27578125 0.24583333333333332 0.2755208333333333 0.24722222222222223 0.2752604166666667 0.2518518518518518 0.27291666666666664 0.25555555555555554 0.2703125 0.25787037037037036 0.2674479166666667 0.2625 0.25625 0.2625 0.25104166666666666 0.26157407407407407 0.24921875 0.2601851851851852 0.24791666666666667 0.2550925925925926 0.24765625 0.2518518518518518 0.24661458333333333 0.24305555555555555 0.24583333333333332 0.23981481481481481 0.24635416666666668 0.23564814814814813 0.24817708333333333 0.23194444444444445 0.2484375 0.22962962962962963 0.24765625 0.22592592592592592 0.24713541666666666 0.22268518518518518 0.24609375 0.22175925925925927 0.24609375 0.21805555555555556 0.24505208333333334 0.21574074074074073 0.24401041666666667 0.2111111111111111 0.24322916666666666 0.20833333333333334 0.2421875 0.19166666666666668 0.2390625 0.18472222222222223 0.23671875 0.175 0.23489583333333333 0.16712962962962963 0.2328125 0.16620370370370371 0.23229166666666667 0.15694444444444444 0.23020833333333332 0.1550925925925926 0.23020833333333332 0.15231481481481482 0.2296875 0.1476851851851852 0.2296875 0.14537037037037037 0.23020833333333332
4 0.5060185185185185 0.3260416666666667 0.5032407407407408 0.32578125 0.5027777777777778 0.3255208333333333 0.49722222222222223 0.3255208333333333 0.49444444444444446 0.3263020833333333 0.4898148148148148 0.32864583333333336 0.48842592592592593 0.3299479166666667 0.48842592592592593 0.3338541666666667 0.4925925925925926 0.33671875 0.4935185185185185 0.3377604166666667 0.4930555555555556 0.3380208333333333 0.4930555555555556 0.3411458333333333 0.4925925925925926 0.34140625 0.4925925925925926 0.3421875 0.4875 0.3455729166666667 0.48333333333333334 0.34921875 0.47453703703703703 0.3541666666666667 0.47175925925925927 0.35651041666666666 0.46574074074074073 0.35989583333333336 0.46574074074074073 0.36015625 0.4634259259259259 0.3611979166666667 0.4615740740740741 0.36276041666666664 0.45925925925925926 0.3640625 0.4587962962962963 0.3640625 0.45740740740740743 0.3651041666666667 0.45694444444444443 0.3692708333333333 0.45787037037037037 0.3697916666666667 0.4583333333333333 0.37057291666666664 0.462037037037037 0.3731770833333333 0.4675925925925926 0.375 0.47129629629629627 0.3768229166666667 0.4722222222222222 0.3768229166666667 0.4726851851851852 0.3770833333333333 0.47824074074074074 0.3770833333333333 0.48148148148148145 0.37604166666666666 0.4837962962962963 0.37421875 0.4935185185185185 0.3684895833333333 0.4935185185185185 0.36822916666666666 0.4986111111111111 0.3653645833333333 0.49907407407407406 0.3653645833333333 0.5097222222222222 0.35911458333333335 0.5138888888888888 0.3575520833333333 0.5152777777777777 0.3572916666666667 0.5175925925925926 0.35598958333333336 0.5208333333333334 0.35520833333333335 0.5222222222222223 0.35520833333333335 0.5226851851851851 0.35546875 0.5273148148148148 0.35572916666666665 0.5277777777777778 0.35598958333333336 0.5296296296296297 0.35598958333333336 0.5300925925925926 0.35625 0.5337962962962963 0.35625 0.5365740740740741 0.35546875 0.5388888888888889 0.3541666666666667 0.5412037037037037 0.35234375 0.5435185185185185 0.3497395833333333 0.5435185185185185 0.34869791666666666 0.5430555555555555 0.3484375 0.5425925925925926 0.3463541666666667 0.5416666666666666 0.3450520833333333 0.537962962962963 0.3424479166666667 0.5370370370370371 0.34140625 0.5333333333333333 0.33958333333333335 0.5314814814814814 0.3377604166666667 0.524074074074074 0.3333333333333333 0.5208333333333334 0.33203125 0.5166666666666667 0.3296875 0.5152777777777777 0.3294270833333333 0.513425925925926 0.32838541666666665 0.5101851851851852 0.32786458333333335
2 0.47453703703703703 0.4002604166666667 0.4689814814814815 0.4002604166666667 0.4675925925925926 0.40078125 0.4666666666666667 0.40078125 0.4601851851851852 0.4044270833333333 0.4601851851851852 0.40520833333333334 0.4587962962962963 0.40651041666666665 0.4583333333333333 0.40859375 0.46111111111111114 0.4122395833333333 0.46064814814814814 0.4125 0.46064814814814814 0.41380208333333335 0.4601851851851852 0.4140625 0.4597222222222222 0.4158854166666667 0.45740740740740743 0.41744791666666664 0.4527777777777778 0.41953125 0.44722222222222224 0.42265625 0.44305555555555554 0.4239583333333333 0.4393518518518518 0.42630208333333336 0.43472222222222223 0.4276041666666667 0.4324074074074074 0.42916666666666664 0.4287037037037037 0.43072916666666666 0.4273148148148148 0.4309895833333333 0.42268518518518516 0.43359375 0.41944444444444445 0.434375 0.4166666666666667 0.4354166666666667 0.4152777777777778 0.43645833333333334 0.412962962962963 0.4393229166666667 0.41574074074074074 0.44244791666666666 0.41574074074074074 0.44296875 0.42314814814814816 0.44817708333333334 0.42824074074074076 0.4510416666666667 0.43148148148148147 0.4518229166666667 0.43657407407407406 0.45208333333333334 0.4425925925925926 0.45078125 0.4462962962962963 0.44895833333333335 0.45092592592592595 0.4473958333333333 0.45416666666666666 0.44557291666666665 0.45925925925925926 0.4434895833333333 0.46296296296296297 0.44140625 0.4675925925925926 0.43984375 0.4708333333333333 0.43802083333333336 0.47314814814814815 0.4375 0.47453703703703703 0.4375 0.47824074074074074 0.4359375 0.48055555555555557 0.4356770833333333 0.48194444444444445 0.43515625 0.4861111111111111 0.434375 0.4898148148148148 0.4354166666666667 0.49398148148148147 0.4359375 0.5 0.43723958333333335 0.5041666666666667 0.43723958333333335 0.5055555555555555 0.43697916666666664 0.5097222222222222 0.43515625 0.5097222222222222 0.434375 0.5111111111111111 0.43203125 0.5111111111111111 0.42734375 0.5087962962962963 0.4239583333333333 0.5064814814814815 0.42213541666666665 0.5037037037037037 0.4205729166666667 0.5032407407407408 0.4197916666666667 0.4981481481481482 0.41692708333333334 0.49444444444444446 0.41354166666666664 0.49166666666666664 0.4114583333333333 0.48842592592592593 0.40963541666666664 0.4861111111111111 0.4075520833333333 0.4824074074074074 0.40520833333333334 0.48148148148148145 0.4041666666666667 0.4791666666666667 0.40260416666666665
3 0.6967592592592593 0.09895833333333333 0.6953703703703704 0.09947916666666666 0.6935185185185185 0.10078125 0.6921296296296297 0.10286458333333333 0.6921296296296297 0.10755208333333334 0.6930555555555555 0.10911458333333333 0.6949074074074074 0.11041666666666666 0.700462962962963 0.11640625 0.7013888888888888 0.11692708333333333 0.7013888888888888 0.11744791666666667 0.7055555555555556 0.12291666666666666 0.712037037037037 0.12734375 0.7125 0.128125 0.7148148148148148 0.12994791666666666 0.7189814814814814 0.13541666666666666 0.7203703703703703 0.13776041666666666 0.7203703703703703 0.13854166666666667 0.7240740740740741 0.1421875 0.7240740740740741 0.14635416666666667 0.7208333333333333 0.15 0.7217592592592592 0.15442708333333333 0.7245370370370371 0.15729166666666666 0.7245370370370371 0.1578125 0.7273148148148149 0.15963541666666667 0.7282407407407407 0.16067708333333333 0.7319444444444444 0.16145833333333334 0.736574074074074 0.16145833333333334 0.7458333333333333 0.15989583333333332 0.75 0.15859375 0.7541666666666667 0.15625 0.7587962962962963 0.1546875 0.7643518518518518 0.15130208333333334 0.7671296296296296 0.1484375 0.7680555555555556 0.146875 0.7680555555555556 0.14557291666666666 0.7671296296296296 0.14401041666666667 0.763425925925926 0.14010416666666667 0.7620370370370371 0.13932291666666666 0.7615740740740741 0.13854166666666667 0.7592592592592593 0.13723958333333333 0.7578703703703704 0.13723958333333333 0.7560185185185185 0.13671875 0.7472222222222222 0.13723958333333333 0.7458333333333333 0.13645833333333332 0.7444444444444445 0.13515625 0.7416666666666667 0.13072916666666667 0.7407407407407407 0.13020833333333334 0.7398148148148148 0.12890625 0.7384259259259259 0.128125 0.736574074074074 0.12578125 0.7347222222222223 0.12447916666666667 0.7324074074074074 0.12161458333333333 0.7305555555555555 0.12005208333333334 0.7305555555555555 0.11953125 0.7277777777777777 0.11640625 0.7268518518518519 0.11588541666666667 0.7263888888888889 0.11484375 0.725462962962963 0.11432291666666666 0.725462962962963 0.11380208333333333 0.7212962962962963 0.109375 0.7212962962962963 0.10885416666666667 0.7199074074074074 0.10729166666666666 0.7180555555555556 0.10598958333333333 0.7152777777777778 0.10260416666666666 0.7125 0.10026041666666667 0.7087962962962963 0.09895833333333333 0.7060185185185185 0.09869791666666666 0.7055555555555556 0.0984375 0.7037037037037037 0.0984375 0.7032407407407407 0.09817708333333333 0.700462962962963 0.09817708333333333 0.6990740740740741 0.09869791666666666
0 0.48935185185185187 0.44453125 0.4861111111111111 0.44635416666666666 0.4861111111111111 0.4466145833333333 0.48518518518518516 0.4471354166666667 0.48564814814814816 0.4473958333333333 0.48564814814814816 0.44895833333333335 0.4861111111111111 0.44921875 0.4861111111111111 0.4505208333333333 0.4888888888888889 0.45364583333333336 0.4888888888888889 0.4546875 0.4912037037037037 0.45703125 0.4912037037037037 0.45755208333333336 0.49212962962962964 0.4583333333333333 0.49212962962962964 0.4588541666666667 0.49537037037037035 0.4622395833333333 0.49537037037037035 0.4627604166666667 0.4976851851851852 0.46510416666666665 0.4976851851851852 0.465625 0.49907407407407406 0.4666666666666667 0.4986111111111111 0.4669270833333333 0.4986111111111111 0.46953125 0.4981481481481482 0.46979166666666666 0.4981481481481482 0.47109375 0.4976851851851852 0.4713541666666667 0.4976851851851852 0.47291666666666665 0.49722222222222223 0.47317708333333336 0.49722222222222223 0.4752604166666667 0.4976851851851852 0.47552083333333334 0.4976851851851852 0.4765625 0.49907407407407406 0.478125 0.5 0.4786458333333333 0.500462962962963 0.4786458333333333 0.5032407407407408 0.48046875 0.5037037037037037 0.48098958333333336 0.5037037037037037 0.48151041666666666 0.5041666666666667 0.4817708333333333 0.5041666666666667 0.4822916666666667 0.5055555555555555 0.48385416666666664 0.5074074074074074 0.48515625 0.5078703703703704 0.4859375 0.5092592592592593 0.48671875 0.5101851851851852 0.48671875 0.5106481481481482 0.4869791666666667 0.5143518518518518 0.4869791666666667 0.5148148148148148 0.48671875 0.5166666666666667 0.48671875 0.5171296296296296 0.4864583333333333 0.5194444444444445 0.4864583333333333 0.5199074074074074 0.4861979166666667 0.5226851851851851 0.4861979166666667 0.5231481481481481 0.4859375 0.525 0.4859375 0.5263888888888889 0.48541666666666666 0.5277777777777778 0.48541666666666666 0.5296296296296297 0.48489583333333336 0.5305555555555556 0.484375 0.5328703703703703 0.48385416666666664 0.5351851851851852 0.4828125 0.5375 0.4822916666666667 0.5375 0.48151041666666666 0.537962962962963 0.48125 0.537962962962963 0.48046875 0.538425925925926 0.48020833333333335 0.538425925925926 0.47890625 0.5388888888888889 0.4783854166666667 0.537962962962963 0.47760416666666666 0.5375 0.47630208333333335 0.5351851851851852 0.4739583333333333 0.5351851851851852 0.47317708333333336 0.5347222222222222 0.47291666666666665 0.5347222222222222 0.471875 0.5342592592592592 0.47161458333333334 0.5342592592592592 0.4703125 0.5337962962962963 0.4700520833333333 0.5337962962962963 0.46927083333333336 0.5333333333333333 0.46901041666666665 0.5333333333333333 0.46796875 0.5328703703703703 0.46770833333333334 0.5328703703703703 0.4666666666666667 0.5296296296296297 0.46588541666666666 0.5287037037037037 0.46536458333333336 0.5273148148148148 0.46536458333333336 0.5268518518518519 0.46510416666666665 0.5259259259259259 0.46510416666666665 0.5222222222222223 0.4640625 0.5212962962962963 0.4635416666666667 0.5185185185185185 0.4627604166666667 0.5162037037037037 0.46145833333333336 0.5148148148148148 0.45989583333333334 0.5148148148148148 0.459375 0.5125 0.45677083333333335 0.5115740740740741 0.45625 0.5111111111111111 0.4557291666666667 0.5111111111111111 0.4552083333333333 0.5097222222222222 0.45364583333333336 0.5087962962962963 0.453125 0.5074074074074074 0.4515625 0.5074074074074074 0.4510416666666667 0.5037037037037037 0.44817708333333334 0.5027777777777778 0.446875 0.4986111111111111 0.44453125 0.4986111111111111 0.44427083333333334 0.4976851851851852 0.44375 0.4962962962962963 0.44375 0.49583333333333335 0.4440104166666667 0.4930555555555556 0.4440104166666667 0.4925925925925926 0.44427083333333334 0.49027777777777776 0.44427083333333334
3 0.44675925925925924 0.62890625 0.44305555555555554 0.6265625 0.44027777777777777 0.6260416666666667 0.43657407407407406 0.6260416666666667 0.43194444444444446 0.6268229166666667 0.4305555555555556 0.6291666666666667 0.4305555555555556 0.6346354166666667 0.42916666666666664 0.63671875 0.4263888888888889 0.63828125 0.4152777777777778 0.6416666666666667 0.4097222222222222 0.6424479166666667 0.4013888888888889 0.6450520833333333 0.40046296296296297 0.6450520833333333 0.38472222222222224 0.64921875 0.3787037037037037 0.6502604166666667 0.3736111111111111 0.6518229166666667 0.36898148148148147 0.6526041666666667 0.36527777777777776 0.6536458333333334 0.3574074074074074 0.6549479166666666 0.35185185185185186 0.6567708333333333 0.34953703703703703 0.65703125 0.3453703703703704 0.6580729166666667 0.3384259259259259 0.6619791666666667 0.3384259259259259 0.6658854166666667 0.3416666666666667 0.6692708333333334 0.3453703703703704 0.6705729166666666 0.3537037037037037 0.6703125 0.3578703703703704 0.66953125 0.36157407407407405 0.6692708333333334 0.3726851851851852 0.6671875 0.3773148148148148 0.66484375 0.3800925925925926 0.6645833333333333 0.3962962962962963 0.66015625 0.40046296296296297 0.6596354166666667 0.4013888888888889 0.6591145833333333 0.4074074074074074 0.6575520833333334 0.4101851851851852 0.6572916666666667 0.41435185185185186 0.65625 0.4185185185185185 0.6557291666666667 0.42314814814814816 0.6546875 0.4287037037037037 0.6544270833333333 0.42916666666666664 0.6541666666666667 0.43472222222222223 0.6541666666666667 0.43657407407407406 0.6536458333333334 0.4388888888888889 0.65234375 0.44027777777777777 0.65234375 0.44722222222222224 0.65390625 0.45416666666666666 0.6518229166666667 0.45787037037037037 0.6497395833333334 0.4583333333333333 0.64609375 0.45694444444444443 0.6442708333333333 0.4564814814814815 0.6424479166666667 0.45555555555555555 0.6419270833333334 0.4532407407407407 0.6380208333333334 0.45185185185185184 0.63671875 0.4513888888888889 0.6354166666666666 0.449537037037037 0.63359375 0.4486111111111111 0.63125
4 0.5638888888888889 0.59296875 0.562037037037037 0.5942708333333333 0.5615740740740741 0.5953125 0.5597222222222222 0.5971354166666667 0.5597222222222222 0.59765625 0.5583333333333333 0.59921875 0.5578703703703703 0.6015625 0.5564814814814815 0.6033854166666667 0.5587962962962963 0.60546875 0.562037037037037 0.60703125 0.5694444444444444 0.6088541666666667 0.5726851851851852 0.61015625 0.575925925925926 0.6106770833333334 0.5782407407407407 0.6114583333333333 0.5837962962962963 0.6122395833333333 0.5898148148148148 0.6138020833333333 0.5921296296296297 0.6140625 0.6074074074074074 0.6182291666666667 0.6097222222222223 0.6197916666666666 0.6125 0.6231770833333333 0.6125 0.62421875 0.6134259259259259 0.62578125 0.6134259259259259 0.6276041666666666 0.6138888888888889 0.6278645833333333 0.6138888888888889 0.62890625 0.6143518518518518 0.6291666666666667 0.6148148148148148 0.6307291666666667 0.6189814814814815 0.6325520833333333 0.6222222222222222 0.6333333333333333 0.6268518518518519 0.63359375 0.6296296296296297 0.6328125 0.6305555555555555 0.6328125 0.6337962962962963 0.6307291666666667 0.6388888888888888 0.6247395833333333 0.6430555555555556 0.6213541666666667 0.6481481481481481 0.61484375 0.6513888888888889 0.609375 0.6546296296296297 0.6072916666666667 0.6550925925925926 0.6026041666666667 0.6546296296296297 0.60234375 0.6541666666666667 0.6002604166666666 0.6532407407407408 0.5994791666666667 0.6523148148148148 0.5994791666666667 0.6458333333333334 0.59765625 0.6444444444444445 0.59765625 0.6425925925925926 0.5971354166666667 0.638425925925926 0.5973958333333333 0.6351851851851852 0.5994791666666667 0.6347222222222222 0.6002604166666666 0.6324074074074074 0.6015625 0.6305555555555555 0.6020833333333333 0.6273148148148148 0.6020833333333333 0.6268518518518519 0.60234375 0.6226851851851852 0.6015625 0.6152777777777778 0.5994791666666667 0.612037037037037 0.59921875 0.6083333333333333 0.5981770833333333 0.6050925925925926 0.59765625 0.6027777777777777 0.596875 0.5972222222222222 0.59609375 0.5944444444444444 0.5953125 0.5916666666666667 0.5940104166666667 0.5851851851851851 0.5924479166666666 0.5828703703703704 0.5921875 0.5814814814814815 0.5916666666666667 0.5800925925925926 0.5916666666666667 0.5796296296296296 0.59140625 0.5782407407407407 0.59140625 0.5777777777777777 0.5911458333333334 0.5763888888888888 0.5911458333333334 0.5722222222222222 0.5903645833333333 0.5717592592592593 0.590625 0.5699074074074074 0.590625 0.5675925925925925 0.5911458333333334 0.5643518518518519 0.59296875
1 0.7699074074074074 0.24739583333333334 0.7657407407407407 0.24739583333333334 0.7625 0.24791666666666667 0.7574074074074074 0.2515625 0.7550925925925925 0.2552083333333333 0.7532407407407408 0.2630208333333333 0.7513888888888889 0.26640625 0.749537037037037 0.27447916666666666 0.7449074074074075 0.28828125 0.7425925925925926 0.2986979166666667 0.7398148148148148 0.30572916666666666 0.7388888888888889 0.3111979166666667 0.7356481481481482 0.3184895833333333 0.7277777777777777 0.3453125 0.7226851851851852 0.34791666666666665 0.7162037037037037 0.34921875 0.7129629629629629 0.35052083333333334 0.711574074074074 0.3528645833333333 0.712037037037037 0.3572916666666667 0.7152777777777778 0.3609375 0.7203703703703703 0.36354166666666665 0.7245370370370371 0.3645833333333333 0.736574074074074 0.36484375 0.7398148148148148 0.36380208333333336 0.7509259259259259 0.36432291666666666 0.7583333333333333 0.3611979166666667 0.7592592592592593 0.35703125 0.7569444444444444 0.3494791666666667 0.7541666666666667 0.34609375 0.7541666666666667 0.34088541666666666 0.7560185185185185 0.33619791666666665 0.7643518518518518 0.30364583333333334 0.7717592592592593 0.2838541666666667 0.775 0.2703125 0.7796296296296297 0.2559895833333333 0.7787037037037037 0.25104166666666666 0.774537037037037 0.24817708333333333
3 0.8375 0.35885416666666664 0.8361111111111111 0.3575520833333333 0.8337962962962963 0.35651041666666666 0.8324074074074074 0.35651041666666666 0.8305555555555556 0.35598958333333336 0.825 0.35598958333333336 0.8226851851851852 0.35651041666666666 0.8185185185185185 0.3567708333333333 0.812962962962963 0.3580729166666667 0.8092592592592592 0.35833333333333334 0.8064814814814815 0.35911458333333335 0.8018518518518518 0.359375 0.7958333333333333 0.3609375 0.7935185185185185 0.3611979166666667 0.7912037037037037 0.3619791666666667 0.7861111111111111 0.36276041666666664 0.7828703703703703 0.36380208333333336 0.7796296296296297 0.36380208333333336 0.775 0.3645833333333333 0.7731481481481481 0.3645833333333333 0.7648148148148148 0.36614583333333334 0.7587962962962963 0.36614583333333334 0.7560185185185185 0.3651041666666667 0.750462962962963 0.3651041666666667 0.75 0.36484375 0.7472222222222222 0.36484375 0.7467592592592592 0.3645833333333333 0.7449074074074075 0.3645833333333333 0.7421296296296296 0.3640625 0.7398148148148148 0.3640625 0.736574074074074 0.3651041666666667 0.7361111111111112 0.365625 0.7337962962962963 0.3651041666666667 0.7287037037037037 0.3653645833333333 0.7263888888888889 0.36692708333333335 0.7263888888888889 0.36744791666666665 0.725462962962963 0.36822916666666666 0.7245370370370371 0.37213541666666666 0.7240740740740741 0.3723958333333333 0.7236111111111111 0.3770833333333333 0.7240740740740741 0.37734375 0.7240740740740741 0.37864583333333335 0.7245370370370371 0.37890625 0.725 0.3807291666666667 0.7263888888888889 0.38203125 0.7287037037037037 0.38567708333333334 0.7314814814814815 0.38776041666666666 0.7319444444444444 0.3885416666666667 0.736574074074074 0.39088541666666665 0.7407407407407407 0.3919270833333333 0.7416666666666667 0.3924479166666667 0.7481481481481481 0.3932291666666667 0.7518518518518519 0.3921875 0.7569444444444444 0.38958333333333334 0.7625 0.3841145833333333 0.7662037037037037 0.38177083333333334 0.7685185185185185 0.38125 0.7717592592592593 0.3809895833333333 0.775 0.37994791666666666 0.7787037037037037 0.37942708333333336 0.7833333333333333 0.378125 0.7875 0.37786458333333334 0.7902777777777777 0.3770833333333333 0.7939814814814815 0.3768229166666667 0.7953703703703704 0.3763020833333333 0.8046296296296296 0.37473958333333335 0.8060185185185185 0.37421875 0.8097222222222222 0.37395833333333334 0.8138888888888889 0.3729166666666667 0.8175925925925925 0.37265625 0.8194444444444444 0.371875 0.8337962962962963 0.36796875 0.8375 0.3651041666666667 0.8379629629629629 0.3625 0.8384259259259259 0.36223958333333334 0.8384259259259259 0.36041666666666666
2 0.9013888888888889 0.16171875 0.8949074074074074 0.16171875 0.8944444444444445 0.16197916666666667 0.8921296296296296 0.16197916666666667 0.8865740740740741 0.16302083333333334 0.8828703703703704 0.1640625 0.8805555555555555 0.16432291666666668 0.8791666666666667 0.16484375 0.875 0.165625 0.8736111111111111 0.165625 0.8680555555555556 0.16666666666666666 0.8666666666666667 0.1671875 0.8643518518518518 0.16744791666666667 0.8560185185185185 0.16979166666666667 0.8527777777777777 0.17161458333333332 0.85 0.17239583333333333 0.8481481481481481 0.17369791666666667 0.8476851851851852 0.17786458333333333 0.8486111111111111 0.17890625 0.8486111111111111 0.1796875 0.850462962962963 0.18177083333333333 0.8569444444444444 0.18567708333333333 0.8601851851851852 0.18671875 0.8629629629629629 0.18723958333333332 0.8657407407407407 0.18854166666666666 0.8675925925925926 0.190625 0.8685185185185185 0.19270833333333334 0.8731481481481481 0.19791666666666666 0.8736111111111111 0.19947916666666668 0.874537037037037 0.20052083333333334 0.874537037037037 0.20130208333333333 0.875462962962963 0.20234375 0.875462962962963 0.203125 0.8763888888888889 0.20416666666666666 0.8763888888888889 0.20494791666666667 0.8777777777777778 0.20651041666666667 0.8805555555555555 0.21145833333333333 0.8851851851851852 0.21588541666666666 0.8865740740740741 0.21666666666666667 0.888425925925926 0.2171875 0.8949074074074074 0.2171875 0.8962962962962963 0.21744791666666666 0.9013888888888889 0.21588541666666666 0.9041666666666667 0.21536458333333333 0.9078703703703703 0.21380208333333334 0.9115740740740741 0.21328125 0.912962962962963 0.21276041666666667 0.9148148148148149 0.21145833333333333 0.9166666666666666 0.20885416666666667 0.9162037037037037 0.20859375 0.9162037037037037 0.20729166666666668 0.9157407407407407 0.20703125 0.9157407407407407 0.20520833333333333 0.9143518518518519 0.20338541666666668 0.9125 0.1984375 0.9087962962962963 0.19296875 0.9087962962962963 0.1921875 0.9064814814814814 0.18828125 0.9064814814814814 0.1875 0.9050925925925926 0.18515625 0.9050925925925926 0.18411458333333333 0.9046296296296297 0.18385416666666668 0.9046296296296297 0.1828125 0.9041666666666667 0.18255208333333334 0.9041666666666667 0.17760416666666667 0.9060185185185186 0.17578125 0.9097222222222222 0.17369791666666667 0.9106481481481481 0.16979166666666667 0.9092592592592592 0.16822916666666668 0.9078703703703703 0.16510416666666666 0.9037037037037037 0.16197916666666667 0.9018518518518519 0.16197916666666667
1 0.7787037037037037 0.49973958333333335 0.7666666666666667 0.49635416666666665 0.7625 0.49609375 0.7564814814814815 0.4979166666666667 0.7518518518518519 0.5013020833333334 0.7518518518518519 0.50625 0.7550925925925925 0.5096354166666667 0.7541666666666667 0.5138020833333333 0.7509259259259259 0.51796875 0.7467592592592592 0.5208333333333334 0.7208333333333333 0.5455729166666666 0.7185185185185186 0.546875 0.7106481481481481 0.55390625 0.6976851851851852 0.5669270833333333 0.6930555555555555 0.5703125 0.6893518518518519 0.575 0.6856481481481481 0.5776041666666667 0.6824074074074075 0.58125 0.6773148148148148 0.5854166666666667 0.6736111111111112 0.5901041666666667 0.6699074074074074 0.5924479166666666 0.662962962962963 0.5994791666666667 0.6615740740740741 0.6033854166666667 0.6625 0.6044270833333333 0.6689814814814815 0.6075520833333333 0.6736111111111112 0.6083333333333333 0.6782407407407407 0.6080729166666666 0.6814814814814815 0.60703125 0.6856481481481481 0.6046875 0.6958333333333333 0.5947916666666667 0.700462962962963 0.59140625 0.7041666666666667 0.5864583333333333 0.7162037037037037 0.5765625 0.7199074074074074 0.5716145833333334 0.7300925925925926 0.5625 0.7328703703703704 0.5609375 0.7375 0.55546875 0.7449074074074075 0.5484375 0.7550925925925925 0.5401041666666667 0.7625 0.5328125 0.775 0.5221354166666666 0.7796296296296297 0.5190104166666667 0.7837962962962963 0.51796875 0.7902777777777777 0.5177083333333333 0.7944444444444444 0.5166666666666667 0.7981481481481482 0.5135416666666667 0.7986111111111112 0.5096354166666667 0.7939814814814815 0.5057291666666667
2 0.7407407407407407 0.6403645833333333 0.7319444444444444 0.6408854166666667 0.7310185185185185 0.64140625 0.7296296296296296 0.6416666666666667 0.7277777777777777 0.6427083333333333 0.7273148148148149 0.6434895833333333 0.7240740740740741 0.6455729166666667 0.7231481481481481 0.6466145833333333 0.7231481481481481 0.6471354166666666 0.7203703703703703 0.6502604166666667 0.7203703703703703 0.6510416666666666 0.7189814814814814 0.6533854166666667 0.7134259259259259 0.6580729166666667 0.7134259259259259 0.65859375 0.7087962962962963 0.66328125 0.7087962962962963 0.6638020833333333 0.7050925925925926 0.6684895833333333 0.6986111111111111 0.6708333333333333 0.6972222222222222 0.67109375 0.6925925925925925 0.67109375 0.6888888888888889 0.6721354166666667 0.6856481481481481 0.67421875 0.6833333333333333 0.6763020833333333 0.6833333333333333 0.6768229166666667 0.6824074074074075 0.6776041666666667 0.6814814814814815 0.6809895833333334 0.6810185185185185 0.68125 0.6819444444444445 0.6838541666666667 0.6824074074074075 0.6841145833333333 0.6824074074074075 0.68515625 0.6847222222222222 0.6872395833333333 0.6935185185185185 0.69140625 0.6967592592592593 0.6921875 0.700925925925926 0.6940104166666666 0.7037037037037037 0.69453125 0.7111111111111111 0.6973958333333333 0.712037037037037 0.6973958333333333 0.7180555555555556 0.69921875 0.7189814814814814 0.69921875 0.7245370370370371 0.7010416666666667 0.7291666666666666 0.7013020833333333 0.7296296296296296 0.7015625 0.7361111111111112 0.7015625 0.7379629629629629 0.7010416666666667 0.7402777777777778 0.6989583333333333 0.7402777777777778 0.6984375 0.7430555555555556 0.6950520833333333 0.7439814814814815 0.6934895833333333 0.7444444444444445 0.6911458333333333 0.7449074074074075 0.6908854166666667 0.7453703703703703 0.6877604166666667 0.7458333333333333 0.6875 0.7458333333333333 0.6856770833333333 0.7462962962962963 0.6854166666666667 0.7458333333333333 0.68515625 0.7458333333333333 0.6841145833333333 0.7444444444444445 0.6817708333333333 0.7453703703703703 0.6770833333333334 0.7523148148148148 0.6653645833333334 0.7532407407407408 0.6630208333333333 0.7546296296296297 0.66171875 0.7569444444444444 0.6580729166666667 0.7578703703703704 0.6552083333333333 0.7587962962962963 0.6541666666666667 0.7592592592592593 0.6518229166666667 0.7597222222222222 0.6515625 0.7597222222222222 0.6494791666666667 0.7574074074074074 0.6466145833333333 0.7560185185185185 0.6458333333333334 0.7541666666666667 0.6453125 0.7486111111111111 0.6424479166666667
3 0.8138888888888889 0.4158854166666667 0.8134259259259259 0.4166666666666667 0.8087962962962963 0.41901041666666666 0.8074074074074075 0.4200520833333333 0.8074074074074075 0.4205729166666667 0.8023148148148148 0.42473958333333334 0.8013888888888889 0.42682291666666666 0.8004629629629629 0.4276041666666667 0.8023148148148148 0.42994791666666665 0.8046296296296296 0.4315104166666667 0.8064814814814815 0.43203125 0.8101851851851852 0.43385416666666665 0.8148148148148148 0.43463541666666666 0.8208333333333333 0.43463541666666666 0.8296296296296296 0.43697916666666664 0.8328703703703704 0.4388020833333333 0.8412037037037037 0.4421875 0.8518518518518519 0.4479166666666667 0.8541666666666666 0.44869791666666664 0.8583333333333333 0.4510416666666667 0.8583333333333333 0.4515625 0.8597222222222223 0.45286458333333335 0.8657407407407407 0.45625 0.8689814814814815 0.45755208333333336 0.8726851851851852 0.45989583333333334 0.8763888888888889 0.46119791666666665 0.8819444444444444 0.46380208333333334 0.8833333333333333 0.4640625 0.8842592592592593 0.46458333333333335 0.888425925925926 0.46536458333333336 0.8944444444444445 0.46536458333333336 0.8949074074074074 0.46510416666666665 0.8962962962962963 0.46510416666666665 0.9004629629629629 0.4627604166666667 0.9004629629629629 0.46197916666666666 0.9018518518518519 0.4596354166666667 0.9018518518518519 0.4583333333333333 0.9 0.4552083333333333 0.8875 0.4466145833333333 0.8722222222222222 0.43802083333333336 0.8662037037037037 0.4354166666666667 0.8555555555555555 0.42942708333333335 0.8532407407407407 0.4276041666666667 0.8467592592592592 0.4236979166666667 0.8462962962962963 0.4200520833333333 0.8458333333333333 0.4197916666666667 0.8467592592592592 0.41848958333333336 0.8467592592592592 0.4166666666666667 0.8472222222222222 0.4158854166666667 0.8453703703703703 0.41302083333333334 0.8430555555555556 0.4119791666666667 0.8412037037037037 0.41171875 0.8379629629629629 0.41067708333333336 0.8351851851851851 0.41041666666666665 0.8347222222222223 0.41015625 0.8300925925925926 0.41015625 0.8231481481481482 0.4119791666666667 0.8217592592592593 0.4127604166666667 0.8180555555555555 0.41380208333333335
1 0.8537037037037037 0.46458333333333335 0.8481481481481481 0.4588541666666667 0.8407407407407408 0.45390625 0.837037037037037 0.45286458333333335 0.8296296296296296 0.45260416666666664 0.8277777777777777 0.453125 0.8222222222222222 0.45651041666666664 0.8199074074074074 0.4625 0.8134259259259259 0.46588541666666666 0.8064814814814815 0.46822916666666664 0.8023148148148148 0.46848958333333335 0.7856481481481481 0.47369791666666666 0.7791666666666667 0.4744791666666667 0.7532407407407408 0.48203125 0.7476851851851852 0.4828125 0.7435185185185185 0.484375 0.7398148148148148 0.48463541666666665 0.7337962962962963 0.48671875 0.7245370370370371 0.48854166666666665 0.7208333333333333 0.48984375 0.6893518518518519 0.4973958333333333 0.6810185185185185 0.5005208333333333 0.6773148148148148 0.50078125 0.6722222222222223 0.5026041666666666 0.6541666666666667 0.5072916666666667 0.6509259259259259 0.5096354166666667 0.6513888888888889 0.5127604166666667 0.6541666666666667 0.5169270833333334 0.6583333333333333 0.5184895833333333 0.6685185185185185 0.5184895833333333 0.6773148148148148 0.5171875 0.6851851851851852 0.5153645833333333 0.6893518518518519 0.5138020833333333 0.6935185185185185 0.5135416666666667 0.6962962962962963 0.5122395833333333 0.7282407407407407 0.5036458333333333 0.7444444444444445 0.50078125 0.75 0.5002604166666667 0.7578703703703704 0.49661458333333336 0.7666666666666667 0.4947916666666667 0.775 0.49166666666666664 0.7782407407407408 0.49140625 0.7828703703703703 0.4895833333333333 0.7930555555555555 0.48776041666666664 0.8134259259259259 0.4828125 0.8185185185185185 0.4825520833333333 0.8296296296296296 0.48046875 0.8375 0.48098958333333336 0.8412037037037037 0.4822916666666667 0.8490740740740741 0.48151041666666666 0.8537037037037037 0.4791666666666667 0.8564814814814815 0.4752604166666667 0.8564814814814815 0.47109375
4 0.825925925925926 0.5752604166666667 0.8217592592592593 0.5763020833333333 0.8180555555555555 0.5786458333333333 0.8171296296296297 0.5802083333333333 0.8171296296296297 0.5809895833333333 0.8162037037037037 0.58203125 0.8157407407407408 0.5838541666666667 0.8152777777777778 0.5841145833333333 0.8152777777777778 0.58515625 0.8148148148148148 0.5854166666666667 0.8148148148148148 0.5861979166666667 0.8134259259259259 0.5885416666666666 0.812962962962963 0.5908854166666667 0.8125 0.5911458333333334 0.8125 0.5919270833333333 0.812037037037037 0.5921875 0.812037037037037 0.59296875 0.8115740740740741 0.5932291666666667 0.8115740740740741 0.5940104166666667 0.8101851851851852 0.5963541666666666 0.8092592592592592 0.6002604166666666 0.8074074074074075 0.6033854166666667 0.8069444444444445 0.6052083333333333 0.8055555555555556 0.6067708333333334 0.8037037037037037 0.6078125 0.8027777777777778 0.6080729166666666 0.8004629629629629 0.6080729166666666 0.8 0.6083333333333333 0.7944444444444444 0.60859375 0.7907407407407407 0.6104166666666667 0.7898148148148149 0.61171875 0.7888888888888889 0.6145833333333334 0.788425925925926 0.61484375 0.788425925925926 0.6182291666666667 0.787962962962963 0.6190104166666667 0.7902777777777777 0.6229166666666667 0.799074074074074 0.6263020833333334 0.8018518518518518 0.6268229166666667 0.8032407407407407 0.6268229166666667 0.8037037037037037 0.6270833333333333 0.8050925925925926 0.6270833333333333 0.8069444444444445 0.6276041666666666 0.8083333333333333 0.6276041666666666 0.8125 0.6283854166666667 0.8138888888888889 0.62890625 0.8152777777777778 0.62890625 0.8157407407407408 0.6291666666666667 0.8171296296296297 0.6291666666666667 0.8175925925925925 0.6294270833333333 0.8189814814814815 0.6294270833333333 0.8231481481481482 0.6302083333333334 0.825 0.6302083333333334 0.8277777777777777 0.6307291666666667 0.8314814814814815 0.6307291666666667 0.8319444444444445 0.63046875 0.8337962962962963 0.63046875 0.8361111111111111 0.6299479166666667 0.8416666666666667 0.6299479166666667 0.8425925925925926 0.6294270833333333 0.8458333333333333 0.6286458333333333 0.8490740740740741 0.6268229166666667 0.8513888888888889 0.6231770833333333 0.850462962962963 0.61796875 0.8476851851851852 0.61484375 0.8476851851851852 0.6143229166666667 0.8458333333333333 0.6122395833333333 0.8449074074074074 0.61171875 0.8444444444444444 0.6109375 0.8444444444444444 0.609375 0.8439814814814814 0.6091145833333333 0.8439814814814814 0.6075520833333333 0.8435185185185186 0.6072916666666667 0.8439814814814814 0.6067708333333334 0.8444444444444444 0.60234375 0.8453703703703703 0.60078125 0.8453703703703703 0.59921875 0.8458333333333333 0.5989583333333334 0.8458333333333333 0.59765625 0.8462962962962963 0.5973958333333333 0.8462962962962963 0.59609375 0.8467592592592592 0.5958333333333333 0.8472222222222222 0.5934895833333333 0.8476851851851852 0.5932291666666667 0.8481481481481481 0.5911458333333334 0.8486111111111111 0.5908854166666667 0.8486111111111111 0.5893229166666667 0.8490740740740741 0.5890625 0.8490740740740741 0.5877604166666667 0.8495370370370371 0.5875 0.8495370370370371 0.5859375 0.85 0.5856770833333333 0.850462962962963 0.58359375 0.85 0.5833333333333334 0.8495370370370371 0.5799479166666667 0.8490740740740741 0.5794270833333334 0.8458333333333333 0.5778645833333333 0.8421296296296297 0.5768229166666666 0.8402777777777778 0.5768229166666666 0.8398148148148148 0.5765625 0.8384259259259259 0.5765625 0.8361111111111111 0.5760416666666667 0.8337962962962963 0.5760416666666667 0.8333333333333334 0.57578125 0.8263888888888888 0.5755208333333334
5 0.8328703703703704 0.66171875 0.8296296296296296 0.6635416666666667 0.8291666666666667 0.6635416666666667 0.8263888888888888 0.66484375 0.825925925925926 0.66484375 0.825925925925926 0.6651041666666667 0.8236111111111111 0.6666666666666666 0.8231481481481482 0.6674479166666667 0.8189814814814815 0.6700520833333333 0.8185185185185185 0.6705729166666666 0.8185185185185185 0.67109375 0.8180555555555555 0.6713541666666667 0.8180555555555555 0.6721354166666667 0.8175925925925925 0.6723958333333333 0.8175925925925925 0.6729166666666667 0.8171296296296297 0.6731770833333334 0.8171296296296297 0.6736979166666667 0.8162037037037037 0.6747395833333333 0.8162037037037037 0.6755208333333333 0.8157407407407408 0.67578125 0.8157407407407408 0.6770833333333334 0.8152777777777778 0.67734375 0.8152777777777778 0.6778645833333333 0.8157407407407408 0.678125 0.8157407407407408 0.6802083333333333 0.8162037037037037 0.68046875 0.8162037037037037 0.6817708333333333 0.8166666666666667 0.68203125 0.8166666666666667 0.6825520833333333 0.8171296296296297 0.6828125 0.8171296296296297 0.6833333333333333 0.8175925925925925 0.68359375 0.8175925925925925 0.6841145833333333 0.8180555555555555 0.684375 0.8180555555555555 0.6848958333333334 0.8185185185185185 0.6854166666666667 0.8208333333333333 0.6869791666666667 0.8226851851851852 0.6893229166666667 0.825462962962963 0.6911458333333333 0.825462962962963 0.69140625 0.825925925925926 0.6916666666666667 0.8268518518518518 0.6916666666666667 0.8273148148148148 0.6919270833333333 0.8282407407407407 0.6919270833333333 0.8300925925925926 0.6924479166666667 0.8314814814814815 0.6932291666666667 0.8319444444444445 0.6932291666666667 0.8337962962962963 0.6940104166666666 0.8347222222222223 0.6940104166666666 0.8351851851851851 0.6942708333333333 0.8361111111111111 0.6942708333333333 0.836574074074074 0.69453125 0.8375 0.69453125 0.8393518518518519 0.6950520833333333 0.8407407407407408 0.6950520833333333 0.8412037037037037 0.6953125 0.8425925925925926 0.6953125 0.8430555555555556 0.6955729166666667 0.8444444444444444 0.6955729166666667 0.8449074074074074 0.6958333333333333 0.8462962962962963 0.6958333333333333 0.8467592592592592 0.69609375 0.8481481481481481 0.69609375 0.8486111111111111 0.6963541666666667 0.85 0.6963541666666667 0.850462962962963 0.6966145833333334 0.8523148148148149 0.6966145833333334 0.8527777777777777 0.696875 0.8606481481481482 0.696875 0.8611111111111112 0.6971354166666667 0.861574074074074 0.696875 0.8634259259259259 0.696875 0.8638888888888889 0.6966145833333334 0.8648148148148148 0.6966145833333334 0.8671296296296296 0.6950520833333333 0.8671296296296296 0.6947916666666667 0.8689814814814815 0.69375 0.875462962962963 0.6864583333333333 0.8773148148148148 0.68515625 0.8773148148148148 0.6846354166666667 0.8800925925925925 0.6815104166666667 0.8800925925925925 0.6770833333333334 0.8796296296296297 0.6768229166666667 0.8796296296296297 0.67578125 0.8791666666666667 0.6755208333333333 0.8791666666666667 0.6747395833333333 0.8787037037037037 0.6744791666666666 0.8787037037037037 0.6736979166666667 0.8782407407407408 0.6734375 0.8777777777777778 0.6721354166666667 0.8759259259259259 0.6700520833333333 0.8722222222222222 0.6677083333333333 0.8722222222222222 0.6674479166666667 0.8712962962962963 0.6669270833333333 0.8712962962962963 0.66640625 0.8708333333333333 0.6658854166666667 0.8685185185185185 0.6643229166666667 0.8680555555555556 0.6643229166666667 0.8657407407407407 0.66328125 0.8629629629629629 0.6625 0.862037037037037 0.6625 0.8606481481481482 0.6619791666666667 0.8592592592592593 0.6619791666666667 0.8587962962962963 0.66171875 0.8569444444444444 0.66171875 0.8564814814814815 0.6614583333333334 0.8495370370370371 0.6611979166666667 0.8490740740740741 0.6609375 0.8439814814814814 0.6609375 0.8435185185185186 0.6606770833333333 0.8393518518518519 0.6606770833333333 0.8388888888888889 0.6609375 0.837037037037037 0.6609375 0.836574074074074 0.6611979166666667 0.8351851851851851 0.6611979166666667 0.8347222222222223 0.6614583333333334 0.8337962962962963 0.6614583333333334
1 0.9675925925925926 0.53671875 0.9555555555555556 0.5372395833333333 0.9532407407407407 0.5388020833333333 0.9518518518518518 0.5408854166666667 0.9518518518518518 0.5447916666666667 0.9597222222222223 0.5489583333333333 0.9611111111111111 0.5528645833333333 0.9597222222222223 0.5565104166666667 0.9578703703703704 0.56953125 0.9560185185185185 0.5765625 0.9541666666666667 0.5796875 0.950462962962963 0.5994791666666667 0.9449074074074074 0.61875 0.9412037037037037 0.63828125 0.9393518518518519 0.6419270833333334 0.9375 0.6515625 0.9375 0.6544270833333333 0.9393518518518519 0.65703125 0.9412037037037037 0.6580729166666667 0.9546296296296296 0.6598958333333333 0.9601851851851851 0.6580729166666667 0.9638888888888889 0.6544270833333333 0.9694444444444444 0.6325520833333333 0.9726851851851852 0.6229166666666667 0.9740740740740741 0.61171875 0.975925925925926 0.6028645833333334 0.9773148148148149 0.6 0.9777777777777777 0.5953125 0.9833333333333333 0.5828125 0.9842592592592593 0.5721354166666667 0.9888888888888889 0.5533854166666666 0.9898148148148148 0.5515625 0.9921296296296296 0.55 0.9944444444444445 0.54921875 0.999537037037037 0.54921875 0.999537037037037 0.540625 0.9902777777777778 0.5385416666666667 0.9814814814814815 0.53828125
