0 0.3049363057324841 0.30666666666666664 0.304140127388535 0.30833333333333335 0.3017515923566879 0.31 0.3017515923566879 0.3111111111111111 0.29697452229299365 0.31722222222222224 0.2961783439490446 0.32 0.2945859872611465 0.3211111111111111 0.29378980891719747 0.3238888888888889 0.2914012738853503 0.32666666666666666 0.2914012738853503 0.3283333333333333 0.2906050955414013 0.3288888888888889 0.2906050955414013 0.33055555555555555 0.2921974522292994 0.33166666666666667 0.2921974522292994 0.3322222222222222 0.29538216560509556 0.33444444444444443 0.29936305732484075 0.33555555555555555 0.3017515923566879 0.3377777777777778 0.30254777070063693 0.3377777777777778 0.303343949044586 0.3383333333333333 0.3057324840764331 0.3388888888888889 0.3073248407643312 0.34 0.30812101910828027 0.34 0.31210191082802546 0.3427777777777778 0.31210191082802546 0.3433333333333333 0.3144904458598726 0.34555555555555556 0.3184713375796178 0.34555555555555556 0.3192675159235669 0.345 0.3192675159235669 0.34444444444444444 0.321656050955414 0.3427777777777778 0.32245222929936307 0.3427777777777778 0.32643312101910826 0.34055555555555556 0.32722929936305734 0.3411111111111111 0.3304140127388535 0.3411111111111111 0.33121019108280253 0.3416666666666667 0.3320063694267516 0.3416666666666667 0.3343949044585987 0.3433333333333333 0.3351910828025478 0.3433333333333333 0.3359872611464968 0.3438888888888889 0.3375796178343949 0.3438888888888889 0.34156050955414013 0.3461111111111111 0.34235668789808915 0.3461111111111111 0.3447452229299363 0.3472222222222222 0.3487261146496815 0.3477777777777778 0.3495222929936306 0.34833333333333333 0.3503184713375796 0.34833333333333333 0.35270700636942676 0.35 0.3535031847133758 0.35 0.35429936305732485 0.35055555555555556 0.35509554140127386 0.35055555555555556 0.35589171974522293 0.3511111111111111 0.3630573248407643 0.35333333333333333 0.3678343949044586 0.3561111111111111 0.36863057324840764 0.3561111111111111 0.37101910828025475 0.35777777777777775 0.3718152866242038 0.35777777777777775 0.3765923566878981 0.3611111111111111 0.3781847133757962 0.3611111111111111 0.37898089171974525 0.3616666666666667 0.3893312101910828 0.3616666666666667 0.39012738853503187 0.3611111111111111 0.39171974522292996 0.3611111111111111 0.392515923566879 0.3605555555555556 0.39331210191082805 0.35888888888888887 0.39570063694267515 0.3572222222222222 0.39729299363057324 0.35444444444444445 0.39888535031847133 0.35333333333333333 0.39888535031847133 0.3527777777777778 0.4012738853503185 0.35 0.4004777070063694 0.3472222222222222 0.39888535031847133 0.34555555555555556 0.39729299363057324 0.34555555555555556 0.3964968152866242 0.345 0.39410828025477707 0.34444444444444444 0.392515923566879 0.3433333333333333 0.39012738853503187 0.3427777777777778 0.3885350318471338 0.3416666666666667 0.3877388535031847 0.3416666666666667 0.3869426751592357 0.3411111111111111 0.37977707006369427 0.3388888888888889 0.3781847133757962 0.3377777777777778 0.3765923566878981 0.3377777777777778 0.37579617834394907 0.3372222222222222 0.37022292993630573 0.33555555555555555 0.3678343949044586 0.3338888888888889 0.3662420382165605 0.3338888888888889 0.36544585987261147 0.3333333333333333 0.3630573248407643 0.3327777777777778 0.3614649681528662 0.33166666666666667 0.3590764331210191 0.33111111111111113 0.357484076433121 0.33 0.35668789808917195 0.33 0.35429936305732485 0.3288888888888889 0.35270700636942676 0.3288888888888889 0.3495222929936306 0.32722222222222225 0.3487261146496815 0.32722222222222225 0.3471337579617834 0.32611111111111113 0.33996815286624205 0.3238888888888889 0.3375796178343949 0.32222222222222224 0.3375796178343949 0.32055555555555554 0.33837579617834396 0.32 0.33837579617834396 0.31666666666666665 0.339171974522293 0.3161111111111111 0.339171974522293 0.31333333333333335 0.33837579617834396 0.31277777777777777 0.33837579617834396 0.31166666666666665 0.3375796178343949 0.3111111111111111 0.3335987261146497 0.3111111111111111 0.33121019108280253 0.31277777777777777 0.32802547770700635 0.31277777777777777 0.3232484076433121 0.31 0.3232484076433121 0.30944444444444447 0.3200636942675159 0.30722222222222223 0.3200636942675159 0.30666666666666664 0.3192675159235669 0.30666666666666664 0.31687898089171973 0.3055555555555556 0.31528662420382164 0.3055555555555556 0.3144904458598726 0.305 0.31210191082802546 0.305 0.31130573248407645 0.30444444444444446 0.3089171974522293 0.30444444444444446 0.30812101910828027 0.305 0.3073248407643312 0.305
0 0.6616242038216561 0.07166666666666667 0.660828025477707 0.07166666666666667 0.660031847133758 0.07222222222222222 0.6560509554140127 0.07222222222222222 0.6552547770700637 0.07166666666666667 0.6536624203821656 0.07166666666666667 0.6480891719745223 0.07555555555555556 0.6472929936305732 0.07722222222222222 0.6449044585987261 0.07888888888888888 0.6449044585987261 0.08055555555555556 0.64171974522293 0.08444444444444445 0.64171974522293 0.08666666666666667 0.6409235668789809 0.08722222222222223 0.6409235668789809 0.08833333333333333 0.6393312101910829 0.09 0.6385350318471338 0.09277777777777778 0.6377388535031847 0.09333333333333334 0.6361464968152867 0.0961111111111111 0.6337579617834395 0.09833333333333333 0.6337579617834395 0.1 0.6329617834394905 0.10055555555555555 0.6329617834394905 0.10222222222222223 0.6305732484076433 0.10388888888888889 0.6305732484076433 0.10444444444444445 0.6297770700636943 0.105 0.6289808917197452 0.105 0.6281847133757962 0.10555555555555556 0.6265923566878981 0.10555555555555556 0.6257961783439491 0.10611111111111111 0.6242038216560509 0.10611111111111111 0.6234076433121019 0.10666666666666667 0.6194267515923567 0.10666666666666667 0.6162420382165605 0.10833333333333334 0.6154458598726115 0.10833333333333334 0.6130573248407644 0.11 0.6130573248407644 0.11055555555555556 0.6122611464968153 0.1111111111111111 0.6122611464968153 0.11222222222222222 0.6106687898089171 0.11388888888888889 0.6106687898089171 0.11777777777777777 0.6114649681528662 0.11833333333333333 0.6114649681528662 0.12055555555555555 0.6106687898089171 0.12111111111111111 0.6106687898089171 0.1238888888888889 0.606687898089172 0.1288888888888889 0.606687898089172 0.13 0.6058917197452229 0.13055555555555556 0.6058917197452229 0.13166666666666665 0.6050955414012739 0.1322222222222222 0.6050955414012739 0.1338888888888889 0.6042993630573248 0.13444444444444445 0.6042993630573248 0.13722222222222222 0.6035031847133758 0.13777777777777778 0.6035031847133758 0.13833333333333334 0.6042993630573248 0.1388888888888889 0.6050955414012739 0.14166666666666666 0.6122611464968153 0.14666666666666667 0.6146496815286624 0.14722222222222223 0.6162420382165605 0.14833333333333334 0.6170382165605095 0.14833333333333334 0.6186305732484076 0.14944444444444444 0.6194267515923567 0.14944444444444444 0.6218152866242038 0.15055555555555555 0.625 0.15055555555555555 0.6257961783439491 0.1511111111111111 0.6281847133757962 0.1511111111111111 0.6289808917197452 0.15166666666666667 0.6329617834394905 0.15166666666666667 0.6337579617834395 0.15222222222222223 0.6353503184713376 0.15222222222222223 0.6361464968152867 0.15166666666666667 0.6401273885350318 0.15166666666666667 0.6409235668789809 0.1511111111111111 0.643312101910828 0.15055555555555555 0.6464968152866242 0.14833333333333334 0.6464968152866242 0.14777777777777779 0.6488853503184714 0.14555555555555555 0.6488853503184714 0.14444444444444443 0.6496815286624203 0.1438888888888889 0.6496815286624203 0.14277777777777778 0.6504777070063694 0.14222222222222222 0.6504777070063694 0.1411111111111111 0.6512738853503185 0.14055555555555554 0.6512738853503185 0.13944444444444445 0.6520700636942676 0.1388888888888889 0.6520700636942676 0.13666666666666666 0.6528662420382165 0.1361111111111111 0.6528662420382165 0.13555555555555557 0.6560509554140127 0.13333333333333333 0.6584394904458599 0.13277777777777777 0.6616242038216561 0.13055555555555556 0.6616242038216561 0.13 0.6632165605095541 0.12833333333333333 0.6632165605095541 0.1272222222222222 0.6640127388535032 0.12666666666666668 0.6640127388535032 0.12333333333333334 0.6648089171974523 0.12277777777777778 0.6632165605095541 0.12111111111111111 0.6632165605095541 0.11888888888888889 0.6624203821656051 0.11833333333333333 0.6616242038216561 0.11666666666666667 0.6592356687898089 0.115 0.6584394904458599 0.11333333333333333 0.6560509554140127 0.11166666666666666 0.6560509554140127 0.11055555555555556 0.6576433121019108 0.10944444444444444 0.6576433121019108 0.10888888888888888 0.6592356687898089 0.10722222222222222 0.6592356687898089 0.10555555555555556 0.6616242038216561 0.10388888888888889 0.6616242038216561 0.10222222222222223 0.6624203821656051 0.10166666666666667 0.6624203821656051 0.10055555555555555 0.6640127388535032 0.09888888888888889 0.6640127388535032 0.09722222222222222 0.6648089171974523 0.09666666666666666 0.6648089171974523 0.09555555555555556 0.6656050955414012 0.095 0.6656050955414012 0.09444444444444444 0.6679936305732485 0.09166666666666666 0.6679936305732485 0.09055555555555556 0.6695859872611465 0.08888888888888889 0.6695859872611465 0.08722222222222223 0.6703821656050956 0.08666666666666667 0.6703821656050956 0.085 0.6711783439490446 0.08444444444444445 0.6711783439490446 0.08277777777777778 0.6719745222929936 0.08222222222222222 0.6719745222929936 0.07888888888888888 0.6711783439490446 0.07833333333333334 0.6711783439490446 0.07722222222222222 0.6703821656050956 0.07666666666666666 0.6695859872611465 0.075 0.6687898089171974 0.075 0.6671974522292994 0.07388888888888889 0.6648089171974523 0.07333333333333333
0 0.5294585987261147 0.47444444444444445 0.5286624203821656 0.4738888888888889 0.5286624203821656 0.47333333333333333 0.5254777070063694 0.4711111111111111 0.5254777070063694 0.47055555555555556 0.5246815286624203 0.47055555555555556 0.5238853503184714 0.47 0.5222929936305732 0.47 0.5214968152866242 0.46944444444444444 0.5119426751592356 0.46944444444444444 0.5111464968152867 0.47 0.5071656050955414 0.47055555555555556 0.5055732484076433 0.4716666666666667 0.5007961783439491 0.4716666666666667 0.4984076433121019 0.47055555555555556 0.49522292993630573 0.47055555555555556 0.49442675159235666 0.47 0.49044585987261147 0.47 0.4896496815286624 0.47055555555555556 0.4880573248407643 0.47055555555555556 0.48487261146496813 0.4727777777777778 0.48487261146496813 0.47333333333333333 0.4840764331210191 0.4738888888888889 0.4840764331210191 0.475 0.48328025477707004 0.47555555555555556 0.48328025477707004 0.4766666666666667 0.48168789808917195 0.47833333333333333 0.48168789808917195 0.47944444444444445 0.4785031847133758 0.4816666666666667 0.47611464968152867 0.4816666666666667 0.4753184713375796 0.4822222222222222 0.47054140127388533 0.4822222222222222 0.46894904458598724 0.48333333333333334 0.4681528662420382 0.48333333333333334 0.46576433121019106 0.48444444444444446 0.46337579617834396 0.48444444444444446 0.4625796178343949 0.485 0.45461783439490444 0.485 0.4538216560509554 0.4855555555555556 0.4482484076433121 0.4855555555555556 0.44745222929936307 0.4861111111111111 0.4410828025477707 0.4861111111111111 0.44028662420382164 0.4866666666666667 0.43789808917197454 0.4866666666666667 0.43710191082802546 0.4872222222222222 0.43471337579617836 0.4872222222222222 0.4339171974522293 0.48777777777777775 0.4323248407643312 0.48777777777777775 0.4315286624203822 0.48833333333333334 0.429140127388535 0.48833333333333334 0.428343949044586 0.4888888888888889 0.42436305732484075 0.48944444444444446 0.42277070063694266 0.4905555555555556 0.42277070063694266 0.49166666666666664 0.42197452229299365 0.4922222222222222 0.42197452229299365 0.495 0.4211783439490446 0.4955555555555556 0.4211783439490446 0.49833333333333335 0.42197452229299365 0.4988888888888889 0.42197452229299365 0.5 0.42277070063694266 0.5005555555555555 0.42356687898089174 0.5033333333333333 0.42436305732484075 0.5038888888888889 0.4251592356687898 0.5055555555555555 0.42595541401273884 0.5055555555555555 0.4267515923566879 0.5061111111111111 0.4410828025477707 0.5061111111111111 0.44187898089171973 0.5055555555555555 0.4482484076433121 0.5055555555555555 0.44904458598726116 0.505 0.45063694267515925 0.505 0.45143312101910826 0.5044444444444445 0.4570063694267516 0.5044444444444445 0.4578025477707006 0.5038888888888889 0.4609872611464968 0.5038888888888889 0.46178343949044587 0.5033333333333333 0.464171974522293 0.5033333333333333 0.46496815286624205 0.5027777777777778 0.46656050955414013 0.5027777777777778 0.46894904458598724 0.5016666666666667 0.47054140127388533 0.5016666666666667 0.4713375796178344 0.5011111111111111 0.4729299363057325 0.5011111111111111 0.4737261146496815 0.5005555555555555 0.4753184713375796 0.5005555555555555 0.47611464968152867 0.5 0.47929936305732485 0.5 0.48009554140127386 0.49944444444444447 0.48328025477707004 0.49944444444444447 0.4864649681528662 0.5011111111111111 0.4864649681528662 0.5016666666666667 0.4880573248407643 0.5027777777777778 0.4896496815286624 0.5055555555555555 0.49044585987261147 0.5055555555555555 0.49363057324840764 0.5072222222222222 0.49522292993630573 0.5072222222222222 0.49761146496815284 0.5083333333333333 0.5 0.5083333333333333 0.5007961783439491 0.5077777777777778 0.5023885350318471 0.5077777777777778 0.5031847133757962 0.5072222222222222 0.5055732484076433 0.5066666666666667 0.5063694267515924 0.5061111111111111 0.5071656050955414 0.5044444444444445 0.5095541401273885 0.5027777777777778 0.5103503184713376 0.5027777777777778 0.5111464968152867 0.5022222222222222 0.5135350318471338 0.5022222222222222 0.51671974522293 0.5038888888888889 0.5246815286624203 0.5038888888888889 0.5254777070063694 0.5033333333333333 0.5278662420382165 0.5033333333333333 0.5326433121019108 0.5011111111111111 0.5326433121019108 0.5005555555555555 0.5334394904458599 0.5 0.5334394904458599 0.4988888888888889 0.5342356687898089 0.49833333333333335 0.5342356687898089 0.4961111111111111 0.535031847133758 0.4955555555555556 0.535031847133758 0.4911111111111111 0.5342356687898089 0.4905555555555556 0.5342356687898089 0.4888888888888889 0.5334394904458599 0.48833333333333334 0.5334394904458599 0.4866666666666667 0.5326433121019108 0.4861111111111111 0.5326433121019108 0.48277777777777775 0.5310509554140127 0.4811111111111111 0.5310509554140127 0.47944444444444445 0.5302547770700637 0.47888888888888886 0.5302547770700637 0.4772222222222222 0.5294585987261147 0.4766666666666667
0 0.7786624203821656 0.4688888888888889 0.7786624203821656 0.46944444444444444 0.7770700636942676 0.47055555555555556 0.7770700636942676 0.4711111111111111 0.7754777070063694 0.4722222222222222 0.7754777070063694 0.4727777777777778 0.7738853503184714 0.47444444444444445 0.7738853503184714 0.47555555555555556 0.7730891719745223 0.4761111111111111 0.7730891719745223 0.4777777777777778 0.7722929936305732 0.47833333333333333 0.7738853503184714 0.48 0.7738853503184714 0.4811111111111111 0.7746815286624203 0.4816666666666667 0.7746815286624203 0.4822222222222222 0.7754777070063694 0.4822222222222222 0.7778662420382165 0.48333333333333334 0.7794585987261147 0.48333333333333334 0.7842356687898089 0.4866666666666667 0.7898089171974523 0.48833333333333334 0.7929936305732485 0.49 0.7945859872611465 0.49 0.7993630573248408 0.49277777777777776 0.803343949044586 0.4938888888888889 0.8081210191082803 0.49666666666666665 0.8089171974522293 0.49666666666666665 0.8128980891719745 0.49944444444444447 0.8144904458598726 0.49944444444444447 0.8152866242038217 0.5 0.8184713375796179 0.5 0.820859872611465 0.5011111111111111 0.8240445859872612 0.5011111111111111 0.8248407643312102 0.5016666666666667 0.8256369426751592 0.5016666666666667 0.8272292993630573 0.5033333333333333 0.8272292993630573 0.5066666666666667 0.8256369426751592 0.5083333333333333 0.8256369426751592 0.5133333333333333 0.8280254777070064 0.515 0.8288216560509554 0.515 0.8296178343949044 0.5155555555555555 0.8304140127388535 0.5155555555555555 0.8312101910828026 0.515 0.8375796178343949 0.515 0.8383757961783439 0.5155555555555555 0.8407643312101911 0.5155555555555555 0.8415605095541401 0.5161111111111111 0.8463375796178344 0.5161111111111111 0.8471337579617835 0.5166666666666667 0.8471337579617835 0.5172222222222222 0.8519108280254777 0.5205555555555555 0.8519108280254777 0.5211111111111111 0.8527070063694268 0.5216666666666666 0.8542993630573248 0.5216666666666666 0.8550955414012739 0.5222222222222223 0.8590764331210191 0.5233333333333333 0.8614649681528662 0.525 0.8622611464968153 0.5244444444444445 0.8646496815286624 0.5244444444444445 0.8654458598726115 0.5238888888888888 0.8654458598726115 0.5233333333333333 0.8686305732484076 0.5211111111111111 0.8686305732484076 0.5205555555555555 0.8694267515923567 0.52 0.8694267515923567 0.5188888888888888 0.8710191082802548 0.5177777777777778 0.8718152866242038 0.5161111111111111 0.8757961783439491 0.5127777777777778 0.8757961783439491 0.5122222222222222 0.8781847133757962 0.5094444444444445 0.8781847133757962 0.5083333333333333 0.8805732484076433 0.5055555555555555 0.8805732484076433 0.5044444444444445 0.8821656050955414 0.5033333333333333 0.8821656050955414 0.5027777777777778 0.8837579617834395 0.5016666666666667 0.8845541401273885 0.5016666666666667 0.8845541401273885 0.5005555555555555 0.8853503184713376 0.5 0.8853503184713376 0.49722222222222223 0.8845541401273885 0.49666666666666665 0.8845541401273885 0.4961111111111111 0.8813694267515924 0.4938888888888889 0.8805732484076433 0.4938888888888889 0.8797770700636943 0.49333333333333335 0.8773885350318471 0.49333333333333335 0.8765923566878981 0.49277777777777776 0.8742038216560509 0.49277777777777776 0.8734076433121019 0.4922222222222222 0.8702229299363057 0.4922222222222222 0.8694267515923567 0.49166666666666664 0.8686305732484076 0.49166666666666664 0.8662420382165605 0.49 0.8638535031847133 0.48944444444444446 0.8606687898089171 0.4872222222222222 0.8606687898089171 0.4866666666666667 0.8598726114649682 0.4861111111111111 0.8598726114649682 0.48444444444444446 0.8590764331210191 0.48388888888888887 0.8590764331210191 0.48277777777777775 0.857484076433121 0.4816666666666667 0.8550955414012739 0.4816666666666667 0.8542993630573248 0.4811111111111111 0.8527070063694268 0.4811111111111111 0.8519108280254777 0.4816666666666667 0.8495222929936306 0.4822222222222222 0.8471337579617835 0.48388888888888887 0.8463375796178344 0.48388888888888887 0.8431528662420382 0.4855555555555556 0.8415605095541401 0.4855555555555556 0.8407643312101911 0.4861111111111111 0.8375796178343949 0.4861111111111111 0.8343949044585988 0.48444444444444446 0.8320063694267515 0.48388888888888887 0.8296178343949044 0.4822222222222222 0.8256369426751592 0.4816666666666667 0.8248407643312102 0.4811111111111111 0.820859872611465 0.48 0.8184713375796179 0.47833333333333333 0.8168789808917197 0.47833333333333333 0.8160828025477707 0.4777777777777778 0.8121019108280255 0.4772222222222222 0.8097133757961783 0.47555555555555556 0.8089171974522293 0.47555555555555556 0.8065286624203821 0.47444444444444445 0.802547770700637 0.4738888888888889 0.8017515923566879 0.47333333333333333 0.7977707006369427 0.4722222222222222 0.7953821656050956 0.47 0.7937898089171974 0.47 0.7929936305732485 0.46944444444444444 0.7898089171974523 0.46944444444444444 0.7866242038216561 0.4677777777777778 0.785828025477707 0.4683333333333333 0.7810509554140127 0.4683333333333333 0.7802547770700637 0.4688888888888889
0 0.4068471337579618 0.7066666666666667 0.40605095541401276 0.7072222222222222 0.4036624203821656 0.7072222222222222 0.4028662420382166 0.7077777777777777 0.4004777070063694 0.7083333333333334 0.39888535031847133 0.71 0.39888535031847133 0.7111111111111111 0.3980891719745223 0.7116666666666667 0.3980891719745223 0.7133333333333334 0.3964968152866242 0.715 0.3964968152866242 0.7261111111111112 0.39570063694267515 0.7266666666666667 0.39570063694267515 0.7283333333333334 0.39490445859872614 0.7288888888888889 0.39490445859872614 0.7294444444444445 0.39331210191082805 0.7305555555555555 0.392515923566879 0.7305555555555555 0.392515923566879 0.7311111111111112 0.39171974522292996 0.7316666666666667 0.39171974522292996 0.7338888888888889 0.3909235668789809 0.7344444444444445 0.3909235668789809 0.7361111111111112 0.39171974522292996 0.7366666666666667 0.39171974522292996 0.7377777777777778 0.392515923566879 0.7383333333333333 0.392515923566879 0.7388888888888889 0.3964968152866242 0.7422222222222222 0.39888535031847133 0.7427777777777778 0.4004777070063694 0.7438888888888889 0.4012738853503185 0.7438888888888889 0.40445859872611467 0.7461111111111111 0.4052547770700637 0.7461111111111111 0.40843949044585987 0.7477777777777778 0.4052547770700637 0.7516666666666667 0.4052547770700637 0.755 0.40445859872611467 0.7555555555555555 0.40445859872611467 0.7666666666666667 0.4036624203821656 0.7672222222222222 0.4036624203821656 0.7788888888888889 0.40445859872611467 0.7794444444444445 0.40445859872611467 0.7833333333333333 0.40605095541401276 0.7844444444444445 0.40605095541401276 0.785 0.40764331210191085 0.7861111111111111 0.40764331210191085 0.7866666666666666 0.41003184713375795 0.7866666666666666 0.410828025477707 0.7872222222222223 0.4156050955414013 0.7872222222222223 0.4164012738853503 0.7877777777777778 0.42356687898089174 0.7877777777777778 0.42436305732484075 0.7872222222222223 0.42754777070063693 0.7872222222222223 0.428343949044586 0.7866666666666666 0.428343949044586 0.7861111111111111 0.429140127388535 0.7855555555555556 0.429140127388535 0.7844444444444445 0.4307324840764331 0.7827777777777778 0.4307324840764331 0.7794444444444445 0.4315286624203822 0.7788888888888889 0.4307324840764331 0.7783333333333333 0.4307324840764331 0.7738888888888888 0.4315286624203822 0.7733333333333333 0.4315286624203822 0.7472222222222222 0.44028662420382164 0.7416666666666667 0.4410828025477707 0.7416666666666667 0.4442675159235669 0.74 0.4442675159235669 0.7394444444444445 0.445859872611465 0.7383333333333333 0.445859872611465 0.7377777777777778 0.446656050955414 0.7372222222222222 0.446656050955414 0.7361111111111112 0.44745222929936307 0.7355555555555555 0.44745222929936307 0.7322222222222222 0.446656050955414 0.7316666666666667 0.446656050955414 0.73 0.4434713375796178 0.7272222222222222 0.4434713375796178 0.7266666666666667 0.4426751592356688 0.7261111111111112 0.4426751592356688 0.725 0.44187898089171973 0.7244444444444444 0.44187898089171973 0.7227777777777777 0.4426751592356688 0.7222222222222222 0.4426751592356688 0.7138888888888889 0.4434713375796178 0.7133333333333334 0.4434713375796178 0.7127777777777777 0.4426751592356688 0.7122222222222222 0.4426751592356688 0.7111111111111111 0.43869426751592355 0.7083333333333334 0.43630573248407645 0.7083333333333334 0.4355095541401274 0.7077777777777777 0.4323248407643312 0.7077777777777777 0.4315286624203822 0.7072222222222222 0.42277070063694266 0.7072222222222222 0.42197452229299365 0.7066666666666667
1 0.8535031847133758 0.05388888888888889 0.8383757961783439 0.050555555555555555 0.8232484076433121 0.05 0.8152866242038217 0.052222222222222225 0.8113057324840764 0.056666666666666664 0.8105095541401274 0.06388888888888888 0.8160828025477707 0.06833333333333333 0.8176751592356688 0.07333333333333333 0.8200636942675159 0.07555555555555556 0.8184713375796179 0.08 0.8136942675159236 0.08722222222222223 0.8121019108280255 0.09222222222222222 0.8089171974522293 0.09555555555555556 0.8081210191082803 0.09888888888888889 0.804140127388535 0.10333333333333333 0.7993630573248408 0.11277777777777778 0.7945859872611465 0.11833333333333333 0.7929936305732485 0.12277777777777778 0.785828025477707 0.13277777777777777 0.785031847133758 0.1361111111111111 0.7810509554140127 0.14055555555555554 0.7738853503184714 0.15388888888888888 0.7651273885350318 0.1661111111111111 0.7611464968152867 0.17444444444444446 0.7507961783439491 0.18944444444444444 0.75 0.19277777777777777 0.7444267515923567 0.20055555555555554 0.7372611464968153 0.21388888888888888 0.7277070063694268 0.22722222222222221 0.7261146496815286 0.23166666666666666 0.7197452229299363 0.24055555555555555 0.714171974522293 0.2511111111111111 0.714171974522293 0.25555555555555554 0.7157643312101911 0.25833333333333336 0.7261146496815286 0.265 0.7388535031847133 0.2644444444444444 0.7444267515923567 0.26055555555555554 0.7476114649681529 0.25666666666666665 0.8105095541401274 0.15666666666666668 0.822452229299363 0.135 0.8272292993630573 0.13055555555555556 0.8280254777070064 0.12666666666666668 0.839171974522293 0.1111111111111111 0.8511146496815286 0.09055555555555556 0.856687898089172 0.08611111111111111 0.8734076433121019 0.08555555555555555 0.8765923566878981 0.08444444444444445 0.8813694267515924 0.07722222222222222 0.8797770700636943 0.06833333333333333 0.875 0.06388888888888888 0.8686305732484076 0.06
1 0.16560509554140126 0.3827777777777778 0.15605095541401273 0.38555555555555554 0.15286624203821655 0.3894444444444444 0.1520700636942675 0.39666666666666667 0.1552547770700637 0.4083333333333333 0.16162420382165604 0.42444444444444446 0.16162420382165604 0.4272222222222222 0.16401273885350318 0.4305555555555556 0.1664012738853503 0.44277777777777777 0.16878980891719744 0.44666666666666666 0.17197452229299362 0.45944444444444443 0.18312101910828024 0.4888888888888889 0.18630573248407642 0.5033333333333333 0.19585987261146498 0.5288888888888889 0.2014331210191083 0.5511111111111111 0.20382165605095542 0.555 0.20621019108280256 0.565 0.20939490445859874 0.5716666666666667 0.20939490445859874 0.5766666666666667 0.2014331210191083 0.5816666666666667 0.19506369426751594 0.5838888888888889 0.1942675159235669 0.5855555555555556 0.19506369426751594 0.5938888888888889 0.19665605095541402 0.5955555555555555 0.20780254777070065 0.5961111111111111 0.22213375796178345 0.595 0.2285031847133758 0.5933333333333334 0.24363057324840764 0.5916666666666667 0.2635350318471338 0.5866666666666667 0.267515923566879 0.5838888888888889 0.26671974522292996 0.5772222222222222 0.2627388535031847 0.5722222222222222 0.24761146496815287 0.5722222222222222 0.24363057324840764 0.5688888888888889 0.24044585987261147 0.5616666666666666 0.23487261146496816 0.5411111111111111 0.22770700636942676 0.5227777777777778 0.2269108280254777 0.5172222222222222 0.22372611464968153 0.5088888888888888 0.2229299363057325 0.5005555555555555 0.2197452229299363 0.49444444444444446 0.21735668789808918 0.4822222222222222 0.2070063694267516 0.45555555555555555 0.20461783439490447 0.4461111111111111 0.1998407643312102 0.43555555555555553 0.1998407643312102 0.43222222222222223 0.18949044585987262 0.4022222222222222 0.18710191082802546 0.39222222222222225 0.18312101910828024 0.3861111111111111 0.17834394904458598 0.3827777777777778 0.17436305732484075 0.38222222222222224
2 0.7826433121019108 0.8572222222222222 0.767515923566879 0.8683333333333333 0.767515923566879 0.8688888888888889 0.7587579617834395 0.8761111111111111 0.7587579617834395 0.8772222222222222 0.7579617834394905 0.8777777777777778 0.7579617834394905 0.8827777777777778 0.7587579617834395 0.8833333333333333 0.7587579617834395 0.885 0.7611464968152867 0.8877777777777778 0.7778662420382165 0.8988888888888888 0.7778662420382165 0.8994444444444445 0.7818471337579618 0.9022222222222223 0.7826433121019108 0.9038888888888889 0.8049363057324841 0.9183333333333333 0.8081210191082803 0.9222222222222223 0.8168789808917197 0.9288888888888889 0.8176751592356688 0.9305555555555556 0.8192675159235668 0.9316666666666666 0.8192675159235668 0.9355555555555556 0.8105095541401274 0.9411111111111111 0.8105095541401274 0.9422222222222222 0.8097133757961783 0.9427777777777778 0.8097133757961783 0.9477777777777778 0.8121019108280255 0.9505555555555556 0.8144904458598726 0.9516666666666667 0.822452229299363 0.9577777777777777 0.8256369426751592 0.9588888888888889 0.8272292993630573 0.9588888888888889 0.8296178343949044 0.96 0.8343949044585988 0.96 0.8351910828025477 0.9594444444444444 0.8367834394904459 0.9594444444444444 0.8407643312101911 0.9577777777777777 0.8455414012738853 0.9544444444444444 0.8487261146496815 0.9533333333333334 0.8662420382165605 0.9405555555555556 0.8686305732484076 0.9377777777777778 0.8718152866242038 0.9355555555555556 0.8726114649681529 0.9355555555555556 0.8742038216560509 0.9327777777777778 0.8813694267515924 0.9272222222222222 0.8821656050955414 0.9255555555555556 0.8885350318471338 0.92 0.892515923566879 0.9138888888888889 0.892515923566879 0.9077777777777778 0.8901273885350318 0.9044444444444445 0.8853503184713376 0.9011111111111111 0.8853503184713376 0.9005555555555556 0.8805732484076433 0.8977777777777778 0.8781847133757962 0.8972222222222223 0.875 0.8955555555555555 0.8686305732484076 0.8955555555555555 0.8614649681528662 0.8994444444444445 0.857484076433121 0.8994444444444445 0.8558917197452229 0.8988888888888888 0.8527070063694268 0.8966666666666666 0.8527070063694268 0.8961111111111111 0.8519108280254777 0.8961111111111111 0.8415605095541401 0.8905555555555555 0.839968152866242 0.8905555555555555 0.8367834394904459 0.8894444444444445 0.8312101910828026 0.8855555555555555 0.8304140127388535 0.8855555555555555 0.8280254777070064 0.8838888888888888 0.8280254777070064 0.8833333333333333 0.8240445859872612 0.8805555555555555 0.8232484076433121 0.8805555555555555 0.8192675159235668 0.8777777777777778 0.8184713375796179 0.8777777777777778 0.8081210191082803 0.8705555555555555 0.8081210191082803 0.87 0.7953821656050956 0.8616666666666667 0.7937898089171974 0.86 0.7914012738853503 0.8594444444444445 0.7866242038216561 0.8566666666666667 0.785031847133758 0.8572222222222222
2 0.1926751592356688 0.23166666666666666 0.19187898089171976 0.23166666666666666 0.1839171974522293 0.22555555555555556 0.18152866242038215 0.22444444444444445 0.17993630573248406 0.22444444444444445 0.1751592356687898 0.22277777777777777 0.16560509554140126 0.22277777777777777 0.16480891719745222 0.22333333333333333 0.15764331210191082 0.2238888888888889 0.14968152866242038 0.22722222222222221 0.1449044585987261 0.2311111111111111 0.14331210191082802 0.2338888888888889 0.14331210191082802 0.2361111111111111 0.14171974522292993 0.2388888888888889 0.14171974522292993 0.24166666666666667 0.1409235668789809 0.24222222222222223 0.1409235668789809 0.24333333333333335 0.1377388535031847 0.24555555555555555 0.13614649681528662 0.24555555555555555 0.13296178343949044 0.24666666666666667 0.1305732484076433 0.24666666666666667 0.12977707006369427 0.24722222222222223 0.1265923566878981 0.24722222222222223 0.12261146496815287 0.24888888888888888 0.1178343949044586 0.24888888888888888 0.11703821656050956 0.24944444444444444 0.11385350318471338 0.24944444444444444 0.10987261146496816 0.25055555555555553 0.10429936305732485 0.25055555555555553 0.1035031847133758 0.2511111111111111 0.10031847133757962 0.2511111111111111 0.09952229299363058 0.25166666666666665 0.0963375796178344 0.25166666666666665 0.09554140127388536 0.25222222222222224 0.09156050955414012 0.25222222222222224 0.09076433121019108 0.25277777777777777 0.08598726114649681 0.25333333333333335 0.08280254777070063 0.2544444444444444 0.07961783439490445 0.2544444444444444 0.06767515923566879 0.2588888888888889 0.06289808917197452 0.2633333333333333 0.06289808917197452 0.265 0.06210191082802548 0.26555555555555554 0.06210191082802548 0.27055555555555555 0.06130573248407643 0.27111111111111114 0.06210191082802548 0.27166666666666667 0.06210191082802548 0.27444444444444444 0.06369426751592357 0.2772222222222222 0.06369426751592357 0.27944444444444444 0.06528662420382166 0.28055555555555556 0.06767515923566879 0.28444444444444444 0.07165605095541401 0.28833333333333333 0.0732484076433121 0.2911111111111111 0.07961783439490445 0.295 0.09076433121019108 0.295 0.09156050955414012 0.29444444444444445 0.09474522292993631 0.29444444444444445 0.09554140127388536 0.29388888888888887 0.09792993630573249 0.29388888888888887 0.10111464968152867 0.2927777777777778 0.1035031847133758 0.2927777777777778 0.10429936305732485 0.2922222222222222 0.10668789808917198 0.2922222222222222 0.1106687898089172 0.2911111111111111 0.11703821656050956 0.29055555555555557 0.11942675159235669 0.28944444444444445 0.12261146496815287 0.28944444444444445 0.1265923566878981 0.28833333333333333 0.12977707006369427 0.28833333333333333 0.13535031847133758 0.2866666666666667 0.1377388535031847 0.2866666666666667 0.1409235668789809 0.28555555555555556 0.1464968152866242 0.285 0.15047770700636942 0.2833333333333333 0.15286624203821655 0.2833333333333333 0.15605095541401273 0.2822222222222222 0.15764331210191082 0.2822222222222222 0.1624203821656051 0.28444444444444444 0.17038216560509553 0.2911111111111111 0.17277070063694266 0.2922222222222222 0.1751592356687898 0.2922222222222222 0.17595541401273884 0.2927777777777778 0.1839171974522293 0.2927777777777778 0.18471337579617833 0.2922222222222222 0.1926751592356688 0.2916666666666667 0.20382165605095542 0.28833333333333333 0.20939490445859874 0.28444444444444444 0.21098726114649682 0.2816666666666667 0.21098726114649682 0.27055555555555555 0.21019108280254778 0.27 0.21019108280254778 0.26666666666666666 0.20939490445859874 0.26611111111111113 0.20939490445859874 0.2638888888888889 0.2085987261146497 0.2633333333333333 0.2085987261146497 0.26 0.2070063694267516 0.25833333333333336 0.20621019108280256 0.25555555555555554 0.20302547770700638 0.2511111111111111 0.20222929936305734 0.24666666666666667 0.2014331210191083 0.2461111111111111 0.2014331210191083 0.24388888888888888
2 0.5987261146496815 0.5705555555555556 0.5939490445859873 0.57 0.589171974522293 0.5722222222222222 0.5851910828025477 0.5733333333333334 0.5764331210191083 0.5794444444444444 0.5756369426751592 0.5794444444444444 0.5748407643312102 0.5805555555555556 0.5740445859872612 0.5805555555555556 0.5660828025477707 0.5855555555555556 0.5652866242038217 0.5855555555555556 0.5581210191082803 0.5911111111111111 0.5573248407643312 0.5911111111111111 0.552547770700637 0.5944444444444444 0.5517515923566879 0.5944444444444444 0.5334394904458599 0.6077777777777778 0.5318471337579618 0.61 0.5286624203821656 0.6122222222222222 0.5278662420382165 0.6116666666666667 0.5254777070063694 0.6116666666666667 0.5238853503184714 0.6111111111111112 0.5222929936305732 0.61 0.5135350318471338 0.6066666666666667 0.5095541401273885 0.6066666666666667 0.5039808917197452 0.61 0.5031847133757962 0.61 0.49920382165605093 0.6127777777777778 0.49601910828025475 0.6138888888888889 0.49363057324840764 0.6161111111111112 0.49363057324840764 0.6172222222222222 0.4928343949044586 0.6177777777777778 0.4928343949044586 0.6233333333333333 0.49601910828025475 0.6266666666666667 0.5 0.6294444444444445 0.5007961783439491 0.6311111111111111 0.5039808917197452 0.6333333333333333 0.5047770700636943 0.635 0.5079617834394905 0.6372222222222222 0.5087579617834395 0.6388888888888888 0.5127388535031847 0.6416666666666667 0.5127388535031847 0.6422222222222222 0.517515923566879 0.645 0.518312101910828 0.645 0.5191082802547771 0.6461111111111111 0.5199044585987261 0.6461111111111111 0.5246815286624203 0.6494444444444445 0.5246815286624203 0.65 0.5294585987261147 0.6522222222222223 0.5318471337579618 0.6538888888888889 0.5318471337579618 0.6544444444444445 0.5326433121019108 0.6544444444444445 0.535828025477707 0.6566666666666666 0.5366242038216561 0.6583333333333333 0.5374203821656051 0.6583333333333333 0.5414012738853503 0.6616666666666666 0.5453821656050956 0.6633333333333333 0.5477707006369427 0.665 0.5477707006369427 0.6655555555555556 0.5493630573248408 0.6661111111111111 0.5517515923566879 0.6661111111111111 0.552547770700637 0.6666666666666666 0.553343949044586 0.6661111111111111 0.5573248407643312 0.6661111111111111 0.5581210191082803 0.6655555555555556 0.5597133757961783 0.6655555555555556 0.5628980891719745 0.6633333333333333 0.5660828025477707 0.6622222222222223 0.5684713375796179 0.6605555555555556 0.5684713375796179 0.66 0.570859872611465 0.6583333333333333 0.571656050955414 0.6583333333333333 0.5748407643312102 0.6538888888888889 0.5748407643312102 0.65 0.571656050955414 0.6455555555555555 0.5692675159235668 0.6438888888888888 0.5660828025477707 0.6383333333333333 0.5692675159235668 0.6355555555555555 0.572452229299363 0.6344444444444445 0.572452229299363 0.6338888888888888 0.5748407643312102 0.6322222222222222 0.5788216560509554 0.6305555555555555 0.5796178343949044 0.6283333333333333 0.5812101910828026 0.6272222222222222 0.5835987261146497 0.6266666666666667 0.5867834394904459 0.6233333333333333 0.5883757961783439 0.6227777777777778 0.5939490445859873 0.6188888888888889 0.5947452229299363 0.6188888888888889 0.6035031847133758 0.6127777777777778 0.6035031847133758 0.6122222222222222 0.607484076433121 0.61 0.6098726114649682 0.6072222222222222 0.6138535031847133 0.6044444444444445 0.6146496815286624 0.6044444444444445 0.6162420382165605 0.6027777777777777 0.625 0.5966666666666667 0.6281847133757962 0.5922222222222222 0.6281847133757962 0.5905555555555555 0.6265923566878981 0.5883333333333334 0.6226114649681529 0.5855555555555556 0.6186305732484076 0.585 0.6146496815286624 0.5816666666666667 0.6146496815286624 0.5805555555555556 0.6106687898089171 0.5777777777777777 0.6106687898089171 0.5772222222222222 0.6058917197452229 0.5738888888888889
3 0.4593949044585987 0.1272222222222222 0.4570063694267516 0.12555555555555556 0.45302547770700635 0.125 0.45222929936305734 0.12444444444444444 0.445859872611465 0.12444444444444444 0.4450636942675159 0.125 0.4394904458598726 0.12555555555555556 0.43312101910828027 0.12833333333333333 0.4315286624203822 0.12833333333333333 0.428343949044586 0.12944444444444445 0.42356687898089174 0.12944444444444445 0.4211783439490446 0.13055555555555556 0.4164012738853503 0.13111111111111112 0.39490445859872614 0.13777777777777778 0.39012738853503187 0.13833333333333334 0.3885350318471338 0.13944444444444445 0.3853503184713376 0.14 0.38136942675159236 0.14166666666666666 0.3765923566878981 0.14222222222222222 0.37261146496815284 0.1438888888888889 0.3622611464968153 0.1461111111111111 0.35828025477707004 0.14777777777777779 0.35668789808917195 0.14777777777777779 0.35509554140127386 0.14888888888888888 0.3535031847133758 0.14888888888888888 0.35111464968152867 0.15 0.3495222929936306 0.15 0.3471337579617834 0.1511111111111111 0.34554140127388533 0.1511111111111111 0.33121019108280253 0.15555555555555556 0.32563694267515925 0.15611111111111112 0.3192675159235669 0.1511111111111111 0.3192675159235669 0.15 0.31528662420382164 0.14722222222222223 0.31130573248407645 0.14722222222222223 0.3105095541401274 0.14777777777777779 0.3065286624203822 0.14833333333333334 0.3049363057324841 0.14944444444444444 0.3017515923566879 0.15 0.29856687898089174 0.15166666666666667 0.29856687898089174 0.1527777777777778 0.29777070063694266 0.15333333333333332 0.29777070063694266 0.15555555555555556 0.3001592356687898 0.16 0.3001592356687898 0.16166666666666665 0.3017515923566879 0.16333333333333333 0.3017515923566879 0.16555555555555557 0.304140127388535 0.1688888888888889 0.3057324840764331 0.17333333333333334 0.3089171974522293 0.1761111111111111 0.3089171974522293 0.17722222222222223 0.31210191082802546 0.18055555555555555 0.31289808917197454 0.1827777777777778 0.3184713375796178 0.19055555555555556 0.3200636942675159 0.19166666666666668 0.3200636942675159 0.19277777777777777 0.32245222929936307 0.19611111111111112 0.32643312101910826 0.1988888888888889 0.32802547770700635 0.1988888888888889 0.3288216560509554 0.19944444444444445 0.3335987261146497 0.19944444444444445 0.3375796178343949 0.19777777777777777 0.3431528662420382 0.19666666666666666 0.3447452229299363 0.19277777777777777 0.34394904458598724 0.1922222222222222 0.34235668789808915 0.18666666666666668 0.34156050955414013 0.18611111111111112 0.34156050955414013 0.18333333333333332 0.34235668789808915 0.1827777777777778 0.34235668789808915 0.18166666666666667 0.34394904458598724 0.18055555555555555 0.3535031847133758 0.17888888888888888 0.35589171974522293 0.17777777777777778 0.3590764331210191 0.17722222222222223 0.3606687898089172 0.1761111111111111 0.3734076433121019 0.17333333333333334 0.37898089171974525 0.1711111111111111 0.39012738853503187 0.1688888888888889 0.392515923566879 0.16777777777777778 0.3964968152866242 0.16722222222222222 0.4004777070063694 0.16555555555555557 0.4028662420382166 0.16555555555555557 0.410828025477707 0.1622222222222222 0.4148089171974522 0.16166666666666665 0.42277070063694266 0.15888888888888889 0.429140127388535 0.15777777777777777 0.4323248407643312 0.15611111111111112 0.4339171974522293 0.15611111111111112 0.43789808917197454 0.15444444444444444 0.4394904458598726 0.15444444444444444 0.4482484076433121 0.15166666666666667 0.4498407643312102 0.15166666666666667 0.45461783439490444 0.14944444444444444 0.4585987261146497 0.14833333333333334 0.46178343949044587 0.14666666666666667 0.46735668789808915 0.14222222222222222 0.46656050955414013 0.13944444444444445 0.46576433121019106 0.1388888888888889 0.46496815286624205 0.13444444444444445 0.4625796178343949 0.13166666666666665 0.4625796178343949 0.13055555555555556 0.4601910828025478 0.1288888888888889
3 0.5294585987261147 0.2088888888888889 0.5278662420382165 0.2088888888888889 0.5270700636942676 0.20833333333333334 0.5230891719745223 0.2088888888888889 0.518312101910828 0.2127777777777778 0.517515923566879 0.21444444444444444 0.5151273885350318 0.21666666666666667 0.5159235668789809 0.22055555555555556 0.5230891719745223 0.225 0.5246815286624203 0.22722222222222221 0.5238853503184714 0.23222222222222222 0.5191082802547771 0.23555555555555555 0.517515923566879 0.23777777777777778 0.5151273885350318 0.23944444444444443 0.5103503184713376 0.24555555555555555 0.5039808917197452 0.2511111111111111 0.5031847133757962 0.25277777777777777 0.5007961783439491 0.2544444444444444 0.4984076433121019 0.2577777777777778 0.4872611464968153 0.26722222222222225 0.4872611464968153 0.2677777777777778 0.48168789808917195 0.27166666666666667 0.48089171974522293 0.2733333333333333 0.4785031847133758 0.275 0.47770700636942676 0.27666666666666667 0.4745222929936306 0.2788888888888889 0.4737261146496815 0.28055555555555556 0.47054140127388533 0.2827777777777778 0.4697452229299363 0.2827777777777778 0.46894904458598724 0.28444444444444444 0.46576433121019106 0.2866666666666667 0.46496815286624205 0.28833333333333333 0.4578025477707006 0.29444444444444445 0.45621019108280253 0.2972222222222222 0.4538216560509554 0.29888888888888887 0.4538216560509554 0.3 0.45063694267515925 0.30277777777777776 0.45063694267515925 0.3038888888888889 0.44904458598726116 0.3061111111111111 0.44904458598726116 0.31055555555555553 0.45143312101910826 0.31333333333333335 0.4578025477707006 0.31777777777777777 0.4585987261146497 0.3194444444444444 0.46735668789808915 0.3194444444444444 0.4681528662420382 0.3188888888888889 0.4697452229299363 0.3188888888888889 0.4729299363057325 0.31777777777777777 0.4785031847133758 0.3138888888888889 0.47929936305732485 0.31222222222222223 0.4872611464968153 0.3061111111111111 0.4880573248407643 0.30444444444444446 0.49363057324840764 0.3 0.49522292993630573 0.29777777777777775 0.5119426751592356 0.2827777777777778 0.5135350318471338 0.28055555555555556 0.5214968152866242 0.27444444444444444 0.5222929936305732 0.2727777777777778 0.5294585987261147 0.26722222222222225 0.5294585987261147 0.26611111111111113 0.5334394904458599 0.2633333333333333 0.5342356687898089 0.26166666666666666 0.5374203821656051 0.2594444444444444 0.5382165605095541 0.2594444444444444 0.5398089171974523 0.2577777777777778 0.5429936305732485 0.25666666666666665 0.5549363057324841 0.2477777777777778 0.5565286624203821 0.2477777777777778 0.5589171974522293 0.24666666666666667 0.5613057324840764 0.24666666666666667 0.5628980891719745 0.2477777777777778 0.5660828025477707 0.24833333333333332 0.5684713375796179 0.25 0.570859872611465 0.25 0.571656050955414 0.25055555555555553 0.572452229299363 0.24944444444444444 0.5756369426751592 0.2477777777777778 0.5764331210191083 0.2461111111111111 0.5796178343949044 0.24388888888888888 0.5804140127388535 0.24 0.5756369426751592 0.23444444444444446 0.5740445859872612 0.2338888888888889 0.5732484076433121 0.23277777777777778 0.5660828025477707 0.22833333333333333 0.5628980891719745 0.22722222222222221 0.5605095541401274 0.22555555555555556 0.5605095541401274 0.225 0.552547770700637 0.22 0.5509554140127388 0.22 0.5453821656050956 0.21611111111111111 0.5414012738853503 0.215 0.5366242038216561 0.21222222222222223 0.5326433121019108 0.2111111111111111
3 0.4625796178343949 0.3527777777777778 0.4609872611464968 0.35555555555555557 0.4585987261146497 0.3572222222222222 0.45621019108280253 0.3616666666666667 0.45461783439490444 0.36277777777777775 0.4538216560509554 0.36666666666666664 0.45063694267515925 0.36944444444444446 0.4482484076433121 0.37555555555555553 0.446656050955414 0.37722222222222224 0.446656050955414 0.37833333333333335 0.4450636942675159 0.38055555555555554 0.4450636942675159 0.38222222222222224 0.4426751592356688 0.385 0.4426751592356688 0.3883333333333333 0.44187898089171973 0.3888888888888889 0.44187898089171973 0.39111111111111113 0.4410828025477707 0.39166666666666666 0.4410828025477707 0.3983333333333333 0.44187898089171973 0.3988888888888889 0.44187898089171973 0.4 0.4554140127388535 0.4027777777777778 0.4570063694267516 0.40166666666666667 0.4585987261146497 0.40166666666666667 0.4609872611464968 0.4 0.46178343949044587 0.3983333333333333 0.464171974522293 0.39666666666666667 0.464171974522293 0.39555555555555555 0.46656050955414013 0.3938888888888889 0.47054140127388533 0.3938888888888889 0.4713375796178344 0.39444444444444443 0.4753184713375796 0.395 0.47770700636942676 0.39666666666666667 0.482484076433121 0.39666666666666667 0.48487261146496813 0.3977777777777778 0.4864649681528662 0.3977777777777778 0.4896496815286624 0.4 0.49442675159235666 0.4 0.49920382165605093 0.40166666666666667 0.5015923566878981 0.4038888888888889 0.5039808917197452 0.4038888888888889 0.5087579617834395 0.40555555555555556 0.5135350318471338 0.4083333333333333 0.5214968152866242 0.40944444444444444 0.5246815286624203 0.4111111111111111 0.5318471337579618 0.4122222222222222 0.5342356687898089 0.41333333333333333 0.5398089171974523 0.41444444444444445 0.5437898089171974 0.4161111111111111 0.5461783439490446 0.4161111111111111 0.5509554140127388 0.4177777777777778 0.552547770700637 0.4177777777777778 0.5565286624203821 0.41944444444444445 0.5589171974522293 0.41944444444444445 0.5636942675159236 0.4216666666666667 0.5652866242038217 0.4216666666666667 0.5692675159235668 0.42333333333333334 0.5859872611464968 0.42444444444444446 0.5867834394904459 0.42388888888888887 0.5947452229299363 0.42388888888888887 0.5963375796178344 0.42277777777777775 0.5995222929936306 0.41888888888888887 0.6011146496815286 0.415 0.6027070063694268 0.41388888888888886 0.6058917197452229 0.4088888888888889 0.6050955414012739 0.4066666666666667 0.6019108280254777 0.4038888888888889 0.5939490445859873 0.4011111111111111 0.5923566878980892 0.4 0.5875796178343949 0.39944444444444444 0.5780254777070064 0.39611111111111114 0.571656050955414 0.395 0.5636942675159236 0.39222222222222225 0.5573248407643312 0.39111111111111113 0.5549363057324841 0.39 0.5517515923566879 0.3894444444444444 0.5501592356687898 0.3883333333333333 0.5398089171974523 0.3861111111111111 0.535828025477707 0.3844444444444444 0.5326433121019108 0.3844444444444444 0.5286624203821656 0.3827777777777778 0.5270700636942676 0.3827777777777778 0.5238853503184714 0.38166666666666665 0.5222929936305732 0.38055555555555554 0.517515923566879 0.38 0.5095541401273885 0.37722222222222224 0.5023885350318471 0.3761111111111111 0.5 0.375 0.4984076433121019 0.375 0.49522292993630573 0.3738888888888889 0.49363057324840764 0.37277777777777776 0.4896496815286624 0.37277777777777776 0.4856687898089172 0.3711111111111111 0.482484076433121 0.3705555555555556 0.48009554140127386 0.36944444444444446 0.4785031847133758 0.36777777777777776 0.4785031847133758 0.36333333333333334 0.48009554140127386 0.3611111111111111 0.48009554140127386 0.35833333333333334 0.48089171974522293 0.35777777777777775 0.48009554140127386 0.35555555555555557 0.4769108280254777 0.35333333333333333 0.4721337579617834 0.3527777777777778 0.4713375796178344 0.3522222222222222 0.4681528662420382 0.3522222222222222 0.46656050955414013 0.3516666666666667 0.464171974522293 0.3527777777777778
3 0.714968152866242 0.28888888888888886 0.6998407643312102 0.28888888888888886 0.6990445859872612 0.28944444444444445 0.6902866242038217 0.28944444444444445 0.6894904458598726 0.29 0.6863057324840764 0.29 0.6855095541401274 0.28944444444444445 0.6847133757961783 0.29 0.679140127388535 0.29 0.678343949044586 0.29055555555555557 0.6719745222929936 0.29055555555555557 0.6711783439490446 0.2911111111111111 0.6687898089171974 0.2911111111111111 0.6664012738853503 0.2922222222222222 0.6616242038216561 0.2922222222222222 0.660828025477707 0.2927777777777778 0.6568471337579618 0.29333333333333333 0.6536624203821656 0.295 0.6536624203821656 0.29777777777777775 0.6528662420382165 0.29833333333333334 0.6528662420382165 0.3022222222222222 0.6544585987261147 0.305 0.6576433121019108 0.3061111111111111 0.660828025477707 0.3061111111111111 0.6616242038216561 0.30666666666666664 0.6632165605095541 0.3061111111111111 0.6656050955414012 0.3061111111111111 0.6703821656050956 0.3088888888888889 0.6703821656050956 0.31 0.6711783439490446 0.31055555555555553 0.6719745222929936 0.3194444444444444 0.6727707006369427 0.32 0.6727707006369427 0.3244444444444444 0.6735668789808917 0.325 0.6735668789808917 0.32722222222222225 0.6743630573248408 0.3277777777777778 0.6743630573248408 0.33 0.6751592356687898 0.33055555555555555 0.6751592356687898 0.3327777777777778 0.6759554140127388 0.3333333333333333 0.6759554140127388 0.3377777777777778 0.6767515923566879 0.3383333333333333 0.6767515923566879 0.3416666666666667 0.677547770700637 0.3422222222222222 0.678343949044586 0.3488888888888889 0.679140127388535 0.34944444444444445 0.6799363057324841 0.3616666666666667 0.6807324840764332 0.3622222222222222 0.6807324840764332 0.3705555555555556 0.6815286624203821 0.3711111111111111 0.6815286624203821 0.3794444444444444 0.6823248407643312 0.38 0.6823248407643312 0.3844444444444444 0.6831210191082803 0.385 0.6831210191082803 0.39 0.6839171974522293 0.39055555555555554 0.6847133757961783 0.40055555555555555 0.6871019108280255 0.4038888888888889 0.6894904458598726 0.405 0.7062101910828026 0.405 0.7070063694267515 0.40444444444444444 0.7125796178343949 0.40444444444444444 0.714968152866242 0.4027777777777778 0.7165605095541401 0.40055555555555555 0.7165605095541401 0.3861111111111111 0.7157643312101911 0.38555555555555554 0.7157643312101911 0.37777777777777777 0.714968152866242 0.37722222222222224 0.714968152866242 0.37277777777777776 0.714171974522293 0.37222222222222223 0.7133757961783439 0.34944444444444445 0.7125796178343949 0.3488888888888889 0.7125796178343949 0.3422222222222222 0.7117834394904459 0.3416666666666667 0.7109872611464968 0.3283333333333333 0.7101910828025477 0.3277777777777778 0.7101910828025477 0.32166666666666666 0.7093949044585988 0.3211111111111111 0.7085987261146497 0.30666666666666664 0.7093949044585988 0.3061111111111111 0.7093949044585988 0.305 0.7117834394904459 0.30333333333333334 0.7157643312101911 0.30333333333333334 0.7165605095541401 0.30277777777777776 0.7245222929936306 0.30277777777777776 0.7261146496815286 0.3011111111111111 0.7261146496815286 0.295 0.7253184713375797 0.29444444444444445 0.7253184713375797 0.2911111111111111 0.7229299363057324 0.29 0.7197452229299363 0.29 0.7189490445859873 0.28944444444444445 0.7157643312101911 0.28944444444444445
3 0.8646496815286624 0.21166666666666667 0.8527070063694268 0.21222222222222223 0.8455414012738853 0.21444444444444444 0.8415605095541401 0.21722222222222223 0.839968152866242 0.22 0.839968152866242 0.22277777777777777 0.839171974522293 0.22333333333333333 0.839171974522293 0.22722222222222221 0.839968152866242 0.22777777777777777 0.839968152866242 0.23444444444444446 0.8407643312101911 0.235 0.8407643312101911 0.2411111111111111 0.8415605095541401 0.24166666666666667 0.8415605095541401 0.2461111111111111 0.8423566878980892 0.24666666666666667 0.8431528662420382 0.25333333333333335 0.8439490445859873 0.2538888888888889 0.8439490445859873 0.2588888888888889 0.8447452229299363 0.2594444444444444 0.8447452229299363 0.26666666666666666 0.8455414012738853 0.26722222222222225 0.8455414012738853 0.27444444444444444 0.8463375796178344 0.275 0.8463375796178344 0.28055555555555556 0.8471337579617835 0.2811111111111111 0.8471337579617835 0.28833333333333333 0.8479299363057324 0.28888888888888886 0.8479299363057324 0.29388888888888887 0.8487261146496815 0.29444444444444445 0.8487261146496815 0.3 0.8495222929936306 0.3005555555555556 0.8495222929936306 0.3022222222222222 0.8511146496815286 0.305 0.8511146496815286 0.30722222222222223 0.8495222929936306 0.30833333333333335 0.8439490445859873 0.31 0.8423566878980892 0.3111111111111111 0.8359872611464968 0.31333333333333335 0.8343949044585988 0.31333333333333335 0.8328025477707006 0.31444444444444447 0.8328025477707006 0.31555555555555553 0.8320063694267515 0.3161111111111111 0.8320063694267515 0.32222222222222224 0.8328025477707006 0.3227777777777778 0.8335987261146497 0.32611111111111113 0.8415605095541401 0.3277777777777778 0.8447452229299363 0.33055555555555555 0.8471337579617835 0.33111111111111113 0.8487261146496815 0.3322222222222222 0.8678343949044586 0.3322222222222222 0.8686305732484076 0.33166666666666667 0.8726114649681529 0.33166666666666667 0.8757961783439491 0.33055555555555555 0.8829617834394905 0.33 0.8853503184713376 0.3288888888888889 0.8877388535031847 0.3288888888888889 0.8980891719745223 0.32611111111111113 0.9004777070063694 0.3244444444444444 0.9052547770700637 0.3227777777777778 0.9076433121019108 0.32055555555555554 0.9076433121019108 0.315 0.9068471337579618 0.31444444444444447 0.9052547770700637 0.31 0.8996815286624203 0.30722222222222223 0.8877388535031847 0.3038888888888889 0.8861464968152867 0.30277777777777776 0.8861464968152867 0.3016666666666667 0.8853503184713376 0.3011111111111111 0.8853503184713376 0.29333333333333333 0.8845541401273885 0.2927777777777778 0.8845541401273885 0.2872222222222222 0.8837579617834395 0.2866666666666667 0.8837579617834395 0.2816666666666667 0.8829617834394905 0.2811111111111111 0.8829617834394905 0.275 0.8821656050955414 0.27444444444444444 0.8821656050955414 0.27 0.8813694267515924 0.26944444444444443 0.8805732484076433 0.25333333333333335 0.8797770700636943 0.25277777777777777 0.8797770700636943 0.25 0.8789808917197452 0.24944444444444444 0.8781847133757962 0.23944444444444443 0.8773885350318471 0.2388888888888889 0.8773885350318471 0.23444444444444446 0.8765923566878981 0.2338888888888889 0.8765923566878981 0.22833333333333333 0.8757961783439491 0.22777777777777777 0.8757961783439491 0.22555555555555556 0.875 0.225 0.875 0.22277777777777777 0.8742038216560509 0.2222222222222222 0.8742038216560509 0.22 0.8734076433121019 0.21944444444444444 0.8726114649681529 0.21666666666666667 0.8702229299363057 0.215 0.8686305732484076 0.2127777777777778
3 0.03423566878980892 0.5083333333333333 0.03343949044585987 0.5088888888888888 0.02786624203821656 0.5094444444444445 0.02308917197452229 0.5127777777777778 0.02308917197452229 0.5222222222222223 0.02388535031847134 0.5227777777777778 0.02388535031847134 0.5238888888888888 0.026273885350318472 0.5266666666666666 0.035828025477707005 0.53 0.03662420382165605 0.5333333333333333 0.035828025477707005 0.5338888888888889 0.035828025477707005 0.5366666666666666 0.03423566878980892 0.5394444444444444 0.03343949044585987 0.5466666666666666 0.03264331210191083 0.5472222222222223 0.03184713375796178 0.5538888888888889 0.03105095541401274 0.5544444444444444 0.03105095541401274 0.5583333333333333 0.030254777070063694 0.5588888888888889 0.030254777070063694 0.5616666666666666 0.028662420382165606 0.5644444444444444 0.028662420382165606 0.5688888888888889 0.02786624203821656 0.5694444444444444 0.027070063694267517 0.5766666666666667 0.026273885350318472 0.5772222222222222 0.026273885350318472 0.5794444444444444 0.025477707006369428 0.58 0.025477707006369428 0.5838888888888889 0.024681528662420384 0.5844444444444444 0.024681528662420384 0.5877777777777777 0.02388535031847134 0.5883333333333334 0.02388535031847134 0.5922222222222222 0.02308917197452229 0.5927777777777777 0.022292993630573247 0.5994444444444444 0.021496815286624203 0.6 0.021496815286624203 0.6022222222222222 0.020700636942675158 0.6027777777777777 0.01910828025477707 0.62 0.019904458598726114 0.6205555555555555 0.019904458598726114 0.6233333333333333 0.021496815286624203 0.625 0.026273885350318472 0.6255555555555555 0.027070063694267517 0.6261111111111111 0.03105095541401274 0.6261111111111111 0.03184713375796178 0.6266666666666667 0.04617834394904458 0.6266666666666667 0.046974522292993634 0.6261111111111111 0.04856687898089172 0.6261111111111111 0.04856687898089172 0.6255555555555555 0.052547770700636945 0.6233333333333333 0.05493630573248408 0.62 0.05493630573248408 0.6188888888888889 0.05652866242038217 0.6166666666666667 0.05652866242038217 0.615 0.05732484076433121 0.6144444444444445 0.05732484076433121 0.6116666666666667 0.058121019108280256 0.6111111111111112 0.058121019108280256 0.6083333333333333 0.0589171974522293 0.6077777777777778 0.0589171974522293 0.6044444444444445 0.059713375796178345 0.6038888888888889 0.059713375796178345 0.6005555555555555 0.06050955414012739 0.6 0.06050955414012739 0.5972222222222222 0.06130573248407643 0.5966666666666667 0.06130573248407643 0.5938888888888889 0.06210191082802548 0.5933333333333334 0.06210191082802548 0.59 0.06289808917197452 0.5894444444444444 0.06369426751592357 0.5838888888888889 0.06449044585987261 0.5833333333333334 0.06528662420382166 0.5761111111111111 0.0660828025477707 0.5755555555555556 0.0660828025477707 0.5727777777777778 0.06687898089171974 0.5722222222222222 0.06767515923566879 0.5666666666666667 0.06847133757961783 0.5661111111111111 0.06847133757961783 0.5627777777777778 0.06926751592356688 0.5622222222222222 0.06926751592356688 0.56 0.07006369426751592 0.5594444444444444 0.07006369426751592 0.5577777777777778 0.07085987261146497 0.5572222222222222 0.07085987261146497 0.5555555555555556 0.07245222929936306 0.5527777777777778 0.07245222929936306 0.55 0.0732484076433121 0.5494444444444444 0.0732484076433121 0.5461111111111111 0.07404458598726114 0.5455555555555556 0.07404458598726114 0.5422222222222223 0.07484076433121019 0.5416666666666666 0.07484076433121019 0.5355555555555556 0.07722929936305732 0.5333333333333333 0.07961783439490445 0.5333333333333333 0.08280254777070063 0.5322222222222223 0.09235668789808917 0.5316666666666666 0.09474522292993631 0.5305555555555556 0.09554140127388536 0.5294444444444445 0.09554140127388536 0.5272222222222223 0.0963375796178344 0.5266666666666666 0.0963375796178344 0.5238888888888888 0.09713375796178345 0.5233333333333333 0.09713375796178345 0.52 0.09554140127388536 0.5172222222222222 0.09474522292993631 0.5166666666666667 0.09315286624203821 0.5166666666666667 0.08917197452229299 0.5138888888888888 0.08917197452229299 0.5133333333333333 0.08678343949044585 0.5133333333333333 0.08200636942675159 0.5116666666666667 0.07563694267515923 0.5111111111111111 0.07484076433121019 0.5105555555555555 0.07165605095541401 0.5105555555555555 0.06847133757961783 0.5094444444444445 0.05573248407643312 0.5088888888888888 0.05493630573248408 0.5083333333333333
3 0.24363057324840764 0.7077777777777777 0.24203821656050956 0.7066666666666667 0.23964968152866242 0.7022222222222222 0.23487261146496816 0.7022222222222222 0.2340764331210191 0.7016666666666667 0.2269108280254777 0.7011111111111111 0.22611464968152867 0.7005555555555556 0.21815286624203822 0.7005555555555556 0.21735668789808918 0.7011111111111111 0.21098726114649682 0.7011111111111111 0.20780254777070065 0.7022222222222222 0.20461783439490447 0.7022222222222222 0.1982484076433121 0.7038888888888889 0.19028662420382167 0.7044444444444444 0.18949044585987262 0.705 0.18710191082802546 0.705 0.17595541401273884 0.7077777777777777 0.17117834394904458 0.7077777777777777 0.17038216560509553 0.7083333333333334 0.1624203821656051 0.7088888888888889 0.15445859872611464 0.7111111111111111 0.15127388535031847 0.7111111111111111 0.15047770700636942 0.7116666666666667 0.14729299363057324 0.7116666666666667 0.1464968152866242 0.7122222222222222 0.14251592356687898 0.7122222222222222 0.14171974522292993 0.7127777777777777 0.13694267515923567 0.7127777777777777 0.1337579617834395 0.7138888888888889 0.12420382165605096 0.7144444444444444 0.12022292993630573 0.7155555555555555 0.10748407643312102 0.7166666666666667 0.10668789808917198 0.7172222222222222 0.10270700636942676 0.7172222222222222 0.10191082802547771 0.7177777777777777 0.09952229299363058 0.7177777777777777 0.09394904458598727 0.7138888888888889 0.09156050955414012 0.7111111111111111 0.08996815286624203 0.7105555555555556 0.08837579617834394 0.7105555555555556 0.0875796178343949 0.71 0.08439490445859872 0.7111111111111111 0.07563694267515923 0.7116666666666667 0.07165605095541401 0.7133333333333334 0.06847133757961783 0.7194444444444444 0.06847133757961783 0.7216666666666667 0.06767515923566879 0.7222222222222222 0.06847133757961783 0.7366666666666667 0.07006369426751592 0.7394444444444445 0.07006369426751592 0.7427777777777778 0.07085987261146497 0.7433333333333333 0.07165605095541401 0.7483333333333333 0.07484076433121019 0.7533333333333333 0.07484076433121019 0.755 0.07802547770700637 0.7577777777777778 0.07882165605095541 0.7594444444444445 0.08678343949044585 0.7633333333333333 0.09554140127388536 0.7633333333333333 0.09872611464968153 0.7616666666666667 0.10270700636942676 0.7616666666666667 0.10509554140127389 0.76 0.10589171974522293 0.7505555555555555 0.10429936305732485 0.7477777777777778 0.10987261146496816 0.7455555555555555 0.12977707006369427 0.7433333333333333 0.1377388535031847 0.7411111111111112 0.1480891719745223 0.74 0.1536624203821656 0.7383333333333333 0.16003184713375795 0.7377777777777778 0.160828025477707 0.7372222222222222 0.16321656050955413 0.7372222222222222 0.16719745222929935 0.7361111111111112 0.17038216560509553 0.7361111111111112 0.17277070063694266 0.735 0.1751592356687898 0.735 0.17914012738853502 0.7338888888888889 0.18312101910828024 0.7338888888888889 0.1839171974522293 0.7333333333333333 0.18710191082802546 0.7333333333333333 0.18789808917197454 0.7327777777777778 0.19665605095541402 0.7322222222222222 0.19745222929936307 0.7316666666666667 0.20063694267515925 0.7316666666666667 0.2014331210191083 0.7311111111111112 0.21178343949044587 0.73 0.2125796178343949 0.7294444444444445 0.22452229299363058 0.7294444444444445 0.22531847133757962 0.73 0.22770700636942676 0.73 0.2285031847133758 0.7294444444444445 0.23248407643312102 0.7294444444444445 0.2356687898089172 0.7283333333333334 0.2444267515923567 0.7283333333333334 0.24522292993630573 0.7277777777777777 0.24522292993630573 0.7266666666666667 0.24761146496815287 0.7255555555555555 0.24761146496815287 0.7194444444444444 0.24601910828025478 0.7188888888888889 0.24601910828025478 0.7177777777777777 0.24522292993630573 0.7172222222222222 0.24522292993630573 0.7138888888888889 0.2444267515923567 0.7133333333333334
3 0.5740445859872612 0.8716666666666667 0.5700636942675159 0.8705555555555555 0.5636942675159236 0.8711111111111111 0.5621019108280255 0.8733333333333333 0.5509554140127388 0.8805555555555555 0.5509554140127388 0.8811111111111111 0.5469745222929936 0.8838888888888888 0.5453821656050956 0.8866666666666667 0.5429936305732485 0.8883333333333333 0.5421974522292994 0.89 0.535828025477707 0.8961111111111111 0.5334394904458599 0.8994444444444445 0.5246815286624203 0.9055555555555556 0.5230891719745223 0.9077777777777778 0.5143312101910829 0.9133333333333333 0.5119426751592356 0.9161111111111111 0.5063694267515924 0.92 0.5039808917197452 0.9205555555555556 0.5023885350318471 0.9216666666666666 0.5007961783439491 0.9255555555555556 0.4928343949044586 0.9305555555555556 0.4896496815286624 0.9338888888888889 0.4856687898089172 0.9355555555555556 0.48328025477707004 0.9394444444444444 0.48168789808917195 0.9405555555555556 0.47770700636942676 0.9422222222222222 0.4729299363057325 0.9422222222222222 0.4721337579617834 0.9427777777777778 0.47054140127388533 0.9427777777777778 0.46496815286624205 0.9411111111111111 0.4570063694267516 0.9405555555555556 0.45621019108280253 0.9411111111111111 0.45461783439490444 0.9411111111111111 0.4498407643312102 0.9444444444444444 0.4482484076433121 0.9466666666666667 0.44745222929936307 0.9511111111111111 0.4482484076433121 0.9516666666666667 0.4482484076433121 0.9544444444444444 0.45063694267515925 0.9588888888888889 0.45302547770700635 0.9605555555555556 0.45461783439490444 0.9633333333333334 0.46178343949044587 0.9677777777777777 0.464171974522293 0.9711111111111111 0.48089171974522293 0.9822222222222222 0.4864649681528662 0.9833333333333333 0.4912420382165605 0.985 0.4928343949044586 0.9861111111111112 0.4984076433121019 0.9861111111111112 0.5031847133757962 0.9844444444444445 0.5071656050955414 0.9822222222222222 0.5111464968152867 0.9772222222222222 0.5119426751592356 0.9744444444444444 0.5095541401273885 0.9716666666666667 0.5095541401273885 0.9705555555555555 0.5039808917197452 0.9661111111111111 0.5031847133757962 0.9627777777777777 0.5055732484076433 0.9611111111111111 0.5071656050955414 0.9588888888888889 0.5127388535031847 0.955 0.5135350318471338 0.955 0.517515923566879 0.9511111111111111 0.518312101910828 0.9494444444444444 0.5238853503184714 0.9455555555555556 0.5254777070063694 0.9433333333333334 0.5302547770700637 0.94 0.5302547770700637 0.9394444444444444 0.5366242038216561 0.935 0.5414012738853503 0.93 0.5453821656050956 0.9277777777777778 0.5469745222929936 0.9255555555555556 0.553343949044586 0.9211111111111111 0.5589171974522293 0.915 0.5732484076433121 0.9044444444444445 0.5796178343949044 0.8983333333333333 0.5867834394904459 0.8927777777777778 0.5907643312101911 0.8861111111111111 0.589968152866242 0.8822222222222222 0.5867834394904459 0.8794444444444445 0.5835987261146497 0.8783333333333333 0.5764331210191083 0.8733333333333333 0.5764331210191083 0.8727777777777778
4 0.07165605095541401 0.07888888888888888 0.06847133757961783 0.08 0.06210191082802548 0.08388888888888889 0.06130573248407643 0.08611111111111111 0.06050955414012739 0.08666666666666667 0.06050955414012739 0.09333333333333334 0.06130573248407643 0.09388888888888888 0.06130573248407643 0.09555555555555556 0.06289808917197452 0.09722222222222222 0.06369426751592357 0.1 0.06687898089171974 0.10388888888888889 0.06687898089171974 0.105 0.07006369426751592 0.10888888888888888 0.07006369426751592 0.11 0.07165605095541401 0.11166666666666666 0.07165605095541401 0.11277777777777778 0.07802547770700637 0.12166666666666667 0.07882165605095541 0.12555555555555556 0.0804140127388535 0.1272222222222222 0.0804140127388535 0.1288888888888889 0.08121019108280254 0.12944444444444445 0.08121019108280254 0.13111111111111112 0.08200636942675159 0.13166666666666665 0.08200636942675159 0.1338888888888889 0.08280254777070063 0.13444444444444445 0.07961783439490445 0.13833333333333334 0.07961783439490445 0.14444444444444443 0.07882165605095541 0.145 0.07882165605095541 0.14722222222222223 0.07722929936305732 0.14944444444444444 0.07722929936305732 0.15388888888888888 0.07643312101910828 0.15444444444444444 0.07643312101910828 0.15722222222222224 0.07563694267515923 0.15777777777777777 0.07643312101910828 0.15833333333333333 0.07722929936305732 0.1622222222222222 0.07961783439490445 0.165 0.07961783439490445 0.1661111111111111 0.08280254777070063 0.16833333333333333 0.08280254777070063 0.1688888888888889 0.08678343949044585 0.17166666666666666 0.08837579617834394 0.17222222222222222 0.08996815286624203 0.17222222222222222 0.0963375796178344 0.17444444444444446 0.09952229299363058 0.17444444444444446 0.10031847133757962 0.175 0.10987261146496816 0.175 0.1106687898089172 0.17555555555555555 0.11146496815286625 0.175 0.11863057324840764 0.175 0.11942675159235669 0.17444444444444446 0.12261146496815287 0.17444444444444446 0.12579617834394904 0.17333333333333334 0.12818471337579618 0.17333333333333334 0.1321656050955414 0.17166666666666666 0.13455414012738853 0.17166666666666666 0.14012738853503184 0.16944444444444445 0.14171974522292993 0.16944444444444445 0.14331210191082802 0.16833333333333333 0.15047770700636942 0.1661111111111111 0.15764331210191082 0.16166666666666665 0.1592356687898089 0.15888888888888889 0.16162420382165604 0.15666666666666668 0.16162420382165604 0.15555555555555556 0.16401273885350318 0.15222222222222223 0.16480891719745222 0.14833333333333334 0.16560509554140126 0.14777777777777779 0.16560509554140126 0.14166666666666666 0.16401273885350318 0.13944444444444445 0.1624203821656051 0.13833333333333334 0.1624203821656051 0.13722222222222222 0.15843949044585987 0.13166666666666665 0.15843949044585987 0.13055555555555556 0.1536624203821656 0.1288888888888889 0.14570063694267515 0.12833333333333333 0.13853503184713375 0.12611111111111112 0.13535031847133758 0.12611111111111112 0.13455414012738853 0.12555555555555556 0.13296178343949044 0.12555555555555556 0.12977707006369427 0.12444444444444444 0.12818471337579618 0.12333333333333334 0.12738853503184713 0.12222222222222222 0.12738853503184713 0.12055555555555555 0.1265923566878981 0.12 0.1265923566878981 0.11833333333333333 0.11942675159235669 0.10833333333333334 0.11863057324840764 0.10555555555555556 0.11544585987261147 0.10166666666666667 0.11464968152866242 0.09888888888888889 0.11226114649681529 0.0961111111111111 0.11226114649681529 0.095 0.1106687898089172 0.09333333333333334 0.1106687898089172 0.09222222222222222 0.10429936305732485 0.08333333333333333 0.10111464968152867 0.0811111111111111 0.09872611464968153 0.07833333333333334 0.09394904458598727 0.07666666666666666 0.08598726114649681 0.07666666666666666 0.08519108280254777 0.07722222222222222 0.08200636942675159 0.07722222222222222 0.08121019108280254 0.07777777777777778 0.07802547770700637 0.07777777777777778 0.07722929936305732 0.07833333333333334
4 0.17834394904458598 0.8788888888888889 0.17595541401273884 0.8805555555555555 0.1751592356687898 0.8822222222222222 0.16560509554140126 0.8894444444444445 0.1624203821656051 0.8944444444444445 0.160828025477707 0.8955555555555555 0.160828025477707 0.8966666666666666 0.16003184713375795 0.8972222222222223 0.16003184713375795 0.8983333333333333 0.15684713375796178 0.9038888888888889 0.15843949044585987 0.9066666666666666 0.16003184713375795 0.9077777777777778 0.160828025477707 0.91 0.16162420382165604 0.91 0.16560509554140126 0.9127777777777778 0.1695859872611465 0.9127777777777778 0.17595541401273884 0.9161111111111111 0.1839171974522293 0.9188888888888889 0.18789808917197454 0.9216666666666666 0.18949044585987262 0.9222222222222223 0.19187898089171976 0.9222222222222223 0.20222929936305734 0.9261111111111111 0.2085987261146497 0.93 0.20939490445859874 0.93 0.21019108280254778 0.9311111111111111 0.21496815286624205 0.9333333333333333 0.21735668789808918 0.9338888888888889 0.2197452229299363 0.9355555555555556 0.22372611464968153 0.9366666666666666 0.2269108280254777 0.9388888888888889 0.22611464968152867 0.9438888888888889 0.22372611464968153 0.9461111111111111 0.22372611464968153 0.9472222222222222 0.2229299363057325 0.9477777777777778 0.2229299363057325 0.9522222222222222 0.22372611464968153 0.9527777777777777 0.22372611464968153 0.955 0.2269108280254777 0.9566666666666667 0.22770700636942676 0.9588888888888889 0.23487261146496816 0.9633333333333334 0.2428343949044586 0.9661111111111111 0.2484076433121019 0.9644444444444444 0.25079617834394907 0.9627777777777777 0.25477707006369427 0.9611111111111111 0.2603503184713376 0.9572222222222222 0.2603503184713376 0.9566666666666667 0.2714968152866242 0.9477777777777778 0.27229299363057324 0.9461111111111111 0.2786624203821656 0.94 0.2802547770700637 0.9366666666666666 0.28264331210191085 0.935 0.2906050955414013 0.9238888888888889 0.2906050955414013 0.9227777777777778 0.2914012738853503 0.9222222222222223 0.2914012738853503 0.92 0.2921974522292994 0.9194444444444444 0.2929936305732484 0.9116666666666666 0.2914012738853503 0.9105555555555556 0.2906050955414013 0.9088888888888889 0.2874203821656051 0.9066666666666666 0.2802547770700637 0.9033333333333333 0.2778662420382166 0.9027777777777778 0.2762738853503185 0.9016666666666666 0.2714968152866242 0.9005555555555556 0.26671974522292996 0.9027777777777778 0.2603503184713376 0.9072222222222223 0.2603503184713376 0.9077777777777778 0.2515923566878981 0.9133333333333333 0.25079617834394907 0.9127777777777778 0.25 0.91 0.24761146496815287 0.9072222222222223 0.2444267515923567 0.9061111111111111 0.24203821656050956 0.9044444444444445 0.23964968152866242 0.9038888888888889 0.23487261146496816 0.9011111111111111 0.23328025477707007 0.9011111111111111 0.22452229299363058 0.8961111111111111 0.22054140127388536 0.895 0.21815286624203822 0.8933333333333333 0.2157643312101911 0.8927777777777778 0.2125796178343949 0.8905555555555555 0.21019108280254778 0.89 0.20780254777070065 0.8883333333333333 0.19904458598726116 0.885 0.19665605095541402 0.8833333333333333 0.1942675159235669 0.8827777777777778 0.19028662420382167 0.8805555555555555 0.18710191082802546 0.88 0.18471337579617833 0.8788888888888889 0.1823248407643312 0.8788888888888889 0.18152866242038215 0.8783333333333333
2 0.8296178343949044 0.6922222222222222 0.8280254777070064 0.6911111111111111 0.8264331210191083 0.6888888888888889 0.8240445859872612 0.6888888888888889 0.8232484076433121 0.6883333333333334 0.8200636942675159 0.6883333333333334 0.8192675159235668 0.6877777777777778 0.8128980891719745 0.6877777777777778 0.8121019108280255 0.6872222222222222 0.8097133757961783 0.6872222222222222 0.8089171974522293 0.6877777777777778 0.802547770700637 0.6877777777777778 0.8017515923566879 0.6883333333333334 0.7961783439490446 0.6894444444444444 0.7929936305732485 0.6933333333333334 0.7921974522292994 0.6988888888888889 0.7914012738853503 0.7 0.7890127388535032 0.7011111111111111 0.7834394904458599 0.7011111111111111 0.7802547770700637 0.7022222222222222 0.768312101910828 0.7022222222222222 0.767515923566879 0.7027777777777777 0.7563694267515924 0.7027777777777777 0.7555732484076433 0.7022222222222222 0.7547770700636943 0.7027777777777777 0.7515923566878981 0.7027777777777777 0.7484076433121019 0.7038888888888889 0.7436305732484076 0.7038888888888889 0.7428343949044586 0.7044444444444444 0.714968152866242 0.7044444444444444 0.714171974522293 0.705 0.7078025477707006 0.705 0.7070063694267515 0.7055555555555556 0.7038216560509554 0.7055555555555556 0.7030254777070064 0.7061111111111111 0.7014331210191083 0.7061111111111111 0.697452229299363 0.7088888888888889 0.697452229299363 0.7144444444444444 0.696656050955414 0.715 0.696656050955414 0.7233333333333334 0.697452229299363 0.7238888888888889 0.697452229299363 0.7283333333333334 0.6982484076433121 0.7288888888888889 0.6982484076433121 0.7311111111111112 0.6990445859872612 0.7316666666666667 0.6990445859872612 0.7327777777777778 0.7006369426751592 0.735 0.7022292993630573 0.7361111111111112 0.7038216560509554 0.7361111111111112 0.7054140127388535 0.7372222222222222 0.7085987261146497 0.7383333333333333 0.7229299363057324 0.7388888888888889 0.7237261146496815 0.7394444444444445 0.7428343949044586 0.7394444444444445 0.7436305732484076 0.7388888888888889 0.7468152866242038 0.7388888888888889 0.7476114649681529 0.7383333333333333 0.7539808917197452 0.7383333333333333 0.7547770700636943 0.7377777777777778 0.7730891719745223 0.7377777777777778 0.7738853503184714 0.7383333333333333 0.7762738853503185 0.7383333333333333 0.7770700636942676 0.7377777777777778 0.7818471337579618 0.7377777777777778 0.7826433121019108 0.7383333333333333 0.7890127388535032 0.7383333333333333 0.7914012738853503 0.74 0.7914012738853503 0.7411111111111112 0.7921974522292994 0.7416666666666667 0.7921974522292994 0.7438888888888889 0.7945859872611465 0.7477777777777778 0.7945859872611465 0.7522222222222222 0.7985668789808917 0.755 0.7985668789808917 0.7555555555555555 0.8017515923566879 0.7555555555555555 0.802547770700637 0.7561111111111111 0.8049363057324841 0.7561111111111111 0.8057324840764332 0.7566666666666667 0.8176751592356688 0.7566666666666667 0.8184713375796179 0.7561111111111111 0.821656050955414 0.7561111111111111 0.822452229299363 0.7555555555555555 0.8240445859872612 0.7555555555555555 0.8296178343949044 0.7516666666666667 0.8304140127388535 0.7505555555555555 0.8304140127388535 0.7483333333333333 0.8312101910828026 0.7477777777777778 0.8312101910828026 0.73 0.8320063694267515 0.7294444444444445 0.8320063694267515 0.7205555555555555 0.8312101910828026 0.72 0.8312101910828026 0.7077777777777777 0.8304140127388535 0.7072222222222222 0.8304140127388535 0.6961111111111111 0.8296178343949044 0.6955555555555556
