1 0.11119791666666666 0.8407407407407408 0.11119791666666666 0.8416666666666667 0.1109375 0.8425925925925926 0.11171875 0.8444444444444444 0.11223958333333334 0.8449074074074074 0.11276041666666667 0.8449074074074074 0.11302083333333333 0.8453703703703703 0.11380208333333333 0.8453703703703703 0.1140625 0.8458333333333333 0.11458333333333333 0.8458333333333333 0.115625 0.8467592592592592 0.11640625 0.8467592592592592 0.1171875 0.8476851851851852 0.11770833333333333 0.8476851851851852 0.11875 0.8486111111111111 0.11927083333333334 0.8495370370370371 0.11953125 0.8495370370370371 0.12109375 0.8518518518518519 0.12838541666666667 0.8583333333333333 0.12942708333333333 0.8606481481481482 0.12942708333333333 0.861574074074074 0.12994791666666666 0.8634259259259259 0.12994791666666666 0.8708333333333333 0.13020833333333334 0.8717592592592592 0.13072916666666667 0.8726851851851852 0.13177083333333334 0.8736111111111111 0.13307291666666668 0.8740740740740741 0.13333333333333333 0.874537037037037 0.13411458333333334 0.874537037037037 0.134375 0.875 0.13567708333333334 0.875 0.1359375 0.875462962962963 0.13697916666666668 0.875462962962963 0.13723958333333333 0.8759259259259259 0.13776041666666666 0.8759259259259259 0.140625 0.8814814814814815 0.14088541666666668 0.8814814814814815 0.14192708333333334 0.8833333333333333 0.14296875 0.8842592592592593 0.14635416666666667 0.8842592592592593 0.146875 0.8837962962962963 0.14947916666666666 0.8791666666666667 0.14947916666666666 0.8787037037037037 0.15078125 0.8759259259259259 0.15104166666666666 0.874537037037037 0.15208333333333332 0.8722222222222222 0.15234375 0.8712962962962963 0.15234375 0.8703703703703703 0.15260416666666668 0.8699074074074075 0.15260416666666668 0.8689814814814815 0.15286458333333333 0.8685185185185185 0.15286458333333333 0.8675925925925926 0.15364583333333334 0.8652777777777778 0.15364583333333334 0.8643518518518518 0.15546875 0.8583333333333333 0.15546875 0.8560185185185185 0.15494791666666666 0.8541666666666666 0.15442708333333333 0.8532407407407407 0.15442708333333333 0.8527777777777777 0.15286458333333333 0.850462962962963 0.15026041666666667 0.8481481481481481 0.14973958333333334 0.8481481481481481 0.14947916666666666 0.8476851851851852 0.14895833333333333 0.8476851851851852 0.14869791666666668 0.8472222222222222 0.14817708333333332 0.8472222222222222 0.14791666666666667 0.8467592592592592 0.14739583333333334 0.8467592592592592 0.14713541666666666 0.8462962962962963 0.14661458333333333 0.8462962962962963 0.14635416666666667 0.8458333333333333 0.14583333333333334 0.8458333333333333 0.14557291666666666 0.8453703703703703 0.14505208333333333 0.8453703703703703 0.14479166666666668 0.8449074074074074 0.14427083333333332 0.8449074074074074 0.14322916666666666 0.8439814814814814 0.14244791666666667 0.8439814814814814 0.1421875 0.8435185185185186 0.14088541666666668 0.8435185185185186 0.140625 0.8430555555555556 0.13880208333333333 0.8430555555555556 0.13854166666666667 0.8425925925925926 0.13697916666666668 0.8425925925925926 0.13671875 0.8421296296296297 0.13515625 0.8421296296296297 0.13489583333333333 0.8416666666666667 0.13385416666666666 0.8416666666666667 0.13359375 0.8412037037037037 0.13255208333333332 0.8412037037037037 0.13229166666666667 0.8407407407407408 0.13151041666666666 0.8407407407407408 0.13125 0.8402777777777778 0.12994791666666666 0.8402777777777778 0.1296875 0.8398148148148148 0.128125 0.8398148148148148 0.12786458333333334 0.8393518518518519 0.12604166666666666 0.8393518518518519 0.12578125 0.8388888888888889 0.12421875 0.8388888888888889 0.12395833333333334 0.8384259259259259 0.12239583333333333 0.8384259259259259 0.12213541666666666 0.8379629629629629 0.11901041666666666 0.8379629629629629 0.11875 0.8375 0.11822916666666666 0.8379629629629629 0.11510416666666666 0.8379629629629629 0.11484375 0.8384259259259259 0.11302083333333333 0.8384259259259259 0.11276041666666667 0.8388888888888889 0.11197916666666667 0.8388888888888889
1 0.08151041666666667 0.9833333333333333 0.08151041666666667 0.9907407407407407 0.08177083333333333 0.9912037037037037 0.08177083333333333 0.9916666666666667 0.08255208333333333 0.9930555555555556 0.0828125 0.9930555555555556 0.08307291666666666 0.9935185185185185 0.08411458333333334 0.9935185185185185 0.084375 0.9939814814814815 0.08723958333333333 0.9939814814814815 0.0875 0.9944444444444445 0.08880208333333334 0.9944444444444445 0.0890625 0.9949074074074075 0.09010416666666667 0.9949074074074075 0.09036458333333333 0.9953703703703703 0.09114583333333333 0.9953703703703703 0.09140625 0.9958333333333333 0.09192708333333334 0.9958333333333333 0.0921875 0.9962962962962963 0.09270833333333334 0.9962962962962963 0.09296875 0.9967592592592592 0.09348958333333333 0.9967592592592592 0.09375 0.9972222222222222 0.09453125 0.9972222222222222 0.09479166666666666 0.9976851851851852 0.09583333333333334 0.9976851851851852 0.09609375 0.9981481481481481 0.09739583333333333 0.9981481481481481 0.09765625 0.9986111111111111 0.0984375 0.9986111111111111 0.09869791666666666 0.9990740740740741 0.09869791666666666 0.999537037037037 0.12552083333333333 0.999537037037037 0.12552083333333333 0.9990740740740741 0.12604166666666666 0.9981481481481481 0.12630208333333334 0.9981481481481481 0.12682291666666667 0.9967592592592592 0.12682291666666667 0.9949074074074075 0.1265625 0.9944444444444445 0.1265625 0.9935185185185185 0.12578125 0.9916666666666667 0.12578125 0.9912037037037037 0.12526041666666668 0.9902777777777778 0.125 0.9902777777777778 0.12421875 0.9893518518518518 0.12369791666666667 0.9893518518518518 0.1234375 0.9888888888888889 0.12265625 0.9888888888888889 0.12239583333333333 0.9884259259259259 0.12135416666666667 0.9884259259259259 0.12109375 0.9879629629629629 0.1203125 0.9879629629629629 0.12005208333333334 0.9875 0.11927083333333334 0.987037037037037 0.11796875 0.9847222222222223 0.11796875 0.9842592592592593 0.11744791666666667 0.9833333333333333 0.11744791666666667 0.9824074074074074 0.1171875 0.9819444444444444 0.11640625 0.9787037037037037 0.11536458333333334 0.9768518518518519 0.11510416666666666 0.9768518518518519 0.11484375 0.9763888888888889 0.11171875 0.9763888888888889 0.11145833333333334 0.9768518518518519 0.11041666666666666 0.9768518518518519 0.11015625 0.9773148148148149 0.10963541666666667 0.9773148148148149 0.109375 0.9777777777777777 0.10885416666666667 0.9777777777777777 0.10859375 0.9782407407407407 0.10807291666666667 0.9782407407407407 0.1078125 0.9787037037037037 0.10338541666666666 0.9787037037037037 0.103125 0.9782407407407407 0.10208333333333333 0.9782407407407407 0.10182291666666667 0.9777777777777777 0.10052083333333334 0.9777777777777777 0.10026041666666667 0.9773148148148149 0.09895833333333333 0.9773148148148149 0.09869791666666666 0.9768518518518519 0.09765625 0.9768518518518519 0.09739583333333333 0.9763888888888889 0.096875 0.9763888888888889 0.09609375 0.975462962962963 0.09557291666666666 0.975462962962963 0.09375 0.9736111111111111 0.09296875 0.9736111111111111 0.09270833333333334 0.9731481481481481 0.09192708333333334 0.9731481481481481 0.09166666666666666 0.9726851851851852 0.08984375 0.9726851851851852 0.08958333333333333 0.9722222222222222 0.0875 0.9722222222222222 0.08723958333333333 0.9726851851851852 0.08671875 0.9726851851851852 0.08645833333333333 0.9731481481481481 0.08567708333333333 0.9736111111111111 0.08515625 0.9745370370370371 0.08489583333333334 0.9745370370370371 0.0828125 0.9782407407407407 0.08255208333333333 0.9796296296296296 0.08177083333333333 0.9814814814814815 0.08177083333333333 0.9828703703703704
1 0.22057291666666667 0.8328703703703704 0.21979166666666666 0.8342592592592593 0.21979166666666666 0.8347222222222223 0.21875 0.837037037037037 0.21848958333333332 0.8384259259259259 0.2171875 0.8412037037037037 0.21692708333333333 0.8421296296296297 0.21692708333333333 0.8435185185185186 0.21666666666666667 0.8439814814814814 0.21692708333333333 0.8458333333333333 0.21744791666666666 0.8476851851851852 0.21796875 0.8486111111111111 0.21796875 0.8490740740740741 0.22005208333333334 0.8527777777777777 0.22005208333333334 0.8532407407407407 0.22213541666666667 0.8574074074074074 0.22213541666666667 0.8578703703703704 0.225 0.8629629629629629 0.225 0.8634259259259259 0.22526041666666666 0.8634259259259259 0.22708333333333333 0.8666666666666667 0.22708333333333333 0.8671296296296296 0.22786458333333334 0.8685185185185185 0.22786458333333334 0.8689814814814815 0.22916666666666666 0.8712962962962963 0.22942708333333334 0.8712962962962963 0.22994791666666667 0.8722222222222222 0.23098958333333333 0.8731481481481481 0.2328125 0.8768518518518519 0.23307291666666666 0.8777777777777778 0.23307291666666666 0.8791666666666667 0.2328125 0.8796296296296297 0.23255208333333333 0.8814814814814815 0.23125 0.8842592592592593 0.23125 0.8851851851851852 0.23098958333333333 0.8856481481481482 0.23098958333333333 0.8870370370370371 0.23125 0.887962962962963 0.23255208333333333 0.8902777777777777 0.2328125 0.8902777777777777 0.23333333333333334 0.8912037037037037 0.23411458333333332 0.8912037037037037 0.23515625 0.8921296296296296 0.23697916666666666 0.8949074074074074 0.23802083333333332 0.9004629629629629 0.23880208333333333 0.9018518518518519 0.23880208333333333 0.9023148148148148 0.24010416666666667 0.9046296296296297 0.240625 0.9050925925925926 0.24140625 0.9050925925925926 0.24166666666666667 0.9055555555555556 0.24427083333333333 0.9055555555555556 0.24609375 0.9032407407407408 0.24739583333333334 0.9023148148148148 0.24791666666666667 0.9013888888888889 0.24895833333333334 0.9004629629629629 0.25234375 0.8944444444444445 0.25234375 0.8939814814814815 0.25286458333333334 0.8930555555555556 0.253125 0.8930555555555556 0.253125 0.8925925925925926 0.25416666666666665 0.8907407407407407 0.25442708333333336 0.8893518518518518 0.2557291666666667 0.8861111111111111 0.2557291666666667 0.8833333333333333 0.25494791666666666 0.8805555555555555 0.25390625 0.8782407407407408 0.25390625 0.8777777777777778 0.25234375 0.875 0.25052083333333336 0.8736111111111111 0.24869791666666666 0.8703703703703703 0.2484375 0.8689814814814815 0.24713541666666666 0.8657407407407407 0.24557291666666667 0.8643518518518518 0.24505208333333334 0.8643518518518518 0.24479166666666666 0.8638888888888889 0.24427083333333333 0.8638888888888889 0.24401041666666667 0.8634259259259259 0.24348958333333334 0.8634259259259259 0.24244791666666668 0.8625 0.24166666666666667 0.8625 0.24140625 0.862037037037037 0.24088541666666666 0.862037037037037 0.23932291666666666 0.8606481481481482 0.2375 0.8574074074074074 0.23723958333333334 0.8574074074074074 0.23567708333333334 0.8550925925925926 0.23541666666666666 0.8550925925925926 0.23411458333333332 0.8527777777777777 0.23411458333333332 0.8523148148148149 0.23333333333333334 0.850925925925926 0.23333333333333334 0.850462962962963 0.23046875 0.8453703703703703 0.23046875 0.8449074074074074 0.22994791666666667 0.8439814814814814 0.22942708333333334 0.8421296296296297 0.22604166666666667 0.8361111111111111 0.22604166666666667 0.8356481481481481 0.22578125 0.8356481481481481 0.22526041666666666 0.8347222222222223 0.225 0.8337962962962963 0.22473958333333333 0.8337962962962963 0.22421875 0.8328703703703704 0.2234375 0.8328703703703704 0.22317708333333333 0.8324074074074074 0.22109375 0.8324074074074074
1 0.30078125 0.8305555555555556 0.29921875 0.8273148148148148 0.29921875 0.8268518518518518 0.2986979166666667 0.8263888888888888 0.2981770833333333 0.825 0.29765625 0.825 0.29635416666666664 0.8236111111111111 0.2947916666666667 0.8231481481481482 0.29453125 0.8236111111111111 0.29375 0.8236111111111111 0.29192708333333334 0.825462962962963 0.29140625 0.825462962962963 0.28854166666666664 0.8282407407407407 0.28802083333333334 0.8282407407407407 0.2864583333333333 0.8296296296296296 0.284375 0.8324074074074074 0.2838541666666667 0.8324074074074074 0.28098958333333335 0.8351851851851851 0.27578125 0.8375 0.2716145833333333 0.8412037037037037 0.26979166666666665 0.8412037037037037 0.26953125 0.8407407407407408 0.2669270833333333 0.8407407407407408 0.26666666666666666 0.8412037037037037 0.26588541666666665 0.8412037037037037 0.265625 0.8416666666666667 0.26328125 0.8421296296296297 0.26145833333333335 0.8439814814814814 0.2604166666666667 0.8444444444444444 0.2598958333333333 0.8453703703703703 0.2591145833333333 0.8458333333333333 0.25859375 0.8467592592592592 0.25755208333333335 0.8476851851851852 0.25625 0.8481481481481481 0.2557291666666667 0.8490740740740741 0.25546875 0.8490740740740741 0.25442708333333336 0.8513888888888889 0.25442708333333336 0.8532407407407407 0.25416666666666665 0.8537037037037037 0.25390625 0.8583333333333333 0.25416666666666665 0.8587962962962963 0.25416666666666665 0.8601851851851852 0.2546875 0.862037037037037 0.2546875 0.8634259259259259 0.25494791666666666 0.8638888888888889 0.2552083333333333 0.8662037037037037 0.2557291666666667 0.8675925925925926 0.2559895833333333 0.8699074074074075 0.2565104166666667 0.8712962962962963 0.2565104166666667 0.8722222222222222 0.25755208333333335 0.8759259259259259 0.25885416666666666 0.8782407407407408 0.259375 0.8787037037037037 0.2604166666666667 0.8787037037037037 0.26067708333333334 0.8791666666666667 0.2640625 0.8791666666666667 0.26614583333333336 0.8773148148148148 0.26666666666666666 0.8773148148148148 0.26796875 0.875462962962963 0.26953125 0.8740740740740741 0.27005208333333336 0.8740740740740741 0.2703125 0.8736111111111111 0.2708333333333333 0.8736111111111111 0.27109375 0.8731481481481481 0.2716145833333333 0.8731481481481481 0.27265625 0.8722222222222222 0.2747395833333333 0.8717592592592592 0.275 0.8712962962962963 0.2755208333333333 0.8712962962962963 0.2765625 0.8703703703703703 0.27682291666666664 0.8638888888888889 0.27760416666666665 0.8611111111111112 0.278125 0.8601851851851852 0.28203125 0.8564814814814815 0.2825520833333333 0.8564814814814815 0.2830729166666667 0.8555555555555555 0.28567708333333336 0.8532407407407407 0.28619791666666666 0.8532407407407407 0.2869791666666667 0.8523148148148149 0.2875 0.8523148148148149 0.2890625 0.850925925925926 0.28958333333333336 0.85 0.2908854166666667 0.8490740740740741 0.29140625 0.8481481481481481 0.29348958333333336 0.8462962962962963 0.29401041666666666 0.8462962962962963 0.2947916666666667 0.8453703703703703 0.2953125 0.8453703703703703 0.29739583333333336 0.8435185185185186 0.2994791666666667 0.8425925925925926 0.30078125 0.8402777777777778 0.30078125 0.8398148148148148 0.3015625 0.8379629629629629 0.3015625 0.8342592592592593 0.30130208333333336 0.8337962962962963 0.30130208333333336 0.8328703703703704 0.30104166666666665 0.8324074074074074
1 0.4549479166666667 0.9277777777777778 0.45416666666666666 0.9277777777777778 0.45390625 0.9273148148148148 0.45286458333333335 0.9273148148148148 0.45260416666666664 0.9268518518518518 0.4518229166666667 0.9268518518518518 0.4515625 0.9263888888888889 0.45026041666666666 0.9263888888888889 0.45 0.9268518518518518 0.44895833333333335 0.9268518518518518 0.44869791666666664 0.9273148148148148 0.44765625 0.9273148148148148 0.4473958333333333 0.9277777777777778 0.4471354166666667 0.9277777777777778 0.4466145833333333 0.9287037037037037 0.44635416666666666 0.9287037037037037 0.44453125 0.9319444444444445 0.44453125 0.9324074074074075 0.44375 0.9337962962962963 0.44375 0.9342592592592592 0.4432291666666667 0.9351851851851852 0.4432291666666667 0.9356481481481481 0.4427083333333333 0.937037037037037 0.4427083333333333 0.937962962962963 0.44244791666666666 0.9384259259259259 0.44244791666666666 0.9393518518518519 0.4421875 0.9398148148148148 0.4421875 0.9421296296296297 0.44192708333333336 0.9425925925925925 0.44192708333333336 0.9462962962962963 0.44166666666666665 0.9467592592592593 0.44166666666666665 0.9513888888888888 0.44140625 0.9518518518518518 0.44140625 0.9583333333333334 0.44114583333333335 0.9587962962962963 0.44114583333333335 0.9625 0.44140625 0.9629629629629629 0.44140625 0.9648148148148148 0.44166666666666665 0.9652777777777778 0.44166666666666665 0.9666666666666667 0.44192708333333336 0.9671296296296297 0.44192708333333336 0.9703703703703703 0.44166666666666665 0.9708333333333333 0.44166666666666665 0.9726851851851852 0.44140625 0.9731481481481481 0.44140625 0.975 0.44114583333333335 0.975462962962963 0.44114583333333335 0.9768518518518519 0.44088541666666664 0.9773148148148149 0.44088541666666664 0.9787037037037037 0.440625 0.9791666666666666 0.440625 0.9800925925925926 0.44036458333333334 0.9805555555555555 0.44036458333333334 0.9814814814814815 0.4401041666666667 0.9819444444444444 0.4401041666666667 0.9879629629629629 0.44036458333333334 0.9884259259259259 0.440625 0.9898148148148148 0.44114583333333335 0.9907407407407407 0.44140625 0.9907407407407407 0.44192708333333336 0.9916666666666667 0.4421875 0.9916666666666667 0.44296875 0.9925925925925926 0.4466145833333333 0.9925925925925926 0.446875 0.9921296296296296 0.4471354166666667 0.9921296296296296 0.4484375 0.9898148148148148 0.4484375 0.9893518518518518 0.44869791666666664 0.9888888888888889 0.44869791666666664 0.9879629629629629 0.44895833333333335 0.9875 0.44947916666666665 0.9851851851851852 0.4505208333333333 0.9828703703703704 0.4505208333333333 0.9819444444444444 0.45078125 0.9814814814814815 0.45078125 0.9796296296296296 0.4510416666666667 0.9791666666666666 0.4510416666666667 0.9782407407407407 0.4515625 0.9773148148148149 0.4518229166666667 0.975925925925926 0.45338541666666665 0.9740740740740741 0.45390625 0.9740740740740741 0.4546875 0.9731481481481481 0.4552083333333333 0.9731481481481481 0.4557291666666667 0.9722222222222222 0.45598958333333334 0.9722222222222222 0.45651041666666664 0.9712962962962963 0.45677083333333335 0.9712962962962963 0.45729166666666665 0.9703703703703703 0.45755208333333336 0.9703703703703703 0.459375 0.9671296296296297 0.459375 0.9666666666666667 0.45989583333333334 0.9657407407407408 0.45989583333333334 0.9652777777777778 0.4609375 0.962037037037037 0.4609375 0.9606481481481481 0.46119791666666665 0.9601851851851851 0.46119791666666665 0.9569444444444445 0.46145833333333336 0.9564814814814815 0.46145833333333336 0.9527777777777777 0.46171875 0.9523148148148148 0.46171875 0.9486111111111111 0.46197916666666666 0.9481481481481482 0.46197916666666666 0.9439814814814815 0.4622395833333333 0.9435185185185185 0.4622395833333333 0.9407407407407408 0.46197916666666666 0.9402777777777778 0.46197916666666666 0.9393518518518519 0.46171875 0.9388888888888889 0.46145833333333336 0.9375 0.4609375 0.9365740740740741 0.4609375 0.9361111111111111 0.46067708333333335 0.9356481481481481 0.46067708333333335 0.9351851851851852 0.46015625 0.9342592592592592 0.46015625 0.9337962962962963 0.4588541666666667 0.9314814814814815 0.45859375 0.9314814814814815 0.45807291666666666 0.9305555555555556 0.4578125 0.9305555555555556 0.45755208333333336 0.9300925925925926 0.45729166666666665 0.9300925925925926
1 0.5643229166666667 0.8634259259259259 0.56328125 0.8652777777777778 0.56328125 0.8657407407407407 0.5627604166666667 0.8666666666666667 0.5625 0.8680555555555556 0.5614583333333333 0.8703703703703703 0.5614583333333333 0.8708333333333333 0.5606770833333333 0.8731481481481481 0.5606770833333333 0.874537037037037 0.5604166666666667 0.875 0.5604166666666667 0.8763888888888889 0.56015625 0.8768518518518519 0.56015625 0.8810185185185185 0.5604166666666667 0.8814814814814815 0.5604166666666667 0.8842592592592593 0.5606770833333333 0.8847222222222222 0.5606770833333333 0.8861111111111111 0.5609375 0.8865740740740741 0.5609375 0.8870370370370371 0.56171875 0.888425925925926 0.56171875 0.8888888888888888 0.5622395833333333 0.8898148148148148 0.5622395833333333 0.8902777777777777 0.5627604166666667 0.8912037037037037 0.5627604166666667 0.8916666666666667 0.56328125 0.8925925925925926 0.56328125 0.8930555555555556 0.5645833333333333 0.8972222222222223 0.5645833333333333 0.8981481481481481 0.56484375 0.8986111111111111 0.5651041666666666 0.9 0.5682291666666667 0.9055555555555556 0.5684895833333333 0.9055555555555556 0.5692708333333333 0.9064814814814814 0.5697916666666667 0.9064814814814814 0.5700520833333333 0.9069444444444444 0.5708333333333333 0.9069444444444444 0.57109375 0.9074074074074074 0.5721354166666667 0.9074074074074074 0.5723958333333333 0.9078703703703703 0.5755208333333334 0.9078703703703703 0.57578125 0.9083333333333333 0.5763020833333333 0.9083333333333333 0.5768229166666666 0.9092592592592592 0.5770833333333333 0.9092592592592592 0.5783854166666667 0.9115740740740741 0.5783854166666667 0.9120370370370371 0.5817708333333333 0.9180555555555555 0.5817708333333333 0.9185185185185185 0.5833333333333334 0.9212962962962963 0.58359375 0.9212962962962963 0.584375 0.9222222222222223 0.5854166666666667 0.9222222222222223 0.5856770833333333 0.9226851851851852 0.5869791666666667 0.9226851851851852 0.5872395833333334 0.9231481481481482 0.5875 0.9226851851851852 0.58828125 0.9222222222222223 0.5888020833333333 0.9212962962962963 0.5895833333333333 0.9208333333333333 0.5908854166666667 0.9185185185185185 0.5908854166666667 0.9180555555555555 0.5911458333333334 0.9175925925925926 0.5911458333333334 0.9166666666666666 0.5916666666666667 0.9152777777777777 0.5916666666666667 0.9111111111111111 0.59140625 0.9106481481481481 0.59140625 0.9101851851851852 0.5911458333333334 0.9097222222222222 0.5911458333333334 0.9087962962962963 0.5908854166666667 0.9083333333333333 0.590625 0.9069444444444444 0.5901041666666667 0.9060185185185186 0.5901041666666667 0.9055555555555556 0.5885416666666666 0.9027777777777778 0.5885416666666666 0.9023148148148148 0.5875 0.9004629629629629 0.5875 0.9 0.58515625 0.8958333333333334 0.58515625 0.8953703703703704 0.5841145833333333 0.8930555555555556 0.5841145833333333 0.8893518518518518 0.584375 0.8888888888888888 0.584375 0.8833333333333333 0.5841145833333333 0.8828703703703704 0.5841145833333333 0.8819444444444444 0.5838541666666667 0.8814814814814815 0.5838541666666667 0.8805555555555555 0.58359375 0.8800925925925925 0.5833333333333334 0.8777777777777778 0.5825520833333333 0.8759259259259259 0.5825520833333333 0.875462962962963 0.5817708333333333 0.8740740740740741 0.5817708333333333 0.8736111111111111 0.5809895833333333 0.8722222222222222 0.5802083333333333 0.8717592592592592 0.5796875 0.8708333333333333 0.5794270833333334 0.8708333333333333 0.5783854166666667 0.8694444444444445 0.578125 0.8694444444444445 0.5765625 0.8666666666666667 0.5765625 0.8662037037037037 0.57578125 0.8648148148148148 0.5755208333333334 0.8648148148148148 0.5744791666666667 0.8634259259259259 0.5739583333333333 0.8634259259259259 0.5736979166666667 0.8629629629629629 0.5731770833333333 0.8629629629629629 0.5729166666666666 0.8625 0.5723958333333333 0.8625 0.5721354166666667 0.862037037037037 0.5703125 0.862037037037037 0.5700520833333333 0.861574074074074 0.5674479166666667 0.861574074074074 0.5671875 0.862037037037037 0.5661458333333333 0.862037037037037 0.5658854166666667 0.8625 0.5653645833333333 0.8625 0.5651041666666666 0.8629629629629629
1 0.6549479166666666 0.9226851851851852 0.6536458333333334 0.9203703703703704 0.6533854166666667 0.9203703703703704 0.6528645833333333 0.9194444444444444 0.6515625 0.9185185185185185 0.6510416666666666 0.9175925925925926 0.6505208333333333 0.9175925925925926 0.6494791666666667 0.9166666666666666 0.6473958333333333 0.9166666666666666 0.6471354166666666 0.9162037037037037 0.6463541666666667 0.9162037037037037 0.64609375 0.9166666666666666 0.6453125 0.9166666666666666 0.6450520833333333 0.9171296296296296 0.64453125 0.9171296296296296 0.64296875 0.9185185185185185 0.6419270833333334 0.9203703703703704 0.6419270833333334 0.9208333333333333 0.6408854166666667 0.9226851851851852 0.6408854166666667 0.9231481481481482 0.6395833333333333 0.9254629629629629 0.6395833333333333 0.9259259259259259 0.6388020833333333 0.9273148148148148 0.6388020833333333 0.9277777777777778 0.6380208333333334 0.9291666666666667 0.6380208333333334 0.9296296296296296 0.6369791666666667 0.9319444444444445 0.6361979166666667 0.9347222222222222 0.6361979166666667 0.9361111111111111 0.6359375 0.9365740740740741 0.6359375 0.9375 0.6354166666666666 0.9393518518518519 0.6338541666666667 0.9430555555555555 0.6338541666666667 0.9435185185185185 0.6330729166666667 0.9449074074074074 0.6328125 0.9449074074074074 0.6315104166666666 0.9467592592592593 0.6302083333333334 0.9476851851851852 0.6286458333333333 0.95 0.6260416666666667 0.9523148148148148 0.62421875 0.9550925925925926 0.6234375 0.9555555555555556 0.6223958333333334 0.9574074074074074 0.6223958333333334 0.9578703703703704 0.621875 0.9587962962962963 0.6213541666666667 0.9606481481481481 0.6213541666666667 0.962037037037037 0.62109375 0.9625 0.6213541666666667 0.9629629629629629 0.6213541666666667 0.9675925925925926 0.6216145833333333 0.9680555555555556 0.6216145833333333 0.9689814814814814 0.6223958333333334 0.9717592592592592 0.6234375 0.9736111111111111 0.6239583333333333 0.9740740740740741 0.6244791666666667 0.9740740740740741 0.6247395833333333 0.9745370370370371 0.62578125 0.9745370370370371 0.6260416666666667 0.975 0.62734375 0.9745370370370371 0.6296875 0.9708333333333333 0.63046875 0.9703703703703703 0.6325520833333333 0.9675925925925926 0.6346354166666667 0.9657407407407408 0.6364583333333333 0.9625 0.63671875 0.9625 0.63828125 0.9597222222222223 0.6388020833333333 0.9592592592592593 0.6393229166666666 0.9592592592592593 0.6395833333333333 0.9597222222222223 0.6408854166666667 0.9597222222222223 0.6411458333333333 0.9601851851851851 0.6421875 0.9601851851851851 0.6424479166666667 0.9606481481481481 0.64375 0.9611111111111111 0.6450520833333333 0.9625 0.64609375 0.9625 0.6463541666666667 0.9629629629629629 0.6471354166666666 0.9629629629629629 0.6473958333333333 0.9625 0.6494791666666667 0.9625 0.6497395833333334 0.962037037037037 0.6502604166666667 0.962037037037037 0.65078125 0.961574074074074 0.6526041666666667 0.9583333333333334 0.653125 0.9564814814814815 0.6546875 0.9532407407407407 0.65625 0.9518518518518518 0.6588541666666666 0.9476851851851852 0.6591145833333333 0.9467592592592593 0.6591145833333333 0.9453703703703704 0.659375 0.9449074074074074 0.659375 0.9421296296296297 0.6596354166666667 0.9416666666666667 0.659375 0.9412037037037037 0.659375 0.9384259259259259 0.6591145833333333 0.937962962962963 0.6591145833333333 0.9365740740740741 0.6588541666666666 0.9361111111111111 0.65859375 0.9328703703703703 0.6572916666666667 0.9282407407407407 0.6559895833333333 0.9254629629629629 0.6559895833333333 0.925 0.6549479166666666 0.9231481481481482
1 0.8330729166666667 0.8125 0.8325520833333333 0.8134259259259259 0.8325520833333333 0.8138888888888889 0.8315104166666667 0.8157407407407408 0.8315104166666667 0.8162037037037037 0.8307291666666666 0.8185185185185185 0.83046875 0.8208333333333333 0.8302083333333333 0.8212962962962963 0.8302083333333333 0.825 0.8299479166666667 0.825462962962963 0.8299479166666667 0.8300925925925926 0.8302083333333333 0.8305555555555556 0.8302083333333333 0.8324074074074074 0.83046875 0.8328703703703704 0.83046875 0.8342592592592593 0.8307291666666666 0.8347222222222223 0.8307291666666666 0.8356481481481481 0.8309895833333333 0.8361111111111111 0.83125 0.8375 0.8325520833333333 0.8402777777777778 0.8325520833333333 0.8407407407407408 0.8333333333333334 0.8421296296296297 0.8333333333333334 0.8425925925925926 0.834375 0.8444444444444444 0.834375 0.8449074074074074 0.8356770833333333 0.8472222222222222 0.8356770833333333 0.8476851851851852 0.8361979166666667 0.8486111111111111 0.8361979166666667 0.8490740740740741 0.8372395833333334 0.850925925925926 0.8372395833333334 0.8513888888888889 0.8375 0.8513888888888889 0.83828125 0.8527777777777777 0.8385416666666666 0.8527777777777777 0.8388020833333333 0.8532407407407407 0.8401041666666667 0.8541666666666666 0.840625 0.8550925925925926 0.8408854166666667 0.8550925925925926 0.8411458333333334 0.8555555555555555 0.8416666666666667 0.8555555555555555 0.8419270833333333 0.8560185185185185 0.84296875 0.8560185185185185 0.8432291666666667 0.8564814814814815 0.84453125 0.8564814814814815 0.8447916666666667 0.8569444444444444 0.8489583333333334 0.8569444444444444 0.84921875 0.8574074074074074 0.8505208333333333 0.8583333333333333 0.8518229166666667 0.8601851851851852 0.8520833333333333 0.8601851851851852 0.85390625 0.8634259259259259 0.8541666666666666 0.8634259259259259 0.8552083333333333 0.8648148148148148 0.85546875 0.8648148148148148 0.8567708333333334 0.8662037037037037 0.8572916666666667 0.8662037037037037 0.8575520833333333 0.8666666666666667 0.8606770833333334 0.8666666666666667 0.8609375 0.8662037037037037 0.8622395833333333 0.8652777777777778 0.8635416666666667 0.8629629629629629 0.8635416666666667 0.8625 0.8640625 0.8611111111111112 0.8643229166666667 0.8587962962962963 0.8645833333333334 0.8583333333333333 0.8645833333333334 0.8578703703703704 0.8643229166666667 0.8574074074074074 0.8643229166666667 0.8560185185185185 0.8640625 0.8555555555555555 0.8640625 0.8546296296296296 0.8638020833333333 0.8541666666666666 0.8635416666666667 0.8527777777777777 0.8630208333333333 0.8518518518518519 0.8630208333333333 0.8513888888888889 0.859375 0.8444444444444444 0.859375 0.8439814814814814 0.8583333333333333 0.8416666666666667 0.8583333333333333 0.8412037037037037 0.8572916666666667 0.8379629629629629 0.8572916666666667 0.837037037037037 0.85703125 0.836574074074074 0.85703125 0.8356481481481481 0.8567708333333334 0.8351851851851851 0.8567708333333334 0.8337962962962963 0.8565104166666667 0.8333333333333334 0.8565104166666667 0.8324074074074074 0.85625 0.8319444444444445 0.85625 0.8305555555555556 0.8559895833333333 0.8300925925925926 0.8559895833333333 0.8291666666666667 0.85546875 0.8282407407407407 0.8552083333333333 0.8268518518518518 0.8544270833333333 0.825462962962963 0.8544270833333333 0.825 0.85390625 0.8240740740740741 0.85390625 0.8236111111111111 0.8528645833333334 0.8217592592592593 0.8526041666666667 0.8217592592592593 0.8520833333333333 0.8208333333333333 0.8518229166666667 0.8208333333333333 0.8497395833333333 0.8180555555555555 0.8479166666666667 0.8166666666666667 0.8463541666666666 0.8143518518518519 0.84609375 0.8143518518518519 0.8458333333333333 0.8138888888888889 0.8453125 0.8138888888888889 0.84453125 0.812962962962963 0.8440104166666667 0.812962962962963 0.84375 0.8125 0.8432291666666667 0.8125 0.84296875 0.812037037037037 0.8416666666666667 0.8115740740740741 0.84140625 0.8111111111111111 0.8395833333333333 0.8111111111111111 0.8393229166666667 0.8106481481481481 0.8361979166666667 0.8106481481481481 0.8359375 0.8111111111111111 0.8346354166666666 0.8111111111111111 0.834375 0.8115740740740741
2 0.697703125 0.5418148148148147 0.6901171875000001 0.5394907407407408 0.6830546875 0.5380972222222222 0.6780833333333334 0.5487916666666667 0.6770364583333334 0.5608842592592592 0.6762526041666667 0.5692546296296296 0.6762526041666667 0.5799537037037037 0.6775598958333333 0.5878564814814815 0.6898567708333334 0.5901851851851851 0.6919479166666667 0.5901851851851851 0.69378125 0.5808842592592592 0.7981614583333333 0.6315740740740741 0.8023463541666668 0.6227407407407407 0.8020859375 0.6111111111111112 0.7971145833333334 0.6059953703703704 0.7939739583333334 0.6013472222222223 0.6982265625 0.5557685185185185
2 0.81171875 0.5857638888888889 0.8070468749999999 0.5860231481481482 0.8041276041666666 0.5956296296296296 0.8023020833333334 0.6027685185185185 0.8023020833333334 0.6122407407407408 0.8028854166666667 0.6221064814814815 0.8051484375 0.6331388888888888 0.8092369791666666 0.6367731481481482 0.8168307291666667 0.6369027777777778 0.8197500000000001 0.6370324074074074 0.8234739583333333 0.6271666666666667 0.9237968750000001 0.6507870370370371 0.93015625 0.6449722222222223 0.9336067708333334 0.638837962962963 0.928703125 0.6304398148148148 0.9250703125 0.6259166666666667 0.9194375 0.6243009259259259 0.8255130208333333 0.5994351851851851 0.8211536458333334 0.5858703703703704 0.8106171875 0.5861898148148148
2 0.584375 0.5208333333333334 0.5802083333333333 0.5287037037037037 0.5765625 0.5439814814814815 0.5770833333333333 0.5481481481481482 0.5786458333333333 0.5527777777777778 0.5828125 0.5583333333333333 0.5919270833333333 0.5611111111111111 0.5973958333333333 0.5708333333333333 0.6182291666666667 0.6143518518518518 0.6205729166666667 0.6180555555555556 0.6221354166666667 0.6222222222222222 0.6247395833333333 0.6263888888888889 0.6424479166666667 0.663425925925926 0.6526041666666667 0.6828703703703703 0.6541666666666667 0.6851851851851852 0.6580729166666667 0.6884259259259259 0.6611979166666667 0.6875 0.6625 0.6861111111111111 0.6645833333333333 0.6819444444444445 0.6658854166666667 0.6773148148148148 0.6651041666666667 0.6694444444444444 0.6588541666666666 0.6541666666666667 0.6528645833333333 0.6430555555555556 0.6489583333333333 0.6342592592592593 0.6372395833333333 0.6111111111111112 0.6359375 0.6074074074074074 0.6294270833333333 0.5949074074074074 0.628125 0.5912037037037037 0.61328125 0.5606481481481481 0.6078125 0.5481481481481482 0.6046875 0.5435185185185185 0.60390625 0.538425925925926 0.6052083333333333 0.5310185185185186 0.60546875 0.524074074074074 0.603125 0.5175925925925926 0.6 0.5143518518518518 0.5963541666666666 0.512962962962963 0.5932291666666667 0.512962962962963 0.5911458333333334 0.5138888888888888
2 0.40572916666666664 0.6842592592592592 0.4046875 0.6925925925925925 0.4041666666666667 0.7106481481481481 0.40286458333333336 0.7175925925925926 0.40234375 0.7240740740740741 0.40260416666666665 0.725925925925926 0.4049479166666667 0.7287037037037037 0.40729166666666666 0.7296296296296296 0.409375 0.7291666666666666 0.41171875 0.7263888888888889 0.41302083333333334 0.7212962962962963 0.41432291666666665 0.7203703703703703 0.41770833333333335 0.7203703703703703 0.4309895833333333 0.7240740740740741 0.4513020833333333 0.7282407407407407 0.46770833333333334 0.7333333333333333 0.48828125 0.7375 0.49661458333333336 0.7402777777777778 0.5114583333333333 0.7435185185185185 0.51953125 0.7467592592592592 0.5221354166666666 0.7467592592592592 0.525 0.7449074074074075 0.5260416666666666 0.7416666666666667 0.5268229166666667 0.7314814814814815 0.5263020833333333 0.7263888888888889 0.5239583333333333 0.7231481481481481 0.51875 0.7194444444444444 0.5138020833333333 0.7175925925925926 0.5049479166666667 0.7162037037037037 0.49296875 0.7125 0.4890625 0.712037037037037 0.4861979166666667 0.7106481481481481 0.4817708333333333 0.7101851851851851 0.465625 0.7055555555555556 0.44036458333333334 0.7 0.4239583333333333 0.6935185185185185 0.41640625 0.6921296296296297 0.41458333333333336 0.6893518518518519 0.41328125 0.6837962962962963 0.4122395833333333 0.6819444444444445 0.40859375 0.6800925925925926 0.40703125 0.6810185185185185
3 0.07161458333333333 0.7537037037037037 0.07135416666666666 0.7569444444444444 0.0703125 0.7615740740740741 0.07005208333333333 0.7643518518518518 0.06875 0.7680555555555556 0.06848958333333334 0.7712962962962963 0.06770833333333333 0.775 0.06744791666666666 0.7787037037037037 0.06640625 0.7828703703703703 0.06640625 0.7847222222222222 0.06588541666666667 0.7865740740740741 0.06536458333333334 0.7916666666666666 0.06380208333333333 0.7972222222222223 0.06328125 0.8 0.06328125 0.8018518518518518 0.06302083333333333 0.8023148148148148 0.06432291666666666 0.8078703703703703 0.065625 0.8097222222222222 0.06848958333333334 0.8115740740740741 0.07109375 0.8115740740740741 0.07135416666666666 0.812037037037037 0.07317708333333334 0.8115740740740741 0.07552083333333333 0.8097222222222222 0.07708333333333334 0.8050925925925926 0.07890625 0.8027777777777778 0.08125 0.8027777777777778 0.08671875 0.8060185185185185 0.0875 0.8060185185185185 0.08880208333333334 0.8069444444444445 0.09010416666666667 0.8069444444444445 0.09036458333333333 0.8074074074074075 0.09166666666666666 0.8074074074074075 0.09270833333333334 0.8083333333333333 0.09348958333333333 0.8083333333333333 0.09583333333333334 0.8097222222222222 0.096875 0.8097222222222222 0.09713541666666667 0.8101851851851852 0.09817708333333333 0.8101851851851852 0.0984375 0.8106481481481481 0.09947916666666666 0.8106481481481481 0.10104166666666667 0.8115740740740741 0.10234375 0.8115740740740741 0.10260416666666666 0.812037037037037 0.10390625 0.812037037037037 0.10416666666666667 0.8125 0.10520833333333333 0.8125 0.10677083333333333 0.8134259259259259 0.11223958333333334 0.8143518518518519 0.11458333333333333 0.8157407407407408 0.11744791666666667 0.8157407407407408 0.11770833333333333 0.8152777777777778 0.11953125 0.8148148148148148 0.12135416666666667 0.8115740740740741 0.1234375 0.8027777777777778 0.1234375 0.8013888888888889 0.12421875 0.7972222222222223 0.12421875 0.7953703703703704 0.12447916666666667 0.7949074074074074 0.12447916666666667 0.7930555555555555 0.12473958333333333 0.7925925925925926 0.12473958333333333 0.7907407407407407 0.125 0.7902777777777777 0.12473958333333333 0.7824074074074074 0.12369791666666667 0.7791666666666667 0.12239583333333333 0.7773148148148148 0.12135416666666667 0.7768518518518519 0.12083333333333333 0.7759259259259259 0.11744791666666667 0.7731481481481481 0.11380208333333333 0.7717592592592593 0.10677083333333333 0.7671296296296296 0.10598958333333333 0.7671296296296296 0.10364583333333334 0.7657407407407407 0.10260416666666666 0.7657407407407407 0.10130208333333333 0.7648148148148148 0.10026041666666667 0.7648148148148148 0.1 0.7643518518518518 0.09895833333333333 0.7643518518518518 0.09869791666666666 0.7638888888888888 0.09765625 0.7638888888888888 0.09609375 0.762962962962963 0.09192708333333334 0.762962962962963 0.09166666666666666 0.763425925925926 0.08958333333333333 0.763425925925926 0.08932291666666667 0.7638888888888888 0.08671875 0.7638888888888888 0.08567708333333333 0.762962962962963 0.084375 0.7606481481481482 0.08385416666666666 0.7587962962962963 0.08151041666666667 0.7546296296296297 0.07994791666666666 0.7509259259259259 0.07682291666666667 0.7476851851851852 0.07526041666666666 0.7481481481481481 0.07395833333333333 0.75 0.07317708333333334 0.750462962962963
2 0.05026041666666667 0.8152777777777778 0.05026041666666667 0.8305555555555556 0.05130208333333333 0.8328703703703704 0.053125 0.8342592592592593 0.05703125 0.8337962962962963 0.05963541666666667 0.8324074074074074 0.061197916666666664 0.8300925925925926 0.06276041666666667 0.825925925925926 0.06770833333333333 0.8245370370370371 0.10677083333333333 0.8342592592592593 0.11171875 0.836574074074074 0.11588541666666667 0.836574074074074 0.12473958333333333 0.8393518518518519 0.13046875 0.8398148148148148 0.14192708333333334 0.8425925925925926 0.15286458333333333 0.8462962962962963 0.15885416666666666 0.8467592592592592 0.17682291666666666 0.850925925925926 0.18046875 0.8495370370370371 0.18177083333333333 0.8476851851851852 0.18255208333333334 0.8453703703703703 0.18359375 0.8379629629629629 0.18333333333333332 0.8310185185185185 0.18229166666666666 0.8282407407407407 0.18046875 0.8268518518518518 0.16015625 0.8217592592592593 0.15338541666666666 0.8208333333333333 0.12395833333333334 0.812037037037037 0.12239583333333333 0.812037037037037 0.11848958333333333 0.8157407407407408 0.115625 0.8157407407407408 0.11145833333333334 0.8138888888888889 0.10677083333333333 0.8134259259259259 0.09140625 0.8083333333333333 0.0875 0.8055555555555556 0.08151041666666667 0.8037037037037037 0.07864583333333333 0.8041666666666667 0.07682291666666667 0.8060185185185185 0.07552083333333333 0.8087962962962963 0.07291666666666667 0.8111111111111111 0.06666666666666667 0.8106481481481481 0.06354166666666666 0.8083333333333333 0.06015625 0.8009259259259259 0.059375 0.7930555555555555 0.05703125 0.7907407407407407 0.05416666666666667 0.799074074074074 0.0515625 0.8046296296296296
3 0.42734375 0.7944444444444444 0.4265625 0.7944444444444444 0.42526041666666664 0.7935185185185185 0.42291666666666666 0.7935185185185185 0.421875 0.7944444444444444 0.41744791666666664 0.8013888888888889 0.41458333333333336 0.8092592592592592 0.4015625 0.8333333333333334 0.40078125 0.8342592592592593 0.3953125 0.8342592592592593 0.39505208333333336 0.8347222222222223 0.39401041666666664 0.8347222222222223 0.3927083333333333 0.8356481481481481 0.39088541666666665 0.8393518518518519 0.3885416666666667 0.8407407407407408 0.38645833333333335 0.8444444444444444 0.3846354166666667 0.8495370370370371 0.3841145833333333 0.8569444444444444 0.38619791666666664 0.8657407407407407 0.38828125 0.8712962962962963 0.39140625 0.8768518518518519 0.39140625 0.8773148148148148 0.3953125 0.8837962962962963 0.39791666666666664 0.8861111111111111 0.40130208333333334 0.8907407407407407 0.40390625 0.8930555555555556 0.40520833333333334 0.8930555555555556 0.40546875 0.8935185185185185 0.40859375 0.8935185185185185 0.409375 0.8930555555555556 0.41041666666666665 0.8916666666666667 0.4122395833333333 0.8902777777777777 0.41432291666666665 0.8875 0.41692708333333334 0.8828703703703704 0.41848958333333336 0.8791666666666667 0.41901041666666666 0.8763888888888889 0.41901041666666666 0.8699074074074075 0.41848958333333336 0.8671296296296296 0.41770833333333335 0.8652777777777778 0.41770833333333335 0.8634259259259259 0.41901041666666666 0.8587962962962963 0.42239583333333336 0.8532407407407407 0.4236979166666667 0.8490740740740741 0.42473958333333334 0.8467592592592592 0.4270833333333333 0.8430555555555556 0.43072916666666666 0.8333333333333334 0.4348958333333333 0.8268518518518518 0.4361979166666667 0.8231481481481482 0.43671875 0.8189814814814815 0.43697916666666664 0.8185185185185185 0.43697916666666664 0.8152777777777778 0.43515625 0.8087962962962963 0.4348958333333333 0.8064814814814815 0.43385416666666665 0.8037037037037037 0.4322916666666667 0.8009259259259259 0.4309895833333333 0.799537037037037 0.42916666666666664 0.7962962962962963
3 0.440625 0.9138888888888889 0.43984375 0.9115740740740741 0.4361979166666667 0.9055555555555556 0.4348958333333333 0.9046296296296297 0.43072916666666666 0.9046296296296297 0.43046875 0.9050925925925926 0.42942708333333335 0.9050925925925926 0.4270833333333333 0.9064814814814814 0.42578125 0.9083333333333333 0.42239583333333336 0.9111111111111111 0.4203125 0.913425925925926 0.41796875 0.9175925925925926 0.41640625 0.9189814814814815 0.41510416666666666 0.9189814814814815 0.41484375 0.9194444444444444 0.4119791666666667 0.9194444444444444 0.41171875 0.9199074074074074 0.40234375 0.9199074074074074 0.40208333333333335 0.9194444444444444 0.39869791666666665 0.9194444444444444 0.3984375 0.9199074074074074 0.39609375 0.9199074074074074 0.39296875 0.9217592592592593 0.39166666666666666 0.9231481481481482 0.3880208333333333 0.9296296296296296 0.38671875 0.9337962962962963 0.38645833333333335 0.9375 0.38619791666666664 0.937962962962963 0.38619791666666664 0.9402777777777778 0.3859375 0.9407407407407408 0.3859375 0.9472222222222222 0.38619791666666664 0.9476851851851852 0.38619791666666664 0.95 0.38645833333333335 0.950462962962963 0.38671875 0.9546296296296296 0.38776041666666666 0.9583333333333334 0.3890625 0.9606481481481481 0.39088541666666665 0.9611111111111111 0.39296875 0.9625 0.396875 0.9629629629629629 0.39817708333333335 0.962037037037037 0.3997395833333333 0.962037037037037 0.4 0.961574074074074 0.4015625 0.961574074074074 0.40182291666666664 0.9611111111111111 0.40338541666666666 0.9611111111111111 0.4036458333333333 0.9606481481481481 0.4080729166666667 0.9601851851851851 0.4083333333333333 0.9597222222222223 0.4109375 0.9592592592592593 0.41119791666666666 0.9587962962962963 0.41302083333333334 0.9587962962962963 0.41328125 0.9583333333333334 0.41744791666666664 0.9583333333333334 0.41770833333333335 0.9587962962962963 0.4192708333333333 0.9592592592592593 0.42083333333333334 0.962037037037037 0.42239583333333336 0.9662037037037037 0.42265625 0.9675925925925926 0.4236979166666667 0.9694444444444444 0.42630208333333336 0.9712962962962963 0.4270833333333333 0.9712962962962963 0.42734375 0.9717592592592592 0.4309895833333333 0.9712962962962963 0.43125 0.9708333333333333 0.4322916666666667 0.9708333333333333 0.4361979166666667 0.9685185185185186 0.43723958333333335 0.9675925925925926 0.4395833333333333 0.9629629629629629 0.44036458333333334 0.9597222222222223 0.440625 0.9560185185185185 0.44088541666666664 0.9555555555555556 0.44088541666666664 0.9518518518518518 0.44114583333333335 0.9513888888888888 0.44114583333333335 0.9476851851851852 0.44140625 0.9472222222222222 0.44140625 0.9421296296296297 0.44166666666666665 0.9416666666666667 0.44166666666666665 0.9361111111111111 0.44192708333333336 0.9356481481481481 0.44192708333333336 0.925 0.44166666666666665 0.924537037037037 0.44166666666666665 0.9217592592592593 0.44140625 0.9212962962962963 0.44140625 0.9194444444444444 0.44114583333333335 0.9189814814814815
3 0.9309895833333334 0.9296296296296296 0.9307291666666667 0.9310185185185185 0.9299479166666667 0.9324074074074075 0.9296875 0.9337962962962963 0.9291666666666667 0.9347222222222222 0.9286458333333333 0.937962962962963 0.928125 0.9388888888888889 0.928125 0.9398148148148148 0.9278645833333333 0.9402777777777778 0.9276041666666667 0.9444444444444444 0.92734375 0.9449074074074074 0.92734375 0.9476851851851852 0.9270833333333334 0.9481481481481482 0.9270833333333334 0.9490740740740741 0.92734375 0.9495370370370371 0.92734375 0.9546296296296296 0.9276041666666667 0.9550925925925926 0.9276041666666667 0.9569444444444445 0.9278645833333333 0.9574074074074074 0.928125 0.9606481481481481 0.9294270833333333 0.9657407407407408 0.93125 0.9703703703703703 0.9338541666666667 0.9745370370370371 0.9359375 0.9763888888888889 0.93828125 0.9773148148148149 0.9390625 0.9782407407407407 0.9395833333333333 0.9782407407407407 0.9424479166666667 0.9805555555555555 0.94296875 0.9805555555555555 0.9447916666666667 0.9824074074074074 0.9453125 0.9824074074074074 0.94609375 0.9833333333333333 0.9466145833333334 0.9833333333333333 0.95 0.9856481481481482 0.9510416666666667 0.9856481481481482 0.9515625 0.9861111111111112 0.9518229166666666 0.9856481481481482 0.9536458333333333 0.9856481481481482 0.95390625 0.9851851851851852 0.9575520833333333 0.9851851851851852 0.9578125 0.9847222222222223 0.9583333333333334 0.9847222222222223 0.9611979166666667 0.9875 0.96171875 0.9884259259259259 0.9630208333333333 0.9888888888888889 0.9638020833333333 0.9898148148148148 0.9643229166666667 0.9898148148148148 0.9661458333333334 0.9912037037037037 0.9684895833333333 0.9916666666666667 0.96875 0.9921296296296296 0.9697916666666667 0.9921296296296296 0.9700520833333334 0.9925925925925926 0.9703125 0.9921296296296296 0.9721354166666667 0.9916666666666667 0.9747395833333333 0.9893518518518518 0.9765625 0.9861111111111112 0.9778645833333334 0.9819444444444444 0.978125 0.9782407407407407 0.9783854166666667 0.9777777777777777 0.9783854166666667 0.9740740740740741 0.9770833333333333 0.9699074074074074 0.9760416666666667 0.9680555555555556 0.97578125 0.9680555555555556 0.9747395833333333 0.9662037037037037 0.97265625 0.9643518518518519 0.9708333333333333 0.9611111111111111 0.9690104166666667 0.9597222222222223 0.9674479166666666 0.9569444444444445 0.9674479166666666 0.9560185185185185 0.9669270833333333 0.9546296296296296 0.9666666666666667 0.9513888888888888 0.96640625 0.950925925925926 0.96640625 0.9490740740740741 0.9661458333333334 0.9486111111111111 0.9661458333333334 0.9472222222222222 0.965625 0.9449074074074074 0.965625 0.9430555555555555 0.9653645833333333 0.9425925925925925 0.9651041666666667 0.9393518518518519 0.9638020833333333 0.9347222222222222 0.9622395833333334 0.9319444444444445 0.9596354166666666 0.9291666666666667 0.9588541666666667 0.9277777777777778 0.9544270833333334 0.9236111111111112 0.95390625 0.9236111111111112 0.9513020833333333 0.9217592592592593 0.94921875 0.9212962962962963 0.9489583333333333 0.9208333333333333 0.9484375 0.9208333333333333 0.9458333333333333 0.9189814814814815 0.9450520833333333 0.9189814814814815 0.9440104166666666 0.9180555555555555 0.93984375 0.9180555555555555 0.9395833333333333 0.9185185185185185 0.9390625 0.9185185185185185 0.9348958333333334 0.9226851851851852 0.9333333333333333 0.9254629629629629 0.9330729166666667 0.9254629629629629
4 0.11144270833333333 0.8420046296296296 0.12029166666666667 0.8507268518518518 0.12248177083333332 0.8538425925925925 0.11100260416666667 0.9166111111111112 0.11275520833333334 0.9170787037037037 0.11529687500000001 0.933587962962963 0.11503385416666667 0.9438657407407407 0.10197916666666668 0.9524351851851853 0.08717447916666667 0.9458935185185186 0.08393229166666667 0.9298472222222223 0.08524479166666667 0.9205046296296296 0.08691145833333333 0.9178564814814815 0.09023958333333333 0.9148981481481482 0.09479427083333333 0.9159861111111111 0.11056510416666666 0.8420046296296296 0.1111796875 0.8420046296296296
4 0.13140885416666667 0.9358101851851851 0.13867447916666667 0.9401157407407408 0.13791927083333333 0.9597592592592592 0.132921875 0.9767175925925926 0.12792708333333333 0.9874814814814815 0.12520052083333333 0.9882916666666667 0.11763281249999999 0.9866759259259258 0.11929687500000001 0.9710648148148148 0.06736979166666666 0.9387685185185185 0.0728203125 0.9183148148148148 0.0825078125 0.9218101851851851 0.1244453125 0.946574074074074 0.12792708333333333 0.9398472222222222
4 0.9010416666666666 0.6805555555555556 0.9010416666666666 0.6888888888888889 0.9013020833333333 0.6893518518518519 0.9013020833333333 0.6916666666666667 0.9015625 0.6921296296296297 0.9020833333333333 0.6972222222222222 0.9049479166666666 0.7078703703703704 0.9059895833333333 0.7092592592592593 0.9080729166666667 0.7106481481481481 0.9143229166666667 0.7111111111111111 0.9145833333333333 0.711574074074074 0.91640625 0.711574074074074 0.9166666666666666 0.712037037037037 0.9184895833333333 0.712037037037037 0.91875 0.7125 0.9203125 0.7125 0.92265625 0.7111111111111111 0.9234375 0.7097222222222223 0.925 0.7037037037037037 0.9260416666666667 0.7018518518518518 0.9270833333333334 0.700925925925926 0.93515625 0.7013888888888888 0.9354166666666667 0.7018518518518518 0.9361979166666666 0.7018518518518518 0.9364583333333333 0.7013888888888888 0.9427083333333334 0.7013888888888888 0.94296875 0.7018518518518518 0.9671875 0.7018518518518518 0.9708333333333333 0.6990740740740741 0.97265625 0.6967592592592593 0.9739583333333334 0.6921296296296297 0.9736979166666667 0.687962962962963 0.971875 0.6828703703703703 0.9705729166666667 0.6810185185185185 0.9669270833333333 0.6782407407407407 0.9630208333333333 0.6773148148148148 0.9627604166666667 0.6768518518518518 0.959375 0.6768518518518518 0.9591145833333333 0.6763888888888889 0.9458333333333333 0.6759259259259259 0.9455729166666667 0.6754629629629629 0.9356770833333333 0.675 0.9354166666666667 0.674537037037037 0.9328125 0.674537037037037 0.9325520833333333 0.674074074074074 0.9270833333333334 0.674074074074074 0.9263020833333333 0.6736111111111112 0.9244791666666666 0.6703703703703704 0.9236979166666667 0.6662037037037037 0.9229166666666667 0.6638888888888889 0.9200520833333333 0.6625 0.9158854166666667 0.6625 0.9125 0.6606481481481481 0.9080729166666667 0.6606481481481481 0.9059895833333333 0.6620370370370371 0.9046875 0.6643518518518519 0.9020833333333333 0.6736111111111112
4 0.88203125 0.7453703703703703 0.88203125 0.7532407407407408 0.8825520833333333 0.7564814814814815 0.8825520833333333 0.7592592592592593 0.88359375 0.7657407407407407 0.88515625 0.7712962962962963 0.88671875 0.774074074074074 0.8885416666666667 0.7754629629629629 0.8903645833333333 0.7759259259259259 0.8924479166666667 0.7773148148148148 0.8950520833333333 0.7773148148148148 0.8953125 0.7777777777777778 0.896875 0.7777777777777778 0.8984375 0.7787037037037037 0.9013020833333333 0.7787037037037037 0.9028645833333333 0.7773148148148148 0.9036458333333334 0.7754629629629629 0.90390625 0.7726851851851851 0.9046875 0.7694444444444445 0.9052083333333333 0.7685185185185185 0.90703125 0.7671296296296296 0.909375 0.7671296296296296 0.9109375 0.7680555555555556 0.9244791666666666 0.7685185185185185 0.9247395833333333 0.7689814814814815 0.9276041666666667 0.7689814814814815 0.9278645833333333 0.7694444444444445 0.9325520833333333 0.7694444444444445 0.9328125 0.7699074074074074 0.9364583333333333 0.7699074074074074 0.93671875 0.7703703703703704 0.9458333333333333 0.7708333333333334 0.94609375 0.7703703703703704 0.94765625 0.7703703703703704 0.9494791666666667 0.7685185185185185 0.9515625 0.763425925925926 0.9520833333333333 0.7606481481481482 0.9518229166666666 0.7578703703703704 0.9497395833333333 0.7513888888888889 0.9481770833333333 0.7490740740740741 0.9463541666666667 0.7476851851851852 0.9455729166666667 0.7476851851851852 0.9416666666666667 0.7453703703703703 0.9401041666666666 0.7453703703703703 0.93984375 0.7449074074074075 0.92890625 0.7444444444444445 0.9286458333333333 0.7439814814814815 0.9203125 0.7435185185185185 0.9200520833333333 0.7430555555555556 0.90859375 0.7425925925925926 0.9057291666666667 0.7407407407407407 0.9041666666666667 0.7379629629629629 0.9033854166666667 0.7351851851851852 0.9033854166666667 0.7342592592592593 0.90234375 0.7314814814814815 0.9002604166666667 0.7300925925925926 0.89765625 0.7300925925925926 0.8973958333333333 0.7296296296296296 0.8963541666666667 0.7296296296296296 0.89453125 0.7282407407407407 0.8921875 0.7277777777777777 0.8919270833333334 0.7273148148148149 0.8895833333333333 0.7273148148148149 0.8893229166666666 0.7268518518518519 0.8877604166666667 0.7273148148148149 0.8854166666666666 0.7305555555555555 0.8830729166666667 0.7384259259259259 0.8822916666666667 0.7430555555555556 0.8822916666666667 0.7449074074074075
5 0.13541666666666666 0.6925925925925925 0.13385416666666666 0.6898148148148148 0.13177083333333334 0.6884259259259259 0.12734375 0.6884259259259259 0.12708333333333333 0.6888888888888889 0.12604166666666666 0.6888888888888889 0.12317708333333334 0.6907407407407408 0.11640625 0.6967592592592593 0.11354166666666667 0.7 0.10416666666666667 0.7055555555555556 0.10026041666666667 0.7087962962962963 0.09817708333333333 0.7087962962962963 0.09661458333333334 0.7074074074074074 0.09479166666666666 0.7037037037037037 0.09140625 0.7018518518518518 0.08723958333333333 0.7018518518518518 0.08697916666666666 0.7023148148148148 0.0859375 0.7023148148148148 0.08567708333333333 0.7027777777777777 0.08385416666666666 0.7032407407407407 0.08046875 0.7064814814814815 0.07942708333333333 0.7069444444444445 0.07760416666666667 0.7097222222222223 0.07682291666666667 0.7129629629629629 0.07682291666666667 0.7148148148148148 0.0765625 0.7152777777777778 0.0765625 0.7236111111111111 0.07630208333333334 0.725 0.0765625 0.725462962962963 0.0765625 0.7291666666666666 0.07786458333333333 0.7351851851851852 0.07864583333333333 0.7425925925925926 0.0796875 0.7472222222222222 0.0828125 0.7550925925925925 0.08489583333333334 0.7587962962962963 0.08541666666666667 0.7606481481481482 0.08645833333333333 0.7625 0.0875 0.763425925925926 0.0890625 0.763425925925926 0.08932291666666667 0.762962962962963 0.09166666666666666 0.7625 0.09401041666666667 0.7611111111111111 0.096875 0.7578703703703704 0.09895833333333333 0.7574074074074074 0.10390625 0.7541666666666667 0.1046875 0.7523148148148148 0.10520833333333333 0.7416666666666667 0.10546875 0.7402777777777778 0.10651041666666666 0.7384259259259259 0.10859375 0.737037037037037 0.11067708333333333 0.736574074074074 0.11588541666666667 0.7333333333333333 0.11666666666666667 0.7333333333333333 0.11744791666666667 0.7324074074074074 0.11927083333333334 0.7314814814814815 0.12135416666666667 0.7291666666666666 0.12265625 0.7287037037037037 0.12708333333333333 0.725 0.13098958333333333 0.7226851851851852 0.13463541666666667 0.7194444444444444 0.13723958333333333 0.7162037037037037 0.13828125 0.7134259259259259 0.13828125 0.711574074074074 0.13854166666666667 0.7111111111111111 0.13828125 0.7097222222222223 0.13828125 0.7060185185185185 0.13671875 0.6967592592592593
5 0.6971354166666667 0.8833333333333333 0.6958333333333333 0.8842592592592593 0.6947916666666667 0.8861111111111111 0.69375 0.8898148148148148 0.69375 0.8907407407407407 0.69296875 0.8935185185185185 0.69296875 0.8944444444444445 0.6924479166666667 0.8962962962962963 0.6924479166666667 0.8976851851851851 0.69140625 0.9023148148148148 0.69140625 0.9037037037037037 0.690625 0.9069444444444444 0.690625 0.9083333333333333 0.6903645833333333 0.9087962962962963 0.6864583333333333 0.9305555555555556 0.68515625 0.9324074074074075 0.6846354166666667 0.9324074074074075 0.68359375 0.9314814814814815 0.6802083333333333 0.9314814814814815 0.67890625 0.9324074074074075 0.6778645833333333 0.9342592592592592 0.6763020833333333 0.9439814814814815 0.67578125 0.9453703703703704 0.67578125 0.9462962962962963 0.6752604166666667 0.9476851851851852 0.6752604166666667 0.9486111111111111 0.67421875 0.9532407407407407 0.67421875 0.9560185185185185 0.67578125 0.9606481481481481 0.6815104166666667 0.9703703703703703 0.6859375 0.9736111111111111 0.6877604166666667 0.9763888888888889 0.68984375 0.9782407407407407 0.6903645833333333 0.9782407407407407 0.69140625 0.9791666666666666 0.6921875 0.9791666666666666 0.6932291666666667 0.9800925925925926 0.6955729166666667 0.9805555555555555 0.6958333333333333 0.9810185185185185 0.69921875 0.9810185185185185 0.6994791666666667 0.9805555555555555 0.7013020833333333 0.9805555555555555 0.7015625 0.9800925925925926 0.7020833333333333 0.9800925925925926 0.7041666666666667 0.9773148148148149 0.7049479166666667 0.9745370370370371 0.7049479166666667 0.9731481481481481 0.7052083333333333 0.9726851851851852 0.7057291666666666 0.9680555555555556 0.7072916666666667 0.962037037037037 0.7075520833333333 0.9583333333333334 0.7078125 0.9578703703703704 0.7078125 0.9541666666666667 0.70625 0.950925925925926 0.7046875 0.9490740740740741 0.7041666666666667 0.9490740740740741 0.7033854166666667 0.9472222222222222 0.7033854166666667 0.9416666666666667 0.7036458333333333 0.9412037037037037 0.7036458333333333 0.9398148148148148 0.7049479166666667 0.9351851851851852 0.7049479166666667 0.9342592592592592 0.70546875 0.9328703703703703 0.7059895833333333 0.9291666666666667 0.7065104166666667 0.9277777777777778 0.7065104166666667 0.9263888888888889 0.7067708333333333 0.9259259259259259 0.70703125 0.9236111111111112 0.7083333333333334 0.9194444444444444 0.70859375 0.9171296296296296 0.709375 0.9148148148148149 0.709375 0.9138888888888889 0.7106770833333333 0.9078703703703703 0.7111979166666667 0.9018518518518519 0.7114583333333333 0.9013888888888889 0.7114583333333333 0.8972222222222223 0.7106770833333333 0.8944444444444445 0.7106770833333333 0.8935185185185185 0.7080729166666667 0.8893518518518518 0.7057291666666666 0.8865740740740741 0.7020833333333333 0.8842592592592593
4 0.9544270833333334 0.8837962962962963 0.9526041666666667 0.8787037037037037 0.9502604166666667 0.8703703703703703 0.9489583333333333 0.8680555555555556 0.9432291666666667 0.8523148148148149 0.940625 0.8481481481481481 0.9390625 0.8444444444444444 0.9361979166666666 0.8439814814814814 0.9359375 0.8435185185185186 0.93515625 0.8439814814814814 0.934375 0.8453703703703703 0.9333333333333333 0.8490740740740741 0.9330729166666667 0.850925925925926 0.9333333333333333 0.8523148148148149 0.9333333333333333 0.8583333333333333 0.9325520833333333 0.8611111111111112 0.9309895833333334 0.8638888888888889 0.92890625 0.8652777777777778 0.928125 0.8652777777777778 0.92734375 0.8662037037037037 0.9244791666666666 0.8671296296296296 0.9236979166666667 0.8680555555555556 0.9231770833333334 0.8680555555555556 0.92265625 0.8689814814814815 0.91953125 0.8703703703703703 0.91484375 0.8759259259259259 0.9125 0.8773148148148148 0.9096354166666667 0.8819444444444444 0.9080729166666667 0.8833333333333333 0.9046875 0.8893518518518518 0.9020833333333333 0.8921296296296296 0.9 0.8953703703703704 0.89765625 0.8981481481481481 0.89453125 0.9009259259259259 0.8924479166666667 0.9037037037037037 0.8895833333333333 0.9060185185185186 0.8890625 0.9069444444444444 0.88828125 0.9106481481481481 0.88828125 0.9152777777777777 0.8885416666666667 0.9157407407407407 0.8888020833333333 0.9199074074074074 0.88984375 0.9236111111111112 0.8916666666666667 0.9259259259259259 0.8927083333333333 0.9263888888888889 0.8966145833333333 0.9263888888888889 0.8997395833333334 0.925 0.9036458333333334 0.9203703703703704 0.9083333333333333 0.9166666666666666 0.9104166666666667 0.9138888888888889 0.9135416666666667 0.9111111111111111 0.9166666666666666 0.9092592592592592 0.921875 0.9041666666666667 0.92421875 0.9027777777777778 0.9247395833333333 0.9018518518518519 0.9270833333333334 0.9 0.9283854166666666 0.8981481481481481 0.9346354166666667 0.8930555555555556 0.9377604166666667 0.8893518518518518 0.9401041666666666 0.8875 0.9416666666666667 0.8875 0.9419270833333333 0.8870370370370371 0.94375 0.8875 0.94765625 0.8944444444444445 0.94921875 0.8953703703703704 0.9513020833333333 0.8953703703703704 0.9536458333333333 0.8930555555555556 0.9546875 0.8912037037037037
4 0.8630208333333333 0.8953703703703704 0.8627604166666667 0.8958333333333334 0.8606770833333334 0.8967592592592593 0.8572916666666667 0.9 0.8546875 0.9046296296296297 0.85390625 0.9074074074074074 0.85390625 0.9092592592592592 0.8536458333333333 0.9097222222222222 0.8536458333333333 0.9115740740740741 0.8533854166666667 0.9120370370370371 0.8533854166666667 0.9143518518518519 0.853125 0.9148148148148149 0.853125 0.9166666666666666 0.8528645833333334 0.9171296296296296 0.8528645833333334 0.9226851851851852 0.853125 0.9231481481481482 0.8533854166666667 0.9268518518518518 0.85390625 0.9282407407407407 0.85390625 0.9291666666666667 0.85625 0.9333333333333333 0.8625 0.9402777777777778 0.86328125 0.9421296296296297 0.8635416666666667 0.9449074074074074 0.8638020833333333 0.9453703703703704 0.8638020833333333 0.9486111111111111 0.8640625 0.9490740740740741 0.8640625 0.9513888888888888 0.8643229166666667 0.9518518518518518 0.8643229166666667 0.9541666666666667 0.8645833333333334 0.9546296296296296 0.86484375 0.9601851851851851 0.8651041666666667 0.9606481481481481 0.8651041666666667 0.9625 0.8653645833333333 0.9629629629629629 0.865625 0.9671296296296297 0.8658854166666666 0.9675925925925926 0.8661458333333333 0.9712962962962963 0.86640625 0.9717592592592592 0.86640625 0.9740740740740741 0.8666666666666667 0.9745370370370371 0.8666666666666667 0.975925925925926 0.8674479166666667 0.9787037037037037 0.8677083333333333 0.9810185185185185 0.8692708333333333 0.9861111111111112 0.8703125 0.9879629629629629 0.87265625 0.9902777777777778 0.8760416666666667 0.9907407407407407 0.8763020833333334 0.9912037037037037 0.8778645833333333 0.9912037037037037 0.878125 0.9907407407407407 0.87890625 0.9907407407407407 0.8794270833333333 0.9902777777777778 0.8799479166666667 0.9888888888888889 0.8799479166666667 0.9879629629629629 0.8802083333333334 0.9875 0.8802083333333334 0.9837962962962963 0.88046875 0.9833333333333333 0.88046875 0.9824074074074074 0.8802083333333334 0.9819444444444444 0.8802083333333334 0.9777777777777777 0.8799479166666667 0.9773148148148149 0.8799479166666667 0.9708333333333333 0.8796875 0.9703703703703703 0.8796875 0.9671296296296297 0.8794270833333333 0.9666666666666667 0.8794270833333333 0.9643518518518519 0.8791666666666667 0.9638888888888889 0.8791666666666667 0.9597222222222223 0.87890625 0.9592592592592593 0.87890625 0.9430555555555555 0.8786458333333333 0.9425925925925925 0.8786458333333333 0.9412037037037037 0.8799479166666667 0.937962962962963 0.8807291666666667 0.9347222222222222 0.8807291666666667 0.9287037037037037 0.88046875 0.9282407407407407 0.88046875 0.924074074074074 0.8802083333333334 0.9236111111111112 0.8802083333333334 0.9189814814814815 0.88046875 0.9185185185185185 0.88046875 0.9162037037037037 0.8807291666666667 0.9157407407407407 0.8807291666666667 0.9111111111111111 0.88046875 0.9106481481481481 0.8799479166666667 0.9069444444444444 0.8783854166666667 0.9041666666666667 0.878125 0.9041666666666667 0.8770833333333333 0.9023148148148148 0.8768229166666667 0.9023148148148148 0.87421875 0.8986111111111111 0.87265625 0.8972222222222223 0.8713541666666667 0.8967592592592593 0.86953125 0.8949074074074074 0.86875 0.8949074074074074 0.8684895833333334 0.8944444444444445 0.8651041666666667 0.8944444444444445 0.86484375 0.8949074074074074
6 0.734375 0.7328703703703704 0.7338541666666667 0.7328703703703704 0.7330729166666666 0.7319444444444444 0.73203125 0.7319444444444444 0.7317708333333334 0.7314814814814815 0.7315104166666667 0.7314814814814815 0.73125 0.7319444444444444 0.7268229166666667 0.7319444444444444 0.7265625 0.7324074074074074 0.7244791666666667 0.7324074074074074 0.72421875 0.7328703703703704 0.72265625 0.7328703703703704 0.7223958333333333 0.7333333333333333 0.7213541666666666 0.7333333333333333 0.72109375 0.7337962962962963 0.7197916666666667 0.7347222222222223 0.7177083333333333 0.7384259259259259 0.7177083333333333 0.7388888888888889 0.7174479166666666 0.7393518518518518 0.7174479166666666 0.7398148148148148 0.7169270833333333 0.7407407407407407 0.7169270833333333 0.7412037037037037 0.7151041666666667 0.7449074074074075 0.7151041666666667 0.7453703703703703 0.7140625 0.7476851851851852 0.7138020833333333 0.7490740740740741 0.71328125 0.75 0.71328125 0.750462962962963 0.7125 0.7527777777777778 0.7125 0.7569444444444444 0.7127604166666667 0.7574074074074074 0.7127604166666667 0.7597222222222222 0.7130208333333333 0.7601851851851852 0.7130208333333333 0.7606481481481482 0.7140625 0.7625 0.7140625 0.762962962962963 0.7145833333333333 0.7638888888888888 0.7145833333333333 0.7643518518518518 0.71484375 0.7648148148148148 0.71484375 0.7652777777777777 0.7153645833333333 0.7662037037037037 0.7153645833333333 0.7666666666666667 0.7169270833333333 0.7699074074074074 0.7169270833333333 0.7703703703703704 0.7174479166666666 0.7712962962962963 0.7174479166666666 0.7717592592592593 0.7177083333333333 0.7722222222222223 0.71796875 0.7736111111111111 0.7184895833333333 0.774537037037037 0.7184895833333333 0.775 0.7208333333333333 0.7791666666666667 0.72109375 0.7791666666666667 0.721875 0.7800925925925926 0.7223958333333333 0.7800925925925926 0.72265625 0.7805555555555556 0.7234375 0.7805555555555556 0.7236979166666667 0.7810185185185186 0.7244791666666667 0.7810185185185186 0.7247395833333333 0.7814814814814814 0.7265625 0.7814814814814814 0.7268229166666667 0.7819444444444444 0.7299479166666667 0.7819444444444444 0.7302083333333333 0.7814814814814814 0.7317708333333334 0.7814814814814814 0.73203125 0.7810185185185186 0.7330729166666666 0.7810185185185186 0.7333333333333333 0.7805555555555556 0.7341145833333333 0.7805555555555556 0.734375 0.7800925925925926 0.73515625 0.7800925925925926 0.7354166666666667 0.7796296296296297 0.7359375 0.7796296296296297 0.7361979166666667 0.7791666666666667 0.7364583333333333 0.7791666666666667 0.7369791666666666 0.7782407407407408 0.7372395833333333 0.7782407407407408 0.7377604166666667 0.7773148148148148 0.7380208333333333 0.7773148148148148 0.740625 0.7726851851851851 0.740625 0.7722222222222223 0.7411458333333333 0.7712962962962963 0.7411458333333333 0.7708333333333334 0.7421875 0.7685185185185185 0.7421875 0.7680555555555556 0.7424479166666667 0.7675925925925926 0.7424479166666667 0.7671296296296296 0.7427083333333333 0.7666666666666667 0.7427083333333333 0.7662037037037037 0.74296875 0.7657407407407407 0.74296875 0.7652777777777777 0.7432291666666667 0.7648148148148148 0.7432291666666667 0.7643518518518518 0.7442708333333333 0.7611111111111111 0.7442708333333333 0.7583333333333333 0.7440104166666667 0.7578703703703704 0.7440104166666667 0.7569444444444444 0.74375 0.7564814814814815 0.74375 0.7550925925925925 0.7434895833333334 0.7546296296296297 0.7434895833333334 0.7537037037037037 0.74296875 0.7527777777777778 0.74296875 0.7523148148148148 0.7419270833333333 0.75 0.7419270833333333 0.749537037037037 0.7416666666666667 0.7490740740740741 0.7416666666666667 0.7486111111111111 0.7411458333333333 0.7476851851851852 0.7408854166666666 0.7462962962962963 0.7390625 0.7425925925925926 0.7385416666666667 0.7402777777777778 0.7380208333333333 0.7393518518518518 0.7380208333333333 0.7388888888888889 0.7372395833333333 0.7375 0.7372395833333333 0.737037037037037 0.7354166666666667 0.7337962962962963 0.73515625 0.7337962962962963
6 0.5322916666666667 0.7865740740740741 0.53203125 0.7870370370370371 0.5315104166666667 0.7870370370370371 0.5302083333333333 0.788425925925926 0.5296875 0.788425925925926 0.5294270833333333 0.7888888888888889 0.528125 0.7898148148148149 0.5276041666666667 0.7907407407407407 0.5268229166666667 0.7912037037037037 0.5263020833333333 0.7921296296296296 0.5260416666666666 0.7921296296296296 0.5255208333333333 0.7930555555555555 0.5252604166666667 0.7930555555555555 0.5247395833333334 0.7939814814814815 0.5244791666666667 0.7939814814814815 0.5213541666666667 0.799537037037037 0.5213541666666667 0.8 0.5203125 0.8023148148148148 0.5203125 0.8027777777777778 0.51953125 0.8050925925925926 0.51953125 0.8060185185185185 0.5190104166666667 0.8074074074074075 0.5190104166666667 0.8083333333333333 0.51875 0.8087962962962963 0.51875 0.8111111111111111 0.5184895833333333 0.8115740740740741 0.5184895833333333 0.8180555555555555 0.51875 0.8185185185185185 0.51875 0.8212962962962963 0.5190104166666667 0.8217592592592593 0.5190104166666667 0.8231481481481482 0.5192708333333333 0.8236111111111111 0.5203125 0.8277777777777777 0.5221354166666666 0.8314814814814815 0.5221354166666666 0.8319444444444445 0.5229166666666667 0.8333333333333334 0.5231770833333333 0.8333333333333334 0.5247395833333334 0.8356481481481481 0.525 0.8356481481481481 0.52890625 0.8393518518518519 0.5294270833333333 0.8393518518518519 0.5296875 0.8398148148148148 0.53046875 0.8398148148148148 0.5307291666666667 0.8402777777777778 0.5317708333333333 0.8402777777777778 0.53203125 0.8407407407407408 0.5330729166666667 0.8407407407407408 0.5333333333333333 0.8412037037037037 0.5359375 0.8412037037037037 0.5361979166666667 0.8416666666666667 0.5375 0.8416666666666667 0.5377604166666666 0.8412037037037037 0.540625 0.8412037037037037 0.5408854166666667 0.8407407407407408 0.5419270833333333 0.8407407407407408 0.5421875 0.8402777777777778 0.54296875 0.8402777777777778 0.5432291666666667 0.8398148148148148 0.54375 0.8398148148148148 0.5440104166666667 0.8393518518518519 0.5453125 0.8388888888888889 0.54609375 0.8379629629629629 0.5466145833333333 0.8379629629629629 0.546875 0.8375 0.54921875 0.8356481481481481 0.5502604166666667 0.8337962962962963 0.5505208333333333 0.8337962962962963 0.5536458333333333 0.8277777777777777 0.5536458333333333 0.8273148148148148 0.5541666666666667 0.8263888888888888 0.5541666666666667 0.825925925925926 0.5549479166666667 0.8236111111111111 0.5549479166666667 0.8226851851851852 0.5552083333333333 0.8222222222222222 0.5552083333333333 0.8203703703703704 0.55546875 0.8199074074074074 0.55546875 0.8175925925925925 0.5557291666666667 0.8171296296296297 0.5557291666666667 0.812037037037037 0.55546875 0.8115740740740741 0.55546875 0.8078703703703703 0.5552083333333333 0.8074074074074075 0.5552083333333333 0.8064814814814815 0.5549479166666667 0.8060185185185185 0.5549479166666667 0.8050925925925926 0.5546875 0.8046296296296296 0.5544270833333333 0.8023148148148148 0.5536458333333333 0.8004629629629629 0.5533854166666666 0.799074074074074 0.5518229166666667 0.7958333333333333 0.5515625 0.7958333333333333 0.5489583333333333 0.7916666666666666 0.5486979166666667 0.7916666666666666 0.5481770833333334 0.7907407407407407 0.5479166666666667 0.7907407407407407 0.54765625 0.7902777777777777 0.5471354166666667 0.7902777777777777 0.5458333333333333 0.7888888888888889 0.5453125 0.7888888888888889 0.5450520833333333 0.788425925925926 0.54453125 0.788425925925926 0.5442708333333334 0.787962962962963 0.5434895833333333 0.787962962962963 0.5432291666666667 0.7875 0.5427083333333333 0.7875 0.5424479166666667 0.7870370370370371 0.5416666666666666 0.7870370370370371 0.54140625 0.7865740740740741 0.5403645833333334 0.7865740740740741 0.5401041666666667 0.7861111111111111 0.5380208333333333 0.7861111111111111 0.5377604166666666 0.7856481481481481 0.5361979166666667 0.7856481481481481 0.5359375 0.7861111111111111 0.5333333333333333 0.7861111111111111 0.5330729166666667 0.7865740740740741
6 0.45807291666666666 0.524074074074074 0.4578125 0.524537037037037 0.45729166666666665 0.524537037037037 0.45703125 0.525 0.45651041666666664 0.525 0.45625 0.5254629629629629 0.4557291666666667 0.5254629629629629 0.45546875 0.5259259259259259 0.45338541666666665 0.5268518518518519 0.45208333333333334 0.5282407407407408 0.4515625 0.5282407407407408 0.45078125 0.5296296296296297 0.4505208333333333 0.5296296296296297 0.4505208333333333 0.5300925925925926 0.45 0.5305555555555556 0.44973958333333336 0.5314814814814814 0.44921875 0.5324074074074074 0.44895833333333335 0.5324074074074074 0.44609375 0.5375 0.44609375 0.537962962962963 0.4453125 0.5393518518518519 0.44505208333333335 0.5407407407407407 0.4440104166666667 0.5430555555555555 0.4434895833333333 0.5449074074074074 0.44296875 0.5486111111111112 0.4427083333333333 0.549074074074074 0.4427083333333333 0.5504629629629629 0.44244791666666666 0.5509259259259259 0.44244791666666666 0.5532407407407407 0.4421875 0.5537037037037037 0.4421875 0.5611111111111111 0.44244791666666666 0.5615740740740741 0.44244791666666666 0.5634259259259259 0.4427083333333333 0.5638888888888889 0.4427083333333333 0.5652777777777778 0.44296875 0.5657407407407408 0.4432291666666667 0.5680555555555555 0.44375 0.5694444444444444 0.44375 0.5703703703703704 0.44427083333333334 0.5722222222222222 0.44479166666666664 0.5731481481481482 0.4453125 0.575 0.44635416666666666 0.5768518518518518 0.44635416666666666 0.5773148148148148 0.44973958333333336 0.5833333333333334 0.4544270833333333 0.5875 0.4549479166666667 0.5875 0.4552083333333333 0.5879629629629629 0.4557291666666667 0.5879629629629629 0.45598958333333334 0.5884259259259259 0.45651041666666664 0.5884259259259259 0.45677083333333335 0.5888888888888889 0.45729166666666665 0.5888888888888889 0.4583333333333333 0.5898148148148148 0.4591145833333333 0.5898148148148148 0.459375 0.5902777777777778 0.46145833333333336 0.5902777777777778 0.46171875 0.5907407407407408 0.46484375 0.5907407407407408 0.46510416666666665 0.5902777777777778 0.4674479166666667 0.5902777777777778 0.46770833333333334 0.5898148148148148 0.46875 0.5898148148148148 0.46901041666666665 0.5893518518518519 0.4700520833333333 0.5893518518518519 0.4703125 0.5888888888888889 0.4708333333333333 0.5888888888888889 0.47552083333333334 0.5847222222222223 0.47708333333333336 0.5824074074074074 0.47734375 0.5824074074074074 0.48125 0.5745370370370371 0.4830729166666667 0.5680555555555555 0.4830729166666667 0.5671296296296297 0.48359375 0.5652777777777778 0.48359375 0.562962962962963 0.48385416666666664 0.5625 0.48385416666666664 0.5592592592592592 0.48411458333333335 0.5587962962962963 0.48411458333333335 0.5569444444444445 0.48385416666666664 0.5564814814814815 0.48385416666666664 0.5509259259259259 0.48359375 0.5504629629629629 0.4830729166666667 0.5467592592592593 0.4825520833333333 0.5453703703703704 0.4825520833333333 0.5444444444444444 0.48203125 0.5425925925925926 0.48151041666666666 0.5416666666666666 0.48020833333333335 0.5370370370370371 0.47734375 0.5319444444444444 0.47708333333333336 0.5319444444444444 0.47604166666666664 0.5300925925925926 0.47578125 0.5300925925925926 0.4744791666666667 0.5282407407407408 0.47291666666666665 0.5268518518518519 0.47239583333333335 0.5268518518518519 0.47109375 0.5254629629629629 0.46953125 0.525 0.46927083333333336 0.524537037037037 0.46822916666666664 0.524537037037037 0.46796875 0.524074074074074 0.4669270833333333 0.524074074074074 0.4666666666666667 0.5236111111111111 0.46458333333333335 0.5236111111111111 0.46432291666666664 0.5231481481481481 0.46145833333333336 0.5231481481481481 0.46119791666666665 0.5236111111111111 0.459375 0.5236111111111111 0.4591145833333333 0.524074074074074
6 0.35052083333333334 0.7648148148148148 0.34713541666666664 0.7708333333333334 0.34713541666666664 0.7712962962962963 0.3463541666666667 0.7726851851851851 0.3463541666666667 0.7731481481481481 0.3455729166666667 0.775 0.3455729166666667 0.7759259259259259 0.34479166666666666 0.7782407407407408 0.34479166666666666 0.7791666666666667 0.34427083333333336 0.7810185185185186 0.34427083333333336 0.7847222222222222 0.34401041666666665 0.7851851851851852 0.34401041666666665 0.788425925925926 0.34427083333333336 0.7888888888888889 0.34427083333333336 0.7907407407407407 0.34453125 0.7912037037037037 0.34453125 0.7930555555555555 0.34479166666666666 0.7935185185185185 0.34479166666666666 0.7949074074074074 0.3450520833333333 0.7953703703703704 0.3450520833333333 0.7962962962962963 0.3463541666666667 0.8009259259259259 0.346875 0.8018518518518518 0.346875 0.8023148148148148 0.3489583333333333 0.8060185185185185 0.34921875 0.8060185185185185 0.3502604166666667 0.8078703703703703 0.35052083333333334 0.8078703703703703 0.35182291666666665 0.8097222222222222 0.35625 0.8134259259259259 0.3567708333333333 0.8143518518518519 0.3572916666666667 0.8143518518518519 0.3580729166666667 0.8152777777777778 0.35911458333333335 0.8152777777777778 0.359375 0.8157407407407408 0.3606770833333333 0.8157407407407408 0.3609375 0.8162037037037037 0.36223958333333334 0.8162037037037037 0.3625 0.8157407407407408 0.365625 0.8157407407407408 0.3658854166666667 0.8152777777777778 0.36692708333333335 0.8152777777777778 0.3671875 0.8148148148148148 0.36953125 0.8143518518518519 0.3697916666666667 0.8138888888888889 0.37057291666666664 0.8138888888888889 0.37083333333333335 0.8134259259259259 0.37161458333333336 0.8134259259259259 0.371875 0.812962962962963 0.3731770833333333 0.8125 0.3736979166666667 0.8115740740740741 0.37578125 0.8097222222222222 0.3765625 0.8083333333333333 0.37734375 0.8078703703703703 0.37890625 0.8055555555555556 0.37890625 0.8050925925925926 0.3796875 0.8037037037037037 0.3802083333333333 0.8018518518518518 0.3815104166666667 0.799074074074074 0.38177083333333334 0.7981481481481482 0.38177083333333334 0.7972222222222223 0.38203125 0.7967592592592593 0.38203125 0.7944444444444444 0.38229166666666664 0.7939814814814815 0.38229166666666664 0.7833333333333333 0.38203125 0.7828703703703703 0.38203125 0.7805555555555556 0.38177083333333334 0.7800925925925926 0.38177083333333334 0.7791666666666667 0.3815104166666667 0.7787037037037037 0.38125 0.7763888888888889 0.37994791666666666 0.7717592592592593 0.37916666666666665 0.7703703703703704 0.37916666666666665 0.7699074074074074 0.3776041666666667 0.7671296296296296 0.37734375 0.7671296296296296 0.3768229166666667 0.7662037037037037 0.3765625 0.7662037037037037 0.37604166666666666 0.7652777777777777 0.37578125 0.7652777777777777 0.37526041666666665 0.7643518518518518 0.37421875 0.763425925925926 0.3734375 0.7620370370370371 0.371875 0.7606481481481482 0.37135416666666665 0.7606481481481482 0.37057291666666664 0.7597222222222222 0.37005208333333334 0.7597222222222222 0.3692708333333333 0.7587962962962963 0.36822916666666666 0.7587962962962963 0.36796875 0.7583333333333333 0.3651041666666667 0.7583333333333333 0.36484375 0.7578703703703704 0.36041666666666666 0.7578703703703704 0.36015625 0.7583333333333333 0.35885416666666664 0.7587962962962963 0.3580729166666667 0.7597222222222222 0.3575520833333333 0.7597222222222222 0.3572916666666667 0.7601851851851852 0.3567708333333333 0.7601851851851852 0.35572916666666665 0.7611111111111111 0.3546875 0.7611111111111111 0.35442708333333334 0.7615740740740741 0.3536458333333333 0.7615740740740741 0.3533854166666667 0.7620370370370371 0.3528645833333333 0.7620370370370371 0.35234375 0.762962962962963 0.35208333333333336 0.762962962962963 0.3515625 0.7638888888888888
