1 0.3924479166666667 0.03148148148148148 0.3924479166666667 0.03287037037037037 0.3921875 0.03333333333333333 0.3921875 0.034722222222222224 0.3919270833333333 0.03518518518518519 0.3919270833333333 0.03981481481481482 0.3932291666666667 0.044444444444444446 0.39348958333333334 0.044444444444444446 0.39427083333333335 0.04583333333333333 0.3963541666666667 0.047685185185185185 0.396875 0.047685185185185185 0.39765625 0.04861111111111111 0.39817708333333335 0.04861111111111111 0.39895833333333336 0.04953703703703704 0.4002604166666667 0.05 0.4010416666666667 0.05092592592592592 0.40182291666666664 0.05092592592592592 0.40208333333333335 0.05138888888888889 0.40260416666666665 0.05138888888888889 0.40338541666666666 0.052314814814814814 0.40390625 0.052314814814814814 0.4041666666666667 0.05277777777777778 0.4046875 0.05277777777777778 0.4049479166666667 0.05324074074074074 0.40546875 0.05324074074074074 0.40572916666666664 0.053703703703703705 0.40625 0.053703703703703705 0.40651041666666665 0.05416666666666667 0.40703125 0.05416666666666667 0.40729166666666666 0.05462962962962963 0.4078125 0.05462962962962963 0.4080729166666667 0.055092592592592596 0.40859375 0.055092592592592596 0.4088541666666667 0.05555555555555555 0.409375 0.05555555555555555 0.41041666666666665 0.05648148148148148 0.4114583333333333 0.058333333333333334 0.41171875 0.059722222222222225 0.4122395833333333 0.060648148148148145 0.4127604166666667 0.0625 0.41302083333333334 0.06481481481481481 0.41354166666666664 0.06574074074074074 0.41354166666666664 0.06620370370370371 0.4153645833333333 0.06944444444444445 0.4153645833333333 0.0699074074074074 0.415625 0.0699074074074074 0.4166666666666667 0.0712962962962963 0.41770833333333335 0.0712962962962963 0.41796875 0.07175925925925926 0.41901041666666666 0.07175925925925926 0.4192708333333333 0.07222222222222222 0.42083333333333334 0.07222222222222222 0.42109375 0.07268518518518519 0.42265625 0.07268518518518519 0.42291666666666666 0.07314814814814814 0.4236979166666667 0.07314814814814814 0.4239583333333333 0.07361111111111111 0.42473958333333334 0.07361111111111111 0.425 0.07407407407407407 0.42578125 0.07407407407407407 0.42604166666666665 0.07453703703703704 0.4270833333333333 0.07453703703703704 0.42734375 0.075 0.428125 0.075 0.4283854166666667 0.07453703703703704 0.4296875 0.07453703703703704 0.42994791666666665 0.07407407407407407 0.43072916666666666 0.07407407407407407 0.4317708333333333 0.07314814814814814 0.43255208333333334 0.07175925925925926 0.4328125 0.07175925925925926 0.4348958333333333 0.06759259259259259 0.4348958333333333 0.06712962962962964 0.4354166666666667 0.06620370370370371 0.4359375 0.06435185185185185 0.4359375 0.06342592592592593 0.43645833333333334 0.062037037037037036 0.43645833333333334 0.06111111111111111 0.43671875 0.060648148148148145 0.43671875 0.05925925925925926 0.43697916666666664 0.0587962962962963 0.43697916666666664 0.05462962962962963 0.43723958333333335 0.05416666666666667 0.43723958333333335 0.05138888888888889 0.43697916666666664 0.05092592592592592 0.43671875 0.047685185185185185 0.43645833333333334 0.04722222222222222 0.43645833333333334 0.046296296296296294 0.4361979166666667 0.04583333333333333 0.4361979166666667 0.04490740740740741 0.4359375 0.04398148148148148 0.434375 0.040740740740740744 0.43411458333333336 0.040740740740740744 0.43255208333333334 0.038425925925925926 0.43203125 0.03796296296296296 0.4315104166666667 0.03796296296296296 0.42864583333333334 0.03518518518518519 0.428125 0.03518518518518519 0.42552083333333335 0.03287037037037037 0.4236979166666667 0.030555555555555555 0.4231770833333333 0.030555555555555555 0.42291666666666666 0.03009259259259259 0.42213541666666665 0.03009259259259259 0.421875 0.02962962962962963 0.4205729166666667 0.02962962962962963 0.4203125 0.029166666666666667 0.4192708333333333 0.029166666666666667 0.41901041666666666 0.02962962962962963 0.41822916666666665 0.02962962962962963 0.41796875 0.03009259259259259 0.41744791666666664 0.03009259259259259 0.41328125 0.03425925925925926 0.4127604166666667 0.03425925925925926 0.4125 0.034722222222222224 0.4114583333333333 0.034722222222222224 0.409375 0.03287037037037037 0.4088541666666667 0.03287037037037037 0.40859375 0.032407407407407406 0.4080729166666667 0.032407407407407406 0.40703125 0.03148148148148148 0.40625 0.03148148148148148 0.40598958333333335 0.031018518518518518 0.40546875 0.031018518518518518 0.4044270833333333 0.03009259259259259 0.4036458333333333 0.03009259259259259 0.40260416666666665 0.029166666666666667 0.40182291666666664 0.029166666666666667 0.40078125 0.02824074074074074 0.3997395833333333 0.02824074074074074 0.39947916666666666 0.027777777777777776 0.39817708333333335 0.027777777777777776 0.39791666666666664 0.027314814814814816 0.39557291666666666 0.027314814814814816 0.39348958333333334 0.029166666666666667
1 0.37604166666666666 0.09861111111111111 0.37057291666666664 0.10833333333333334 0.3692708333333333 0.11296296296296296 0.3692708333333333 0.1162037037037037 0.37005208333333334 0.11898148148148148 0.37005208333333334 0.11990740740740741 0.37213541666666666 0.12361111111111112 0.3723958333333333 0.12361111111111112 0.3731770833333333 0.125 0.37421875 0.1259259259259259 0.37578125 0.12916666666666668 0.37578125 0.1310185185185185 0.37604166666666666 0.13148148148148148 0.37604166666666666 0.13425925925925927 0.3763020833333333 0.13472222222222222 0.3763020833333333 0.1361111111111111 0.3770833333333333 0.1375 0.37786458333333334 0.1375 0.37994791666666666 0.13564814814814816 0.3807291666666667 0.13564814814814816 0.38125 0.13518518518518519 0.3815104166666667 0.13564814814814816 0.38229166666666664 0.13564814814814816 0.38255208333333335 0.1361111111111111 0.38333333333333336 0.1361111111111111 0.38359375 0.13657407407407407 0.3846354166666667 0.13703703703703704 0.3859375 0.13935185185185187 0.38619791666666664 0.14074074074074075 0.3875 0.14351851851851852 0.3875 0.1439814814814815 0.39166666666666666 0.15231481481481482 0.3932291666666667 0.15694444444444444 0.39479166666666665 0.1597222222222222 0.39479166666666665 0.16018518518518518 0.39869791666666665 0.16666666666666666 0.39947916666666666 0.16944444444444445 0.4005208333333333 0.1712962962962963 0.4010416666666667 0.17175925925925925 0.40260416666666665 0.17175925925925925 0.40286458333333336 0.17222222222222222 0.40390625 0.17222222222222222 0.4041666666666667 0.17175925925925925 0.4046875 0.17175925925925925 0.40625 0.16898148148148148 0.40651041666666665 0.16712962962962963 0.40729166666666666 0.16574074074074074 0.40729166666666666 0.16527777777777777 0.40859375 0.16342592592592592 0.4088541666666667 0.1625 0.40859375 0.15694444444444444 0.4078125 0.15555555555555556 0.4078125 0.1550925925925926 0.4075520833333333 0.1550925925925926 0.40234375 0.14583333333333334 0.40234375 0.14537037037037037 0.39869791666666665 0.13796296296296295 0.39869791666666665 0.1375 0.39739583333333334 0.13472222222222222 0.39739583333333334 0.13425925925925927 0.39427083333333335 0.1287037037037037 0.39427083333333335 0.12824074074074074 0.39348958333333334 0.12685185185185185 0.39348958333333334 0.12638888888888888 0.3919270833333333 0.12268518518518519 0.3919270833333333 0.12037037037037036 0.3927083333333333 0.11851851851851852 0.3932291666666667 0.1162037037037037 0.39375 0.11527777777777778 0.39348958333333334 0.11342592592592593 0.3924479166666667 0.11157407407407408 0.39166666666666666 0.1111111111111111 0.3893229166666667 0.10694444444444444 0.3890625 0.10555555555555556 0.38828125 0.1037037037037037 0.3880208333333333 0.10138888888888889 0.3875 0.10046296296296296 0.3875 0.1 0.3848958333333333 0.09537037037037037 0.384375 0.09490740740740741 0.38359375 0.09490740740740741 0.38333333333333336 0.09444444444444444 0.3815104166666667 0.09444444444444444 0.38125 0.09398148148148149 0.3809895833333333 0.09444444444444444 0.37942708333333336 0.09490740740740741 0.37838541666666664 0.0962962962962963 0.3776041666666667 0.09675925925925925 0.3763020833333333 0.09861111111111111
1 0.3184895833333333 0.17777777777777778 0.31796875 0.17777777777777778 0.3177083333333333 0.17731481481481481 0.31484375 0.17731481481481481 0.3138020833333333 0.17824074074074073 0.31223958333333335 0.18055555555555555 0.3104166666666667 0.1824074074074074 0.30807291666666664 0.18611111111111112 0.3067708333333333 0.18703703703703703 0.30625 0.18796296296296297 0.30442708333333335 0.18981481481481483 0.30364583333333334 0.1912037037037037 0.3020833333333333 0.1925925925925926 0.30130208333333336 0.19398148148148148 0.30104166666666665 0.19398148148148148 0.30026041666666664 0.19537037037037036 0.3 0.19537037037037036 0.2986979166666667 0.19722222222222222 0.29765625 0.19814814814814816 0.29635416666666664 0.1986111111111111 0.2955729166666667 0.19953703703703704 0.2942708333333333 0.19953703703703704 0.29244791666666664 0.19768518518518519 0.29140625 0.19583333333333333 0.290625 0.19583333333333333 0.2903645833333333 0.19537037037037036 0.28958333333333336 0.19768518518518519 0.2890625 0.20324074074074075 0.28880208333333335 0.20416666666666666 0.2875 0.20601851851851852 0.28671875 0.20601851851851852 0.2864583333333333 0.2064814814814815 0.28567708333333336 0.2064814814814815 0.28541666666666665 0.20694444444444443 0.284375 0.20694444444444443 0.28411458333333334 0.2074074074074074 0.2830729166666667 0.2074074074074074 0.2828125 0.20787037037037037 0.28151041666666665 0.20833333333333334 0.28072916666666664 0.20925925925925926 0.28020833333333334 0.20925925925925926 0.2794270833333333 0.2101851851851852 0.27838541666666666 0.21064814814814814 0.27734375 0.2125 0.27734375 0.21435185185185185 0.27760416666666665 0.21481481481481482 0.27760416666666665 0.21712962962962962 0.27786458333333336 0.2175925925925926 0.27786458333333336 0.21851851851851853 0.27890625 0.2222222222222222 0.2794270833333333 0.22314814814814815 0.2799479166666667 0.22546296296296298 0.28229166666666666 0.2300925925925926 0.28229166666666666 0.23055555555555557 0.2859375 0.23703703703703705 0.2859375 0.2375 0.28671875 0.2388888888888889 0.2877604166666667 0.23981481481481481 0.2908854166666667 0.23981481481481481 0.2911458333333333 0.23935185185185184 0.2916666666666667 0.23935185185185184 0.29270833333333335 0.23796296296296296 0.29296875 0.23796296296296296 0.2955729166666667 0.23333333333333334 0.29583333333333334 0.23333333333333334 0.29661458333333335 0.23194444444444445 0.29765625 0.23148148148148148 0.29791666666666666 0.2310185185185185 0.2984375 0.2310185185185185 0.2986979166666667 0.23055555555555557 0.30026041666666664 0.2300925925925926 0.30182291666666666 0.22870370370370371 0.3026041666666667 0.22685185185185186 0.3028645833333333 0.225 0.303125 0.22453703703703703 0.303125 0.22037037037037038 0.3033854166666667 0.2199074074074074 0.3033854166666667 0.21805555555555556 0.30442708333333335 0.21435185185185185 0.30572916666666666 0.21203703703703702 0.3059895833333333 0.21203703703703702 0.3065104166666667 0.2111111111111111 0.3067708333333333 0.2111111111111111 0.3072916666666667 0.2101851851851852 0.30911458333333336 0.20833333333333334 0.3109375 0.20555555555555555 0.3111979166666667 0.20555555555555555 0.31223958333333335 0.2037037037037037 0.3125 0.2037037037037037 0.31328125 0.2023148148148148 0.31354166666666666 0.2023148148148148 0.31484375 0.2 0.3151041666666667 0.2 0.3171875 0.19675925925925927 0.31796875 0.1962962962962963 0.3216145833333333 0.19166666666666668 0.3221354166666667 0.18981481481481483 0.321875 0.18888888888888888 0.3216145833333333 0.18425925925925926 0.32083333333333336 0.1824074074074074 0.32083333333333336 0.18194444444444444
1 0.32890625 0.3351851851851852 0.32890625 0.33611111111111114 0.32864583333333336 0.3365740740740741 0.32864583333333336 0.3435185185185185 0.3294270833333333 0.34629629629629627 0.3302083333333333 0.3476851851851852 0.33125 0.3486111111111111 0.33307291666666666 0.35138888888888886 0.33828125 0.35555555555555557 0.34010416666666665 0.35833333333333334 0.34010416666666665 0.3587962962962963 0.34140625 0.36157407407407405 0.3421875 0.36435185185185187 0.3421875 0.36574074074074076 0.3424479166666667 0.3662037037037037 0.3424479166666667 0.3685185185185185 0.34270833333333334 0.36898148148148147 0.34270833333333334 0.37037037037037035 0.34296875 0.37083333333333335 0.34296875 0.37175925925925923 0.34401041666666665 0.37407407407407406 0.34401041666666665 0.37453703703703706 0.3450520833333333 0.37592592592592594 0.34609375 0.3768518518518518 0.34661458333333334 0.3768518518518518 0.34739583333333335 0.37777777777777777 0.34791666666666665 0.37777777777777777 0.35052083333333334 0.3800925925925926 0.35130208333333335 0.3814814814814815 0.35234375 0.3824074074074074 0.3541666666666667 0.3851851851851852 0.35442708333333334 0.3851851851851852 0.35572916666666665 0.387037037037037 0.3567708333333333 0.38796296296296295 0.3572916666666667 0.38796296296296295 0.3575520833333333 0.38842592592592595 0.35859375 0.38842592592592595 0.35885416666666664 0.38796296296296295 0.36171875 0.38796296296296295 0.36276041666666664 0.387037037037037 0.36354166666666665 0.387037037037037 0.36380208333333336 0.38657407407407407 0.36432291666666666 0.38657407407407407 0.36640625 0.38472222222222224 0.36875 0.38055555555555554 0.36875 0.3800925925925926 0.36953125 0.3787037037037037 0.37057291666666664 0.375 0.37057291666666664 0.37407407407407406 0.37083333333333335 0.3736111111111111 0.37083333333333335 0.3712962962962963 0.37109375 0.37083333333333335 0.37109375 0.3699074074074074 0.37083333333333335 0.36944444444444446 0.37083333333333335 0.3662037037037037 0.37057291666666664 0.36574074074074076 0.37057291666666664 0.36435185185185187 0.37005208333333334 0.3625 0.36953125 0.36157407407407405 0.36953125 0.3611111111111111 0.36796875 0.35833333333333334 0.36666666666666664 0.3574074074074074 0.36614583333333334 0.35648148148148145 0.3614583333333333 0.3523148148148148 0.35625 0.3458333333333333 0.35572916666666665 0.3458333333333333 0.3541666666666667 0.34444444444444444 0.3489583333333333 0.34444444444444444 0.34869791666666666 0.3439814814814815 0.34817708333333336 0.3439814814814815 0.34453125 0.34074074074074073 0.34401041666666665 0.3398148148148148 0.34296875 0.3388888888888889 0.3421875 0.3375 0.33828125 0.33425925925925926 0.3377604166666667 0.3333333333333333 0.33671875 0.33240740740740743 0.33619791666666665 0.33240740740740743 0.3346354166666667 0.33101851851851855 0.33203125 0.33101851851851855 0.33177083333333335 0.3314814814814815 0.33046875 0.33194444444444443
1 0.5453125 0.32546296296296295 0.54453125 0.32546296296296295 0.5442708333333334 0.325 0.54140625 0.325 0.5395833333333333 0.3282407407407407 0.5390625 0.3300925925925926 0.5390625 0.3333333333333333 0.5388020833333333 0.3337962962962963 0.5388020833333333 0.3365740740740741 0.5385416666666667 0.3375 0.5369791666666667 0.3402777777777778 0.53671875 0.3402777777777778 0.5354166666666667 0.3421296296296296 0.5338541666666666 0.34305555555555556 0.5330729166666667 0.34444444444444444 0.5330729166666667 0.3472222222222222 0.5328125 0.3476851851851852 0.5328125 0.35 0.5330729166666667 0.350462962962963 0.5330729166666667 0.35138888888888886 0.5361979166666667 0.35648148148148145 0.5364583333333334 0.3574074074074074 0.5364583333333334 0.3587962962962963 0.5354166666666667 0.36203703703703705 0.5354166666666667 0.362962962962963 0.5348958333333333 0.36435185185185187 0.5348958333333333 0.36527777777777776 0.5333333333333333 0.36898148148148147 0.5315104166666667 0.3763888888888889 0.53046875 0.3787037037037037 0.5294270833333333 0.3824074074074074 0.5283854166666667 0.38472222222222224 0.5276041666666667 0.38796296296296295 0.52578125 0.3925925925925926 0.52578125 0.39351851851851855 0.5252604166666667 0.39537037037037037 0.5247395833333334 0.3962962962962963 0.5247395833333334 0.3972222222222222 0.52421875 0.39861111111111114 0.52421875 0.4050925925925926 0.5260416666666666 0.40694444444444444 0.52734375 0.4074074074074074 0.5286458333333334 0.40879629629629627 0.5294270833333333 0.40879629629629627 0.5296875 0.40925925925925927 0.5322916666666667 0.40925925925925927 0.5325520833333334 0.4097222222222222 0.53359375 0.40879629629629627 0.5346354166666667 0.40694444444444444 0.5359375 0.40185185185185185 0.5364583333333334 0.4009259259259259 0.5377604166666666 0.3962962962962963 0.5377604166666666 0.39537037037037037 0.5385416666666667 0.39305555555555555 0.5388020833333333 0.3907407407407407 0.5393229166666667 0.38935185185185184 0.5393229166666667 0.38842592592592595 0.53984375 0.38657407407407407 0.5416666666666666 0.3819444444444444 0.5432291666666667 0.37592592592592594 0.5447916666666667 0.37222222222222223 0.5455729166666666 0.3685185185185185 0.5471354166666667 0.3662037037037037 0.5479166666666667 0.3662037037037037 0.5481770833333334 0.36574074074074076 0.5489583333333333 0.36574074074074076 0.54921875 0.36527777777777776 0.5505208333333333 0.36527777777777776 0.55078125 0.3648148148148148 0.5515625 0.3648148148148148 0.5518229166666667 0.36435185185185187 0.5526041666666667 0.36435185185185187 0.5528645833333333 0.3638888888888889 0.5541666666666667 0.36342592592592593 0.55546875 0.35833333333333334 0.5559895833333334 0.3574074074074074 0.5559895833333334 0.35648148148148145 0.55625 0.3560185185185185 0.5565104166666667 0.3537037037037037 0.55703125 0.3523148148148148 0.55703125 0.35138888888888886 0.5583333333333333 0.3472222222222222 0.5583333333333333 0.3458333333333333 0.55859375 0.3453703703703704 0.55859375 0.34120370370370373 0.5583333333333333 0.34074074074074073 0.5580729166666667 0.33796296296296297 0.5575520833333333 0.337037037037037 0.5559895833333334 0.33564814814814814 0.5546875 0.3351851851851852 0.5528645833333333 0.3333333333333333 0.5518229166666667 0.33287037037037037 0.5479166666666667 0.3277777777777778
1 0.5825520833333333 0.6472222222222223 0.5796875 0.6472222222222223 0.5786458333333333 0.6481481481481481 0.5776041666666667 0.65 0.5752604166666667 0.6583333333333333 0.5752604166666667 0.6592592592592592 0.5744791666666667 0.6620370370370371 0.5744791666666667 0.662962962962963 0.57421875 0.663425925925926 0.57421875 0.6643518518518519 0.5739583333333333 0.6648148148148149 0.5739583333333333 0.6657407407407407 0.5736979166666667 0.6662037037037037 0.5736979166666667 0.6671296296296296 0.5734375 0.6675925925925926 0.5734375 0.6685185185185185 0.5731770833333333 0.6689814814814815 0.5723958333333333 0.674074074074074 0.5716145833333334 0.6763888888888889 0.5716145833333334 0.6773148148148148 0.57109375 0.6787037037037037 0.57109375 0.6796296296296296 0.5700520833333333 0.6833333333333333 0.5697916666666667 0.6861111111111111 0.5692708333333333 0.6875 0.5692708333333333 0.6884259259259259 0.5674479166666667 0.6916666666666667 0.565625 0.6935185185185185 0.5638020833333334 0.6967592592592593 0.5635416666666667 0.6986111111111111 0.56328125 0.6990740740740741 0.56328125 0.7060185185185185 0.5630208333333333 0.7064814814814815 0.5627604166666667 0.7087962962962963 0.5614583333333333 0.711574074074074 0.56015625 0.7129629629629629 0.5575520833333333 0.7175925925925926 0.5575520833333333 0.7185185185185186 0.5572916666666666 0.7189814814814814 0.5572916666666666 0.725462962962963 0.5575520833333333 0.7263888888888889 0.5591145833333333 0.7291666666666666 0.5638020833333334 0.7342592592592593 0.5653645833333333 0.7347222222222223 0.565625 0.7351851851851852 0.5661458333333333 0.7351851851851852 0.5671875 0.7361111111111112 0.56796875 0.7361111111111112 0.5690104166666666 0.737037037037037 0.5697916666666667 0.737037037037037 0.5716145833333334 0.7384259259259259 0.5729166666666666 0.7384259259259259 0.5731770833333333 0.7388888888888889 0.5765625 0.7388888888888889 0.5778645833333333 0.737037037037037 0.578125 0.737037037037037 0.5794270833333334 0.7347222222222223 0.5799479166666667 0.7328703703703704 0.5799479166666667 0.7282407407407407 0.5802083333333333 0.7277777777777777 0.5802083333333333 0.7185185185185186 0.5807291666666666 0.7166666666666667 0.58359375 0.712037037037037 0.58359375 0.7111111111111111 0.5838541666666667 0.7106481481481481 0.5838541666666667 0.7087962962962963 0.58359375 0.7083333333333334 0.58359375 0.7041666666666667 0.5833333333333334 0.7037037037037037 0.5830729166666667 0.7013888888888888 0.58203125 0.6981481481481482 0.58203125 0.6967592592592593 0.5825520833333333 0.6949074074074074 0.5828125 0.6907407407407408 0.5830729166666667 0.6902777777777778 0.5830729166666667 0.6888888888888889 0.58359375 0.687037037037037 0.58359375 0.6856481481481481 0.584375 0.6824074074074075 0.5848958333333333 0.6773148148148148 0.58515625 0.6768518518518518 0.58515625 0.6759259259259259 0.5854166666666667 0.6754629629629629 0.5854166666666667 0.674537037037037 0.5856770833333333 0.674074074074074 0.5856770833333333 0.6731481481481482 0.5859375 0.6726851851851852 0.5859375 0.6717592592592593 0.5861979166666667 0.6712962962962963 0.5861979166666667 0.6703703703703704 0.5864583333333333 0.6699074074074074 0.5864583333333333 0.6689814814814815 0.5872395833333334 0.6657407407407407 0.5872395833333334 0.6643518518518519 0.5875 0.6638888888888889 0.5875 0.6625 0.5877604166666667 0.6620370370370371 0.5877604166666667 0.6606481481481481 0.5880208333333333 0.6601851851851852 0.5880208333333333 0.6587962962962963 0.58828125 0.6583333333333333 0.58828125 0.6546296296296297 0.5880208333333333 0.6541666666666667 0.5877604166666667 0.6523148148148148 0.5869791666666667 0.6504629629629629 0.5846354166666666 0.6481481481481481 0.5841145833333333 0.6481481481481481 0.5838541666666667 0.6476851851851851 0.5828125 0.6476851851851851
1 0.38567708333333334 0.21064814814814814 0.38515625 0.21064814814814814 0.3848958333333333 0.2101851851851852 0.3828125 0.2101851851851852 0.38255208333333335 0.21064814814814814 0.38125 0.21064814814814814 0.3809895833333333 0.2111111111111111 0.3809895833333333 0.21157407407407408 0.3802083333333333 0.21342592592592594 0.37994791666666666 0.21574074074074073 0.37916666666666665 0.21805555555555556 0.37916666666666665 0.21898148148148147 0.37864583333333335 0.22037037037037038 0.37864583333333335 0.2212962962962963 0.3770833333333333 0.22592592592592592 0.3770833333333333 0.22685185185185186 0.3763020833333333 0.22916666666666666 0.3763020833333333 0.2300925925925926 0.37604166666666666 0.23055555555555557 0.37604166666666666 0.23194444444444445 0.37552083333333336 0.23333333333333334 0.37552083333333336 0.23425925925925925 0.37447916666666664 0.23796296296296296 0.37395833333333334 0.2388888888888889 0.37395833333333334 0.23981481481481481 0.3736979166666667 0.24027777777777778 0.3736979166666667 0.2412037037037037 0.3731770833333333 0.24305555555555555 0.37213541666666666 0.2449074074074074 0.37109375 0.24583333333333332 0.3692708333333333 0.2462962962962963 0.3690104166666667 0.24675925925925926 0.3684895833333333 0.24675925925925926 0.36744791666666665 0.24768518518518517 0.36692708333333335 0.24861111111111112 0.36666666666666664 0.24861111111111112 0.36484375 0.2523148148148148 0.36484375 0.25324074074074077 0.3645833333333333 0.2537037037037037 0.3645833333333333 0.2574074074074074 0.36432291666666666 0.25787037037037036 0.36432291666666666 0.2601851851851852 0.3640625 0.26064814814814813 0.36380208333333336 0.26296296296296295 0.36328125 0.26481481481481484 0.36276041666666664 0.2657407407407407 0.3625 0.2671296296296296 0.3619791666666667 0.26805555555555555 0.36171875 0.26990740740740743 0.3609375 0.2726851851851852 0.3609375 0.2777777777777778 0.3611979166666667 0.27824074074074073 0.3611979166666667 0.28055555555555556 0.3614583333333333 0.2810185185185185 0.3614583333333333 0.28194444444444444 0.36354166666666665 0.28564814814814815 0.36380208333333336 0.28564814814814815 0.3645833333333333 0.28703703703703703 0.36770833333333336 0.2898148148148148 0.36822916666666666 0.2898148148148148 0.3690104166666667 0.29074074074074074 0.3697916666666667 0.29074074074074074 0.37005208333333334 0.2912037037037037 0.37083333333333335 0.2912037037037037 0.37109375 0.2916666666666667 0.371875 0.2916666666666667 0.37213541666666666 0.29212962962962963 0.37526041666666665 0.29212962962962963 0.37552083333333336 0.2916666666666667 0.3765625 0.2916666666666667 0.3768229166666667 0.2912037037037037 0.37734375 0.2912037037037037 0.37890625 0.28888888888888886 0.3796875 0.2861111111111111 0.3796875 0.2851851851851852 0.3802083333333333 0.28379629629629627 0.3802083333333333 0.2828703703703704 0.38046875 0.2824074074074074 0.38046875 0.2814814814814815 0.3809895833333333 0.2796296296296296 0.3809895833333333 0.27824074074074073 0.38125 0.2777777777777778 0.38125 0.2759259259259259 0.3815104166666667 0.27546296296296297 0.3815104166666667 0.274537037037037 0.3828125 0.2708333333333333 0.3828125 0.26990740740740743 0.38333333333333336 0.26851851851851855 0.38333333333333336 0.2671296296296296 0.38359375 0.26666666666666666 0.38359375 0.2611111111111111 0.38385416666666666 0.26064814814814813 0.38385416666666666 0.2569444444444444 0.3841145833333333 0.2564814814814815 0.3841145833333333 0.25416666666666665 0.38515625 0.25046296296296294 0.38515625 0.24953703703703703 0.3854166666666667 0.2490740740740741 0.3854166666666667 0.24768518518518517 0.38567708333333334 0.24722222222222223 0.38567708333333334 0.2462962962962963 0.3859375 0.24583333333333332 0.3859375 0.2449074074074074 0.38619791666666664 0.24444444444444444 0.38619791666666664 0.24351851851851852 0.38645833333333335 0.24305555555555555 0.38697916666666665 0.23935185185185184 0.3875 0.23796296296296296 0.3875 0.23703703703703705 0.3880208333333333 0.23564814814814813 0.3885416666666667 0.23194444444444445 0.3890625 0.23055555555555557 0.3890625 0.22962962962962963 0.3893229166666667 0.22916666666666666 0.3893229166666667 0.22824074074074074 0.38984375 0.2263888888888889 0.38984375 0.225 0.39010416666666664 0.22453703703703703 0.39010416666666664 0.2222222222222222 0.39036458333333335 0.22175925925925927 0.39036458333333335 0.2175925925925926 0.38984375 0.21666666666666667 0.3893229166666667 0.21481481481481482 0.38776041666666666 0.2125
2 0.6875 0.14629629629629629 0.6822916666666666 0.1486111111111111 0.67890625 0.15231481481481482 0.6747395833333333 0.1550925925925926 0.6731770833333334 0.15925925925925927 0.6731770833333334 0.16805555555555557 0.67421875 0.17314814814814813 0.67578125 0.17592592592592593 0.68125 0.17962962962962964 0.6825520833333333 0.18194444444444444 0.6830729166666667 0.18472222222222223 0.6838541666666667 0.2125 0.6895833333333333 0.3212962962962963 0.6908854166666667 0.3712962962962963 0.6919270833333333 0.3837962962962963 0.6932291666666667 0.3888888888888889 0.6950520833333333 0.39166666666666666 0.6971354166666667 0.39305555555555555 0.7018229166666666 0.39305555555555555 0.7049479166666667 0.3912037037037037 0.7072916666666667 0.3861111111111111 0.7075520833333333 0.37453703703703706 0.7059895833333333 0.34814814814814815 0.70546875 0.32037037037037036 0.70390625 0.3023148148148148 0.7026041666666667 0.27685185185185185 0.70234375 0.2611111111111111 0.7015625 0.25324074074074077 0.7005208333333334 0.21666666666666667 0.6994791666666667 0.20046296296296295 0.69921875 0.17777777777777778 0.7057291666666666 0.16898148148148148 0.70703125 0.16203703703703703 0.70703125 0.15694444444444444 0.7059895833333333 0.15231481481481482 0.7049479166666667 0.15046296296296297 0.7010416666666667 0.14675925925925926 0.69765625 0.14583333333333334
3 0.4122395833333333 0.35648148148148145 0.40911458333333334 0.3537037037037037 0.40859375 0.3527777777777778 0.40598958333333335 0.35138888888888886 0.40520833333333334 0.350462962962963 0.40286458333333336 0.350462962962963 0.3997395833333333 0.3523148148148148 0.39895833333333336 0.3537037037037037 0.3963541666666667 0.35648148148148145 0.3953125 0.35833333333333334 0.3932291666666667 0.36574074074074076 0.3932291666666667 0.37824074074074077 0.39166666666666666 0.38287037037037036 0.38958333333333334 0.3861111111111111 0.38723958333333336 0.3907407407407407 0.38359375 0.39490740740740743 0.3776041666666667 0.40324074074074073 0.3729166666666667 0.40879629629629627 0.3692708333333333 0.4148148148148148 0.3671875 0.4199074074074074 0.36692708333333335 0.42407407407407405 0.36666666666666664 0.42453703703703705 0.36692708333333335 0.42824074074074076 0.3684895833333333 0.4324074074074074 0.37213541666666666 0.4393518518518518 0.3765625 0.4449074074074074 0.37890625 0.44537037037037036 0.37916666666666665 0.44583333333333336 0.3815104166666667 0.44537037037037036 0.38515625 0.44166666666666665 0.39114583333333336 0.4324074074074074 0.3958333333333333 0.42685185185185187 0.40182291666666664 0.4162037037037037 0.40338541666666666 0.4148148148148148 0.4046875 0.41435185185185186 0.4075520833333333 0.4111111111111111 0.40859375 0.4111111111111111 0.40911458333333334 0.41203703703703703 0.4119791666666667 0.41388888888888886 0.41640625 0.4152777777777778 0.41953125 0.412962962962963 0.42239583333333336 0.4078703703703704 0.42578125 0.399537037037037 0.42578125 0.39305555555555555 0.4231770833333333 0.3819444444444444 0.42239583333333336 0.38055555555555554 0.4192708333333333 0.3712962962962963 0.41770833333333335 0.3685185185185185 0.415625 0.36342592592592593 0.41458333333333336 0.36203703703703705 0.41354166666666664 0.3597222222222222 0.41328125 0.35833333333333334
3 0.47760416666666666 0.49583333333333335 0.475 0.4912037037037037 0.4713541666666667 0.48657407407407405 0.46875 0.4861111111111111 0.46848958333333335 0.48564814814814816 0.4661458333333333 0.48564814814814816 0.46380208333333334 0.48703703703703705 0.46067708333333335 0.49027777777777776 0.4591145833333333 0.49398148148148147 0.45625 0.4986111111111111 0.4546875 0.5041666666666667 0.4546875 0.5083333333333333 0.45390625 0.5106481481481482 0.45260416666666664 0.5120370370370371 0.45026041666666666 0.512962962962963 0.44765625 0.5166666666666667 0.44557291666666665 0.5185185185185185 0.44505208333333335 0.5185185185185185 0.4427083333333333 0.5208333333333334 0.44192708333333336 0.5208333333333334 0.43984375 0.5222222222222223 0.4375 0.525 0.43515625 0.5259259259259259 0.42890625 0.5310185185185186 0.4276041666666667 0.5314814814814814 0.42604166666666665 0.5333333333333333 0.4239583333333333 0.5375 0.4239583333333333 0.5458333333333333 0.425 0.5513888888888889 0.425 0.5527777777777778 0.42578125 0.5560185185185185 0.42578125 0.5574074074074075 0.4283854166666667 0.5648148148148148 0.4309895833333333 0.5685185185185185 0.43307291666666664 0.5689814814814815 0.43333333333333335 0.5694444444444444 0.4359375 0.5694444444444444 0.4388020833333333 0.5671296296296297 0.44296875 0.5648148148148148 0.44557291666666665 0.5625 0.44765625 0.5615740740740741 0.44895833333333335 0.5601851851851852 0.45026041666666666 0.5597222222222222 0.45078125 0.5587962962962963 0.4513020833333333 0.5587962962962963 0.45208333333333334 0.5578703703703703 0.4552083333333333 0.5564814814814815 0.45651041666666664 0.5550925925925926 0.46041666666666664 0.5527777777777778 0.46197916666666666 0.5509259259259259 0.4635416666666667 0.5509259259259259 0.4640625 0.5518518518518518 0.46536458333333336 0.5527777777777778 0.46901041666666665 0.5583333333333333 0.4705729166666667 0.5597222222222222 0.4747395833333333 0.5601851851851852 0.475 0.5597222222222222 0.4778645833333333 0.5587962962962963 0.48020833333333335 0.5569444444444445 0.48359375 0.5509259259259259 0.48515625 0.5462962962962963 0.4856770833333333 0.5435185185185185 0.4859375 0.5351851851851852 0.4856770833333333 0.5347222222222222 0.4856770833333333 0.5310185185185186 0.48515625 0.5282407407407408 0.48515625 0.5259259259259259 0.48463541666666665 0.5231481481481481 0.48359375 0.5199074074074074 0.4828125 0.5152777777777777 0.48151041666666666 0.5111111111111111 0.48020833333333335 0.5046296296296297 0.4791666666666667 0.5018518518518519
3 0.4739583333333333 0.5925925925925926 0.47109375 0.5949074074074074 0.46979166666666666 0.5976851851851852 0.46822916666666664 0.6023148148148149 0.46822916666666664 0.6037037037037037 0.4674479166666667 0.6069444444444444 0.46770833333333334 0.6143518518518518 0.46901041666666665 0.6185185185185185 0.46927083333333336 0.6203703703703703 0.4708333333333333 0.6240740740740741 0.47109375 0.625462962962963 0.47213541666666664 0.6273148148148148 0.47239583333333335 0.6291666666666667 0.47109375 0.6337962962962963 0.4708333333333333 0.6398148148148148 0.4703125 0.6430555555555556 0.46875 0.6481481481481481 0.46822916666666664 0.6518518518518519 0.4671875 0.6550925925925926 0.46458333333333335 0.6680555555555555 0.4622395833333333 0.6763888888888889 0.46067708333333335 0.6861111111111111 0.46041666666666664 0.6921296296296297 0.46197916666666666 0.6958333333333333 0.46901041666666665 0.7013888888888888 0.47369791666666666 0.7037037037037037 0.47760416666666666 0.7041666666666667 0.4778645833333333 0.7046296296296296 0.4796875 0.7037037037037037 0.48151041666666666 0.700462962962963 0.4825520833333333 0.6972222222222222 0.48385416666666664 0.6912037037037037 0.48489583333333336 0.6833333333333333 0.48671875 0.6759259259259259 0.4875 0.6699074074074074 0.48854166666666665 0.6652777777777777 0.4895833333333333 0.6625 0.49296875 0.65 0.49375 0.6439814814814815 0.49453125 0.6425925925925926 0.49609375 0.6425925925925926 0.49635416666666665 0.6421296296296296 0.5026041666666666 0.6425925925925926 0.5046875 0.6412037037037037 0.50625 0.637962962962963 0.5083333333333333 0.6291666666666667 0.5083333333333333 0.6203703703703703 0.5065104166666666 0.6148148148148148 0.5018229166666667 0.6101851851851852 0.4979166666666667 0.6050925925925926 0.4947916666666667 0.6023148148148149 0.4908854166666667 0.5995370370370371 0.48333333333333334 0.5953703703703703 0.4825520833333333 0.5944444444444444 0.4796875 0.5939814814814814 0.4778645833333333 0.5930555555555556 0.47604166666666664 0.5930555555555556 0.47578125 0.5925925925925926
4 0.4421875 0.6541666666666667 0.43723958333333335 0.6402777777777777 0.434375 0.6347222222222222 0.4309895833333333 0.6310185185185185 0.4270833333333333 0.6305555555555555 0.4236979166666667 0.6342592592592593 0.42291666666666666 0.6361111111111111 0.42213541666666665 0.6407407407407407 0.42161458333333335 0.6416666666666667 0.4203125 0.6472222222222223 0.4203125 0.65 0.4197916666666667 0.6537037037037037 0.41848958333333336 0.6569444444444444 0.4109375 0.663425925925926 0.40911458333333334 0.6657407407407407 0.4036458333333333 0.6708333333333333 0.40234375 0.6726851851851852 0.3927083333333333 0.6814814814814815 0.38671875 0.687962962962963 0.37890625 0.6944444444444444 0.37552083333333336 0.6981481481481482 0.3736979166666667 0.7013888888888888 0.3729166666666667 0.7037037037037037 0.3731770833333333 0.712037037037037 0.37447916666666664 0.7180555555555556 0.3763020833333333 0.7203703703703703 0.3802083333333333 0.7203703703703703 0.3846354166666667 0.7175925925925926 0.3890625 0.7129629629629629 0.3971354166666667 0.7060185185185185 0.40208333333333335 0.700462962962963 0.4075520833333333 0.6953703703703704 0.41015625 0.6921296296296297 0.4161458333333333 0.687037037037037 0.41953125 0.6824074074074075 0.42473958333333334 0.6782407407407407 0.42552083333333335 0.6782407407407407 0.4265625 0.6773148148148148 0.42864583333333334 0.6773148148148148 0.43046875 0.6787037037037037 0.4328125 0.6828703703703703 0.4359375 0.6851851851851852 0.4401041666666667 0.6833333333333333 0.4427083333333333 0.6787037037037037 0.44375 0.6722222222222223 0.44375 0.663425925925926
4 0.49765625 0.44027777777777777 0.4934895833333333 0.43333333333333335 0.4908854166666667 0.4310185185185185 0.4869791666666667 0.42407407407407405 0.4859375 0.42314814814814816 0.4828125 0.42314814814814816 0.4796875 0.42916666666666664 0.47890625 0.43194444444444446 0.4786458333333333 0.43472222222222223 0.47890625 0.4351851851851852 0.47890625 0.4375 0.47942708333333334 0.4393518518518518 0.47942708333333334 0.44166666666666665 0.47708333333333336 0.4476851851851852 0.47421875 0.45046296296296295 0.46458333333333335 0.4648148148148148 0.45859375 0.47129629629629627 0.453125 0.47962962962962963 0.4513020833333333 0.48148148148148145 0.4471354166666667 0.487962962962963 0.4390625 0.4986111111111111 0.43671875 0.5027777777777778 0.4361979166666667 0.5041666666666667 0.4361979166666667 0.5060185185185185 0.4359375 0.5064814814814815 0.4359375 0.5115740740740741 0.43854166666666666 0.5189814814814815 0.4393229166666667 0.5199074074074074 0.4432291666666667 0.5189814814814815 0.4473958333333333 0.5138888888888888 0.44921875 0.5125 0.45286458333333335 0.5074074074074074 0.45677083333333335 0.4962962962962963 0.46197916666666666 0.4875 0.4661458333333333 0.4842592592592593 0.4713541666666667 0.48333333333333334 0.475 0.4810185185185185 0.4786458333333333 0.47638888888888886 0.48671875 0.462037037037037 0.48984375 0.46111111111111114 0.4934895833333333 0.4671296296296296 0.49557291666666664 0.4685185185185185 0.4981770833333333 0.4689814814814815 0.49973958333333335 0.4675925925925926 0.5013020833333334 0.4652777777777778 0.5020833333333333 0.4625 0.5020833333333333 0.45601851851851855 0.5013020833333334 0.45231481481481484 0.49895833333333334 0.44722222222222224
4 0.45078125 0.7379629629629629 0.44817708333333334 0.7328703703703704 0.4432291666666667 0.7273148148148149 0.4395833333333333 0.725925925925926 0.4356770833333333 0.7287037037037037 0.43411458333333336 0.7314814814814815 0.43359375 0.7342592592592593 0.43359375 0.737037037037037 0.4328125 0.7412037037037037 0.43203125 0.7509259259259259 0.43020833333333336 0.7546296296296297 0.42682291666666666 0.7574074074074074 0.41953125 0.7662037037037037 0.41796875 0.7689814814814815 0.4153645833333333 0.7712962962962963 0.40963541666666664 0.7787037037037037 0.4046875 0.7828703703703703 0.39348958333333334 0.7958333333333333 0.39166666666666666 0.7972222222222223 0.3890625 0.8004629629629629 0.38671875 0.8046296296296296 0.3859375 0.8078703703703703 0.3859375 0.8115740740740741 0.38619791666666664 0.812037037037037 0.38645833333333335 0.8166666666666667 0.3880208333333333 0.8222222222222222 0.3890625 0.8240740740740741 0.39088541666666665 0.825 0.39348958333333334 0.825 0.3958333333333333 0.8231481481481482 0.3984375 0.8199074074074074 0.40390625 0.8148148148148148 0.40651041666666665 0.8111111111111111 0.41640625 0.8009259259259259 0.42161458333333335 0.7944444444444444 0.4276041666666667 0.7888888888888889 0.43072916666666666 0.7847222222222222 0.43359375 0.7819444444444444 0.4393229166666667 0.774074074074074 0.44088541666666664 0.774537037037037 0.44296875 0.7763888888888889 0.44427083333333334 0.7787037037037037 0.4473958333333333 0.7814814814814814 0.45208333333333334 0.7814814814814814 0.4544270833333333 0.7800925925925926 0.4552083333333333 0.7777777777777778 0.45546875 0.7754629629629629 0.4552083333333333 0.7717592592592593 0.45416666666666666 0.7666666666666667 0.4549479166666667 0.762962962962963 0.4549479166666667 0.7583333333333333 0.45286458333333335 0.7458333333333333
4 0.5333333333333333 0.7314814814814815 0.5315104166666667 0.7300925925925926 0.5286458333333334 0.725 0.5247395833333334 0.7217592592592592 0.5234375 0.7212962962962963 0.5216145833333333 0.7189814814814814 0.5192708333333333 0.7175925925925926 0.51640625 0.7175925925925926 0.5140625 0.7199074074074074 0.5127604166666667 0.7236111111111111 0.5130208333333334 0.7314814814814815 0.51484375 0.7398148148148148 0.5145833333333333 0.7444444444444445 0.5140625 0.7462962962962963 0.5083333333333333 0.7564814814814815 0.503125 0.7671296296296296 0.49244791666666665 0.7916666666666666 0.4861979166666667 0.8046296296296296 0.48151041666666666 0.812962962962963 0.4778645833333333 0.8217592592592593 0.478125 0.8287037037037037 0.4828125 0.8379629629629629 0.4859375 0.8393518518518519 0.4869791666666667 0.8388888888888889 0.4895833333333333 0.8361111111111111 0.49583333333333335 0.8236111111111111 0.49661458333333336 0.8212962962962963 0.5036458333333333 0.8078703703703703 0.5109375 0.7921296296296296 0.5177083333333333 0.7796296296296297 0.5190104166666667 0.7759259259259259 0.5234375 0.7680555555555556 0.5247395833333334 0.7638888888888888 0.5255208333333333 0.7625 0.5286458333333334 0.7606481481481482 0.5325520833333334 0.7648148148148148 0.5361979166666667 0.7652777777777777 0.5364583333333334 0.7657407407407407 0.5380208333333333 0.7648148148148148 0.5408854166666667 0.7611111111111111 0.54140625 0.7592592592592593 0.54140625 0.7527777777777778 0.5395833333333333 0.7453703703703703 0.5377604166666666 0.7393518518518518 0.5356770833333333 0.736574074074074
4 0.4903645833333333 0.7041666666666667 0.48880208333333336 0.7037037037037037 0.48854166666666665 0.7041666666666667 0.48671875 0.7041666666666667 0.4856770833333333 0.7050925925925926 0.4828125 0.7111111111111111 0.4817708333333333 0.7148148148148148 0.4791666666666667 0.7208333333333333 0.47630208333333335 0.7291666666666666 0.4752604166666667 0.7310185185185185 0.47369791666666666 0.7361111111111112 0.4669270833333333 0.7518518518518519 0.46119791666666665 0.7680555555555556 0.4588541666666667 0.7759259259259259 0.4546875 0.7847222222222222 0.45234375 0.7912037037037037 0.45078125 0.7935185185185185 0.44817708333333334 0.7935185185185185 0.4440104166666667 0.7902777777777777 0.44244791666666666 0.7902777777777777 0.44088541666666664 0.7916666666666666 0.4393229166666667 0.7944444444444444 0.4388020833333333 0.7962962962962963 0.43802083333333336 0.8013888888888889 0.4388020833333333 0.8046296296296296 0.4401041666666667 0.8078703703703703 0.44609375 0.8171296296296297 0.4596354166666667 0.8337962962962963 0.4622395833333333 0.8351851851851851 0.4635416666666667 0.8347222222222223 0.4661458333333333 0.8319444444444445 0.46796875 0.8282407407407407 0.46875 0.8231481481481482 0.46848958333333335 0.8217592592592593 0.46536458333333336 0.8152777777777778 0.46484375 0.8097222222222222 0.46640625 0.8004629629629629 0.46796875 0.7958333333333333 0.47109375 0.7888888888888889 0.471875 0.7847222222222222 0.47291666666666665 0.7814814814814814 0.4778645833333333 0.7699074074074074 0.47942708333333334 0.7648148148148148 0.484375 0.7541666666666667 0.48671875 0.7481481481481481 0.48802083333333335 0.7435185185185185 0.49453125 0.725925925925926 0.49635416666666665 0.7194444444444444 0.49661458333333336 0.7171296296296297 0.49609375 0.7125 0.49453125 0.7097222222222223 0.49270833333333336 0.7078703703703704
4 0.6302083333333334 0.375 0.6229166666666667 0.37453703703703706 0.62265625 0.375 0.61484375 0.37592592592592594 0.60703125 0.37916666666666665 0.6057291666666667 0.38055555555555554 0.603125 0.3819444444444444 0.6015625 0.38425925925925924 0.60078125 0.3875 0.60078125 0.39444444444444443 0.6013020833333333 0.39675925925925926 0.6028645833333334 0.3990740740740741 0.6067708333333334 0.399537037037037 0.6088541666666667 0.40046296296296297 0.61015625 0.4027777777777778 0.6106770833333334 0.4050925925925926 0.6106770833333334 0.41388888888888886 0.6109375 0.41435185185185186 0.61171875 0.43194444444444446 0.6119791666666666 0.4324074074074074 0.6119791666666666 0.4356481481481482 0.6125 0.4398148148148148 0.6125 0.44537037037037036 0.6127604166666667 0.44583333333333336 0.6127604166666667 0.45046296296296295 0.6130208333333333 0.45092592592592595 0.61328125 0.46064814814814814 0.6135416666666667 0.46111111111111114 0.6138020833333333 0.4708333333333333 0.6140625 0.47129629629629627 0.6140625 0.4773148148148148 0.6143229166666667 0.4777777777777778 0.6143229166666667 0.48148148148148145 0.6145833333333334 0.48194444444444445 0.6145833333333334 0.48564814814814816 0.6153645833333333 0.4930555555555556 0.615625 0.5 0.61640625 0.5050925925925925 0.6184895833333334 0.5092592592592593 0.6192708333333333 0.5097222222222222 0.6234375 0.5097222222222222 0.6276041666666666 0.5083333333333333 0.6302083333333334 0.5046296296296297 0.6307291666666667 0.5023148148148148 0.6307291666666667 0.49907407407407406 0.6309895833333333 0.4986111111111111 0.6307291666666667 0.4837962962962963 0.63046875 0.48333333333333334 0.6302083333333334 0.4736111111111111 0.6299479166666667 0.47314814814814815 0.6299479166666667 0.46944444444444444 0.6296875 0.4689814814814815 0.62890625 0.45416666666666666 0.6283854166666667 0.45 0.6283854166666667 0.4462962962962963 0.6278645833333333 0.44212962962962965 0.6278645833333333 0.43796296296296294 0.6276041666666666 0.4375 0.6268229166666667 0.4162037037037037 0.6265625 0.41574074074074074 0.6265625 0.4111111111111111 0.6260416666666667 0.40694444444444444 0.6260416666666667 0.39814814814814814 0.6263020833333334 0.39675925925925926 0.6278645833333333 0.39444444444444443 0.6309895833333333 0.3939814814814815 0.634375 0.3912037037037037 0.63515625 0.3888888888888889 0.6354166666666666 0.38425925925925924 0.6341145833333334 0.37777777777777777 0.6328125 0.3763888888888889
4 0.6533854166666667 0.3787037037037037 0.6520833333333333 0.38055555555555554 0.65078125 0.38425925925925924 0.65078125 0.38796296296296295 0.6515625 0.39305555555555555 0.6536458333333334 0.3958333333333333 0.6549479166666666 0.3958333333333333 0.6578125 0.39351851851851855 0.6588541666666666 0.39351851851851855 0.6611979166666667 0.3958333333333333 0.6622395833333333 0.3990740740740741 0.6638020833333333 0.4305555555555556 0.6661458333333333 0.4546296296296296 0.66640625 0.4625 0.6671875 0.4666666666666667 0.6671875 0.4689814814814815 0.66875 0.4810185185185185 0.6692708333333334 0.4898148148148148 0.67109375 0.5023148148148148 0.6723958333333333 0.5050925925925925 0.67421875 0.5064814814814815 0.67890625 0.5064814814814815 0.6817708333333333 0.5046296296296297 0.6830729166666667 0.5013888888888889 0.6830729166666667 0.49953703703703706 0.68359375 0.49722222222222223 0.68359375 0.4925925925925926 0.6833333333333333 0.49212962962962964 0.6830729166666667 0.48148148148148145 0.6828125 0.4810185185185185 0.6828125 0.4773148148148148 0.68203125 0.4708333333333333 0.68203125 0.46805555555555556 0.6802083333333333 0.4532407407407407 0.6794270833333333 0.44166666666666665 0.6786458333333333 0.4356481481481482 0.6783854166666666 0.42685185185185187 0.6776041666666667 0.4203703703703704 0.6770833333333334 0.4060185185185185 0.6765625 0.4023148148148148 0.6765625 0.3925925925925926 0.6770833333333334 0.3907407407407407 0.6783854166666666 0.38842592592592595 0.6802083333333333 0.3875 0.6833333333333333 0.387037037037037 0.68515625 0.38564814814814813 0.6856770833333333 0.38101851851851853 0.68515625 0.37546296296296294 0.684375 0.37407407407407406 0.6825520833333333 0.3726851851851852 0.67734375 0.3726851851851852 0.6770833333333334 0.37222222222222223 0.6729166666666667 0.37175925925925923 0.67265625 0.37222222222222223 0.6674479166666667 0.3726851851851852 0.6625 0.375 0.6614583333333334 0.375 0.65703125 0.37777777777777777 0.65546875 0.37777777777777777
4 0.4908854166666667 0.4981481481481482 0.4895833333333333 0.5032407407407408 0.4895833333333333 0.5092592592592593 0.4908854166666667 0.5125 0.4973958333333333 0.5208333333333334 0.49973958333333335 0.5231481481481481 0.5057291666666667 0.5314814814814814 0.5098958333333333 0.5361111111111111 0.51171875 0.5388888888888889 0.5223958333333333 0.5513888888888889 0.5244791666666667 0.5532407407407407 0.52890625 0.5592592592592592 0.5317708333333333 0.5615740740740741 0.5338541666666666 0.5648148148148148 0.5341145833333333 0.5657407407407408 0.5341145833333333 0.5717592592592593 0.53359375 0.5731481481481482 0.5330729166666667 0.5800925925925926 0.53359375 0.5828703703703704 0.534375 0.5847222222222223 0.5369791666666667 0.5884259259259259 0.5395833333333333 0.5898148148148148 0.54140625 0.5898148148148148 0.5432291666666667 0.5884259259259259 0.5447916666666667 0.586574074074074 0.5466145833333333 0.5833333333333334 0.5502604166666667 0.5791666666666667 0.55234375 0.575462962962963 0.55625 0.5666666666666667 0.5578125 0.5597222222222222 0.5580729166666667 0.5541666666666667 0.5583333333333333 0.5537037037037037 0.5583333333333333 0.5453703703703704 0.5572916666666666 0.5412037037037037 0.55625 0.5393518518518519 0.5541666666666667 0.538425925925926 0.55234375 0.538425925925926 0.5471354166666667 0.5421296296296296 0.54140625 0.5430555555555555 0.5403645833333334 0.5421296296296296 0.5385416666666667 0.5388888888888889 0.5361979166666667 0.5365740740740741 0.5328125 0.5319444444444444 0.5322916666666667 0.5319444444444444 0.5291666666666667 0.5291666666666667 0.5205729166666667 0.5199074074074074 0.5174479166666667 0.5152777777777777 0.5002604166666667 0.49537037037037035 0.4973958333333333 0.4935185185185185 0.49375 0.4935185185185185 0.49244791666666665 0.4949074074074074
5 0.41875 0.1 0.41822916666666665 0.10416666666666667 0.41796875 0.10462962962962963 0.41796875 0.10601851851851851 0.41770833333333335 0.10648148148148148 0.41744791666666664 0.1125 0.4171875 0.11296296296296296 0.4171875 0.1162037037037037 0.41692708333333334 0.11666666666666667 0.41692708333333334 0.12129629629629629 0.4166666666666667 0.12175925925925926 0.4166666666666667 0.14351851851851852 0.41692708333333334 0.1439814814814815 0.41692708333333334 0.14907407407407408 0.4171875 0.14953703703703702 0.41770833333333335 0.15601851851851853 0.41822916666666665 0.15833333333333333 0.4197916666666667 0.16157407407407406 0.42109375 0.1625 0.42291666666666666 0.16296296296296298 0.4231770833333333 0.16342592592592592 0.4278645833333333 0.1638888888888889 0.42890625 0.16296296296296298 0.42994791666666665 0.16111111111111112 0.43046875 0.1587962962962963 0.4309895833333333 0.1537037037037037 0.4315104166666667 0.15185185185185185 0.4322916666666667 0.15046296296296297 0.43333333333333335 0.14953703703703702 0.4348958333333333 0.14907407407407408 0.43515625 0.1486111111111111 0.43645833333333334 0.1486111111111111 0.43671875 0.14814814814814814 0.44088541666666664 0.1476851851851852 0.44114583333333335 0.14814814814814814 0.44479166666666664 0.14814814814814814 0.44505208333333335 0.1486111111111111 0.45546875 0.14907407407407408 0.4557291666666667 0.14953703703703702 0.4591145833333333 0.14953703703703702 0.459375 0.15 0.4669270833333333 0.15 0.46875 0.1486111111111111 0.46953125 0.14722222222222223 0.4703125 0.14305555555555555 0.4705729166666667 0.12916666666666668 0.4703125 0.1287037037037037 0.4703125 0.12129629629629629 0.46979166666666666 0.11851851851851852 0.46901041666666665 0.11712962962962963 0.46770833333333334 0.1162037037037037 0.46588541666666666 0.1162037037037037 0.465625 0.11574074074074074 0.45208333333333334 0.11527777777777778 0.4518229166666667 0.11481481481481481 0.446875 0.11481481481481481 0.4466145833333333 0.11435185185185186 0.44192708333333336 0.11435185185185186 0.44166666666666665 0.11388888888888889 0.43385416666666665 0.11342592592592593 0.43255208333333334 0.1125 0.4317708333333333 0.11064814814814815 0.4315104166666667 0.10601851851851851 0.43125 0.10555555555555556 0.43125 0.10092592592592593 0.4309895833333333 0.09953703703703703 0.43020833333333336 0.09814814814814815 0.42890625 0.09722222222222222 0.42291666666666666 0.09675925925925925 0.42265625 0.09722222222222222 0.4203125 0.09722222222222222 0.41953125 0.09814814814814815
5 0.32447916666666665 0.35694444444444445 0.3223958333333333 0.36018518518518516 0.32109375 0.3648148148148148 0.32109375 0.37175925925925923 0.3221354166666667 0.37592592592592594 0.3223958333333333 0.37824074074074077 0.3229166666666667 0.37962962962962965 0.3229166666666667 0.38055555555555554 0.3234375 0.3819444444444444 0.32369791666666664 0.38425925925925924 0.32526041666666666 0.3902777777777778 0.32578125 0.3939814814814815 0.3265625 0.39675925925925926 0.3265625 0.39814814814814814 0.32890625 0.4064814814814815 0.32916666666666666 0.412962962962963 0.32708333333333334 0.41805555555555557 0.3265625 0.4203703703703704 0.3265625 0.42824074074074076 0.3263020833333333 0.4287037037037037 0.3265625 0.44027777777777777 0.328125 0.44722222222222224 0.32916666666666666 0.44907407407407407 0.3302083333333333 0.45 0.334375 0.45231481481481484 0.3424479166666667 0.4532407407407407 0.34270833333333334 0.4527777777777778 0.3458333333333333 0.45231481481481484 0.34609375 0.45185185185185184 0.35 0.45046296296296295 0.35078125 0.449537037037037 0.35208333333333336 0.44907407407407407 0.3536458333333333 0.4476851851851852 0.35625 0.4444444444444444 0.35703125 0.4439814814814815 0.3580729166666667 0.4425925925925926 0.3614583333333333 0.4361111111111111 0.3619791666666667 0.43472222222222223 0.3625 0.43194444444444446 0.3625 0.4300925925925926 0.36276041666666664 0.42962962962962964 0.36276041666666664 0.4273148148148148 0.36302083333333335 0.42685185185185187 0.36302083333333335 0.42083333333333334 0.3606770833333333 0.4101851851851852 0.35911458333333335 0.4074074074074074 0.3578125 0.4060185185185185 0.3572916666666667 0.4060185185185185 0.35651041666666666 0.4050925925925926 0.35260416666666666 0.40370370370370373 0.34921875 0.4013888888888889 0.3484375 0.4013888888888889 0.34739583333333335 0.40046296296296297 0.34609375 0.39814814814814814 0.3458333333333333 0.3962962962962963 0.3453125 0.39490740740740743 0.3453125 0.39351851851851855 0.3424479166666667 0.37824074074074077 0.34010416666666665 0.3712962962962963 0.33984375 0.36898148148148147 0.3385416666666667 0.36435185185185187 0.3385416666666667 0.36342592592592593 0.3380208333333333 0.3625 0.33697916666666666 0.35833333333333334 0.33567708333333335 0.35555555555555557 0.3338541666666667 0.3537037037037037 0.3299479166666667 0.35324074074074074 0.32838541666666665 0.35462962962962963 0.3265625 0.35509259259259257
6 0.34661458333333334 0.1287037037037037 0.3463541666666667 0.12916666666666668 0.3455729166666667 0.12916666666666668 0.3450520833333333 0.12962962962962962 0.34453125 0.13055555555555556 0.34375 0.1310185185185185 0.34270833333333334 0.13240740740740742 0.3421875 0.13240740740740742 0.3416666666666667 0.13333333333333333 0.34088541666666666 0.1337962962962963 0.34036458333333336 0.13472222222222222 0.34010416666666665 0.13472222222222222 0.33958333333333335 0.13564814814814816 0.3385416666666667 0.13657407407407407 0.334375 0.14351851851851852 0.3341145833333333 0.1449074074074074 0.33359375 0.14583333333333334 0.33307291666666666 0.1476851851851852 0.33307291666666666 0.14907407407407408 0.3328125 0.14953703703703702 0.3328125 0.15185185185185185 0.33255208333333336 0.15231481481481482 0.33255208333333336 0.16342592592592592 0.3328125 0.1638888888888889 0.3328125 0.16712962962962963 0.33307291666666666 0.1675925925925926 0.33307291666666666 0.17037037037037037 0.3333333333333333 0.17083333333333334 0.3333333333333333 0.17222222222222222 0.33359375 0.1726851851851852 0.33359375 0.1736111111111111 0.3341145833333333 0.175 0.3341145833333333 0.17592592592592593 0.3346354166666667 0.17777777777777778 0.33645833333333336 0.18101851851851852 0.33645833333333336 0.1814814814814815 0.3380208333333333 0.1837962962962963 0.3385416666666667 0.1837962962962963 0.3411458333333333 0.18611111111111112 0.3416666666666667 0.18611111111111112 0.3424479166666667 0.18703703703703703 0.34296875 0.18703703703703703 0.34453125 0.1884259259259259 0.3453125 0.18981481481481483 0.34661458333333334 0.19074074074074074 0.34713541666666664 0.19166666666666668 0.34869791666666666 0.19305555555555556 0.34921875 0.19305555555555556 0.35 0.19398148148148148 0.35130208333333335 0.19398148148148148 0.3515625 0.19444444444444445 0.35234375 0.19444444444444445 0.35260416666666666 0.19490740740740742 0.3541666666666667 0.19490740740740742 0.35442708333333334 0.19444444444444445 0.3567708333333333 0.19398148148148148 0.3578125 0.19305555555555556 0.35963541666666665 0.19027777777777777 0.36171875 0.1884259259259259 0.36276041666666664 0.1865740740740741 0.36302083333333335 0.1865740740740741 0.3640625 0.18472222222222223 0.36432291666666666 0.18472222222222223 0.36614583333333334 0.1814814814814815 0.36614583333333334 0.18101851851851852 0.36796875 0.17731481481481481 0.36796875 0.1763888888888889 0.36822916666666666 0.17592592592592593 0.36822916666666666 0.17407407407407408 0.3684895833333333 0.1736111111111111 0.3684895833333333 0.17083333333333334 0.36875 0.17037037037037037 0.36875 0.16620370370370371 0.3684895833333333 0.16574074074074074 0.3684895833333333 0.15601851851851853 0.36822916666666666 0.15555555555555556 0.36822916666666666 0.1537037037037037 0.36796875 0.15324074074074073 0.36796875 0.15046296296296297 0.36770833333333336 0.15 0.36770833333333336 0.14814814814814814 0.36744791666666665 0.1476851851851852 0.3671875 0.14537037037037037 0.36666666666666664 0.1439814814814815 0.36666666666666664 0.14305555555555555 0.36614583333333334 0.14212962962962963 0.36614583333333334 0.14166666666666666 0.3645833333333333 0.1388888888888889 0.36354166666666665 0.13796296296296295 0.36171875 0.13518518518518519 0.3611979166666667 0.13518518518518519 0.36041666666666666 0.13425925925925927 0.35963541666666665 0.13425925925925927 0.359375 0.1337962962962963 0.35885416666666664 0.1337962962962963 0.35859375 0.13333333333333333 0.3572916666666667 0.13287037037037036 0.35651041666666666 0.13194444444444445 0.35598958333333336 0.13194444444444445 0.35572916666666665 0.13148148148148148 0.35520833333333335 0.13148148148148148 0.35494791666666664 0.1310185185185185 0.35442708333333334 0.1310185185185185 0.3533854166666667 0.1300925925925926 0.35260416666666666 0.1300925925925926 0.35234375 0.12962962962962962 0.35182291666666665 0.12962962962962962 0.3515625 0.12916666666666668 0.35104166666666664 0.12916666666666668 0.35 0.12824074074074074
6 0.5635416666666667 0.08287037037037037 0.56328125 0.08333333333333333 0.5619791666666667 0.0837962962962963 0.56171875 0.08425925925925926 0.5604166666666667 0.08518518518518518 0.5596354166666667 0.08657407407407407 0.559375 0.08657407407407407 0.5578125 0.08935185185185185 0.5575520833333333 0.08935185185185185 0.5565104166666667 0.09074074074074075 0.55625 0.09074074074074075 0.5546875 0.09351851851851851 0.5546875 0.09398148148148149 0.5541666666666667 0.09490740740740741 0.5541666666666667 0.09537037037037037 0.55390625 0.09583333333333334 0.5533854166666666 0.09814814814814815 0.5528645833333333 0.09907407407407408 0.5528645833333333 0.1 0.55234375 0.10138888888888889 0.55234375 0.10324074074074074 0.5520833333333334 0.1037037037037037 0.5520833333333334 0.10555555555555556 0.5518229166666667 0.10601851851851851 0.5518229166666667 0.10833333333333334 0.5520833333333334 0.1087962962962963 0.5520833333333334 0.1111111111111111 0.55234375 0.11157407407407408 0.55234375 0.11342592592592593 0.5526041666666667 0.11388888888888889 0.5526041666666667 0.11481481481481481 0.5533854166666666 0.11712962962962963 0.5533854166666666 0.11805555555555555 0.55390625 0.11944444444444445 0.55390625 0.12083333333333333 0.5541666666666667 0.12129629629629629 0.5541666666666667 0.12222222222222222 0.5544270833333333 0.12268518518518519 0.5544270833333333 0.12361111111111112 0.5546875 0.12407407407407407 0.5546875 0.12546296296296297 0.5549479166666667 0.1259259259259259 0.5549479166666667 0.12731481481481483 0.5552083333333333 0.12777777777777777 0.5552083333333333 0.1287037037037037 0.55546875 0.12916666666666668 0.55546875 0.12962962962962962 0.5557291666666667 0.1300925925925926 0.5557291666666667 0.1310185185185185 0.5559895833333334 0.13148148148148148 0.5565104166666667 0.1337962962962963 0.55703125 0.13472222222222222 0.55703125 0.13518518518518519 0.5572916666666666 0.13518518518518519 0.5578125 0.1361111111111111 0.5580729166666667 0.1361111111111111 0.5583333333333333 0.13657407407407407 0.5588541666666667 0.13657407407407407 0.5591145833333333 0.13703703703703704 0.56015625 0.13703703703703704 0.5604166666666667 0.1375 0.5619791666666667 0.1375 0.5622395833333333 0.13796296296296295 0.5640625 0.13796296296296295 0.5643229166666667 0.13842592592592592 0.5713541666666667 0.13842592592592592 0.5716145833333334 0.13796296296296295 0.5729166666666666 0.1375 0.5734375 0.13657407407407407 0.5736979166666667 0.13657407407407407 0.5765625 0.13148148148148148 0.5765625 0.1310185185185185 0.578125 0.12824074074074074 0.578125 0.12777777777777777 0.5791666666666667 0.1259259259259259 0.5794270833333334 0.1259259259259259 0.5794270833333334 0.12546296296296297 0.5807291666666666 0.12268518518518519 0.5807291666666666 0.12222222222222222 0.58125 0.12083333333333333 0.58125 0.11990740740740741 0.5815104166666667 0.11944444444444445 0.5815104166666667 0.11851851851851852 0.5817708333333333 0.11805555555555555 0.58203125 0.11574074074074074 0.5822916666666667 0.11527777777777778 0.5822916666666667 0.11388888888888889 0.5825520833333333 0.11342592592592593 0.5822916666666667 0.11296296296296296 0.5822916666666667 0.10787037037037037 0.58203125 0.10740740740740741 0.58203125 0.10601851851851851 0.5817708333333333 0.10555555555555556 0.5817708333333333 0.10416666666666667 0.5815104166666667 0.1037037037037037 0.5815104166666667 0.10231481481481482 0.58125 0.10185185185185185 0.5809895833333333 0.09953703703703703 0.58046875 0.09814814814814815 0.58046875 0.09722222222222222 0.5802083333333333 0.09675925925925925 0.5794270833333334 0.09351851851851851 0.57890625 0.09259259259259259 0.57890625 0.09212962962962963 0.5783854166666667 0.0912037037037037 0.5783854166666667 0.09074074074074075 0.5776041666666667 0.08935185185185185 0.5776041666666667 0.08888888888888889 0.5760416666666667 0.08611111111111111 0.5752604166666667 0.08564814814814815 0.57421875 0.08425925925925926 0.5736979166666667 0.08425925925925926 0.5729166666666666 0.08333333333333333 0.5721354166666667 0.08333333333333333 0.571875 0.08287037037037037 0.5703125 0.08287037037037037 0.5700520833333333 0.0824074074074074 0.5651041666666666 0.0824074074074074 0.56484375 0.08287037037037037
