1 0.18098958333333334 0.42592592592592593 0.17760416666666667 0.43194444444444446 0.17760416666666667 0.4324074074074074 0.17708333333333334 0.43333333333333335 0.17708333333333334 0.4361111111111111 0.17734375 0.43703703703703706 0.17916666666666667 0.44027777777777777 0.18020833333333333 0.4412037037037037 0.18177083333333333 0.44351851851851853 0.18177083333333333 0.4439814814814815 0.1828125 0.44583333333333336 0.1828125 0.4462962962962963 0.18333333333333332 0.44722222222222224 0.18333333333333332 0.4476851851851852 0.18385416666666668 0.4486111111111111 0.184375 0.45046296296296295 0.18697916666666667 0.4550925925925926 0.18802083333333333 0.45601851851851855 0.1890625 0.45787037037037037 0.18932291666666667 0.45787037037037037 0.19140625 0.46064814814814814 0.19166666666666668 0.4615740740740741 0.19166666666666668 0.46296296296296297 0.19140625 0.4634259259259259 0.19140625 0.46435185185185185 0.19088541666666667 0.46620370370370373 0.19088541666666667 0.4675925925925926 0.190625 0.46805555555555556 0.190625 0.47314814814814815 0.19036458333333334 0.4736111111111111 0.19036458333333334 0.47453703703703703 0.19088541666666667 0.47638888888888886 0.19270833333333334 0.4791666666666667 0.19453125 0.48055555555555557 0.19583333333333333 0.4824074074074074 0.19583333333333333 0.4828703703703704 0.196875 0.48518518518518516 0.196875 0.4861111111111111 0.19713541666666667 0.48657407407407405 0.19765625 0.49027777777777776 0.19817708333333334 0.4912037037037037 0.19817708333333334 0.49166666666666664 0.19973958333333333 0.49444444444444446 0.2 0.49444444444444446 0.20052083333333334 0.49537037037037035 0.20130208333333333 0.49537037037037035 0.2015625 0.49583333333333335 0.20572916666666666 0.49583333333333335 0.20598958333333334 0.49537037037037035 0.20651041666666667 0.49537037037037035 0.20807291666666666 0.49398148148148147 0.20859375 0.4930555555555556 0.20963541666666666 0.49212962962962964 0.21223958333333334 0.4875 0.21223958333333334 0.48703703703703705 0.21328125 0.48518518518518516 0.21328125 0.4847222222222222 0.21510416666666668 0.48148148148148145 0.21510416666666668 0.4810185185185185 0.2171875 0.4773148148148148 0.21744791666666666 0.47638888888888886 0.21744791666666666 0.475 0.21770833333333334 0.47453703703703703 0.21744791666666666 0.4740740740740741 0.21744791666666666 0.47175925925925927 0.2171875 0.47129629629629627 0.2171875 0.46944444444444444 0.21640625 0.46805555555555556 0.21640625 0.4675925925925926 0.21614583333333334 0.4675925925925926 0.21432291666666667 0.4648148148148148 0.2140625 0.4648148148148148 0.21354166666666666 0.4638888888888889 0.21328125 0.4638888888888889 0.21276041666666667 0.46296296296296297 0.21171875 0.462037037037037 0.20911458333333333 0.45740740740740743 0.20885416666666667 0.45740740740740743 0.20598958333333334 0.45185185185185184 0.20286458333333332 0.44907407407407407 0.2 0.4439814814814815 0.19973958333333333 0.4439814814814815 0.19791666666666666 0.4412037037037037 0.19635416666666666 0.4398148148148148 0.19583333333333333 0.4398148148148148 0.19505208333333332 0.4388888888888889 0.19453125 0.4388888888888889 0.19244791666666666 0.43703703703703706 0.19088541666666667 0.43472222222222223 0.190625 0.43472222222222223 0.18932291666666667 0.43287037037037035 0.18854166666666666 0.4324074074074074 0.18802083333333333 0.43148148148148147 0.18723958333333332 0.4310185185185185 0.1859375 0.42916666666666664 0.18489583333333334 0.42824074074074076 0.18359375 0.42777777777777776 0.18203125 0.42592592592592593
1 0.10963541666666667 0.575925925925926 0.10885416666666667 0.5787037037037037 0.10885416666666667 0.5800925925925926 0.10859375 0.5805555555555556 0.10885416666666667 0.5814814814814815 0.10885416666666667 0.5851851851851851 0.109375 0.587037037037037 0.1109375 0.5898148148148148 0.1125 0.5912037037037037 0.1140625 0.5935185185185186 0.115625 0.5949074074074074 0.11614583333333334 0.5958333333333333 0.11953125 0.5986111111111111 0.12005208333333334 0.5995370370370371 0.12057291666666667 0.5995370370370371 0.12161458333333333 0.600462962962963 0.12213541666666666 0.6013888888888889 0.12265625 0.6013888888888889 0.12421875 0.6027777777777777 0.12552083333333333 0.6050925925925926 0.12552083333333333 0.6060185185185185 0.12578125 0.6064814814814815 0.12604166666666666 0.6087962962962963 0.1265625 0.6101851851851852 0.12682291666666667 0.6125 0.12760416666666666 0.6152777777777778 0.12786458333333334 0.6152777777777778 0.12942708333333333 0.6175925925925926 0.12994791666666666 0.6175925925925926 0.13020833333333334 0.6180555555555556 0.13098958333333333 0.6180555555555556 0.13125 0.6185185185185185 0.13151041666666666 0.6180555555555556 0.13385416666666666 0.6180555555555556 0.13411458333333334 0.6175925925925926 0.134375 0.6180555555555556 0.13515625 0.6180555555555556 0.13697916666666668 0.6203703703703703 0.13776041666666666 0.6208333333333333 0.13854166666666667 0.6222222222222222 0.14010416666666667 0.6236111111111111 0.140625 0.6236111111111111 0.14166666666666666 0.624537037037037 0.14427083333333332 0.624537037037037 0.14453125 0.6240740740740741 0.14583333333333334 0.6240740740740741 0.14609375 0.6236111111111111 0.14661458333333333 0.6236111111111111 0.14765625 0.6226851851851852 0.14817708333333332 0.6217592592592592 0.1484375 0.6217592592592592 0.15078125 0.6171296296296296 0.15182291666666667 0.6134259259259259 0.15208333333333332 0.6111111111111112 0.15260416666666668 0.6097222222222223 0.15260416666666668 0.6087962962962963 0.15338541666666666 0.6060185185185185 0.15338541666666666 0.6037037037037037 0.15364583333333334 0.6032407407407407 0.15364583333333334 0.5995370370370371 0.153125 0.5986111111111111 0.153125 0.5981481481481481 0.15130208333333334 0.5949074074074074 0.15026041666666667 0.5939814814814814 0.1484375 0.5912037037037037 0.146875 0.5898148148148148 0.14635416666666667 0.5898148148148148 0.14609375 0.5893518518518519 0.14479166666666668 0.5888888888888889 0.14296875 0.587037037037037 0.14244791666666667 0.587037037037037 0.14140625 0.5861111111111111 0.140625 0.5861111111111111 0.14036458333333332 0.5856481481481481 0.13072916666666667 0.5856481481481481 0.13020833333333334 0.5851851851851851 0.12890625 0.5828703703703704 0.12864583333333332 0.5828703703703704 0.12734375 0.5805555555555556 0.12213541666666666 0.575925925925926 0.12161458333333333 0.575925925925926 0.11927083333333334 0.5736111111111111 0.11875 0.5736111111111111 0.11848958333333333 0.5731481481481482 0.11796875 0.5731481481481482 0.11692708333333333 0.5722222222222222 0.11614583333333334 0.5722222222222222 0.11588541666666667 0.5717592592592593 0.1140625 0.5717592592592593 0.11380208333333333 0.5722222222222222 0.11302083333333333 0.5722222222222222 0.11276041666666667 0.5726851851851852 0.11197916666666667 0.5726851851851852 0.11171875 0.5731481481481482 0.11119791666666666 0.5731481481481482 0.11067708333333333 0.5736111111111111
1 0.18151041666666667 0.9425925925925925 0.18151041666666667 0.9550925925925926 0.18229166666666666 0.9574074074074074 0.18333333333333332 0.9583333333333334 0.18385416666666668 0.9583333333333334 0.18411458333333333 0.9587962962962963 0.18515625 0.9587962962962963 0.18541666666666667 0.9592592592592593 0.18645833333333334 0.9592592592592593 0.18671875 0.9587962962962963 0.18828125 0.9587962962962963 0.18854166666666666 0.9583333333333334 0.18932291666666667 0.9583333333333334 0.18958333333333333 0.9578703703703704 0.19296875 0.9578703703703704 0.19322916666666667 0.9583333333333334 0.19375 0.9583333333333334 0.19453125 0.9592592592592593 0.19505208333333332 0.9592592592592593 0.19609375 0.9601851851851851 0.19713541666666667 0.9601851851851851 0.19739583333333333 0.9606481481481481 0.19791666666666666 0.9606481481481481 0.19817708333333334 0.9601851851851851 0.19947916666666668 0.9601851851851851 0.19973958333333333 0.9597222222222223 0.20026041666666666 0.9597222222222223 0.20078125 0.9587962962962963 0.20078125 0.9583333333333334 0.20234375 0.9546296296296296 0.20260416666666667 0.9546296296296296 0.20364583333333333 0.9532407407407407 0.2046875 0.9532407407407407 0.20494791666666667 0.9527777777777777 0.20703125 0.9527777777777777 0.20729166666666668 0.9532407407407407 0.21614583333333334 0.9532407407407407 0.21640625 0.9537037037037037 0.22552083333333334 0.9537037037037037 0.22578125 0.9532407407407407 0.22630208333333332 0.9532407407407407 0.22734375 0.9513888888888888 0.22760416666666666 0.950462962962963 0.22760416666666666 0.9486111111111111 0.22786458333333334 0.9481481481481482 0.22786458333333334 0.9384259259259259 0.22734375 0.9365740740740741 0.2265625 0.9351851851851852 0.22552083333333334 0.9342592592592592 0.22447916666666667 0.9342592592592592 0.22421875 0.9337962962962963 0.22135416666666666 0.9337962962962963 0.22109375 0.9333333333333333 0.22057291666666667 0.9333333333333333 0.2203125 0.9337962962962963 0.21822916666666667 0.9337962962962963 0.21796875 0.9342592592592592 0.21328125 0.9342592592592592 0.21302083333333333 0.9347222222222222 0.20911458333333333 0.9347222222222222 0.20885416666666667 0.9342592592592592 0.20625 0.9342592592592592 0.20598958333333334 0.9337962962962963 0.203125 0.9337962962962963 0.20286458333333332 0.9333333333333333 0.2015625 0.9333333333333333 0.20052083333333334 0.9324074074074075 0.19895833333333332 0.9291666666666667 0.19895833333333332 0.9287037037037037 0.1984375 0.9277777777777778 0.19791666666666666 0.9259259259259259 0.196875 0.925 0.19635416666666666 0.9254629629629629 0.19583333333333333 0.9254629629629629 0.19557291666666668 0.9259259259259259 0.19505208333333332 0.9259259259259259 0.19375 0.9273148148148148 0.18541666666666667 0.9273148148148148 0.18489583333333334 0.9277777777777778 0.18359375 0.9305555555555556 0.18307291666666667 0.9324074074074075 0.18307291666666667 0.9333333333333333 0.18255208333333334 0.9351851851851852 0.18255208333333334 0.9365740740740741 0.18229166666666666 0.937037037037037 0.18229166666666666 0.937962962962963 0.18177083333333333 0.9398148148148148 0.18177083333333333 0.9421296296296297
1 0.259375 0.7444444444444445 0.2591145833333333 0.7444444444444445 0.2578125 0.7430555555555556 0.25729166666666664 0.7430555555555556 0.2559895833333333 0.7416666666666667 0.2546875 0.7416666666666667 0.25442708333333336 0.7412037037037037 0.2513020833333333 0.7412037037037037 0.25 0.7425925925925926 0.24947916666666667 0.7425925925925926 0.24921875 0.7430555555555556 0.2484375 0.7435185185185185 0.24739583333333334 0.7453703703703703 0.24713541666666666 0.7453703703703703 0.24427083333333333 0.750462962962963 0.24427083333333333 0.7509259259259259 0.24322916666666666 0.7527777777777778 0.24322916666666666 0.7532407407407408 0.24270833333333333 0.7541666666666667 0.24244791666666668 0.7555555555555555 0.24088541666666666 0.7592592592592593 0.24088541666666666 0.7597222222222222 0.240625 0.7601851851851852 0.24010416666666667 0.7625 0.23958333333333334 0.763425925925926 0.23958333333333334 0.7643518518518518 0.23880208333333333 0.7666666666666667 0.23880208333333333 0.7703703703703704 0.2390625 0.7708333333333334 0.2390625 0.7731481481481481 0.23932291666666666 0.7736111111111111 0.23932291666666666 0.774537037037037 0.23958333333333334 0.775 0.23958333333333334 0.7763888888888889 0.23984375 0.7768518518518519 0.23984375 0.7773148148148148 0.24036458333333333 0.7787037037037037 0.24036458333333333 0.7796296296296297 0.240625 0.7800925925925926 0.240625 0.7819444444444444 0.23958333333333334 0.7851851851851852 0.23958333333333334 0.7861111111111111 0.23932291666666666 0.7865740740740741 0.2390625 0.7888888888888889 0.23880208333333333 0.7893518518518519 0.23880208333333333 0.7898148148148149 0.23828125 0.7912037037037037 0.23828125 0.7921296296296296 0.23723958333333334 0.7953703703703704 0.23723958333333334 0.7962962962962963 0.23671875 0.7976851851851852 0.23671875 0.7986111111111112 0.23645833333333333 0.799074074074074 0.23645833333333333 0.8004629629629629 0.23619791666666667 0.8009259259259259 0.23619791666666667 0.8041666666666667 0.23645833333333333 0.8046296296296296 0.23645833333333333 0.8074074074074075 0.23723958333333334 0.8092592592592592 0.2375 0.8092592592592592 0.23932291666666666 0.8111111111111111 0.24036458333333333 0.8111111111111111 0.240625 0.8115740740740741 0.24114583333333334 0.8115740740740741 0.24140625 0.8111111111111111 0.24375 0.8111111111111111 0.24401041666666667 0.8106481481481481 0.24479166666666666 0.8101851851851852 0.24609375 0.8078703703703703 0.24895833333333334 0.7972222222222223 0.24973958333333332 0.7953703703703704 0.24973958333333332 0.7944444444444444 0.25 0.7939814814814815 0.25 0.7930555555555555 0.25026041666666665 0.7925925925925926 0.25026041666666665 0.7916666666666666 0.25052083333333336 0.7912037037037037 0.25052083333333336 0.7907407407407407 0.2518229166666667 0.788425925925926 0.2520833333333333 0.788425925925926 0.25390625 0.7865740740740741 0.2552083333333333 0.7861111111111111 0.25625 0.7847222222222222 0.2565104166666667 0.7847222222222222 0.25807291666666665 0.7819444444444444 0.25833333333333336 0.7819444444444444 0.26015625 0.7782407407407408 0.26015625 0.7777777777777778 0.26119791666666664 0.774537037037037 0.26119791666666664 0.7736111111111111 0.26145833333333335 0.7731481481481481 0.26145833333333335 0.7722222222222223 0.26171875 0.7717592592592593 0.26171875 0.7703703703703704 0.26197916666666665 0.7699074074074074 0.26197916666666665 0.7680555555555556 0.26223958333333336 0.7675925925925926 0.2625 0.7643518518518518 0.26276041666666666 0.7638888888888888 0.26276041666666666 0.762962962962963 0.2630208333333333 0.7625 0.2630208333333333 0.7611111111111111 0.26328125 0.7606481481481482 0.26328125 0.7541666666666667 0.2630208333333333 0.7537037037037037 0.2630208333333333 0.7518518518518519 0.26276041666666666 0.7513888888888889 0.2625 0.75 0.26197916666666665 0.7490740740740741 0.26197916666666665 0.7486111111111111 0.26015625 0.7453703703703703 0.2598958333333333 0.7453703703703703
1 0.2864583333333333 0.4925925925925926 0.28619791666666666 0.4930555555555556 0.28541666666666665 0.4930555555555556 0.28515625 0.4935185185185185 0.2838541666666667 0.49398148148148147 0.2828125 0.49537037037037035 0.2825520833333333 0.49537037037037035 0.28125 0.4976851851851852 0.28125 0.4986111111111111 0.28098958333333335 0.49907407407407406 0.28098958333333335 0.5009259259259259 0.28072916666666664 0.5013888888888889 0.28072916666666664 0.5037037037037037 0.28125 0.5050925925925925 0.28125 0.5060185185185185 0.28151041666666665 0.5064814814814815 0.28151041666666665 0.5074074074074074 0.28177083333333336 0.5078703703703704 0.28177083333333336 0.5087962962962963 0.28203125 0.5092592592592593 0.28203125 0.5101851851851852 0.28229166666666666 0.5106481481481482 0.28229166666666666 0.5115740740740741 0.2825520833333333 0.5120370370370371 0.2825520833333333 0.512962962962963 0.2830729166666667 0.5148148148148148 0.2830729166666667 0.5162037037037037 0.2833333333333333 0.5166666666666667 0.28359375 0.5189814814814815 0.2859375 0.5268518518518519 0.2859375 0.5277777777777778 0.28619791666666666 0.5282407407407408 0.28671875 0.5319444444444444 0.2875 0.5342592592592592 0.2875 0.5351851851851852 0.28828125 0.5370370370370371 0.28828125 0.5393518518518519 0.2875 0.5421296296296296 0.2875 0.5435185185185185 0.28671875 0.5453703703703704 0.28671875 0.5458333333333333 0.28515625 0.549074074074074 0.28463541666666664 0.5509259259259259 0.28463541666666664 0.5523148148148148 0.28541666666666665 0.5541666666666667 0.28541666666666665 0.5546296296296296 0.28880208333333335 0.5601851851851852 0.2890625 0.562037037037037 0.28932291666666665 0.5625 0.28932291666666665 0.5643518518518519 0.28958333333333336 0.5648148148148148 0.28958333333333336 0.5666666666666667 0.28984375 0.5671296296296297 0.28984375 0.5685185185185185 0.29010416666666666 0.5689814814814815 0.2903645833333333 0.5722222222222222 0.2908854166666667 0.5731481481481482 0.2908854166666667 0.5736111111111111 0.2911458333333333 0.5736111111111111 0.2916666666666667 0.5745370370370371 0.2921875 0.5745370370370371 0.29322916666666665 0.575462962962963 0.2950520833333333 0.575925925925926 0.2953125 0.575462962962963 0.29583333333333334 0.575462962962963 0.29609375 0.575 0.29661458333333335 0.575 0.296875 0.5745370370370371 0.2989583333333333 0.5736111111111111 0.2994791666666667 0.5726851851851852 0.3026041666666667 0.5699074074074074 0.303125 0.5699074074074074 0.30442708333333335 0.5685185185185185 0.30494791666666665 0.5685185185185185 0.30572916666666666 0.5675925925925925 0.30625 0.5675925925925925 0.3072916666666667 0.5666666666666667 0.3078125 0.5657407407407408 0.30885416666666665 0.5648148148148148 0.309375 0.562962962962963 0.309375 0.562037037037037 0.30963541666666666 0.5615740740740741 0.3098958333333333 0.5583333333333333 0.30833333333333335 0.5527777777777778 0.30703125 0.5504629629629629 0.3067708333333333 0.5504629629629629 0.30546875 0.5476851851851852 0.30416666666666664 0.538425925925926 0.303125 0.5365740740740741 0.303125 0.5361111111111111 0.3028645833333333 0.5361111111111111 0.3020833333333333 0.5347222222222222 0.29973958333333334 0.5328703703703703 0.29921875 0.5319444444444444 0.2981770833333333 0.5310185185185186 0.296875 0.5282407407407408 0.29635416666666664 0.5263888888888889 0.29635416666666664 0.5254629629629629 0.2955729166666667 0.5236111111111111 0.2942708333333333 0.5189814814814815 0.2942708333333333 0.5175925925925926 0.29375 0.5166666666666667 0.29322916666666665 0.5148148148148148 0.29322916666666665 0.5138888888888888 0.29296875 0.513425925925926 0.29296875 0.5125 0.29270833333333335 0.5120370370370371 0.29270833333333335 0.5111111111111111 0.2921875 0.5092592592592593 0.2921875 0.5078703703703704 0.29192708333333334 0.5074074074074074 0.29192708333333334 0.5064814814814815 0.29140625 0.5046296296296297 0.29140625 0.5032407407407408 0.290625 0.5009259259259259 0.290625 0.5 0.2903645833333333 0.49953703703703706 0.29010416666666666 0.4976851851851852 0.28828125 0.49398148148148147 0.28802083333333334 0.49398148148148147 0.2875 0.4930555555555556
1 0.31666666666666665 0.5300925925925926 0.31666666666666665 0.5453703703703704 0.31692708333333336 0.5458333333333333 0.31692708333333336 0.5476851851851852 0.3171875 0.5481481481481482 0.3171875 0.5504629629629629 0.31744791666666666 0.5509259259259259 0.31744791666666666 0.5527777777777778 0.3177083333333333 0.5532407407407407 0.3177083333333333 0.5541666666666667 0.3182291666666667 0.5560185185185185 0.31875 0.5569444444444445 0.32057291666666665 0.5569444444444445 0.32083333333333336 0.5574074074074075 0.3221354166666667 0.5574074074074075 0.3223958333333333 0.5569444444444445 0.3234375 0.5569444444444445 0.32369791666666664 0.5564814814814815 0.32447916666666665 0.5564814814814815 0.32473958333333336 0.5560185185185185 0.32578125 0.5560185185185185 0.3260416666666667 0.5555555555555556 0.32890625 0.5555555555555556 0.32916666666666666 0.5560185185185185 0.3296875 0.5560185185185185 0.3299479166666667 0.5555555555555556 0.33177083333333335 0.5555555555555556 0.33203125 0.5550925925925926 0.3328125 0.5550925925925926 0.3341145833333333 0.5532407407407407 0.3341145833333333 0.5527777777777778 0.33515625 0.5504629629629629 0.33541666666666664 0.5504629629629629 0.33645833333333336 0.549074074074074 0.33697916666666666 0.549074074074074 0.3372395833333333 0.5486111111111112 0.33828125 0.5486111111111112 0.3385416666666667 0.5481481481481482 0.34010416666666665 0.5481481481481482 0.34036458333333336 0.5476851851851852 0.3416666666666667 0.5476851851851852 0.3419270833333333 0.5472222222222223 0.34322916666666664 0.5472222222222223 0.34348958333333335 0.5467592592592593 0.3450520833333333 0.5467592592592593 0.3453125 0.5462962962962963 0.34713541666666664 0.5462962962962963 0.34739583333333335 0.5458333333333333 0.35 0.5458333333333333 0.3502604166666667 0.5453703703703704 0.35182291666666665 0.5453703703703704 0.35208333333333336 0.5449074074074074 0.35442708333333334 0.5449074074074074 0.3546875 0.5444444444444444 0.35911458333333335 0.5444444444444444 0.359375 0.5439814814814815 0.3611979166666667 0.5439814814814815 0.36223958333333334 0.5430555555555555 0.36302083333333335 0.5416666666666666 0.36302083333333335 0.5412037037037037 0.36380208333333336 0.5393518518518519 0.36380208333333336 0.5351851851851852 0.36354166666666665 0.5347222222222222 0.36354166666666665 0.5319444444444444 0.36328125 0.5314814814814814 0.36328125 0.5300925925925926 0.36302083333333335 0.5296296296296297 0.36302083333333335 0.5287037037037037 0.3625 0.5268518518518519 0.3614583333333333 0.525 0.3609375 0.525 0.3606770833333333 0.524537037037037 0.35885416666666664 0.524537037037037 0.35859375 0.524074074074074 0.35520833333333335 0.524074074074074 0.35494791666666664 0.524537037037037 0.3484375 0.524537037037037 0.34817708333333336 0.525 0.34479166666666666 0.525 0.34453125 0.5254629629629629 0.340625 0.5254629629629629 0.34036458333333336 0.525 0.33932291666666664 0.525 0.3390625 0.524537037037037 0.3372395833333333 0.524537037037037 0.33697916666666666 0.524074074074074 0.3341145833333333 0.524074074074074 0.3338541666666667 0.5236111111111111 0.3333333333333333 0.5236111111111111 0.33307291666666666 0.5231481481481481 0.33229166666666665 0.5231481481481481 0.33203125 0.5226851851851851 0.33125 0.5226851851851851 0.33098958333333334 0.5222222222222223 0.32317708333333334 0.5222222222222223 0.32265625 0.5217592592592593 0.3223958333333333 0.5222222222222223 0.3216145833333333 0.5222222222222223 0.32057291666666665 0.5231481481481481 0.31979166666666664 0.5231481481481481 0.31953125 0.5236111111111111 0.3190104166666667 0.5236111111111111 0.31796875 0.525 0.3177083333333333 0.525 0.31744791666666666 0.5259259259259259 0.31744791666666666 0.5268518518518519 0.3171875 0.5273148148148148 0.3171875 0.5282407407407408 0.31692708333333336 0.5287037037037037 0.31692708333333336 0.5296296296296297
1 0.49140625 0.7347222222222223 0.49114583333333334 0.7347222222222223 0.490625 0.7337962962962963 0.4875 0.7310185185185185 0.4869791666666667 0.7310185185185185 0.48671875 0.7305555555555555 0.4859375 0.7305555555555555 0.4856770833333333 0.7300925925925926 0.48541666666666666 0.7305555555555555 0.4830729166666667 0.7305555555555555 0.4828125 0.7310185185185185 0.4822916666666667 0.7310185185185185 0.48125 0.7324074074074074 0.48098958333333336 0.7324074074074074 0.48072916666666665 0.7333333333333333 0.4796875 0.7351851851851852 0.47942708333333334 0.7351851851851852 0.47734375 0.7388888888888889 0.47734375 0.7393518518518518 0.47604166666666664 0.7421296296296296 0.47604166666666664 0.7425925925925926 0.4739583333333333 0.7467592592592592 0.4739583333333333 0.7472222222222222 0.471875 0.7523148148148148 0.471875 0.7555555555555555 0.47213541666666664 0.7560185185185185 0.47213541666666664 0.7574074074074074 0.47239583333333335 0.7578703703703704 0.47239583333333335 0.7601851851851852 0.47265625 0.7606481481481482 0.47265625 0.7685185185185185 0.47239583333333335 0.7694444444444445 0.4713541666666667 0.7712962962962963 0.47109375 0.7712962962962963 0.47109375 0.7717592592592593 0.4703125 0.7731481481481481 0.4700520833333333 0.7731481481481481 0.46953125 0.775 0.46953125 0.7763888888888889 0.46901041666666665 0.7782407407407408 0.46848958333333335 0.7791666666666667 0.46848958333333335 0.7796296296296297 0.46796875 0.7800925925925926 0.4669270833333333 0.7819444444444444 0.46588541666666666 0.7856481481481481 0.46510416666666665 0.7870370370370371 0.46458333333333335 0.7888888888888889 0.46458333333333335 0.7898148148148149 0.46432291666666664 0.7902777777777777 0.4640625 0.7944444444444444 0.46432291666666664 0.7953703703703704 0.4661458333333333 0.7986111111111112 0.4666666666666667 0.799074074074074 0.4674479166666667 0.799074074074074 0.46770833333333334 0.799537037037037 0.46979166666666666 0.799537037037037 0.4700520833333333 0.8 0.4703125 0.799537037037037 0.4708333333333333 0.799537037037037 0.4713541666666667 0.799074074074074 0.47317708333333336 0.7958333333333333 0.4739583333333333 0.7925925925925926 0.47552083333333334 0.7893518518518519 0.47630208333333335 0.7861111111111111 0.47890625 0.7819444444444444 0.47942708333333334 0.7800925925925926 0.48072916666666665 0.7777777777777778 0.48125 0.7773148148148148 0.48203125 0.7773148148148148 0.4822916666666667 0.7768518518518519 0.48489583333333336 0.7768518518518519 0.48515625 0.7763888888888889 0.48671875 0.7763888888888889 0.4875 0.7754629629629629 0.48802083333333335 0.7754629629629629 0.4890625 0.774537037037037 0.4895833333333333 0.7736111111111111 0.48984375 0.7736111111111111 0.49140625 0.7708333333333334 0.49166666666666664 0.7694444444444445 0.49244791666666665 0.7675925925925926 0.49244791666666665 0.7666666666666667 0.49270833333333336 0.7662037037037037 0.49270833333333336 0.7643518518518518 0.49296875 0.7638888888888888 0.49296875 0.7625 0.49322916666666666 0.7620370370370371 0.4934895833333333 0.7597222222222222 0.4940104166666667 0.7578703703703704 0.49505208333333334 0.7555555555555555 0.49505208333333334 0.7550925925925925 0.49609375 0.7532407407407408 0.49635416666666665 0.7523148148148148 0.49635416666666665 0.7458333333333333 0.49583333333333335 0.7439814814814815 0.49375 0.7388888888888889 0.49375 0.7384259259259259
1 0.6127604166666667 0.7273148148148149 0.6125 0.7277777777777777 0.6119791666666666 0.7277777777777777 0.6104166666666667 0.7291666666666666 0.6088541666666667 0.7319444444444444 0.6088541666666667 0.7324074074074074 0.6078125 0.7347222222222223 0.6075520833333333 0.7356481481481482 0.6075520833333333 0.736574074074074 0.6072916666666667 0.737037037037037 0.6072916666666667 0.7379629629629629 0.60703125 0.7384259259259259 0.60703125 0.7486111111111111 0.6072916666666667 0.7490740740740741 0.6072916666666667 0.7518518518518519 0.6075520833333333 0.7523148148148148 0.6075520833333333 0.7601851851851852 0.6078125 0.7606481481481482 0.6078125 0.7620370370370371 0.60859375 0.7638888888888888 0.60859375 0.7643518518518518 0.6091145833333333 0.7652777777777777 0.6091145833333333 0.7657407407407407 0.6109375 0.7689814814814815 0.6111979166666667 0.7689814814814815 0.61171875 0.7699074074074074 0.6119791666666666 0.7699074074074074 0.6125 0.7708333333333334 0.6135416666666667 0.7717592592592593 0.6158854166666666 0.7754629629629629 0.6161458333333333 0.7763888888888889 0.6161458333333333 0.7773148148148148 0.61640625 0.7777777777777778 0.6166666666666667 0.7819444444444444 0.6169270833333333 0.7824074074074074 0.6169270833333333 0.7833333333333333 0.6174479166666667 0.7851851851851852 0.6174479166666667 0.7865740740740741 0.61796875 0.788425925925926 0.6182291666666667 0.7916666666666666 0.6184895833333334 0.7921296296296296 0.6184895833333334 0.7930555555555555 0.61875 0.7935185185185185 0.61875 0.7944444444444444 0.6190104166666667 0.7949074074074074 0.6192708333333333 0.7972222222222223 0.6200520833333333 0.799537037037037 0.6200520833333333 0.8004629629629629 0.6203125 0.8013888888888889 0.6216145833333333 0.8037037037037037 0.621875 0.8037037037037037 0.6223958333333334 0.8046296296296296 0.6231770833333333 0.8046296296296296 0.6234375 0.8050925925925926 0.6236979166666666 0.8046296296296296 0.6265625 0.8046296296296296 0.6268229166666667 0.8041666666666667 0.62734375 0.8041666666666667 0.62890625 0.8027777777777778 0.6302083333333334 0.8004629629629629 0.6302083333333334 0.7981481481481482 0.63046875 0.7976851851851852 0.63046875 0.7925925925925926 0.6302083333333334 0.7921296296296296 0.6302083333333334 0.7898148148148149 0.6299479166666667 0.7893518518518519 0.6299479166666667 0.7875 0.6296875 0.7870370370370371 0.6296875 0.7856481481481481 0.6294270833333333 0.7851851851851852 0.6294270833333333 0.7837962962962963 0.6291666666666667 0.7833333333333333 0.6291666666666667 0.7814814814814814 0.62890625 0.7810185185185186 0.62890625 0.7796296296296297 0.6286458333333333 0.7791666666666667 0.6283854166666667 0.7768518518518519 0.6276041666666666 0.774074074074074 0.6276041666666666 0.7717592592592593 0.62734375 0.7712962962962963 0.62734375 0.7671296296296296 0.6276041666666666 0.7662037037037037 0.6291666666666667 0.763425925925926 0.6291666666666667 0.762962962962963 0.6299479166666667 0.7615740740740741 0.6302083333333334 0.7606481481481482 0.6302083333333334 0.7597222222222222 0.63046875 0.7592592592592593 0.63046875 0.7564814814814815 0.6307291666666667 0.7560185185185185 0.6307291666666667 0.7523148148148148 0.6302083333333334 0.7509259259259259 0.6302083333333334 0.75 0.6294270833333333 0.7472222222222222 0.62890625 0.7462962962962963 0.6278645833333333 0.7425925925925926 0.6278645833333333 0.7416666666666667 0.62734375 0.7402777777777778 0.62734375 0.7393518518518518 0.6268229166666667 0.7375 0.6268229166666667 0.7361111111111112 0.6265625 0.7356481481481482 0.6263020833333334 0.7333333333333333 0.6260416666666667 0.7324074074074074 0.6247395833333333 0.7300925925925926 0.6244791666666667 0.7300925925925926 0.6234375 0.7287037037037037 0.6229166666666667 0.7287037037037037 0.621875 0.7277777777777777 0.62109375 0.7277777777777777 0.6208333333333333 0.7273148148148149 0.6200520833333333 0.7273148148148149 0.6197916666666666 0.7268518518518519 0.6174479166666667 0.7268518518518519 0.6171875 0.7263888888888889 0.6153645833333333 0.7263888888888889 0.6151041666666667 0.7268518518518519 0.6138020833333333 0.7268518518518519 0.6135416666666667 0.7273148148148149
1 0.69375 0.8564814814814815 0.6916666666666667 0.8490740740740741 0.6911458333333333 0.8481481481481481 0.6901041666666666 0.8449074074074074 0.68828125 0.8416666666666667 0.68671875 0.8402777777777778 0.68515625 0.8398148148148148 0.6848958333333334 0.8393518518518519 0.6815104166666667 0.8393518518518519 0.68125 0.8398148148148148 0.68046875 0.8398148148148148 0.6796875 0.8407407407407408 0.6791666666666667 0.8407407407407408 0.6770833333333334 0.8425925925925926 0.6765625 0.8435185185185186 0.6739583333333333 0.8458333333333333 0.6721354166666667 0.8495370370370371 0.6716145833333333 0.8532407407407407 0.6708333333333333 0.8560185185185185 0.6684895833333333 0.8601851851851852 0.6677083333333333 0.8606481481481482 0.6666666666666666 0.862037037037037 0.6661458333333333 0.862037037037037 0.6658854166666667 0.8625 0.6653645833333334 0.8625 0.6643229166666667 0.8634259259259259 0.6635416666666667 0.8634259259259259 0.6625 0.8643518518518518 0.66171875 0.8643518518518518 0.6614583333333334 0.8648148148148148 0.6604166666666667 0.8648148148148148 0.66015625 0.8652777777777778 0.65859375 0.8657407407407407 0.6567708333333333 0.8675925925925926 0.65625 0.8675925925925926 0.6559895833333333 0.8680555555555556 0.65390625 0.8689814814814815 0.6518229166666667 0.8708333333333333 0.6513020833333333 0.8717592592592592 0.6505208333333333 0.8722222222222222 0.6497395833333334 0.8740740740740741 0.6497395833333334 0.875 0.64921875 0.8768518518518519 0.64921875 0.8791666666666667 0.6494791666666667 0.8796296296296297 0.6494791666666667 0.8819444444444444 0.6497395833333334 0.8824074074074074 0.6497395833333334 0.8847222222222222 0.65 0.8851851851851852 0.65 0.8861111111111111 0.65078125 0.887962962962963 0.65078125 0.888425925925926 0.653125 0.8912037037037037 0.6549479166666666 0.8912037037037037 0.65546875 0.8902777777777777 0.6580729166666667 0.887962962962963 0.65859375 0.887962962962963 0.6598958333333333 0.8865740740740741 0.66171875 0.8861111111111111 0.66328125 0.8847222222222222 0.6653645833333334 0.8842592592592593 0.6674479166666667 0.8824074074074074 0.6684895833333333 0.8810185185185185 0.6690104166666667 0.8810185185185185 0.6708333333333333 0.8791666666666667 0.6713541666666667 0.8791666666666667 0.671875 0.8782407407407408 0.6729166666666667 0.8773148148148148 0.6744791666666666 0.8773148148148148 0.6747395833333333 0.8777777777777778 0.6760416666666667 0.8782407407407408 0.6770833333333334 0.8791666666666667 0.6786458333333333 0.8819444444444444 0.68046875 0.8837962962962963 0.6825520833333333 0.8837962962962963 0.6841145833333333 0.8824074074074074 0.68671875 0.8773148148148148 0.68828125 0.8759259259259259 0.6890625 0.8759259259259259 0.6893229166666667 0.875462962962963 0.6901041666666666 0.875462962962963 0.6903645833333333 0.875 0.6911458333333333 0.875 0.69140625 0.874537037037037 0.6927083333333334 0.8740740740740741 0.6940104166666666 0.8722222222222222 0.6940104166666666 0.8717592592592592 0.69453125 0.8708333333333333 0.69453125 0.8680555555555556 0.6947916666666667 0.8675925925925926 0.6947916666666667 0.8634259259259259 0.69453125 0.8629629629629629 0.69453125 0.861574074074074 0.6942708333333333 0.8611111111111112 0.6942708333333333 0.8597222222222223 0.6940104166666666 0.8592592592592593
1 0.7229166666666667 0.9314814814814815 0.7216145833333333 0.9273148148148148 0.7200520833333334 0.924537037037037 0.7197916666666667 0.924537037037037 0.7171875 0.9212962962962963 0.7161458333333334 0.9212962962962963 0.7158854166666667 0.9217592592592593 0.7153645833333333 0.9217592592592593 0.7072916666666667 0.9291666666666667 0.7067708333333333 0.9291666666666667 0.7057291666666666 0.9300925925925926 0.7049479166666667 0.9300925925925926 0.7046875 0.9305555555555556 0.70390625 0.9305555555555556 0.7036458333333333 0.9310185185185185 0.7005208333333334 0.9314814814814815 0.7002604166666667 0.9319444444444445 0.6994791666666667 0.9319444444444445 0.69921875 0.9324074074074075 0.6984375 0.9324074074074075 0.6981770833333333 0.9328703703703703 0.6963541666666667 0.9328703703703703 0.6947916666666667 0.9314814814814815 0.6942708333333333 0.9305555555555556 0.6940104166666666 0.9305555555555556 0.6921875 0.9273148148148148 0.6919270833333333 0.9273148148148148 0.6908854166666667 0.9259259259259259 0.6903645833333333 0.9259259259259259 0.6901041666666666 0.9254629629629629 0.68828125 0.9254629629629629 0.684375 0.9287037037037037 0.6833333333333333 0.9287037037037037 0.6830729166666667 0.9291666666666667 0.6815104166666667 0.9291666666666667 0.68125 0.9296296296296296 0.6807291666666667 0.9296296296296296 0.6778645833333333 0.9324074074074075 0.6776041666666667 0.9342592592592592 0.67734375 0.9347222222222222 0.67734375 0.9444444444444444 0.6776041666666667 0.9449074074074074 0.6776041666666667 0.9476851851851852 0.6778645833333333 0.9481481481481482 0.6778645833333333 0.9495370370370371 0.678125 0.95 0.678125 0.9513888888888888 0.6783854166666666 0.9518518518518518 0.67890625 0.9555555555555556 0.6809895833333334 0.9629629629629629 0.68203125 0.9648148148148148 0.6833333333333333 0.9648148148148148 0.68359375 0.9652777777777778 0.6859375 0.9652777777777778 0.68671875 0.9643518518518519 0.6872395833333333 0.9643518518518519 0.6885416666666667 0.9625 0.6895833333333333 0.962037037037037 0.68984375 0.961574074074074 0.69140625 0.9629629629629629 0.6924479166666667 0.9629629629629629 0.6927083333333334 0.9634259259259259 0.69375 0.9634259259259259 0.6940104166666666 0.9638888888888889 0.6953125 0.9638888888888889 0.6955729166666667 0.9643518518518519 0.6973958333333333 0.9643518518518519 0.6984375 0.9625 0.6984375 0.9611111111111111 0.6986979166666667 0.9606481481481481 0.6986979166666667 0.9597222222222223 0.6984375 0.9592592592592593 0.6984375 0.9541666666666667 0.6994791666666667 0.9518518518518518 0.7005208333333334 0.950925925925926 0.70546875 0.950462962962963 0.7057291666666666 0.95 0.7065104166666667 0.95 0.7067708333333333 0.9495370370370371 0.7080729166666667 0.9495370370370371 0.7083333333333334 0.9490740740740741 0.7119791666666667 0.9486111111111111 0.7122395833333334 0.9481481481481482 0.7130208333333333 0.9481481481481482 0.7140625 0.9472222222222222 0.715625 0.9467592592592593 0.71640625 0.9458333333333333 0.7171875 0.9458333333333333 0.7174479166666666 0.9453703703703704 0.7182291666666667 0.9453703703703704 0.7184895833333333 0.9449074074074074 0.7205729166666667 0.9444444444444444 0.7216145833333333 0.9430555555555555 0.721875 0.9430555555555555 0.72265625 0.9412037037037037 0.72265625 0.9402777777777778 0.7229166666666667 0.9398148148148148 0.7229166666666667 0.937037037037037 0.7231770833333333 0.9365740740740741 0.7231770833333333 0.9328703703703703 0.7229166666666667 0.9324074074074075
1 0.8908854166666667 0.8324074074074074 0.8903645833333333 0.8333333333333334 0.8901041666666667 0.8333333333333334 0.8888020833333333 0.8356481481481481 0.8888020833333333 0.8361111111111111 0.8880208333333334 0.8384259259259259 0.8880208333333334 0.8393518518518519 0.8877604166666667 0.8398148148148148 0.8877604166666667 0.8416666666666667 0.8875 0.8421296296296297 0.8875 0.8481481481481481 0.8877604166666667 0.8486111111111111 0.8877604166666667 0.8523148148148149 0.8880208333333334 0.8527777777777777 0.8880208333333334 0.8555555555555555 0.88828125 0.8560185185185185 0.88828125 0.8578703703703704 0.8885416666666667 0.8583333333333333 0.8885416666666667 0.8592592592592593 0.8888020833333333 0.8597222222222223 0.8888020833333333 0.8611111111111112 0.8890625 0.861574074074074 0.8890625 0.8629629629629629 0.8893229166666666 0.8634259259259259 0.8893229166666666 0.8638888888888889 0.8908854166666667 0.8671296296296296 0.8908854166666667 0.8675925925925926 0.8927083333333333 0.8708333333333333 0.89296875 0.8708333333333333 0.8940104166666667 0.8722222222222222 0.8947916666666667 0.8726851851851852 0.896875 0.875462962962963 0.8981770833333333 0.8763888888888889 0.8994791666666667 0.8787037037037037 0.8994791666666667 0.8791666666666667 0.9 0.8805555555555555 0.9 0.8814814814814815 0.9002604166666667 0.8819444444444444 0.9002604166666667 0.8828703703703704 0.9005208333333333 0.8833333333333333 0.9005208333333333 0.8842592592592593 0.90078125 0.8847222222222222 0.90078125 0.8851851851851852 0.9026041666666667 0.888425925925926 0.9036458333333334 0.8930555555555556 0.9046875 0.8949074074074074 0.9046875 0.8953703703703704 0.9052083333333333 0.8953703703703704 0.90625 0.8972222222222223 0.90625 0.8981481481481481 0.9065104166666667 0.8986111111111111 0.9067708333333333 0.8986111111111111 0.9075520833333334 0.9 0.9083333333333333 0.9 0.90859375 0.9004629629629629 0.9096354166666667 0.9004629629629629 0.9098958333333333 0.9 0.9122395833333333 0.9 0.91328125 0.8981481481481481 0.91328125 0.888425925925926 0.9130208333333333 0.887962962962963 0.9130208333333333 0.8851851851851852 0.9127604166666666 0.8847222222222222 0.9125 0.8824074074074074 0.9119791666666667 0.8814814814814815 0.9114583333333334 0.8791666666666667 0.9111979166666667 0.8787037037037037 0.9106770833333333 0.8787037037037037 0.9098958333333333 0.8773148148148148 0.9098958333333333 0.875462962962963 0.9096354166666667 0.875 0.9096354166666667 0.8722222222222222 0.9098958333333333 0.8717592592592592 0.91015625 0.8703703703703703 0.9114583333333334 0.8675925925925926 0.9114583333333334 0.8666666666666667 0.9130208333333333 0.861574074074074 0.9130208333333333 0.8606481481481482 0.91328125 0.8601851851851852 0.91328125 0.8592592592592593 0.9135416666666667 0.8587962962962963 0.9135416666666667 0.8555555555555555 0.91328125 0.8550925925925926 0.91328125 0.8537037037037037 0.9130208333333333 0.8532407407407407 0.9130208333333333 0.8513888888888889 0.9127604166666666 0.850925925925926 0.9122395833333333 0.8486111111111111 0.9104166666666667 0.8444444444444444 0.9098958333333333 0.8421296296296297 0.909375 0.8412037037037037 0.9091145833333333 0.8398148148148148 0.90859375 0.8388888888888889 0.90859375 0.8384259259259259 0.9078125 0.836574074074074 0.9078125 0.8361111111111111 0.9067708333333333 0.8342592592592593 0.9067708333333333 0.8337962962962963 0.9065104166666667 0.8333333333333334 0.90625 0.8333333333333334 0.9044270833333333 0.8305555555555556 0.90390625 0.8305555555555556 0.9036458333333334 0.8300925925925926 0.9026041666666667 0.8300925925925926 0.90234375 0.8296296296296296 0.9015625 0.8296296296296296 0.9013020833333333 0.8291666666666667 0.9002604166666667 0.8291666666666667 0.9 0.8287037037037037 0.8981770833333333 0.8287037037037037 0.8979166666666667 0.8291666666666667 0.8958333333333334 0.8291666666666667 0.8955729166666667 0.8296296296296296 0.89375 0.8300925925925926 0.8934895833333333 0.8305555555555556 0.89296875 0.8305555555555556 0.8927083333333333 0.8310185185185185
2 0.7127604166666667 0.35509259259259257 0.7013020833333333 0.362962962962963 0.6986979166666667 0.3662037037037037 0.6958333333333333 0.3712962962962963 0.6950520833333333 0.37407407407407406 0.69453125 0.37916666666666665 0.6953125 0.38425925925925924 0.6963541666666667 0.38796296296296295 0.69765625 0.38981481481481484 0.7026041666666667 0.3907407407407407 0.7044270833333334 0.38935185185185184 0.7065104166666667 0.3925925925925926 0.70703125 0.399537037037037 0.7143229166666667 0.44027777777777777 0.7177083333333333 0.4564814814814815 0.7200520833333334 0.4708333333333333 0.7231770833333333 0.4847222222222222 0.72890625 0.5175925925925926 0.7341145833333333 0.5425925925925926 0.73671875 0.5578703703703703 0.7385416666666667 0.5657407407407408 0.7416666666666667 0.575462962962963 0.7434895833333334 0.5787037037037037 0.7481770833333333 0.5796296296296296 0.7526041666666666 0.575925925925926 0.7544270833333333 0.5731481481481482 0.7552083333333334 0.5657407407407408 0.7484375 0.5268518518518519 0.74375 0.5041666666666667 0.7416666666666667 0.49027777777777776 0.7356770833333334 0.46064814814814814 0.7263020833333333 0.40694444444444444 0.72421875 0.3976851851851852 0.7231770833333333 0.38981481481481484 0.721875 0.3861111111111111 0.721875 0.38425925925925924 0.7236979166666667 0.37824074074074077 0.7278645833333334 0.37175925925925923 0.7276041666666667 0.36435185185185187 0.7263020833333333 0.3587962962962963 0.725 0.35648148148148145 0.72109375 0.35509259259259257
2 0.8079322916666667 0.43175 0.7988489583333334 0.43287037037037035 0.7969557291666667 0.4366851851851852 0.7934218749999999 0.44027314814814816 0.7897656249999999 0.4474490740740741 0.7873671874999999 0.4535046296296297 0.7842135416666667 0.4624768518518519 0.7854739583333333 0.47750462962962964 0.79153125 0.48400925925925925 0.8021276041666667 0.47997222222222224 0.8918151041666668 0.5939027777777778 0.8983567708333333 0.588324074074074 0.9012343749999999 0.5799537037037037 0.9012343749999999 0.5720462962962962 0.8128098958333333 0.4557777777777778 0.8149036458333333 0.4385694444444444
2 0.9182369791666667 0.5529768518518519 0.9069895833333333 0.5580925925925926 0.9025416666666667 0.5655370370370371 0.9004479166666666 0.5706527777777778 0.8988802083333333 0.5855324074074074 0.8986171875 0.5925092592592592 0.8988802083333333 0.5999490740740742 0.9035885416666667 0.6078564814814815 0.9171927083333333 0.6027407407407408 0.9190234375 0.6018101851851853 0.9995989583333333 0.6780833333333334 0.9993359374999999 0.6538981481481482 0.926609375 0.5785555555555556 0.9260859375 0.5576296296296296
2 0.4973958333333333 0.43287037037037035 0.4947916666666667 0.44166666666666665 0.49296875 0.45046296296296295 0.4901041666666667 0.45601851851851855 0.48880208333333336 0.462037037037037 0.48802083333333335 0.4689814814814815 0.4901041666666667 0.47314814814814815 0.49375 0.475462962962963 0.4979166666666667 0.4703703703703704 0.5020833333333333 0.4708333333333333 0.5049479166666667 0.47453703703703703 0.5111979166666667 0.48009259259259257 0.5135416666666667 0.48333333333333334 0.5265625 0.49537037037037035 0.5315104166666667 0.5013888888888889 0.5388020833333333 0.5078703703703704 0.5565104166666667 0.5263888888888889 0.5666666666666667 0.5351851851851852 0.5716145833333334 0.5412037037037037 0.5809895833333333 0.549537037037037 0.5838541666666667 0.5532407407407407 0.5950520833333334 0.5638888888888889 0.6 0.5666666666666667 0.6026041666666667 0.5652777777777778 0.60546875 0.5578703703703703 0.6059895833333333 0.5504629629629629 0.6046875 0.5462962962962963 0.6020833333333333 0.5416666666666666 0.5966145833333333 0.5347222222222222 0.5872395833333334 0.5254629629629629 0.5791666666666667 0.5189814814814815 0.5640625 0.5032407407407408 0.5505208333333333 0.49166666666666664 0.5484375 0.4888888888888889 0.5359375 0.47685185185185186 0.5322916666666667 0.4722222222222222 0.52265625 0.4638888888888889 0.5143229166666666 0.45416666666666666 0.51015625 0.45092592592592595 0.5067708333333333 0.449537037037037 0.5057291666666667 0.44722222222222224 0.5072916666666667 0.43472222222222223 0.50625 0.43148148148148147 0.5026041666666666 0.42824074074074076 0.5013020833333334 0.42824074074074076
2 0.12734375 0.362962962962963 0.12578125 0.37222222222222223 0.12578125 0.37916666666666665 0.12734375 0.38287037037037036 0.13020833333333334 0.3861111111111111 0.13125 0.38657407407407407 0.13333333333333333 0.38564814814814813 0.13541666666666666 0.3824074074074074 0.13723958333333333 0.38101851851851853 0.13932291666666666 0.3814814814814815 0.14088541666666668 0.3837962962962963 0.14765625 0.38981481481481484 0.14947916666666666 0.3925925925925926 0.15260416666666668 0.39490740740740743 0.15703125 0.4 0.16041666666666668 0.4023148148148148 0.16510416666666666 0.4078703703703704 0.175 0.41574074074074074 0.178125 0.42083333333333334 0.1828125 0.425 0.18567708333333333 0.42916666666666664 0.19192708333333333 0.4337962962962963 0.19479166666666667 0.43703703703703706 0.19869791666666667 0.4393518518518518 0.20911458333333333 0.45046296296296295 0.2140625 0.4527777777777778 0.215625 0.4550925925925926 0.22552083333333334 0.46435185185185185 0.22838541666666667 0.4685185185185185 0.23255208333333333 0.47175925925925927 0.240625 0.48055555555555557 0.24348958333333334 0.48194444444444445 0.24479166666666666 0.48148148148148145 0.24817708333333333 0.47638888888888886 0.24921875 0.4703703703703704 0.24869791666666666 0.4625 0.24479166666666666 0.45601851851851855 0.23229166666666667 0.4444444444444444 0.22864583333333333 0.4398148148148148 0.22447916666666667 0.43703703703703706 0.22109375 0.43287037037037035 0.2171875 0.4300925925925926 0.20885416666666667 0.42083333333333334 0.19661458333333334 0.4097222222222222 0.18411458333333333 0.4009259259259259 0.16796875 0.38425925925925924 0.15703125 0.37453703703703706 0.15442708333333333 0.36944444444444446 0.14348958333333334 0.3578703703703704 0.14244791666666667 0.3523148148148148 0.14375 0.3449074074074074 0.14296875 0.3425925925925926 0.14114583333333333 0.3425925925925926 0.1390625 0.34444444444444444 0.14088541666666668 0.35 0.14088541666666668 0.35138888888888886 0.1390625 0.3537037037037037 0.13828125 0.35324074074074074 0.13671875 0.34953703703703703 0.13515625 0.3486111111111111 0.13411458333333334 0.35 0.13307291666666668 0.3541666666666667 0.13020833333333334 0.35694444444444445
3 0.16927083333333334 0.3087962962962963 0.16744791666666667 0.31157407407407406 0.165625 0.31342592592592594 0.16458333333333333 0.31527777777777777 0.16380208333333332 0.3175925925925926 0.15911458333333334 0.32546296296296295 0.15078125 0.3375 0.14817708333333332 0.3439814814814815 0.14791666666666667 0.3458333333333333 0.14661458333333333 0.34953703703703703 0.14635416666666667 0.3509259259259259 0.14661458333333333 0.35555555555555557 0.14817708333333332 0.3587962962962963 0.15364583333333334 0.3648148148148148 0.15494791666666666 0.3648148148148148 0.1578125 0.36157407407407405 0.15885416666666666 0.36157407407407405 0.1609375 0.36342592592592593 0.16145833333333334 0.36342592592592593 0.16458333333333333 0.3675925925925926 0.17161458333333332 0.37916666666666665 0.17213541666666668 0.38101851851851853 0.17630208333333333 0.38842592592592595 0.17864583333333334 0.3907407407407407 0.18125 0.39490740740740743 0.18697916666666667 0.4013888888888889 0.1875 0.4013888888888889 0.19114583333333332 0.4041666666666667 0.19401041666666666 0.4046296296296296 0.19661458333333334 0.4023148148148148 0.20286458333333332 0.3907407407407407 0.20338541666666668 0.38842592592592595 0.2046875 0.3851851851851852 0.20546875 0.38055555555555554 0.20598958333333334 0.37916666666666665 0.20598958333333334 0.3768518518518518 0.20546875 0.3736111111111111 0.20234375 0.36527777777777776 0.20130208333333333 0.36342592592592593 0.2 0.36203703703703705 0.19739583333333333 0.3574074074074074 0.19348958333333333 0.3541666666666667 0.18984375 0.34953703703703703 0.18671875 0.34675925925925927 0.18255208333333334 0.34074074074074073 0.17942708333333332 0.33796296296296297 0.17552083333333332 0.3300925925925926 0.17552083333333332 0.3282407407407407 0.17682291666666666 0.3236111111111111 0.17682291666666666 0.3199074074074074 0.1765625 0.3194444444444444 0.1765625 0.31712962962962965 0.17604166666666668 0.31527777777777777 0.17317708333333334 0.3106481481481482 0.17083333333333334 0.3087962962962963
3 0.26796875 0.85 0.26640625 0.8518518518518519 0.26510416666666664 0.8541666666666666 0.2630208333333333 0.8564814814814815 0.26015625 0.862037037037037 0.2591145833333333 0.8648148148148148 0.25885416666666666 0.8703703703703703 0.2591145833333333 0.8712962962962963 0.26015625 0.8731481481481481 0.2609375 0.8736111111111111 0.2630208333333333 0.8773148148148148 0.2630208333333333 0.8777777777777778 0.26536458333333335 0.8805555555555555 0.2677083333333333 0.8847222222222222 0.26848958333333334 0.8851851851851852 0.27109375 0.888425925925926 0.2786458333333333 0.9009259259259259 0.28177083333333336 0.9037037037037037 0.28411458333333334 0.9069444444444444 0.28411458333333334 0.9125 0.28151041666666665 0.9194444444444444 0.28151041666666665 0.9217592592592593 0.28177083333333336 0.9222222222222223 0.28177083333333336 0.9231481481481482 0.2825520833333333 0.9259259259259259 0.28515625 0.9291666666666667 0.2869791666666667 0.9324074074074075 0.2875 0.9328703703703703 0.2903645833333333 0.9324074074074075 0.2911458333333333 0.9314814814814815 0.29296875 0.9277777777777778 0.29322916666666665 0.9277777777777778 0.2950520833333333 0.9231481481481482 0.29635416666666664 0.9208333333333333 0.29765625 0.9194444444444444 0.29973958333333334 0.9157407407407407 0.29973958333333334 0.9152777777777777 0.30078125 0.9138888888888889 0.30234375 0.9097222222222222 0.30390625 0.9069444444444444 0.30494791666666665 0.9032407407407408 0.3059895833333333 0.9018518518518519 0.3067708333333333 0.9 0.3072916666666667 0.8976851851851851 0.30911458333333336 0.8925925925925926 0.30911458333333336 0.8916666666666667 0.309375 0.8912037037037037 0.309375 0.8861111111111111 0.30859375 0.8842592592592593 0.30625 0.8814814814814815 0.3026041666666667 0.8782407407407408 0.30078125 0.8791666666666667 0.2981770833333333 0.8828703703703704 0.29661458333333335 0.8828703703703704 0.29635416666666664 0.8833333333333333 0.2950520833333333 0.8833333333333333 0.2947916666666667 0.8828703703703704 0.2942708333333333 0.8828703703703704 0.28802083333333334 0.875462962962963 0.28567708333333336 0.8717592592592592 0.28541666666666665 0.8717592592592592 0.28359375 0.8680555555555556 0.28229166666666666 0.8666666666666667 0.2794270833333333 0.861574074074074 0.2791666666666667 0.861574074074074 0.27578125 0.8550925925925926 0.27421875 0.8532407407407407 0.27265625 0.850462962962963 0.27109375 0.8490740740740741
3 0.4796875 0.7041666666666667 0.47942708333333334 0.7037037037037037 0.47890625 0.6995370370370371 0.47630208333333335 0.6916666666666667 0.4744791666666667 0.6898148148148148 0.4708333333333333 0.6884259259259259 0.4705729166666667 0.687962962962963 0.46770833333333334 0.687962962962963 0.4669270833333333 0.6875 0.4666666666666667 0.687962962962963 0.465625 0.687962962962963 0.46484375 0.6888888888888889 0.46432291666666664 0.6888888888888889 0.4622395833333333 0.6912037037037037 0.4583333333333333 0.6986111111111111 0.45807291666666666 0.6981481481481482 0.4552083333333333 0.6976851851851852 0.45364583333333336 0.6962962962962963 0.4513020833333333 0.6953703703703704 0.4510416666666667 0.6949074074074074 0.44453125 0.6944444444444444 0.44427083333333334 0.6939814814814815 0.44244791666666666 0.6939814814814815 0.4421875 0.6935185185185185 0.4395833333333333 0.6930555555555555 0.4393229166666667 0.6925925925925925 0.43828125 0.6925925925925925 0.43671875 0.6916666666666667 0.43255208333333334 0.6912037037037037 0.4322916666666667 0.6907407407407408 0.42864583333333334 0.6912037037037037 0.4283854166666667 0.6916666666666667 0.42682291666666666 0.6921296296296297 0.42630208333333336 0.6930555555555555 0.42552083333333335 0.6935185185185185 0.4239583333333333 0.6962962962962963 0.42291666666666666 0.7 0.421875 0.7060185185185185 0.421875 0.7087962962962963 0.42161458333333335 0.7092592592592593 0.42161458333333335 0.712037037037037 0.42135416666666664 0.7125 0.42135416666666664 0.7152777777777778 0.42109375 0.7157407407407408 0.42109375 0.7185185185185186 0.42083333333333334 0.7189814814814814 0.42109375 0.7231481481481481 0.42135416666666664 0.7236111111111111 0.42135416666666664 0.725 0.42239583333333336 0.7268518518518519 0.4270833333333333 0.7296296296296296 0.428125 0.7296296296296296 0.4283854166666667 0.7300925925925926 0.42942708333333335 0.7300925925925926 0.4296875 0.7305555555555555 0.43072916666666666 0.7305555555555555 0.4322916666666667 0.7314814814814815 0.4361979166666667 0.7319444444444444 0.43645833333333334 0.7324074074074074 0.43828125 0.7324074074074074 0.43854166666666666 0.7328703703703704 0.43984375 0.7328703703703704 0.4401041666666667 0.7333333333333333 0.44140625 0.7333333333333333 0.44166666666666665 0.7337962962962963 0.4432291666666667 0.7337962962962963 0.4434895833333333 0.7342592592592593 0.4473958333333333 0.7351851851851852 0.44765625 0.7356481481481482 0.45026041666666666 0.7356481481481482 0.4505208333333333 0.7361111111111112 0.45390625 0.736574074074074 0.4552083333333333 0.7384259259259259 0.45651041666666664 0.7435185185185185 0.45703125 0.7467592592592592 0.45859375 0.749537037037037 0.46328125 0.7523148148148148 0.46510416666666665 0.7527777777777778 0.4661458333333333 0.7537037037037037 0.46953125 0.7537037037037037 0.4703125 0.7532407407407408 0.4713541666666667 0.7513888888888889 0.47604166666666664 0.7388888888888889 0.47682291666666665 0.7347222222222223 0.47760416666666666 0.725 0.47890625 0.7212962962962963 0.4791666666666667 0.7185185185185186 0.47942708333333334 0.7180555555555556 0.47942708333333334 0.7152777777777778 0.4796875 0.7148148148148148
3 0.48984375 0.5657407407407408 0.48671875 0.5638888888888889 0.4856770833333333 0.5643518518518519 0.48359375 0.5708333333333333 0.48072916666666665 0.575 0.4778645833333333 0.5782407407407407 0.47552083333333334 0.5828703703703704 0.47369791666666666 0.5842592592592593 0.47161458333333334 0.5847222222222223 0.4703125 0.5856481481481481 0.46979166666666666 0.587037037037037 0.46822916666666664 0.5893518518518519 0.46588541666666666 0.5907407407407408 0.46458333333333335 0.5921296296296297 0.46328125 0.5925925925925926 0.4627604166666667 0.5935185185185186 0.46145833333333336 0.5944444444444444 0.4596354166666667 0.5972222222222222 0.45859375 0.5972222222222222 0.4583333333333333 0.5976851851851852 0.45807291666666666 0.5972222222222222 0.45546875 0.5967592592592592 0.4546875 0.5958333333333333 0.45286458333333335 0.5921296296296297 0.4510416666666667 0.5907407407407408 0.45 0.5907407407407408 0.44973958333333336 0.5912037037037037 0.4479166666666667 0.5912037037037037 0.44583333333333336 0.5925925925925926 0.4440104166666667 0.5953703703703703 0.4427083333333333 0.5981481481481481 0.44244791666666666 0.5995370370370371 0.4427083333333333 0.6069444444444444 0.4434895833333333 0.6101851851851852 0.44427083333333334 0.611574074074074 0.44557291666666665 0.6157407407407407 0.446875 0.6222222222222222 0.4484375 0.625 0.44947916666666665 0.6291666666666667 0.45026041666666666 0.6305555555555555 0.45416666666666666 0.6425925925925926 0.459375 0.6527777777777778 0.4622395833333333 0.6546296296296297 0.46328125 0.6546296296296297 0.4635416666666667 0.6541666666666667 0.46640625 0.6532407407407408 0.46848958333333335 0.6509259259259259 0.46979166666666666 0.6486111111111111 0.47109375 0.6421296296296296 0.4705729166666667 0.6342592592592593 0.47109375 0.6328703703703704 0.471875 0.6277777777777778 0.47369791666666666 0.625 0.4786458333333333 0.6217592592592592 0.48046875 0.6189814814814815 0.48333333333333334 0.6162037037037037 0.4859375 0.611574074074074 0.49322916666666666 0.6055555555555555 0.4942708333333333 0.6041666666666666 0.4984375 0.5962962962962963 0.49895833333333334 0.5944444444444444 0.4986979166666667 0.5856481481481481 0.4979166666666667 0.5833333333333334 0.496875 0.5814814814814815 0.4953125 0.5768518518518518 0.49322916666666666 0.5731481481481482 0.490625 0.5666666666666667
4 0.3296875 0.763425925925926 0.3294270833333333 0.7638888888888888 0.32734375 0.7643518518518518 0.32473958333333336 0.7662037037037037 0.3229166666666667 0.7685185185185185 0.32109375 0.7699074074074074 0.31796875 0.774074074074074 0.31484375 0.7800925925925926 0.31484375 0.7861111111111111 0.3151041666666667 0.7865740740740741 0.3151041666666667 0.787962962962963 0.31614583333333335 0.7916666666666666 0.31666666666666665 0.7925925925925926 0.31796875 0.7976851851851852 0.3190104166666667 0.799537037037037 0.3203125 0.8009259259259259 0.3234375 0.8023148148148148 0.32421875 0.8041666666666667 0.32447916666666665 0.8092592592592592 0.3255208333333333 0.8143518518518519 0.3255208333333333 0.8162037037037037 0.3265625 0.8222222222222222 0.32734375 0.8305555555555556 0.32760416666666664 0.8310185185185185 0.32760416666666664 0.8324074074074074 0.32864583333333336 0.8384259259259259 0.3294270833333333 0.8472222222222222 0.3296875 0.8476851851851852 0.3302083333333333 0.8532407407407407 0.33046875 0.8537037037037037 0.33046875 0.8550925925925926 0.33151041666666664 0.8611111111111112 0.33151041666666664 0.8629629629629629 0.33255208333333336 0.8689814814814815 0.33359375 0.8731481481481481 0.33489583333333334 0.8759259259259259 0.3372395833333333 0.8782407407407408 0.3385416666666667 0.8782407407407408 0.33880208333333334 0.8777777777777778 0.3419270833333333 0.8768518518518519 0.34401041666666665 0.875 0.3450520833333333 0.8731481481481481 0.3455729166666667 0.8712962962962963 0.3455729166666667 0.8685185185185185 0.3458333333333333 0.8680555555555556 0.3458333333333333 0.862037037037037 0.3455729166666667 0.861574074074074 0.3455729166666667 0.8587962962962963 0.3453125 0.8583333333333333 0.3453125 0.8550925925925926 0.3450520833333333 0.8546296296296296 0.3450520833333333 0.8523148148148149 0.34479166666666666 0.8518518518518519 0.34479166666666666 0.85 0.34427083333333336 0.8476851851851852 0.34401041666666665 0.8430555555555556 0.34375 0.8425925925925926 0.34375 0.8412037037037037 0.34270833333333334 0.8351851851851851 0.3421875 0.8287037037037037 0.34140625 0.825462962962963 0.3411458333333333 0.8217592592592593 0.340625 0.8199074074074074 0.34036458333333336 0.8157407407407408 0.34010416666666665 0.8152777777777778 0.3390625 0.8069444444444445 0.33828125 0.8041666666666667 0.33671875 0.8009259259259259 0.3372395833333333 0.799074074074074 0.3372395833333333 0.7962962962962963 0.3375 0.7953703703703704 0.33958333333333335 0.7921296296296296 0.3421875 0.7870370370370371 0.34322916666666664 0.7833333333333333 0.34322916666666664 0.7787037037037037 0.3424479166666667 0.774537037037037 0.34088541666666666 0.7699074074074074 0.33958333333333335 0.7671296296296296 0.3377604166666667 0.7643518518518518 0.33619791666666665 0.763425925925926 0.33515625 0.763425925925926 0.33489583333333334 0.762962962962963
4 0.17916666666666667 0.43703703703703706 0.17838541666666666 0.4361111111111111 0.17708333333333334 0.4361111111111111 0.17630208333333333 0.43703703703703706 0.17395833333333333 0.43796296296296294 0.17213541666666668 0.44074074074074077 0.17109375 0.44166666666666665 0.16901041666666666 0.44537037037037036 0.16770833333333332 0.44907407407407407 0.16484375 0.4546296296296296 0.16432291666666668 0.4564814814814815 0.16171875 0.4615740740740741 0.16041666666666668 0.4652777777777778 0.15859375 0.4685185185185185 0.15677083333333333 0.4736111111111111 0.15364583333333334 0.47962962962962963 0.15208333333333332 0.48333333333333334 0.15182291666666667 0.4847222222222222 0.14947916666666666 0.48935185185185187 0.14869791666666668 0.49166666666666664 0.14192708333333334 0.5046296296296297 0.13880208333333333 0.5078703703703704 0.1375 0.5078703703703704 0.13541666666666666 0.5064814814814815 0.13385416666666666 0.5064814814814815 0.13125 0.5083333333333333 0.13020833333333334 0.5101851851851852 0.12916666666666668 0.5162037037037037 0.12916666666666668 0.5236111111111111 0.12942708333333333 0.524074074074074 0.12942708333333333 0.5254629629629629 0.13072916666666667 0.5287037037037037 0.13776041666666666 0.5393518518518519 0.14114583333333333 0.5416666666666666 0.1421875 0.5416666666666666 0.14244791666666667 0.5421296296296296 0.14609375 0.5421296296296296 0.14635416666666667 0.5425925925925926 0.14713541666666666 0.5425925925925926 0.14895833333333333 0.5444444444444444 0.15104166666666666 0.5444444444444444 0.15260416666666668 0.5425925925925926 0.15364583333333334 0.5421296296296296 0.15572916666666667 0.5388888888888889 0.15625 0.5370370370370371 0.15651041666666668 0.5314814814814814 0.15625 0.5310185185185186 0.15625 0.5296296296296297 0.15442708333333333 0.524074074074074 0.15442708333333333 0.5222222222222223 0.15494791666666666 0.5203703703703704 0.15546875 0.5162037037037037 0.15755208333333334 0.5115740740740741 0.15911458333333334 0.5064814814814815 0.16510416666666666 0.49444444444444446 0.16796875 0.4875 0.17447916666666666 0.475 0.17604166666666668 0.4708333333333333 0.178125 0.4671296296296296 0.1828125 0.4550925925925926 0.18307291666666667 0.4537037037037037 0.18307291666666667 0.44675925925925924 0.18255208333333334 0.4439814814814815 0.18177083333333333 0.44166666666666665
4 0.11171875 0.5083333333333333 0.1109375 0.5111111111111111 0.1109375 0.5152777777777777 0.11067708333333333 0.5157407407407407 0.1109375 0.5175925925925926 0.11536458333333334 0.5259259259259259 0.11640625 0.5268518518518519 0.11927083333333334 0.5319444444444444 0.12083333333333333 0.5333333333333333 0.12317708333333334 0.5370370370370371 0.1265625 0.5407407407407407 0.12890625 0.5453703703703704 0.13255208333333332 0.549537037037037 0.13515625 0.5541666666666667 0.13645833333333332 0.5555555555555556 0.1375 0.5578703703703703 0.140625 0.5615740740740741 0.14244791666666667 0.5648148148148148 0.14322916666666666 0.5652777777777778 0.14869791666666668 0.5722222222222222 0.15 0.575925925925926 0.15052083333333333 0.5791666666666667 0.15026041666666667 0.5810185185185185 0.1484375 0.5856481481481481 0.1484375 0.5884259259259259 0.14947916666666666 0.5916666666666667 0.15104166666666666 0.5944444444444444 0.1546875 0.5981481481481481 0.1578125 0.5986111111111111 0.1640625 0.5925925925925926 0.16901041666666666 0.5851851851851851 0.17395833333333333 0.5726851851851852 0.17552083333333332 0.5666666666666667 0.17526041666666667 0.5625 0.17395833333333333 0.5597222222222222 0.17135416666666667 0.5574074074074075 0.16927083333333334 0.5546296296296296 0.16875 0.5546296296296296 0.16666666666666666 0.5527777777777778 0.16510416666666666 0.5527777777777778 0.16197916666666667 0.5560185185185185 0.15833333333333333 0.5560185185185185 0.15338541666666666 0.5481481481481482 0.15182291666666667 0.5467592592592593 0.14973958333333334 0.5458333333333333 0.14661458333333333 0.5430555555555555 0.1421875 0.5421296296296296 0.13776041666666666 0.538425925925926 0.13229166666666667 0.5305555555555556 0.13046875 0.5268518518518519 0.12916666666666668 0.5231481481481481 0.12864583333333332 0.5194444444444445 0.1265625 0.5111111111111111 0.12239583333333333 0.5041666666666667 0.11979166666666667 0.5018518518518519 0.11536458333333334 0.5023148148148148
4 0.1484375 0.6888888888888889 0.1484375 0.6925925925925925 0.14973958333333334 0.6967592592592593 0.15390625 0.7018518518518518 0.15572916666666667 0.7027777777777777 0.16692708333333334 0.7125 0.17630208333333333 0.7185185185185186 0.18046875 0.7222222222222222 0.18567708333333333 0.7277777777777777 0.18854166666666666 0.7296296296296296 0.19244791666666666 0.7310185185185185 0.19348958333333333 0.7333333333333333 0.19348958333333333 0.7398148148148148 0.19453125 0.7453703703703703 0.196875 0.7476851851851852 0.19895833333333332 0.7486111111111111 0.20052083333333334 0.75 0.20338541666666668 0.75 0.20364583333333333 0.749537037037037 0.20442708333333334 0.749537037037037 0.20651041666666667 0.7472222222222222 0.21041666666666667 0.7402777777777778 0.2125 0.7356481481481482 0.21380208333333334 0.7319444444444444 0.215625 0.725 0.21614583333333334 0.7194444444444444 0.21640625 0.7189814814814814 0.21640625 0.7106481481481481 0.21614583333333334 0.7097222222222223 0.21510416666666668 0.7078703703703704 0.20885416666666667 0.7023148148148148 0.20520833333333333 0.7023148148148148 0.20442708333333334 0.7027777777777777 0.20260416666666667 0.7055555555555556 0.20208333333333334 0.7074074074074074 0.20078125 0.7097222222222223 0.20026041666666666 0.7101851851851851 0.19661458333333334 0.7101851851851851 0.19270833333333334 0.7064814814814815 0.1921875 0.7064814814814815 0.18984375 0.7041666666666667 0.18802083333333333 0.7032407407407407 0.1859375 0.700925925925926 0.18541666666666667 0.700925925925926 0.18411458333333333 0.6995370370370371 0.17994791666666668 0.6967592592592593 0.17604166666666668 0.6930555555555555 0.17552083333333332 0.6930555555555555 0.16432291666666668 0.6828703703703703 0.16302083333333334 0.6824074074074075 0.16171875 0.6810185185185185 0.15755208333333334 0.6782407407407407 0.15729166666666666 0.6787037037037037 0.15416666666666667 0.6787037037037037 0.15104166666666666 0.6824074074074075 0.14947916666666666 0.6851851851851852
5 0.17916666666666667 0.2740740740740741 0.17890625 0.27824074074074073 0.17838541666666666 0.28055555555555556 0.17838541666666666 0.2847222222222222 0.17864583333333334 0.2851851851851852 0.17864583333333334 0.2898148148148148 0.17838541666666666 0.2902777777777778 0.17838541666666666 0.3037037037037037 0.17864583333333334 0.30416666666666664 0.17864583333333334 0.30694444444444446 0.17890625 0.3074074074074074 0.17942708333333332 0.31527777777777777 0.18072916666666666 0.3226851851851852 0.18229166666666666 0.3263888888888889 0.18255208333333334 0.3277777777777778 0.18411458333333333 0.33055555555555555 0.1859375 0.33194444444444443 0.19296875 0.33240740740740743 0.19609375 0.33055555555555555 0.196875 0.3282407407407407 0.196875 0.3236111111111111 0.19765625 0.3189814814814815 0.19869791666666667 0.31666666666666665 0.20026041666666666 0.31527777777777777 0.20286458333333332 0.3148148148148148 0.203125 0.3143518518518518 0.20494791666666667 0.3143518518518518 0.20520833333333333 0.3138888888888889 0.20807291666666666 0.3138888888888889 0.20833333333333334 0.31342592592592594 0.2140625 0.31342592592592594 0.21432291666666667 0.31296296296296294 0.21822916666666667 0.31296296296296294 0.21848958333333332 0.3125 0.221875 0.3125 0.22213541666666667 0.31203703703703706 0.23151041666666666 0.31203703703703706 0.23177083333333334 0.31157407407407406 0.234375 0.31157407407407406 0.23463541666666668 0.3111111111111111 0.23671875 0.3106481481481482 0.23776041666666667 0.30972222222222223 0.23880208333333333 0.30787037037037035 0.2390625 0.2972222222222222 0.23932291666666666 0.2967592592592593 0.23880208333333333 0.2875 0.23776041666666667 0.2833333333333333 0.23567708333333334 0.2800925925925926 0.23151041666666666 0.2796296296296296 0.23125 0.2800925925925926 0.22916666666666666 0.2800925925925926 0.22890625 0.28055555555555556 0.22395833333333334 0.28055555555555556 0.22369791666666666 0.2810185185185185 0.21536458333333333 0.2810185185185185 0.21510416666666668 0.2814814814814815 0.20963541666666666 0.2814814814814815 0.209375 0.28194444444444444 0.20546875 0.28194444444444444 0.20520833333333333 0.2824074074074074 0.19973958333333333 0.2824074074074074 0.19947916666666668 0.28194444444444444 0.1984375 0.28194444444444444 0.19661458333333334 0.2810185185185185 0.19557291666666668 0.2800925925925926 0.19453125 0.27824074074074073 0.19401041666666666 0.27546296296296297 0.19375 0.2671296296296296 0.19270833333333334 0.26481481481481484 0.190625 0.26435185185185184 0.19036458333333334 0.2638888888888889 0.18828125 0.2638888888888889 0.18802083333333333 0.26342592592592595 0.184375 0.26342592592592595 0.18411458333333333 0.2638888888888889 0.18229166666666666 0.26435185185185184 0.18072916666666666 0.2671296296296296
5 0.74375 0.8319444444444445 0.7403645833333333 0.8314814814814815 0.7395833333333334 0.8328703703703704 0.7385416666666667 0.8356481481481481 0.7377604166666667 0.8388888888888889 0.7348958333333333 0.8467592592592592 0.7302083333333333 0.8574074074074074 0.7296875 0.8597222222222223 0.7276041666666667 0.8643518518518518 0.7234375 0.8759259259259259 0.7223958333333333 0.8777777777777778 0.72109375 0.8814814814814815 0.7197916666666667 0.8819444444444444 0.7166666666666667 0.8791666666666667 0.71484375 0.8787037037037037 0.7138020833333333 0.8777777777777778 0.7127604166666667 0.8777777777777778 0.7122395833333334 0.8782407407407408 0.7083333333333334 0.8861111111111111 0.7072916666666667 0.8907407407407407 0.7072916666666667 0.8925925925925926 0.709375 0.899074074074074 0.7106770833333333 0.9013888888888889 0.71171875 0.9041666666666667 0.7161458333333334 0.9115740740740741 0.7184895833333333 0.9148148148148149 0.72109375 0.9166666666666666 0.7278645833333334 0.9254629629629629 0.7317708333333334 0.9282407407407407 0.734375 0.9282407407407407 0.7346354166666667 0.9277777777777778 0.7356770833333334 0.9277777777777778 0.7361979166666667 0.9273148148148148 0.7369791666666666 0.9259259259259259 0.7372395833333333 0.924537037037037 0.7388020833333333 0.9208333333333333 0.7393229166666667 0.9185185185185185 0.7408854166666666 0.9143518518518519 0.7408854166666666 0.9120370370370371 0.7395833333333334 0.9097222222222222 0.7377604166666667 0.9078703703703703 0.7372395833333333 0.9069444444444444 0.7369791666666666 0.9055555555555556 0.7375 0.8976851851851851 0.7385416666666667 0.8949074074074074 0.7395833333333334 0.8935185185185185 0.740625 0.8912037037037037 0.7411458333333333 0.8888888888888888 0.74296875 0.8847222222222222 0.7455729166666667 0.8773148148148148 0.75 0.8675925925925926 0.75546875 0.8518518518518519 0.75546875 0.8486111111111111 0.7549479166666667 0.8467592592592592 0.7536458333333333 0.8439814814814814 0.7489583333333333 0.8379629629629629 0.74765625 0.837037037037037 0.7453125 0.8342592592592593
6 0.7953125 0.674537037037037 0.7950520833333333 0.675 0.7942708333333334 0.6754629629629629 0.7921875 0.6787037037037037 0.7919270833333333 0.6787037037037037 0.7911458333333333 0.6800925925925926 0.7908854166666667 0.6800925925925926 0.7901041666666667 0.6814814814814815 0.78984375 0.6814814814814815 0.7890625 0.6828703703703703 0.7888020833333333 0.6828703703703703 0.7869791666666667 0.6861111111111111 0.78671875 0.6861111111111111 0.7854166666666667 0.6884259259259259 0.7854166666666667 0.6888888888888889 0.7846354166666667 0.6902777777777778 0.7846354166666667 0.6907407407407408 0.784375 0.6912037037037037 0.784375 0.6935185185185185 0.7841145833333333 0.6939814814814815 0.7841145833333333 0.6972222222222222 0.784375 0.6976851851851852 0.784375 0.6995370370370371 0.7846354166666667 0.7 0.7846354166666667 0.7013888888888888 0.7848958333333333 0.7018518518518518 0.7848958333333333 0.7032407407407407 0.78515625 0.7037037037037037 0.78515625 0.7050925925925926 0.7854166666666667 0.7055555555555556 0.7854166666666667 0.7069444444444445 0.7856770833333333 0.7074074074074074 0.7859375 0.7097222222222223 0.7864583333333334 0.7111111111111111 0.7864583333333334 0.712037037037037 0.7869791666666667 0.7129629629629629 0.7869791666666667 0.7134259259259259 0.7872395833333333 0.7138888888888889 0.7872395833333333 0.7143518518518519 0.7875 0.7148148148148148 0.78828125 0.7180555555555556 0.7888020833333333 0.7189814814814814 0.7888020833333333 0.7194444444444444 0.7895833333333333 0.7208333333333333 0.78984375 0.7208333333333333 0.7903645833333334 0.7217592592592592 0.790625 0.7217592592592592 0.7919270833333333 0.7231481481481481 0.7924479166666667 0.7231481481481481 0.79375 0.7245370370370371 0.7942708333333334 0.7245370370370371 0.79453125 0.725 0.7950520833333333 0.725 0.7953125 0.725462962962963 0.7958333333333333 0.725462962962963 0.79609375 0.725925925925926 0.7966145833333333 0.725925925925926 0.796875 0.7263888888888889 0.7979166666666667 0.7263888888888889 0.7981770833333334 0.7268518518518519 0.8013020833333333 0.7268518518518519 0.8015625 0.7273148148148149 0.8028645833333333 0.7273148148148149 0.803125 0.7268518518518519 0.8046875 0.7268518518518519 0.8049479166666667 0.7263888888888889 0.8059895833333334 0.7263888888888889 0.8078125 0.7245370370370371 0.8083333333333333 0.7245370370370371 0.8088541666666667 0.7236111111111111 0.8096354166666667 0.7231481481481481 0.81015625 0.7222222222222222 0.8104166666666667 0.7222222222222222 0.8109375 0.7212962962962963 0.8111979166666666 0.7212962962962963 0.8125 0.7189814814814814 0.8125 0.7185185185185186 0.8135416666666667 0.7166666666666667 0.8138020833333334 0.7166666666666667 0.8138020833333334 0.7162037037037037 0.8143229166666667 0.7152777777777778 0.8145833333333333 0.7152777777777778 0.81484375 0.7148148148148148 0.81484375 0.7143518518518519 0.8161458333333333 0.712037037037037 0.8161458333333333 0.711574074074074 0.8166666666666667 0.7106481481481481 0.8166666666666667 0.7041666666666667 0.81640625 0.7037037037037037 0.81640625 0.7027777777777777 0.8161458333333333 0.7023148148148148 0.8161458333333333 0.7013888888888888 0.8158854166666667 0.700925925925926 0.8158854166666667 0.7 0.815625 0.6995370370370371 0.815625 0.6986111111111111 0.8153645833333333 0.6981481481481482 0.8153645833333333 0.6972222222222222 0.8151041666666666 0.6967592592592593 0.81484375 0.6944444444444444 0.8143229166666667 0.6930555555555555 0.8143229166666667 0.6921296296296297 0.8140625 0.6916666666666667 0.8138020833333334 0.6893518518518519 0.81328125 0.6884259259259259 0.8130208333333333 0.687037037037037 0.8122395833333333 0.6856481481481481 0.8122395833333333 0.6851851851851852 0.8098958333333334 0.6810185185185185 0.8091145833333333 0.6805555555555556 0.80859375 0.6796296296296296 0.8078125 0.6791666666666667 0.8072916666666666 0.6782407407407407 0.80703125 0.6782407407407407 0.8057291666666667 0.6768518518518518 0.8052083333333333 0.6768518518518518 0.8044270833333333 0.6759259259259259 0.80390625 0.6759259259259259 0.8036458333333333 0.6754629629629629 0.803125 0.6754629629629629 0.8028645833333333 0.675 0.8018229166666667 0.675 0.8015625 0.674537037037037 0.8002604166666667 0.674537037037037 0.8 0.674074074074074 0.7966145833333333 0.674074074074074 0.7963541666666667 0.674537037037037
6 0.5838541666666667 0.29444444444444445 0.5807291666666666 0.29444444444444445 0.5802083333333333 0.29398148148148145 0.5799479166666667 0.29444444444444445 0.5783854166666667 0.29444444444444445 0.578125 0.2949074074074074 0.5768229166666666 0.2949074074074074 0.5765625 0.2953703703703704 0.57578125 0.2953703703703704 0.575 0.2962962962962963 0.5744791666666667 0.2962962962962963 0.5729166666666666 0.29768518518518516 0.5723958333333333 0.29768518518518516 0.5697916666666667 0.3 0.5692708333333333 0.30092592592592593 0.5674479166666667 0.30277777777777776 0.5653645833333333 0.3060185185185185 0.5653645833333333 0.30648148148148147 0.5625 0.31296296296296294 0.5614583333333333 0.31666666666666665 0.5611979166666666 0.3189814814814815 0.5606770833333333 0.32037037037037036 0.5604166666666667 0.32314814814814813 0.56015625 0.3236111111111111 0.56015625 0.325 0.5598958333333334 0.32546296296296295 0.5598958333333334 0.32731481481481484 0.5596354166666667 0.3277777777777778 0.5596354166666667 0.33796296296296297 0.5598958333333334 0.3384259259259259 0.5598958333333334 0.3398148148148148 0.56015625 0.3402777777777778 0.56015625 0.3416666666666667 0.5604166666666667 0.3421296296296296 0.5604166666666667 0.3435185185185185 0.5606770833333333 0.3439814814814815 0.5609375 0.34629629629629627 0.5614583333333333 0.3476851851851852 0.5614583333333333 0.3486111111111111 0.5625 0.3523148148148148 0.5645833333333333 0.35694444444444445 0.5645833333333333 0.3574074074074074 0.5671875 0.36203703703703705 0.5674479166666667 0.36203703703703705 0.56875 0.3638888888888889 0.571875 0.36666666666666664 0.5734375 0.36712962962962964 0.5736979166666667 0.3675925925925926 0.5744791666666667 0.3675925925925926 0.5755208333333334 0.3685185185185185 0.58203125 0.3685185185185185 0.5822916666666667 0.3680555555555556 0.5846354166666666 0.3680555555555556 0.5848958333333333 0.3675925925925926 0.5856770833333333 0.3675925925925926 0.5859375 0.36712962962962964 0.58671875 0.36712962962962964 0.5869791666666667 0.36666666666666664 0.5890625 0.36574074074074076 0.590625 0.36435185185185187 0.5911458333333334 0.36342592592592593 0.5919270833333333 0.362962962962963 0.59453125 0.3587962962962963 0.5947916666666667 0.3587962962962963 0.5950520833333334 0.3578703703703704 0.5981770833333333 0.35185185185185186 0.6005208333333333 0.3449074074074074 0.6005208333333333 0.3439814814814815 0.6010416666666667 0.3421296296296296 0.6010416666666667 0.34074074074074073 0.6013020833333333 0.3402777777777778 0.6013020833333333 0.3384259259259259 0.6015625 0.33796296296296297 0.6015625 0.3351851851851852 0.6018229166666667 0.3347222222222222 0.6018229166666667 0.3277777777777778 0.6015625 0.32731481481481484 0.6015625 0.32314814814814813 0.6013020833333333 0.3226851851851852 0.6010416666666667 0.3194444444444444 0.6005208333333333 0.31805555555555554 0.6005208333333333 0.31712962962962965 0.6 0.31574074074074077 0.6 0.3148148148148148 0.5994791666666667 0.3138888888888889 0.5986979166666667 0.3111111111111111 0.5942708333333333 0.30277777777777776 0.5940104166666667 0.30277777777777776 0.5927083333333333 0.30092592592592593 0.5880208333333333 0.2967592592592593 0.5864583333333333 0.2962962962962963 0.5861979166666667 0.29583333333333334 0.5856770833333333 0.29583333333333334
6 0.5947916666666667 0.6236111111111111 0.59453125 0.6240740740740741 0.5932291666666667 0.6240740740740741 0.59296875 0.624537037037037 0.5919270833333333 0.624537037037037 0.5916666666666667 0.625 0.5911458333333334 0.625 0.5908854166666667 0.625462962962963 0.5895833333333333 0.6259259259259259 0.5888020833333333 0.6268518518518519 0.58828125 0.6268518518518519 0.5856770833333333 0.6291666666666667 0.58515625 0.6300925925925925 0.584375 0.6305555555555555 0.5828125 0.6333333333333333 0.5825520833333333 0.6333333333333333 0.58203125 0.6342592592592593 0.58203125 0.6347222222222222 0.5809895833333333 0.6365740740740741 0.58046875 0.638425925925926 0.5796875 0.6398148148148148 0.5778645833333333 0.6462962962962963 0.5778645833333333 0.6472222222222223 0.57734375 0.649074074074074 0.57734375 0.6509259259259259 0.5770833333333333 0.6513888888888889 0.5770833333333333 0.6541666666666667 0.5768229166666666 0.6546296296296297 0.5768229166666666 0.6578703703703703 0.5770833333333333 0.6583333333333333 0.5770833333333333 0.6620370370370371 0.57734375 0.6625 0.57734375 0.6638888888888889 0.5776041666666667 0.6643518518518519 0.5776041666666667 0.6657407407407407 0.5778645833333333 0.6662037037037037 0.5778645833333333 0.6671296296296296 0.5794270833333334 0.6722222222222223 0.5817708333333333 0.6768518518518518 0.5817708333333333 0.6773148148148148 0.5846354166666666 0.6814814814814815 0.5854166666666667 0.6819444444444445 0.5859375 0.6828703703703703 0.58671875 0.6833333333333333 0.5877604166666667 0.6847222222222222 0.5890625 0.6851851851851852 0.58984375 0.6861111111111111 0.5903645833333333 0.6861111111111111 0.5911458333333334 0.687037037037037 0.5919270833333333 0.687037037037037 0.5921875 0.6875 0.59453125 0.6875 0.5947916666666667 0.687962962962963 0.5997395833333333 0.687962962962963 0.6 0.6875 0.6013020833333333 0.6875 0.6015625 0.687037037037037 0.6026041666666667 0.687037037037037 0.6028645833333334 0.6865740740740741 0.6036458333333333 0.6865740740740741 0.6044270833333333 0.6856481481481481 0.6049479166666667 0.6856481481481481 0.6075520833333333 0.6833333333333333 0.6080729166666666 0.6824074074074075 0.6091145833333333 0.6814814814814815 0.6125 0.6754629629629629 0.6125 0.675 0.6130208333333333 0.674074074074074 0.6130208333333333 0.6736111111111112 0.6143229166666667 0.6703703703703704 0.6143229166666667 0.6694444444444444 0.61484375 0.6675925925925926 0.61484375 0.6662037037037037 0.6153645833333333 0.6643518518518519 0.6153645833333333 0.6625 0.615625 0.6620370370370371 0.615625 0.6578703703703703 0.6158854166666666 0.6574074074074074 0.6158854166666666 0.6546296296296297 0.615625 0.6541666666666667 0.615625 0.65 0.6153645833333333 0.649537037037037 0.6153645833333333 0.6481481481481481 0.6151041666666667 0.6476851851851851 0.6151041666666667 0.6467592592592593 0.61484375 0.6462962962962963 0.6145833333333334 0.6439814814814815 0.6135416666666667 0.6402777777777777 0.6122395833333333 0.6375 0.6122395833333333 0.6370370370370371 0.6096354166666667 0.6324074074074074 0.609375 0.6324074074074074 0.6083333333333333 0.6305555555555555 0.6080729166666666 0.6305555555555555 0.6067708333333334 0.6287037037037037 0.6041666666666666 0.6263888888888889 0.6036458333333333 0.6263888888888889 0.6028645833333334 0.625462962962963 0.6020833333333333 0.625462962962963 0.6018229166666667 0.625 0.6013020833333333 0.625 0.6010416666666667 0.624537037037037 0.6002604166666666 0.624537037037037 0.6 0.6240740740740741 0.5986979166666667 0.6240740740740741 0.5984375 0.6236111111111111
6 0.42682291666666666 0.4935185185185185 0.42604166666666665 0.49444444444444446 0.42552083333333335 0.49444444444444446 0.421875 0.4976851851851852 0.42109375 0.49907407407407406 0.42083333333333334 0.49907407407407406 0.41901041666666666 0.5023148148148148 0.41901041666666666 0.5027777777777778 0.41848958333333336 0.5037037037037037 0.41848958333333336 0.5041666666666667 0.41796875 0.5050925925925925 0.41796875 0.5055555555555555 0.41744791666666664 0.5064814814814815 0.4171875 0.5078703703703704 0.41640625 0.5097222222222222 0.4161458333333333 0.5120370370370371 0.415625 0.513425925925926 0.415625 0.5143518518518518 0.41510416666666666 0.5162037037037037 0.41510416666666666 0.5185185185185185 0.41484375 0.5189814814814815 0.41484375 0.5259259259259259 0.41510416666666666 0.5263888888888889 0.41510416666666666 0.5291666666666667 0.4153645833333333 0.5296296296296297 0.4153645833333333 0.5310185185185186 0.4161458333333333 0.5337962962962963 0.41640625 0.5361111111111111 0.41744791666666664 0.5398148148148149 0.41796875 0.5407407407407407 0.41848958333333336 0.5425925925925926 0.4192708333333333 0.5439814814814815 0.4192708333333333 0.5444444444444444 0.4203125 0.5462962962962963 0.4203125 0.5467592592592593 0.42161458333333335 0.549074074074074 0.421875 0.549074074074074 0.42291666666666666 0.5509259259259259 0.4239583333333333 0.5518518518518518 0.42473958333333334 0.5532407407407407 0.42734375 0.5555555555555556 0.428125 0.5555555555555556 0.4283854166666667 0.5560185185185185 0.42994791666666665 0.5560185185185185 0.43020833333333336 0.5564814814814815 0.4401041666666667 0.5564814814814815 0.44036458333333334 0.5560185185185185 0.44166666666666665 0.5555555555555556 0.4432291666666667 0.5541666666666667 0.44427083333333334 0.5523148148148148 0.44453125 0.5523148148148148 0.44557291666666665 0.5504629629629629 0.44583333333333336 0.5504629629629629 0.44817708333333334 0.5462962962962963 0.44817708333333334 0.5458333333333333 0.44895833333333335 0.5444444444444444 0.44895833333333335 0.5439814814814815 0.44973958333333336 0.5425925925925926 0.44973958333333336 0.5421296296296296 0.45078125 0.5398148148148149 0.45208333333333334 0.5351851851851852 0.45208333333333334 0.5342592592592592 0.45260416666666664 0.5324074074074074 0.45260416666666664 0.5305555555555556 0.45286458333333335 0.5300925925925926 0.45286458333333335 0.5208333333333334 0.45260416666666664 0.5203703703703704 0.45260416666666664 0.5180555555555556 0.45234375 0.5175925925925926 0.45234375 0.5162037037037037 0.4510416666666667 0.5115740740740741 0.4505208333333333 0.5106481481481482 0.45 0.5083333333333333 0.44947916666666665 0.5074074074074074 0.44947916666666665 0.5069444444444444 0.4479166666666667 0.5041666666666667 0.4479166666666667 0.5037037037037037 0.44635416666666666 0.5009259259259259 0.44635416666666666 0.500462962962963 0.4440104166666667 0.49722222222222223 0.44088541666666664 0.49444444444444446 0.44036458333333334 0.49444444444444446 0.4393229166666667 0.4935185185185185 0.43854166666666666 0.4935185185185185 0.4375 0.4925925925925926 0.43671875 0.4925925925925926 0.43645833333333334 0.49212962962962964 0.43515625 0.49212962962962964 0.4348958333333333 0.49166666666666664 0.4317708333333333 0.49166666666666664 0.4315104166666667 0.49212962962962964 0.42994791666666665 0.49212962962962964 0.4296875 0.4925925925925926 0.42864583333333334 0.4925925925925926 0.4283854166666667 0.4930555555555556 0.4276041666666667 0.4930555555555556 0.42734375 0.4935185185185185
6 0.2713541666666667 0.6875 0.2671875 0.6912037037037037 0.2638020833333333 0.6972222222222222 0.2638020833333333 0.6976851851851852 0.26328125 0.6986111111111111 0.26171875 0.7041666666666667 0.26171875 0.7055555555555556 0.26145833333333335 0.7060185185185185 0.26145833333333335 0.7078703703703704 0.26119791666666664 0.7083333333333334 0.26119791666666664 0.7111111111111111 0.2609375 0.711574074074074 0.2609375 0.7148148148148148 0.26119791666666664 0.7152777777777778 0.26119791666666664 0.7199074074074074 0.26145833333333335 0.7203703703703703 0.26171875 0.7245370370370371 0.26197916666666665 0.725 0.26197916666666665 0.725925925925926 0.2630208333333333 0.7296296296296296 0.2635416666666667 0.7305555555555555 0.2640625 0.7324074074074074 0.2682291666666667 0.7402777777777778 0.26848958333333334 0.7402777777777778 0.26979166666666665 0.7421296296296296 0.2734375 0.7453703703703703 0.27395833333333336 0.7453703703703703 0.2755208333333333 0.7467592592592592 0.27630208333333334 0.7467592592592592 0.2765625 0.7472222222222222 0.27838541666666666 0.7472222222222222 0.2786458333333333 0.7476851851851852 0.2833333333333333 0.7476851851851852 0.28359375 0.7472222222222222 0.28463541666666664 0.7472222222222222 0.28489583333333335 0.7467592592592592 0.28567708333333336 0.7467592592592592 0.2859375 0.7462962962962963 0.28671875 0.7462962962962963 0.2869791666666667 0.7458333333333333 0.2875 0.7458333333333333 0.2890625 0.7444444444444445 0.28958333333333336 0.7435185185185185 0.2908854166666667 0.7425925925925926 0.29140625 0.7416666666666667 0.2916666666666667 0.7416666666666667 0.2953125 0.7351851851851852 0.2953125 0.7347222222222223 0.29583333333333334 0.7337962962962963 0.29583333333333334 0.7333333333333333 0.29635416666666664 0.7324074074074074 0.296875 0.7305555555555555 0.296875 0.7296296296296296 0.29739583333333336 0.7282407407407407 0.29739583333333336 0.7273148148148149 0.29765625 0.7268518518518519 0.29765625 0.725925925925926 0.2981770833333333 0.7240740740740741 0.2981770833333333 0.7222222222222222 0.2984375 0.7217592592592592 0.2984375 0.7194444444444444 0.2986979166666667 0.7189814814814814 0.2986979166666667 0.7166666666666667 0.2984375 0.7162037037037037 0.2984375 0.7111111111111111 0.2981770833333333 0.7106481481481481 0.2981770833333333 0.7092592592592593 0.29791666666666666 0.7087962962962963 0.29765625 0.7064814814814815 0.29661458333333335 0.7027777777777777 0.29609375 0.7018518518518518 0.2955729166666667 0.7 0.29140625 0.6925925925925925 0.2911458333333333 0.6925925925925925 0.2903645833333333 0.6912037037037037 0.2877604166666667 0.6888888888888889 0.2872395833333333 0.6888888888888889 0.28619791666666666 0.687962962962963 0.28541666666666665 0.687962962962963 0.284375 0.687037037037037 0.2833333333333333 0.687037037037037 0.2830729166666667 0.6865740740740741 0.28151041666666665 0.6865740740740741 0.28125 0.6861111111111111 0.27890625 0.6861111111111111 0.2786458333333333 0.6856481481481481 0.27838541666666666 0.6861111111111111 0.275 0.6861111111111111 0.2747395833333333 0.6865740740740741 0.27369791666666665 0.6865740740740741 0.2734375 0.687037037037037 0.2721354166666667 0.687037037037037 0.271875 0.6875
