1 0.1140625 0.8634259259259259 0.1140625 0.8648148148148148 0.11484375 0.8662037037037037 0.11536458333333334 0.8666666666666667 0.11588541666666667 0.8666666666666667 0.11614583333333334 0.8671296296296296 0.11666666666666667 0.8671296296296296 0.11692708333333333 0.8675925925925926 0.11744791666666667 0.8675925925925926 0.11770833333333333 0.8680555555555556 0.11822916666666666 0.8680555555555556 0.11901041666666666 0.8689814814814815 0.11953125 0.8689814814814815 0.12109375 0.8703703703703703 0.12265625 0.8726851851851852 0.12291666666666666 0.8726851851851852 0.12395833333333334 0.8740740740740741 0.12447916666666667 0.8740740740740741 0.12473958333333333 0.874537037037037 0.12578125 0.874537037037037 0.12604166666666666 0.875 0.12708333333333333 0.875 0.12734375 0.875462962962963 0.12786458333333334 0.875462962962963 0.128125 0.8759259259259259 0.12864583333333332 0.8759259259259259 0.12890625 0.8763888888888889 0.12942708333333333 0.8763888888888889 0.1296875 0.8768518518518519 0.13020833333333334 0.8768518518518519 0.13046875 0.8773148148148148 0.13098958333333333 0.8773148148148148 0.13203125 0.8782407407407408 0.1328125 0.8796296296296297 0.13307291666666668 0.8805555555555555 0.13307291666666668 0.8819444444444444 0.13333333333333333 0.8824074074074074 0.13333333333333333 0.8856481481481482 0.13359375 0.8861111111111111 0.13333333333333333 0.8912037037037037 0.13359375 0.8921296296296296 0.13463541666666667 0.8939814814814815 0.13515625 0.8944444444444445 0.13697916666666668 0.8944444444444445 0.13723958333333333 0.8949074074074074 0.13880208333333333 0.8949074074074074 0.1390625 0.8953703703703704 0.13984375 0.8953703703703704 0.14088541666666668 0.8962962962962963 0.14296875 0.9 0.14322916666666666 0.9 0.14375 0.9009259259259259 0.14401041666666667 0.9009259259259259 0.14453125 0.9018518518518519 0.14479166666666668 0.9018518518518519 0.1453125 0.9027777777777778 0.14635416666666667 0.9037037037037037 0.1484375 0.9037037037037037 0.14869791666666668 0.9032407407407408 0.14973958333333334 0.9032407407407408 0.15078125 0.9023148148148148 0.15286458333333333 0.8986111111111111 0.15286458333333333 0.8981481481481481 0.1546875 0.8953703703703704 0.1546875 0.8949074074074074 0.15546875 0.8935185185185185 0.15572916666666667 0.8925925925925926 0.15572916666666667 0.8916666666666667 0.15598958333333332 0.8912037037037037 0.15598958333333332 0.8888888888888888 0.15625 0.888425925925926 0.15625 0.8861111111111111 0.15651041666666668 0.8856481481481482 0.15651041666666668 0.8842592592592593 0.15807291666666667 0.8791666666666667 0.15807291666666667 0.8717592592592592 0.15729166666666666 0.8703703703703703 0.15677083333333333 0.8699074074074075 0.15625 0.8699074074074075 0.15546875 0.8689814814814815 0.1546875 0.8689814814814815 0.15442708333333333 0.8685185185185185 0.15338541666666666 0.8685185185185185 0.153125 0.8680555555555556 0.15182291666666667 0.8680555555555556 0.1515625 0.8675925925925926 0.15052083333333333 0.8675925925925926 0.15026041666666667 0.8671296296296296 0.14973958333333334 0.8671296296296296 0.14947916666666666 0.8666666666666667 0.14895833333333333 0.8666666666666667 0.14869791666666668 0.8662037037037037 0.14817708333333332 0.8662037037037037 0.14713541666666666 0.8652777777777778 0.14192708333333334 0.8652777777777778 0.14166666666666666 0.8648148148148148 0.14114583333333333 0.8648148148148148 0.14088541666666668 0.8643518518518518 0.14036458333333332 0.8643518518518518 0.13932291666666666 0.8634259259259259 0.13828125 0.8634259259259259 0.13802083333333334 0.8629629629629629 0.13723958333333333 0.8629629629629629 0.13697916666666668 0.8625 0.13567708333333334 0.8625 0.13541666666666666 0.862037037037037 0.13385416666666666 0.862037037037037 0.13359375 0.861574074074074 0.13177083333333334 0.861574074074074 0.13151041666666666 0.8611111111111112 0.12994791666666666 0.8611111111111112 0.1296875 0.8606481481481482 0.12838541666666667 0.8606481481481482 0.128125 0.8601851851851852 0.125 0.8601851851851852 0.12473958333333333 0.8606481481481482 0.12265625 0.8606481481481482 0.12239583333333333 0.8611111111111112 0.11770833333333333 0.8611111111111112 0.11744791666666667 0.861574074074074 0.11614583333333334 0.861574074074074 0.11588541666666667 0.862037037037037 0.11536458333333334 0.862037037037037
1 0.22109375 0.85 0.22109375 0.850462962962963 0.22057291666666667 0.8513888888888889 0.22057291666666667 0.8518518518518519 0.22005208333333334 0.8527777777777777 0.21953125 0.8546296296296296 0.21875 0.8560185185185185 0.21822916666666667 0.8578703703703704 0.21822916666666667 0.8634259259259259 0.21848958333333332 0.8643518518518518 0.21979166666666666 0.8666666666666667 0.21979166666666666 0.8671296296296296 0.22135416666666666 0.8699074074074075 0.22135416666666666 0.8703703703703703 0.22161458333333334 0.8703703703703703 0.22786458333333334 0.8814814814814815 0.228125 0.8814814814814815 0.23229166666666667 0.888425925925926 0.23255208333333333 0.888425925925926 0.23333333333333334 0.8898148148148148 0.23359375 0.8898148148148148 0.23463541666666668 0.8916666666666667 0.23463541666666668 0.8935185185185185 0.23359375 0.8972222222222223 0.23307291666666666 0.8981481481481481 0.23307291666666666 0.899074074074074 0.2328125 0.899537037037037 0.2328125 0.9018518518518519 0.23255208333333333 0.9023148148148148 0.23255208333333333 0.9037037037037037 0.23229166666666667 0.9041666666666667 0.23229166666666667 0.9050925925925926 0.2328125 0.9055555555555556 0.2359375 0.9055555555555556 0.2375 0.9069444444444444 0.23880208333333333 0.9092592592592592 0.23932291666666666 0.9111111111111111 0.23932291666666666 0.9120370370370371 0.23984375 0.913425925925926 0.23984375 0.9143518518518519 0.24036458333333333 0.9152777777777777 0.24114583333333334 0.9180555555555555 0.24192708333333332 0.9194444444444444 0.24270833333333333 0.9199074074074074 0.24322916666666666 0.9208333333333333 0.24505208333333334 0.9208333333333333 0.24661458333333333 0.9194444444444444 0.24739583333333334 0.9180555555555555 0.24765625 0.9180555555555555 0.2484375 0.9166666666666666 0.24869791666666666 0.9166666666666666 0.25 0.9148148148148149 0.2513020833333333 0.9138888888888889 0.25234375 0.9120370370370371 0.25234375 0.9115740740740741 0.25546875 0.9060185185185186 0.25703125 0.9009259259259259 0.25703125 0.9 0.25729166666666664 0.899537037037037 0.25729166666666664 0.8958333333333334 0.25703125 0.8953703703703704 0.25703125 0.8939814814814815 0.2565104166666667 0.8921296296296296 0.25494791666666666 0.8898148148148148 0.25416666666666665 0.8893518518518518 0.25364583333333335 0.888425925925926 0.2526041666666667 0.8875 0.24895833333333334 0.8810185185185185 0.24895833333333334 0.8805555555555555 0.24765625 0.8787037037037037 0.24713541666666666 0.8787037037037037 0.246875 0.8782407407407408 0.24635416666666668 0.8782407407407408 0.2453125 0.8773148148148148 0.24453125 0.8773148148148148 0.24427083333333333 0.8768518518518519 0.24244791666666668 0.8763888888888889 0.2421875 0.8759259259259259 0.24166666666666667 0.8759259259259259 0.24140625 0.875462962962963 0.24088541666666666 0.875462962962963 0.23984375 0.874537037037037 0.23802083333333332 0.8712962962962963 0.23776041666666667 0.8712962962962963 0.23697916666666666 0.8699074074074075 0.23671875 0.8699074074074075 0.2359375 0.8685185185185185 0.23567708333333334 0.8685185185185185 0.23125 0.8601851851851852 0.23125 0.8597222222222223 0.22994791666666667 0.8569444444444444 0.22994791666666667 0.8564814814814815 0.2296875 0.8564814814814815 0.228125 0.8537037037037037 0.22786458333333334 0.8537037037037037 0.22578125 0.85 0.22421875 0.8486111111111111 0.22369791666666666 0.8486111111111111 0.2234375 0.8490740740740741 0.22239583333333332 0.8490740740740741 0.22213541666666667 0.8495370370370371
1 0.30052083333333335 0.8416666666666667 0.29973958333333334 0.8402777777777778 0.29973958333333334 0.8398148148148148 0.2981770833333333 0.8375 0.29765625 0.8375 0.296875 0.836574074074074 0.29635416666666664 0.836574074074074 0.2953125 0.8356481481481481 0.2950520833333333 0.8361111111111111 0.29401041666666666 0.8361111111111111 0.29270833333333335 0.8375 0.29140625 0.8379629629629629 0.28880208333333335 0.8402777777777778 0.28828125 0.8412037037037037 0.28671875 0.8425925925925926 0.28567708333333336 0.8444444444444444 0.28541666666666665 0.8444444444444444 0.28463541666666664 0.8458333333333333 0.284375 0.8458333333333333 0.28229166666666666 0.8486111111111111 0.2796875 0.850925925925926 0.2791666666666667 0.850925925925926 0.27838541666666666 0.8518518518518519 0.27786458333333336 0.8518518518518519 0.2760416666666667 0.8537037037037037 0.27447916666666666 0.8541666666666666 0.27421875 0.8546296296296296 0.27317708333333335 0.8546296296296296 0.2721354166666667 0.8555555555555555 0.27057291666666666 0.8555555555555555 0.26979166666666665 0.8546296296296296 0.26927083333333335 0.8546296296296296 0.2682291666666667 0.8537037037037037 0.2671875 0.8537037037037037 0.26614583333333336 0.8546296296296296 0.265625 0.8555555555555555 0.26458333333333334 0.8560185185185185 0.2630208333333333 0.8574074074074074 0.2625 0.8583333333333333 0.26015625 0.8601851851851852 0.25859375 0.8625 0.25755208333333335 0.8634259259259259 0.25703125 0.8634259259259259 0.2565104166666667 0.8643518518518518 0.25546875 0.8652777777777778 0.25494791666666666 0.8712962962962963 0.2552083333333333 0.8717592592592592 0.2552083333333333 0.8736111111111111 0.25703125 0.8800925925925925 0.25703125 0.8851851851851852 0.25833333333333336 0.8902777777777777 0.2596354166666667 0.8925925925925926 0.26015625 0.8930555555555556 0.2609375 0.8930555555555556 0.26119791666666664 0.8935185185185185 0.2640625 0.8935185185185185 0.2643229166666667 0.8930555555555556 0.26510416666666664 0.8930555555555556 0.2671875 0.8912037037037037 0.2674479166666667 0.8902777777777777 0.26848958333333334 0.8888888888888888 0.26901041666666664 0.8888888888888888 0.26927083333333335 0.888425925925926 0.27057291666666666 0.888425925925926 0.2708333333333333 0.887962962962963 0.2713541666666667 0.887962962962963 0.2716145833333333 0.8875 0.2721354166666667 0.8875 0.27317708333333335 0.8865740740740741 0.2755208333333333 0.8861111111111111 0.27708333333333335 0.8847222222222222 0.27734375 0.8842592592592593 0.27734375 0.8796296296296297 0.27760416666666665 0.8791666666666667 0.27760416666666665 0.8777777777777778 0.27786458333333336 0.8768518518518519 0.28046875 0.8726851851851852 0.2833333333333333 0.8703703703703703 0.28463541666666664 0.8685185185185185 0.2890625 0.8648148148148148 0.29010416666666666 0.8634259259259259 0.290625 0.8634259259259259 0.2984375 0.8564814814814815 0.2994791666666667 0.8560185185185185 0.30130208333333336 0.8527777777777777 0.3015625 0.850925925925926 0.30182291666666666 0.850462962962963 0.30182291666666666 0.8490740740740741 0.3015625 0.8486111111111111 0.3015625 0.8462962962962963 0.30130208333333336 0.8458333333333333 0.30130208333333336 0.8444444444444444
1 0.45390625 0.9300925925925926 0.45286458333333335 0.9300925925925926 0.45260416666666664 0.9296296296296296 0.4518229166666667 0.9296296296296296 0.4515625 0.9291666666666667 0.4466145833333333 0.9291666666666667 0.44635416666666666 0.9296296296296296 0.44583333333333336 0.9296296296296296 0.44557291666666665 0.9300925925925926 0.44427083333333334 0.9310185185185185 0.44296875 0.9333333333333333 0.44296875 0.9337962962962963 0.4427083333333333 0.9342592592592592 0.4427083333333333 0.9347222222222222 0.44166666666666665 0.937962962962963 0.44166666666666665 0.9388888888888889 0.44140625 0.9393518518518519 0.44140625 0.9402777777777778 0.44114583333333335 0.9407407407407408 0.44114583333333335 0.9425925925925925 0.44088541666666664 0.9430555555555555 0.44088541666666664 0.9453703703703704 0.440625 0.9458333333333333 0.440625 0.9495370370370371 0.44036458333333334 0.95 0.44036458333333334 0.9574074074074074 0.4401041666666667 0.9578703703703704 0.4401041666666667 0.9643518518518519 0.44036458333333334 0.9648148148148148 0.44036458333333334 0.9685185185185186 0.440625 0.9689814814814814 0.440625 0.9763888888888889 0.44036458333333334 0.9768518518518519 0.44036458333333334 0.9777777777777777 0.4401041666666667 0.9782407407407407 0.4401041666666667 0.9796296296296296 0.43984375 0.9800925925925926 0.43984375 0.9819444444444444 0.4395833333333333 0.9824074074074074 0.4395833333333333 0.9851851851851852 0.43984375 0.9856481481481482 0.43984375 0.9893518518518518 0.44140625 0.9921296296296296 0.44166666666666665 0.9921296296296296 0.44296875 0.9935185185185185 0.44479166666666664 0.9935185185185185 0.44505208333333335 0.9930555555555556 0.44609375 0.9930555555555556 0.44635416666666666 0.9925925925925926 0.4471354166666667 0.9921296296296296 0.44765625 0.9912037037037037 0.44765625 0.9907407407407407 0.4479166666666667 0.9902777777777778 0.4479166666666667 0.9898148148148148 0.44817708333333334 0.9893518518518518 0.44817708333333334 0.9888888888888889 0.4484375 0.9884259259259259 0.4484375 0.9879629629629629 0.44869791666666664 0.9875 0.44869791666666664 0.987037037037037 0.44895833333333335 0.986574074074074 0.44947916666666665 0.9842592592592593 0.45 0.9833333333333333 0.45 0.9824074074074074 0.4505208333333333 0.9810185185185185 0.4505208333333333 0.9796296296296296 0.45078125 0.9791666666666666 0.4510416666666667 0.9777777777777777 0.45208333333333334 0.975925925925926 0.45234375 0.975925925925926 0.453125 0.975 0.45364583333333336 0.975 0.45390625 0.9745370370370371 0.4544270833333333 0.9745370370370371 0.4546875 0.9740740740740741 0.4549479166666667 0.9740740740740741 0.45546875 0.9731481481481481 0.4557291666666667 0.9731481481481481 0.4583333333333333 0.9685185185185186 0.4583333333333333 0.9680555555555556 0.4588541666666667 0.9671296296296297 0.4588541666666667 0.9666666666666667 0.4596354166666667 0.9643518518518519 0.4596354166666667 0.9634259259259259 0.45989583333333334 0.9629629629629629 0.45989583333333334 0.962037037037037 0.46015625 0.961574074074074 0.46015625 0.9569444444444445 0.46041666666666664 0.9564814814814815 0.46041666666666664 0.9527777777777777 0.46067708333333335 0.9523148148148148 0.46067708333333335 0.9490740740740741 0.4609375 0.9486111111111111 0.4609375 0.9462962962962963 0.46067708333333335 0.9458333333333333 0.46067708333333335 0.9416666666666667 0.46041666666666664 0.9412037037037037 0.46041666666666664 0.9402777777777778 0.45989583333333334 0.9393518518518519 0.45989583333333334 0.9388888888888889 0.459375 0.937962962962963 0.459375 0.9375 0.45703125 0.9333333333333333 0.45677083333333335 0.9333333333333333 0.45598958333333334 0.9319444444444445 0.4557291666666667 0.9319444444444445 0.4552083333333333 0.9310185185185185 0.4549479166666667 0.9310185185185185 0.4546875 0.9305555555555556 0.45416666666666666 0.9305555555555556
1 0.5604166666666667 0.8629629629629629 0.5578125 0.8675925925925926 0.5578125 0.8680555555555556 0.5565104166666667 0.8708333333333333 0.5565104166666667 0.8712962962962963 0.55625 0.8717592592592592 0.55625 0.8726851851851852 0.5559895833333334 0.8731481481481481 0.5559895833333334 0.874537037037037 0.5557291666666667 0.875 0.5557291666666667 0.8768518518518519 0.55546875 0.8773148148148148 0.55546875 0.8791666666666667 0.5557291666666667 0.8796296296296297 0.5557291666666667 0.8828703703703704 0.5559895833333334 0.8833333333333333 0.5559895833333334 0.8851851851851852 0.5567708333333333 0.8870370370370371 0.55703125 0.888425925925926 0.5578125 0.8898148148148148 0.5578125 0.8902777777777777 0.5583333333333333 0.8912037037037037 0.5583333333333333 0.8916666666666667 0.5596354166666667 0.8944444444444445 0.5598958333333334 0.8958333333333334 0.5604166666666667 0.8967592592592593 0.5604166666666667 0.8972222222222223 0.5606770833333333 0.8976851851851851 0.5609375 0.899074074074074 0.5614583333333333 0.9 0.5614583333333333 0.9004629629629629 0.5635416666666667 0.9041666666666667 0.5638020833333334 0.9041666666666667 0.5643229166666667 0.9050925925925926 0.56484375 0.9050925925925926 0.5651041666666666 0.9055555555555556 0.5658854166666667 0.9055555555555556 0.5661458333333333 0.9060185185185186 0.5666666666666667 0.9060185185185186 0.5669270833333333 0.9064814814814814 0.56796875 0.9064814814814814 0.5682291666666667 0.9069444444444444 0.571875 0.9069444444444444 0.5721354166666667 0.9074074074074074 0.57265625 0.9074074074074074 0.5729166666666666 0.9078703703703703 0.5736979166666667 0.9083333333333333 0.5752604166666667 0.9111111111111111 0.5755208333333334 0.9125 0.57578125 0.9125 0.5768229166666666 0.9143518518518519 0.5776041666666667 0.9148148148148149 0.5794270833333334 0.9180555555555555 0.5794270833333334 0.9185185185185185 0.5802083333333333 0.9194444444444444 0.5833333333333334 0.9194444444444444 0.58359375 0.9189814814814815 0.5841145833333333 0.9189814814814815 0.5846354166666666 0.9180555555555555 0.5846354166666666 0.9175925925925926 0.5856770833333333 0.9157407407407407 0.5856770833333333 0.9152777777777777 0.5864583333333333 0.9138888888888889 0.5864583333333333 0.913425925925926 0.58671875 0.912962962962963 0.58671875 0.9106481481481481 0.5864583333333333 0.9101851851851852 0.5864583333333333 0.9083333333333333 0.5861979166666667 0.9078703703703703 0.5861979166666667 0.9064814814814814 0.5859375 0.9060185185185186 0.5856770833333333 0.9046296296296297 0.5846354166666666 0.9023148148148148 0.584375 0.9009259259259259 0.5828125 0.8981481481481481 0.58203125 0.8976851851851851 0.58125 0.8962962962962963 0.5809895833333333 0.8962962962962963 0.5799479166666667 0.8944444444444445 0.5799479166666667 0.8939814814814815 0.5794270833333334 0.8930555555555556 0.5794270833333334 0.8893518518518518 0.5796875 0.8888888888888888 0.5796875 0.8833333333333333 0.5794270833333334 0.8828703703703704 0.5794270833333334 0.8810185185185185 0.5791666666666667 0.8805555555555555 0.5791666666666667 0.8791666666666667 0.57890625 0.8787037037037037 0.57890625 0.8777777777777778 0.5786458333333333 0.8773148148148148 0.578125 0.875 0.5770833333333333 0.8731481481481481 0.5770833333333333 0.8726851851851852 0.5768229166666666 0.8722222222222222 0.5765625 0.8722222222222222 0.5747395833333333 0.8694444444444445 0.5744791666666667 0.8694444444444445 0.5739583333333333 0.8685185185185185 0.5736979166666667 0.8685185185185185 0.5731770833333333 0.8675925925925926 0.5729166666666666 0.8675925925925926 0.5723958333333333 0.8666666666666667 0.5721354166666667 0.8666666666666667 0.5716145833333334 0.8657407407407407 0.5713541666666667 0.8657407407407407 0.5708333333333333 0.8648148148148148 0.5700520833333333 0.8643518518518518 0.5690104166666666 0.8629629629629629 0.5684895833333333 0.8629629629629629 0.5682291666666667 0.8625 0.5677083333333334 0.8625 0.5674479166666667 0.862037037037037 0.5666666666666667 0.862037037037037 0.56640625 0.861574074074074 0.565625 0.861574074074074 0.5653645833333333 0.8611111111111112 0.5630208333333333 0.8611111111111112 0.5627604166666667 0.861574074074074 0.5622395833333333 0.861574074074074 0.5619791666666667 0.862037037037037 0.5614583333333333 0.862037037037037 0.5611979166666666 0.8625
1 0.6479166666666667 0.9138888888888889 0.64765625 0.9138888888888889 0.646875 0.9125 0.6466145833333333 0.9125 0.6458333333333334 0.9115740740740741 0.6447916666666667 0.9115740740740741 0.64453125 0.9111111111111111 0.64375 0.9111111111111111 0.6434895833333333 0.9106481481481481 0.6419270833333334 0.9106481481481481 0.6416666666666667 0.9111111111111111 0.6411458333333333 0.9111111111111111 0.6408854166666667 0.9115740740740741 0.6395833333333333 0.9120370370370371 0.6393229166666666 0.9125 0.6380208333333334 0.913425925925926 0.6359375 0.9171296296296296 0.6359375 0.9175925925925926 0.6346354166666667 0.9203703703703704 0.6346354166666667 0.9208333333333333 0.6322916666666667 0.9254629629629629 0.6322916666666667 0.9259259259259259 0.6315104166666666 0.9282407407407407 0.6315104166666666 0.9291666666666667 0.63125 0.9296296296296296 0.6309895833333333 0.9319444444444445 0.6307291666666667 0.9324074074074075 0.6302083333333334 0.9347222222222222 0.6296875 0.9356481481481481 0.6296875 0.9361111111111111 0.62890625 0.9375 0.6286458333333333 0.9375 0.628125 0.9384259259259259 0.6278645833333333 0.9384259259259259 0.6268229166666667 0.9398148148148148 0.6265625 0.9398148148148148 0.6244791666666667 0.9430555555555555 0.62421875 0.9430555555555555 0.6236979166666666 0.9439814814814815 0.6229166666666667 0.9444444444444444 0.6223958333333334 0.9453703703703704 0.6221354166666667 0.9453703703703704 0.6216145833333333 0.9462962962962963 0.6208333333333333 0.9467592592592593 0.6203125 0.9476851851851852 0.61953125 0.9481481481481482 0.61796875 0.950462962962963 0.61796875 0.950925925925926 0.6174479166666667 0.9518518518518518 0.6174479166666667 0.9523148148148148 0.6169270833333333 0.9537037037037037 0.6169270833333333 0.9611111111111111 0.6171875 0.961574074074074 0.6174479166666667 0.9629629629629629 0.61796875 0.9638888888888889 0.6184895833333334 0.9662037037037037 0.6192708333333333 0.9675925925925926 0.6223958333333334 0.9675925925925926 0.62265625 0.9671296296296297 0.6229166666666667 0.9671296296296297 0.6255208333333333 0.9629629629629629 0.62578125 0.9629629629629629 0.6270833333333333 0.9611111111111111 0.6278645833333333 0.9606481481481481 0.6283854166666667 0.9597222222222223 0.6286458333333333 0.9597222222222223 0.62890625 0.9592592592592593 0.6296875 0.9587962962962963 0.6302083333333334 0.9578703703703704 0.63046875 0.9578703703703704 0.6315104166666666 0.9560185185185185 0.6317708333333333 0.9560185185185185 0.6333333333333333 0.9537037037037037 0.63359375 0.9537037037037037 0.63359375 0.9532407407407407 0.634375 0.9518518518518518 0.6348958333333333 0.9518518518518518 0.63515625 0.9513888888888888 0.6359375 0.9527777777777777 0.6361979166666667 0.9527777777777777 0.6369791666666667 0.9537037037037037 0.6375 0.9537037037037037 0.6377604166666667 0.9541666666666667 0.6390625 0.9546296296296296 0.63984375 0.9555555555555556 0.640625 0.9555555555555556 0.6408854166666667 0.9560185185185185 0.6434895833333333 0.9560185185185185 0.64375 0.9555555555555556 0.64453125 0.9555555555555556 0.6455729166666667 0.9541666666666667 0.6458333333333334 0.9541666666666667 0.6463541666666667 0.9532407407407407 0.6471354166666666 0.95 0.64765625 0.9490740740740741 0.64765625 0.9486111111111111 0.6489583333333333 0.9462962962962963 0.64921875 0.9462962962962963 0.6502604166666667 0.9449074074074074 0.6510416666666666 0.9444444444444444 0.6518229166666667 0.9430555555555555 0.6520833333333333 0.9430555555555555 0.6536458333333334 0.9402777777777778 0.6536458333333334 0.9393518518518519 0.65390625 0.9388888888888889 0.65390625 0.937037037037037 0.6541666666666667 0.9365740740740741 0.6541666666666667 0.9324074074074075 0.65390625 0.9319444444444445 0.65390625 0.9310185185185185 0.6536458333333334 0.9305555555555556 0.6536458333333334 0.9296296296296296 0.6533854166666667 0.9291666666666667 0.6533854166666667 0.9277777777777778 0.653125 0.9273148148148148 0.653125 0.9263888888888889 0.6528645833333333 0.9259259259259259 0.65234375 0.9236111111111112 0.6518229166666667 0.9226851851851852 0.6518229166666667 0.9222222222222223 0.65078125 0.9203703703703704 0.65078125 0.9199074074074074 0.6481770833333333 0.9148148148148149 0.6481770833333333 0.9143518518518519
1 0.8223958333333333 0.8050925925925926 0.8221354166666667 0.8064814814814815 0.8216145833333334 0.8074074074074075 0.8216145833333334 0.8083333333333333 0.8213541666666667 0.8087962962962963 0.8213541666666667 0.8097222222222222 0.82109375 0.8101851851851852 0.82109375 0.8111111111111111 0.8208333333333333 0.8115740740740741 0.8208333333333333 0.812962962962963 0.8205729166666667 0.8134259259259259 0.8205729166666667 0.8157407407407408 0.8203125 0.8162037037037037 0.8203125 0.8171296296296297 0.8205729166666667 0.8175925925925925 0.8205729166666667 0.8231481481481482 0.8208333333333333 0.8236111111111111 0.82109375 0.825925925925926 0.8213541666666667 0.8263888888888888 0.8216145833333334 0.8277777777777777 0.8221354166666667 0.8287037037037037 0.8221354166666667 0.8291666666666667 0.8229166666666666 0.8305555555555556 0.8231770833333333 0.8305555555555556 0.8244791666666667 0.8328703703703704 0.8244791666666667 0.8333333333333334 0.825 0.8342592592592593 0.825 0.8347222222222223 0.8255208333333334 0.8356481481481481 0.8255208333333334 0.8361111111111111 0.8265625 0.8379629629629629 0.8265625 0.8384259259259259 0.82734375 0.8398148148148148 0.8276041666666667 0.8398148148148148 0.8294270833333334 0.8430555555555556 0.8299479166666667 0.8430555555555556 0.83125 0.8444444444444444 0.83203125 0.8444444444444444 0.8322916666666667 0.8449074074074074 0.8330729166666667 0.8449074074074074 0.8333333333333334 0.8453703703703703 0.8403645833333333 0.8453703703703703 0.840625 0.8458333333333333 0.84140625 0.8458333333333333 0.8416666666666667 0.8462962962962963 0.8424479166666666 0.8467592592592592 0.84375 0.8490740740740741 0.84375 0.8495370370370371 0.8440104166666667 0.8495370370370371 0.8453125 0.8518518518518519 0.8455729166666667 0.8518518518518519 0.84609375 0.8527777777777777 0.8463541666666666 0.8527777777777777 0.8466145833333333 0.8532407407407407 0.8471354166666667 0.8532407407407407 0.8479166666666667 0.8541666666666666 0.8486979166666667 0.8541666666666666 0.8489583333333334 0.8546296296296296 0.8505208333333333 0.8546296296296296 0.85078125 0.8541666666666666 0.8513020833333333 0.8541666666666666 0.8515625 0.8537037037037037 0.85234375 0.8532407407407407 0.853125 0.8518518518518519 0.853125 0.8513888888888889 0.8533854166666667 0.850925925925926 0.8533854166666667 0.85 0.8536458333333333 0.8495370370370371 0.8536458333333333 0.8481481481481481 0.85390625 0.8476851851851852 0.85390625 0.8458333333333333 0.8541666666666666 0.8453703703703703 0.8541666666666666 0.8430555555555556 0.85390625 0.8425925925925926 0.85390625 0.8416666666666667 0.8533854166666667 0.8407407407407408 0.8533854166666667 0.8402777777777778 0.8528645833333334 0.8393518518518519 0.8528645833333334 0.8388888888888889 0.85078125 0.8356481481481481 0.8505208333333333 0.8356481481481481 0.8489583333333334 0.8328703703703704 0.8489583333333334 0.8324074074074074 0.8486979166666667 0.8324074074074074 0.8481770833333333 0.8314814814814815 0.8481770833333333 0.8310185185185185 0.84765625 0.8300925925925926 0.84765625 0.8296296296296296 0.8473958333333333 0.8291666666666667 0.8473958333333333 0.8282407407407407 0.8471354166666667 0.8277777777777777 0.8471354166666667 0.8268518518518518 0.846875 0.8263888888888888 0.846875 0.8245370370370371 0.8466145833333333 0.8240740740740741 0.8466145833333333 0.8222222222222222 0.8463541666666666 0.8217592592592593 0.8463541666666666 0.8212962962962963 0.84609375 0.8208333333333333 0.84609375 0.8199074074074074 0.8453125 0.8175925925925925 0.8453125 0.8166666666666667 0.84453125 0.8148148148148148 0.84453125 0.8143518518518519 0.8421875 0.8101851851851852 0.8403645833333333 0.8087962962962963 0.83984375 0.8078703703703703 0.8385416666666666 0.8069444444444445 0.8372395833333334 0.8050925925925926 0.8369791666666667 0.8050925925925926 0.8346354166666666 0.8027777777777778 0.8341145833333333 0.8027777777777778 0.8338541666666667 0.8023148148148148 0.8330729166666667 0.8023148148148148 0.8328125 0.8018518518518518 0.83203125 0.8018518518518518 0.8317708333333333 0.8013888888888889 0.8309895833333333 0.8013888888888889 0.8307291666666666 0.8009259259259259 0.82578125 0.8009259259259259 0.8255208333333334 0.8013888888888889 0.82421875 0.8023148148148148 0.8236979166666667 0.8032407407407407 0.8234375 0.8032407407407407
2 0.0546875 0.8375 0.054427083333333334 0.8490740740740741 0.054947916666666666 0.8564814814814815 0.05625 0.8597222222222223 0.061197916666666664 0.8601851851851852 0.06484375 0.8587962962962963 0.06822916666666666 0.850462962962963 0.07265625 0.8495370370370371 0.08802083333333334 0.8532407407407407 0.10598958333333333 0.8560185185185185 0.115625 0.8597222222222223 0.12317708333333334 0.8597222222222223 0.1375 0.8629629629629629 0.14140625 0.8648148148148148 0.14609375 0.8652777777777778 0.15729166666666666 0.8689814814814815 0.16145833333333334 0.8675925925925926 0.16536458333333334 0.8675925925925926 0.18151041666666667 0.8699074074074075 0.18333333333333332 0.8680555555555556 0.18463541666666666 0.8648148148148148 0.18541666666666667 0.8550925925925926 0.18541666666666667 0.8495370370370371 0.18489583333333334 0.8476851851851852 0.18151041666666667 0.8449074074074074 0.13619791666666667 0.8356481481481481 0.12552083333333333 0.8347222222222223 0.12161458333333333 0.8384259259259259 0.11432291666666666 0.8384259259259259 0.10338541666666666 0.8361111111111111 0.096875 0.8328703703703704 0.08385416666666666 0.8296296296296296 0.08151041666666667 0.8314814814814815 0.07864583333333333 0.836574074074074 0.07682291666666667 0.8379629629629629 0.07213541666666666 0.8384259259259259 0.06901041666666667 0.836574074074074 0.06614583333333333 0.8314814814814815 0.06536458333333334 0.8291666666666667 0.06458333333333334 0.8162037037037037 0.06354166666666666 0.8138888888888889 0.06145833333333333 0.812962962962963 0.06041666666666667 0.8134259259259259 0.05703125 0.8212962962962963
2 0.3997395833333333 0.7013888888888888 0.39947916666666666 0.7143518518518519 0.39869791666666665 0.7240740740740741 0.39739583333333334 0.7310185185185185 0.39739583333333334 0.7342592592592593 0.39817708333333335 0.7402777777777778 0.4002604166666667 0.7430555555555556 0.40390625 0.7435185185185185 0.40546875 0.7412037037037037 0.40625 0.7384259259259259 0.40625 0.736574074074074 0.40729166666666666 0.7337962962962963 0.41171875 0.7333333333333333 0.41510416666666666 0.7347222222222223 0.4239583333333333 0.7351851851851852 0.43854166666666666 0.7384259259259259 0.4440104166666667 0.7388888888888889 0.45208333333333334 0.7412037037037037 0.47239583333333335 0.7449074074074075 0.4901041666666667 0.749537037037037 0.50703125 0.7518518518518519 0.5119791666666667 0.7532407407407408 0.5174479166666667 0.7527777777777778 0.5192708333333333 0.750462962962963 0.5197916666666667 0.7481481481481481 0.5200520833333333 0.736574074074074 0.51953125 0.7333333333333333 0.5171875 0.7300925925925926 0.5135416666666667 0.7277777777777777 0.5020833333333333 0.7236111111111111 0.490625 0.7222222222222222 0.48385416666666664 0.7203703703703703 0.4739583333333333 0.7189814814814814 0.4703125 0.7175925925925926 0.45729166666666665 0.7162037037037037 0.4440104166666667 0.7134259259259259 0.440625 0.712037037037037 0.43463541666666666 0.711574074074074 0.425 0.7083333333333334 0.41953125 0.7078703703703704 0.41041666666666665 0.7041666666666667 0.4088541666666667 0.7018518518518518 0.4075520833333333 0.6967592592592593 0.4046875 0.6958333333333333 0.40078125 0.6972222222222222
2 0.5729166666666666 0.5324074074074074 0.5703125 0.5375 0.56796875 0.5444444444444444 0.5666666666666667 0.5504629629629629 0.5661458333333333 0.5583333333333333 0.5674479166666667 0.562962962962963 0.5703125 0.5666666666666667 0.57578125 0.5708333333333333 0.5809895833333333 0.5722222222222222 0.5838541666666667 0.5745370370370371 0.5888020833333333 0.5833333333333334 0.5908854166666667 0.5884259259259259 0.5984375 0.6032407407407407 0.6432291666666666 0.6861111111111111 0.6458333333333334 0.6893518518518519 0.6502604166666667 0.6912037037037037 0.6520833333333333 0.6898148148148148 0.65546875 0.6837962962962963 0.65625 0.6800925925925926 0.6565104166666667 0.6763888888888889 0.6552083333333333 0.6717592592592593 0.6526041666666667 0.6666666666666666 0.6510416666666666 0.6620370370370371 0.6393229166666666 0.6407407407407407 0.63671875 0.6347222222222222 0.63359375 0.6296296296296297 0.6276041666666666 0.6171296296296296 0.62265625 0.6087962962962963 0.6122395833333333 0.5875 0.6091145833333333 0.5824074074074074 0.6044270833333333 0.5722222222222222 0.5955729166666667 0.5560185185185185 0.5934895833333333 0.5537037037037037 0.59296875 0.5504629629629629 0.5934895833333333 0.5453703703703704 0.5950520833333334 0.5393518518518519 0.5950520833333334 0.5365740740740741 0.5932291666666667 0.5310185185185186 0.5916666666666667 0.5282407407407408 0.5885416666666666 0.525 0.5846354166666666 0.5231481481481481 0.5828125 0.5231481481481481 0.5794270833333334 0.525
2 0.6653645833333334 0.5634259259259259 0.66484375 0.5712962962962963 0.66484375 0.5805555555555556 0.6653645833333334 0.5861111111111111 0.66640625 0.5907407407407408 0.6684895833333333 0.5930555555555556 0.6721354166666667 0.5935185185185186 0.6763020833333333 0.5953703703703703 0.6791666666666667 0.5953703703703703 0.68125 0.5925925925925926 0.6825520833333333 0.5888888888888889 0.68515625 0.587037037037037 0.6895833333333333 0.5902777777777778 0.6934895833333333 0.5912037037037037 0.7125 0.5995370370370371 0.7151041666666667 0.6 0.71796875 0.6018518518518519 0.72734375 0.6050925925925926 0.7361979166666667 0.6097222222222223 0.7442708333333333 0.612037037037037 0.78203125 0.6277777777777778 0.7890625 0.6268518518518519 0.7903645833333334 0.625 0.7908854166666667 0.6226851851851852 0.790625 0.6143518518518518 0.7895833333333333 0.6083333333333333 0.78828125 0.6060185185185185 0.7825520833333334 0.6023148148148149 0.7783854166666667 0.600925925925926 0.7708333333333334 0.5967592592592592 0.7627604166666667 0.5939814814814814 0.7489583333333333 0.5875 0.7416666666666667 0.5851851851851851 0.7356770833333334 0.5819444444444445 0.7296875 0.5800925925925926 0.7127604166666667 0.5712962962962963 0.6890625 0.562962962962963 0.6872395833333333 0.5611111111111111 0.6864583333333333 0.5592592592592592 0.6854166666666667 0.5504629629629629 0.684375 0.5476851851851852 0.6830729166666667 0.5467592592592593 0.6786458333333333 0.5458333333333333 0.67421875 0.5435185185185185 0.671875 0.5439814814814815 0.6703125 0.5453703703703704 0.6677083333333333 0.5527777777777778
2 0.7901041666666667 0.5995370370370371 0.7895833333333333 0.6087962962962963 0.7919270833333333 0.6287037037037037 0.7942708333333334 0.6324074074074074 0.7997395833333333 0.6342592592592593 0.8075520833333333 0.6342592592592593 0.8096354166666667 0.6310185185185185 0.8104166666666667 0.6277777777777778 0.8114583333333333 0.6259259259259259 0.8145833333333333 0.624537037037037 0.8184895833333333 0.6263888888888889 0.8333333333333334 0.6291666666666667 0.8372395833333334 0.6291666666666667 0.8419270833333333 0.6305555555555555 0.8463541666666666 0.6305555555555555 0.8591145833333333 0.6342592592592593 0.9067708333333333 0.6421296296296296 0.91171875 0.6416666666666667 0.9135416666666667 0.6407407407407407 0.9158854166666667 0.638425925925926 0.9174479166666667 0.6351851851851852 0.9174479166666667 0.6282407407407408 0.9143229166666667 0.6203703703703703 0.91171875 0.6180555555555556 0.90234375 0.6152777777777778 0.8927083333333333 0.6138888888888889 0.8888020833333333 0.6125 0.8854166666666666 0.6125 0.8817708333333333 0.6111111111111112 0.87734375 0.6111111111111112 0.8736979166666666 0.6097222222222223 0.8690104166666667 0.6097222222222223 0.8552083333333333 0.6064814814814815 0.8359375 0.6037037037037037 0.8184895833333333 0.5986111111111111 0.8143229166666667 0.5990740740740741 0.81171875 0.5953703703703703 0.809375 0.5875 0.8065104166666667 0.5851851851851851 0.79921875 0.5837962962962963 0.7953125 0.5847222222222223 0.7932291666666667 0.5875 0.7911458333333333 0.5939814814814814
3 0.07552083333333333 0.774537037037037 0.07473958333333333 0.7777777777777778 0.07317708333333334 0.7814814814814814 0.07161458333333333 0.788425925925926 0.07057291666666667 0.8 0.07005208333333333 0.8018518518518518 0.06953125 0.8060185185185185 0.06822916666666666 0.8106481481481481 0.06822916666666666 0.812037037037037 0.0671875 0.8180555555555555 0.0671875 0.8203703703703704 0.06692708333333333 0.8208333333333333 0.06666666666666667 0.8305555555555556 0.06744791666666666 0.8333333333333334 0.07057291666666667 0.8384259259259259 0.07135416666666666 0.8388888888888889 0.07578125 0.8388888888888889 0.07604166666666666 0.8384259259259259 0.07682291666666667 0.8384259259259259 0.07786458333333333 0.8375 0.07890625 0.8356481481481481 0.07916666666666666 0.8342592592592593 0.08203125 0.8291666666666667 0.08359375 0.8277777777777777 0.08645833333333333 0.8287037037037037 0.08932291666666667 0.8310185185185185 0.09192708333333334 0.8319444444444445 0.0921875 0.8324074074074074 0.09609375 0.8333333333333334 0.09635416666666667 0.8337962962962963 0.09765625 0.8337962962962963 0.09791666666666667 0.8342592592592593 0.09947916666666666 0.8342592592592593 0.09973958333333334 0.8347222222222223 0.10182291666666667 0.8351851851851851 0.10286458333333333 0.8361111111111111 0.10651041666666666 0.836574074074074 0.10677083333333333 0.837037037037037 0.10833333333333334 0.837037037037037 0.10859375 0.8375 0.11015625 0.8375 0.11041666666666666 0.8379629629629629 0.11380208333333333 0.8379629629629629 0.1140625 0.8384259259259259 0.11614583333333334 0.8384259259259259 0.11640625 0.8388888888888889 0.11953125 0.8393518518518519 0.12213541666666666 0.8379629629629629 0.1234375 0.8361111111111111 0.12421875 0.8333333333333334 0.12473958333333333 0.8277777777777777 0.125 0.8273148148148148 0.12552083333333333 0.8222222222222222 0.1265625 0.8175925925925925 0.12682291666666667 0.8125 0.12708333333333333 0.812037037037037 0.12708333333333333 0.8074074074074075 0.12630208333333334 0.8046296296296296 0.125 0.8023148148148148 0.12239583333333333 0.8 0.11640625 0.7976851851851852 0.11041666666666666 0.7939814814814815 0.10546875 0.7925925925925926 0.10208333333333333 0.7902777777777777 0.10130208333333333 0.7902777777777777 0.09895833333333333 0.7888888888888889 0.09869791666666666 0.7893518518518519 0.09609375 0.7893518518518519 0.09583333333333334 0.7898148148148149 0.09505208333333333 0.7898148148148149 0.09244791666666667 0.7921296296296296 0.08932291666666667 0.7916666666666666 0.08854166666666667 0.7912037037037037 0.08697916666666666 0.7888888888888889 0.08645833333333333 0.7870370370370371 0.08229166666666667 0.7791666666666667 0.08072916666666667 0.7754629629629629 0.08046875 0.774074074074074 0.0796875 0.7726851851851851 0.07734375 0.7726851851851851 0.07708333333333334 0.7731481481481481 0.07630208333333334 0.7731481481481481
3 0.4244791666666667 0.8037037037037037 0.4236979166666667 0.8032407407407407 0.4197916666666667 0.8032407407407407 0.41796875 0.8050925925925926 0.41354166666666664 0.8134259259259259 0.4125 0.8166666666666667 0.4088541666666667 0.8226851851851852 0.40572916666666664 0.8300925925925926 0.4036458333333333 0.8337962962962963 0.4010416666666667 0.8412037037037037 0.3997395833333333 0.8435185185185186 0.39765625 0.8444444444444444 0.396875 0.8453703703703703 0.3958333333333333 0.8453703703703703 0.39505208333333336 0.8444444444444444 0.39427083333333335 0.8444444444444444 0.39401041666666664 0.8439814814814814 0.3921875 0.8439814814814814 0.39010416666666664 0.8467592592592592 0.38723958333333336 0.8495370370370371 0.38645833333333335 0.850925925925926 0.38515625 0.8518518518518519 0.38385416666666666 0.8546296296296296 0.3828125 0.8578703703703704 0.38255208333333335 0.862037037037037 0.38229166666666664 0.8625 0.38229166666666664 0.8657407407407407 0.38255208333333335 0.8662037037037037 0.38307291666666665 0.8708333333333333 0.3846354166666667 0.875 0.3854166666666667 0.8782407407407408 0.3875 0.8828703703703704 0.3893229166666667 0.8861111111111111 0.39114583333333336 0.888425925925926 0.3927083333333333 0.8916666666666667 0.3963541666666667 0.8962962962962963 0.4005208333333333 0.9 0.40208333333333335 0.9004629629629629 0.403125 0.9013888888888889 0.40598958333333335 0.9013888888888889 0.40625 0.9009259259259259 0.4080729166666667 0.9004629629629629 0.4109375 0.8967592592592593 0.4158854166666667 0.8875 0.4166666666666667 0.8847222222222222 0.4166666666666667 0.8787037037037037 0.41640625 0.8782407407407408 0.41640625 0.8759259259259259 0.4153645833333333 0.8722222222222222 0.4153645833333333 0.8703703703703703 0.41640625 0.8680555555555556 0.41692708333333334 0.8657407407407407 0.41770833333333335 0.8638888888888889 0.42135416666666664 0.8574074074074074 0.42135416666666664 0.8569444444444444 0.42473958333333334 0.8513888888888889 0.42630208333333336 0.8476851851851852 0.4276041666666667 0.8435185185185186 0.43203125 0.8342592592592593 0.43307291666666664 0.8305555555555556 0.43307291666666664 0.8291666666666667 0.43333333333333335 0.8287037037037037 0.43333333333333335 0.8222222222222222 0.4317708333333333 0.8148148148148148 0.43020833333333336 0.8115740740740741 0.4278645833333333 0.8087962962962963 0.42578125 0.8050925925925926 0.425 0.8046296296296296
3 0.4395833333333333 0.9203703703703704 0.4388020833333333 0.9175925925925926 0.43776041666666665 0.9157407407407407 0.43723958333333335 0.9138888888888889 0.4359375 0.9120370370370371 0.434375 0.9111111111111111 0.43359375 0.9111111111111111 0.43255208333333334 0.9101851851851852 0.428125 0.9101851851851852 0.42578125 0.9115740740740741 0.4231770833333333 0.9138888888888889 0.42213541666666665 0.9157407407407407 0.41875 0.9189814814814815 0.41770833333333335 0.9208333333333333 0.4153645833333333 0.9231481481481482 0.41041666666666665 0.9236111111111112 0.41015625 0.924074074074074 0.4 0.924074074074074 0.3997395833333333 0.924537037037037 0.3958333333333333 0.925 0.3927083333333333 0.9268518518518518 0.38828125 0.9328703703703703 0.3875 0.9351851851851852 0.3875 0.9361111111111111 0.38619791666666664 0.9412037037037037 0.3859375 0.9476851851851852 0.38567708333333334 0.9481481481481482 0.3859375 0.9490740740740741 0.3859375 0.9537037037037037 0.3875 0.962037037037037 0.3890625 0.9652777777777778 0.39010416666666664 0.9652777777777778 0.39140625 0.9662037037037037 0.39375 0.9666666666666667 0.3958333333333333 0.9680555555555556 0.396875 0.9680555555555556 0.3984375 0.9666666666666667 0.40078125 0.9662037037037037 0.4010416666666667 0.9657407407407408 0.40286458333333336 0.9657407407407408 0.403125 0.9652777777777778 0.40729166666666666 0.9652777777777778 0.4075520833333333 0.9648148148148148 0.409375 0.9648148148148148 0.40963541666666664 0.9643518518518519 0.4109375 0.9643518518518519 0.41119791666666666 0.9638888888888889 0.4125 0.9638888888888889 0.4127604166666667 0.9634259259259259 0.41640625 0.9625 0.4166666666666667 0.9629629629629629 0.41770833333333335 0.9629629629629629 0.41901041666666666 0.9638888888888889 0.4203125 0.9662037037037037 0.42135416666666664 0.9699074074074074 0.4234375 0.9736111111111111 0.4244791666666667 0.9745370370370371 0.42552083333333335 0.9745370370370371 0.4270833333333333 0.975462962962963 0.42890625 0.975 0.43020833333333336 0.9740740740740741 0.4317708333333333 0.9722222222222222 0.4348958333333333 0.9703703703703703 0.4356770833333333 0.9703703703703703 0.43723958333333335 0.9689814814814814 0.43776041666666665 0.9680555555555556 0.4393229166666667 0.9611111111111111 0.4393229166666667 0.9597222222222223 0.43984375 0.9574074074074074 0.43984375 0.9555555555555556 0.4401041666666667 0.9550925925925926 0.4401041666666667 0.9462962962962963 0.44036458333333334 0.9458333333333333 0.44036458333333334 0.9430555555555555 0.440625 0.9425925925925925 0.44088541666666664 0.9333333333333333 0.44114583333333335 0.9328703703703703 0.44088541666666664 0.9324074074074075 0.44088541666666664 0.9268518518518518 0.44036458333333334 0.9254629629629629
3 0.88046875 0.9106481481481481 0.8796875 0.9115740740740741 0.8783854166666667 0.9120370370370371 0.8770833333333333 0.913425925925926 0.87578125 0.9138888888888889 0.8747395833333333 0.9162037037037037 0.87421875 0.9185185185185185 0.87421875 0.9199074074074074 0.8739583333333333 0.9203703703703704 0.8739583333333333 0.9222222222222223 0.8736979166666666 0.9226851851851852 0.8736979166666666 0.924537037037037 0.8734375 0.925 0.8731770833333333 0.9282407407407407 0.87265625 0.9296296296296296 0.8723958333333334 0.9324074074074075 0.8721354166666667 0.9328703703703703 0.8721354166666667 0.9337962962962963 0.8713541666666667 0.937037037037037 0.8713541666666667 0.9384259259259259 0.87109375 0.9388888888888889 0.87109375 0.9472222222222222 0.8713541666666667 0.9476851851851852 0.8713541666666667 0.9495370370370371 0.8716145833333333 0.95 0.8716145833333333 0.950925925925926 0.8721354166666667 0.9527777777777777 0.8721354166666667 0.9541666666666667 0.8723958333333334 0.9546296296296296 0.8723958333333334 0.9694444444444444 0.8721354166666667 0.9699074074074074 0.8721354166666667 0.9736111111111111 0.871875 0.9740740740740741 0.8721354166666667 0.9824074074074074 0.8723958333333334 0.9828703703703704 0.8723958333333334 0.9842592592592593 0.8736979166666666 0.9884259259259259 0.87578125 0.9921296296296296 0.87734375 0.9939814814814815 0.8778645833333333 0.9939814814814815 0.8786458333333333 0.9949074074074075 0.8791666666666667 0.9949074074074075 0.8802083333333334 0.9958333333333333 0.8809895833333333 0.9958333333333333 0.88125 0.9962962962962963 0.8830729166666667 0.9962962962962963 0.8833333333333333 0.9967592592592592 0.8877604166666667 0.9962962962962963 0.8901041666666667 0.9944444444444445 0.8919270833333334 0.9916666666666667 0.8932291666666666 0.987037037037037 0.8932291666666666 0.9861111111111112 0.8940104166666667 0.9837962962962963 0.8950520833333333 0.9773148148148149 0.8963541666666667 0.9726851851851852 0.8973958333333333 0.9708333333333333 0.8984375 0.9699074074074074 0.9013020833333333 0.9689814814814814 0.9036458333333334 0.9666666666666667 0.90625 0.962037037037037 0.9072916666666667 0.9592592592592593 0.9083333333333333 0.9550925925925926 0.9083333333333333 0.9486111111111111 0.90859375 0.9481481481481482 0.90859375 0.9439814814814815 0.9088541666666666 0.9435185185185185 0.9088541666666666 0.937962962962963 0.90859375 0.9375 0.90859375 0.9347222222222222 0.9078125 0.9314814814814815 0.9067708333333333 0.9296296296296296 0.9057291666666667 0.9268518518518518 0.9020833333333333 0.9203703703703704 0.9018229166666667 0.9203703703703704 0.90078125 0.9185185185185185 0.89921875 0.9166666666666666 0.8958333333333334 0.913425925925926 0.8950520833333333 0.913425925925926 0.8947916666666667 0.912962962962963 0.8942708333333333 0.912962962962963 0.8932291666666666 0.9120370370370371 0.8924479166666667 0.9120370370370371 0.8921875 0.9115740740740741 0.8893229166666666 0.9111111111111111 0.8890625 0.9106481481481481
3 0.92265625 0.9069444444444444 0.9221354166666667 0.9087962962962963 0.9205729166666666 0.9120370370370371 0.9184895833333333 0.9199074074074074 0.9182291666666667 0.9231481481481482 0.9177083333333333 0.9254629629629629 0.9177083333333333 0.9310185185185185 0.9174479166666667 0.9314814814814815 0.9174479166666667 0.9328703703703703 0.9177083333333333 0.9333333333333333 0.9177083333333333 0.9361111111111111 0.91796875 0.9365740740740741 0.9182291666666667 0.9398148148148148 0.9200520833333333 0.9472222222222222 0.92109375 0.9490740740740741 0.92109375 0.9495370370370371 0.9234375 0.9532407407407407 0.9276041666666667 0.9569444444444445 0.928125 0.9569444444444445 0.92890625 0.9578703703703704 0.9307291666666667 0.9587962962962963 0.9333333333333333 0.9611111111111111 0.9338541666666667 0.962037037037037 0.9348958333333334 0.9625 0.9356770833333333 0.9634259259259259 0.9361979166666666 0.9634259259259259 0.9369791666666667 0.9643518518518519 0.9377604166666667 0.9643518518518519 0.9390625 0.9652777777777778 0.9442708333333333 0.9652777777777778 0.94453125 0.9648148148148148 0.9455729166666667 0.9648148148148148 0.9466145833333334 0.9638888888888889 0.9486979166666667 0.9638888888888889 0.9489583333333333 0.9643518518518519 0.95 0.9643518518518519 0.9510416666666667 0.9652777777777778 0.9526041666666667 0.9675925925925926 0.9546875 0.9694444444444444 0.9565104166666667 0.9699074074074074 0.9567708333333333 0.9703703703703703 0.9578125 0.9703703703703703 0.9580729166666667 0.9708333333333333 0.959375 0.9708333333333333 0.9596354166666666 0.9703703703703703 0.9606770833333333 0.9703703703703703 0.9609375 0.9699074074074074 0.9622395833333334 0.9694444444444444 0.9640625 0.9675925925925926 0.9661458333333334 0.9638888888888889 0.9674479166666666 0.9597222222222223 0.9677083333333333 0.9560185185185185 0.96796875 0.9555555555555556 0.96796875 0.9537037037037037 0.9677083333333333 0.9532407407407407 0.9677083333333333 0.9518518518518518 0.9674479166666666 0.9513888888888888 0.9671875 0.9490740740740741 0.96640625 0.9467592592592593 0.9653645833333333 0.9449074074074074 0.96015625 0.9398148148148148 0.95859375 0.937962962962963 0.9575520833333333 0.9361111111111111 0.9565104166666667 0.9319444444444445 0.9565104166666667 0.9305555555555556 0.9559895833333333 0.9282407407407407 0.9559895833333333 0.9263888888888889 0.95546875 0.924537037037037 0.95546875 0.9231481481481482 0.9552083333333333 0.9226851851851852 0.9552083333333333 0.9212962962962963 0.9546875 0.9199074074074074 0.9546875 0.9189814814814815 0.9533854166666667 0.9157407407407407 0.9520833333333333 0.913425925925926 0.9458333333333333 0.9069444444444444 0.94453125 0.9064814814814814 0.9424479166666667 0.9046296296296297 0.9416666666666667 0.9046296296296297 0.9388020833333334 0.9023148148148148 0.9380208333333333 0.9023148148148148 0.9354166666666667 0.9 0.9333333333333333 0.899537037037037 0.9330729166666667 0.899074074074074 0.9302083333333333 0.899074074074074 0.9291666666666667 0.9 0.9283854166666666 0.9 0.9234375 0.9055555555555556
4 0.11263541666666667 0.8669074074074073 0.10128125 0.9306944444444444 0.09810156249999999 0.9315 0.09174479166666667 0.9387685185185185 0.08947395833333333 0.9473796296296296 0.09295572916666667 0.9640694444444444 0.10748958333333333 0.971875 0.12020572916666666 0.964875 0.12141666666666667 0.9546481481481481 0.11748177083333333 0.9336527777777778 0.1156640625 0.9325787037037037 0.12550520833333334 0.8739074074074075 0.12292968750000001 0.8695972222222222 0.11626822916666667 0.8674444444444445 0.11309114583333332 0.8669074074074073
4 0.09113802083333335 0.9444212962962963 0.0816015625 0.9393055555555556 0.07721093750000001 0.9433425925925926 0.076 0.9527638888888887 0.07751302083333332 0.9613750000000001 0.0856875 0.9659537037037037 0.094921875 0.9702592592592594 0.1044609375 0.9742962962962963 0.11657291666666666 0.9804861111111111 0.12565625 0.9858703703703704 0.1244453125 0.9993240740740741 0.13534375 0.9990555555555556 0.13852343749999999 0.9934027777777777 0.14155208333333333 0.9826388888888888 0.14427604166666666 0.9619166666666665 0.14336979166666666 0.9559953703703703 0.13579947916666668 0.9527638888888887 0.13216666666666665 0.9589537037037038 0.13080208333333332 0.9662222222222222 0.12035677083333333 0.9594907407407407 0.0912890625 0.9452268518518518
4 0.8880208333333334 0.6759259259259259 0.88828125 0.6763888888888889 0.88828125 0.6787037037037037 0.8901041666666667 0.6907407407407408 0.8921875 0.6981481481481482 0.8932291666666666 0.7 0.8955729166666667 0.7013888888888888 0.90234375 0.7023148148148148 0.9041666666666667 0.7032407407407407 0.9091145833333333 0.7032407407407407 0.91015625 0.7023148148148148 0.9114583333333334 0.6995370370370371 0.9122395833333333 0.6935185185185185 0.9130208333333333 0.6921296296296297 0.91484375 0.6907407407407408 0.94453125 0.6907407407407408 0.9447916666666667 0.6912037037037037 0.9515625 0.6912037037037037 0.9518229166666666 0.6907407407407408 0.9546875 0.6902777777777778 0.9580729166666667 0.6875 0.9591145833333333 0.6861111111111111 0.96015625 0.6833333333333333 0.96015625 0.6805555555555556 0.9604166666666667 0.6800925925925926 0.9604166666666667 0.6773148148148148 0.9591145833333333 0.6731481481481482 0.9559895833333333 0.6685185185185185 0.9533854166666667 0.6666666666666666 0.9505208333333334 0.6662037037037037 0.9502604166666667 0.6657407407407407 0.9479166666666666 0.6657407407407407 0.94765625 0.6652777777777777 0.93515625 0.6652777777777777 0.9348958333333334 0.6648148148148149 0.93046875 0.6648148148148149 0.9302083333333333 0.6652777777777777 0.9182291666666667 0.6648148148148149 0.9166666666666666 0.6657407407407407 0.9151041666666667 0.6657407407407407 0.91484375 0.6652777777777777 0.9127604166666666 0.6648148148148149 0.9111979166666667 0.6611111111111111 0.9104166666666667 0.6574074074074074 0.909375 0.6560185185185186 0.9078125 0.6550925925925926 0.9041666666666667 0.6550925925925926 0.90390625 0.6546296296296297 0.9 0.6541666666666667 0.8973958333333333 0.6527777777777778 0.8940104166666667 0.6532407407407408 0.8921875 0.6555555555555556 0.89140625 0.6587962962962963 0.8890625 0.6657407407407407 0.88828125 0.6703703703703704 0.88828125 0.6754629629629629
4 0.8705729166666667 0.736574074074074 0.8708333333333333 0.7453703703703703 0.8716145833333333 0.749537037037037 0.871875 0.7532407407407408 0.8723958333333334 0.7560185185185185 0.8729166666666667 0.7569444444444444 0.8729166666666667 0.7578703703703704 0.87421875 0.7620370370370371 0.8763020833333334 0.7652777777777777 0.8768229166666667 0.7652777777777777 0.8776041666666666 0.7662037037037037 0.8783854166666667 0.7662037037037037 0.8807291666666667 0.7675925925925926 0.88203125 0.7675925925925926 0.8822916666666667 0.7680555555555556 0.8841145833333334 0.7680555555555556 0.884375 0.7685185185185185 0.8893229166666666 0.7685185185185185 0.890625 0.7675925925925926 0.89140625 0.7662037037037037 0.8932291666666666 0.7587962962962963 0.89453125 0.7564814814814815 0.8955729166666667 0.7555555555555555 0.8979166666666667 0.7555555555555555 0.8981770833333333 0.7560185185185185 0.9 0.7560185185185185 0.9002604166666667 0.7564814814814815 0.9127604166666666 0.7564814814814815 0.9130208333333333 0.7569444444444444 0.9208333333333333 0.7569444444444444 0.92109375 0.7574074074074074 0.9325520833333333 0.7574074074074074 0.9328125 0.7569444444444444 0.9346354166666667 0.7569444444444444 0.9364583333333333 0.7555555555555555 0.93828125 0.7527777777777778 0.9395833333333333 0.7481481481481481 0.9395833333333333 0.7453703703703703 0.9372395833333333 0.7388888888888889 0.9361979166666666 0.737037037037037 0.9346354166666667 0.7356481481481482 0.9341145833333333 0.7356481481481482 0.93125 0.7328703703703704 0.92890625 0.7324074074074074 0.9286458333333333 0.7319444444444444 0.9270833333333334 0.7319444444444444 0.9268229166666667 0.7314814814814815 0.91640625 0.7319444444444444 0.9161458333333333 0.7314814814814815 0.9075520833333334 0.7314814814814815 0.9072916666666667 0.7310185185185185 0.8955729166666667 0.7310185185185185 0.8942708333333333 0.7296296296296296 0.89296875 0.7273148148148149 0.8921875 0.7245370370370371 0.8895833333333333 0.7208333333333333 0.8880208333333334 0.7203703703703703 0.8877604166666667 0.7199074074074074 0.8846354166666667 0.7194444444444444 0.8807291666666667 0.7171296296296297 0.8763020833333334 0.7171296296296297 0.8755208333333333 0.7175925925925926 0.87421875 0.7194444444444444 0.8721354166666667 0.7263888888888889 0.8721354166666667 0.7273148148148149 0.87109375 0.7310185185185185 0.8708333333333333 0.7361111111111112
4 0.85 0.8833333333333333 0.8471354166666667 0.8861111111111111 0.8471354166666667 0.8865740740740741 0.8463541666666666 0.887962962962963 0.8455729166666667 0.8907407407407407 0.8453125 0.8930555555555556 0.8450520833333334 0.8935185185185185 0.8450520833333334 0.8958333333333334 0.8447916666666667 0.8962962962962963 0.8447916666666667 0.9092592592592592 0.8450520833333334 0.9097222222222222 0.8450520833333334 0.912962962962963 0.8455729166666667 0.9148148148148149 0.8463541666666666 0.9162037037037037 0.8473958333333333 0.9171296296296296 0.8494791666666667 0.9203703703703704 0.8518229166666667 0.9226851851851852 0.85390625 0.9263888888888889 0.85390625 0.9268518518518518 0.8552083333333333 0.9296296296296296 0.8559895833333333 0.9328703703703703 0.8559895833333333 0.9402777777777778 0.85625 0.9407407407407408 0.85625 0.9430555555555555 0.8565104166666667 0.9435185185185185 0.8565104166666667 0.9462962962962963 0.8567708333333334 0.9467592592592593 0.8567708333333334 0.9486111111111111 0.8575520833333333 0.9518518518518518 0.8578125 0.9546296296296296 0.8591145833333333 0.9583333333333334 0.859375 0.9611111111111111 0.86015625 0.9643518518518519 0.86015625 0.9657407407407408 0.8609375 0.9689814814814814 0.8625 0.9703703703703703 0.86328125 0.9703703703703703 0.8635416666666667 0.9708333333333333 0.86484375 0.9708333333333333 0.8651041666666667 0.9712962962962963 0.8684895833333334 0.9712962962962963 0.86875 0.9708333333333333 0.8697916666666666 0.9708333333333333 0.8703125 0.9703703703703703 0.8713541666666667 0.9680555555555556 0.8713541666666667 0.9555555555555556 0.87109375 0.9550925925925926 0.87109375 0.9532407407407407 0.8708333333333333 0.9527777777777777 0.8708333333333333 0.9513888888888888 0.8705729166666667 0.950925925925926 0.8705729166666667 0.9486111111111111 0.8703125 0.9481481481481482 0.8703125 0.9365740740740741 0.8705729166666667 0.9361111111111111 0.8705729166666667 0.9324074074074075 0.8703125 0.9319444444444445 0.8700520833333333 0.9296296296296296 0.86953125 0.9282407407407407 0.86953125 0.9263888888888889 0.8705729166666667 0.924074074074074 0.8713541666666667 0.9212962962962963 0.8713541666666667 0.9199074074074074 0.8716145833333333 0.9194444444444444 0.8716145833333333 0.9115740740740741 0.8713541666666667 0.9111111111111111 0.8713541666666667 0.9069444444444444 0.87109375 0.9064814814814814 0.87109375 0.9004629629629629 0.8708333333333333 0.9 0.8708333333333333 0.8958333333333334 0.8705729166666667 0.8953703703703704 0.8705729166666667 0.8930555555555556 0.8700520833333333 0.8912037037037037 0.8666666666666667 0.8856481481481482 0.86484375 0.8837962962962963 0.8643229166666667 0.8837962962962963 0.8635416666666667 0.8828703703703704 0.8630208333333333 0.8828703703703704 0.8609375 0.8810185185185185 0.85703125 0.8800925925925925 0.8567708333333334 0.8805555555555555 0.8557291666666667 0.8805555555555555 0.85546875 0.8810185185185185 0.8546875 0.8810185185185185 0.8544270833333333 0.8814814814814815 0.8533854166666667 0.8814814814814815 0.853125 0.8819444444444444 0.85234375 0.8819444444444444 0.8520833333333333 0.8824074074074074
4 0.9427083333333334 0.8666666666666667 0.9408854166666667 0.8629629629629629 0.9401041666666666 0.8601851851851852 0.9401041666666666 0.8587962962962963 0.9390625 0.8555555555555555 0.9369791666666667 0.8527777777777777 0.9348958333333334 0.8458333333333333 0.9348958333333334 0.8449074074074074 0.9322916666666666 0.8398148148148148 0.93203125 0.8384259259259259 0.93125 0.837037037037037 0.9291666666666667 0.8356481481481481 0.9270833333333334 0.8310185185185185 0.9270833333333334 0.8319444444444445 0.9255208333333333 0.836574074074074 0.92421875 0.8384259259259259 0.9236979166666667 0.8407407407407408 0.9231770833333334 0.8416666666666667 0.9231770833333334 0.8425925925925926 0.9213541666666667 0.8462962962962963 0.9174479166666667 0.8495370370370371 0.91484375 0.8527777777777777 0.91171875 0.8550925925925926 0.9096354166666667 0.8578703703703704 0.9088541666666666 0.8583333333333333 0.90703125 0.8611111111111112 0.9033854166666667 0.8634259259259259 0.9013020833333333 0.8657407407407407 0.9 0.8680555555555556 0.8966145833333333 0.8712962962962963 0.8940104166666667 0.875 0.8932291666666666 0.875462962962963 0.8872395833333333 0.8828703703703704 0.88125 0.888425925925926 0.8802083333333334 0.8888888888888888 0.87890625 0.8907407407407407 0.8783854166666667 0.8925925925925926 0.8786458333333333 0.899074074074074 0.8809895833333333 0.9069444444444444 0.8825520833333333 0.9087962962962963 0.8833333333333333 0.9092592592592592 0.8877604166666667 0.9092592592592592 0.8880208333333334 0.9087962962962963 0.8901041666666667 0.9083333333333333 0.8916666666666667 0.9069444444444444 0.8932291666666666 0.9046296296296297 0.90078125 0.8981481481481481 0.9026041666666667 0.8958333333333334 0.9049479166666666 0.8944444444444445 0.9091145833333333 0.8907407407407407 0.9151041666666667 0.8842592592592593 0.9205729166666666 0.8796296296296297 0.92421875 0.875462962962963 0.9299479166666667 0.8708333333333333 0.93203125 0.8666666666666667 0.93359375 0.8689814814814815 0.9338541666666667 0.8703703703703703 0.934375 0.8708333333333333 0.9348958333333334 0.8722222222222222 0.9380208333333333 0.875462962962963 0.9388020833333334 0.8768518518518519 0.93984375 0.8763888888888889 0.940625 0.875 0.9432291666666667 0.8722222222222222 0.9432291666666667 0.8694444444444445
1 0.6880208333333333 0.9736111111111111 0.6875 0.9726851851851852 0.6875 0.9722222222222222 0.6861979166666666 0.9703703703703703 0.6856770833333333 0.9703703703703703 0.6848958333333334 0.9694444444444444 0.684375 0.9694444444444444 0.6841145833333333 0.9689814814814814 0.6838541666666667 0.9689814814814814 0.68359375 0.9685185185185186 0.6833333333333333 0.9685185185185186 0.68203125 0.9671296296296297 0.6815104166666667 0.9671296296296297 0.68125 0.9666666666666667 0.6794270833333333 0.9666666666666667 0.6791666666666667 0.9662037037037037 0.6778645833333333 0.9662037037037037 0.6776041666666667 0.9666666666666667 0.6770833333333334 0.9666666666666667 0.6763020833333333 0.9680555555555556 0.6763020833333333 0.9685185185185186 0.6752604166666667 0.9703703703703703 0.675 0.9703703703703703 0.6744791666666666 0.9712962962962963 0.67421875 0.9712962962962963 0.6734375 0.9722222222222222 0.6729166666666667 0.9722222222222222 0.6721354166666667 0.9731481481481481 0.6716145833333333 0.9731481481481481 0.6713541666666667 0.9736111111111111 0.67109375 0.9736111111111111 0.6708333333333333 0.9740740740740741 0.6705729166666666 0.9740740740740741 0.6703125 0.9745370370370371 0.66953125 0.975 0.6690104166666667 0.975925925925926 0.66875 0.975925925925926 0.6682291666666667 0.9768518518518519 0.6674479166666667 0.9773148148148149 0.6669270833333333 0.9782407407407407 0.6666666666666666 0.9782407407407407 0.66640625 0.9787037037037037 0.665625 0.9787037037037037 0.6653645833333334 0.9791666666666666 0.6651041666666667 0.9787037037037037 0.6645833333333333 0.9787037037037037 0.6643229166666667 0.9782407407407407 0.6640625 0.9782407407407407 0.6638020833333333 0.9777777777777777 0.6635416666666667 0.9777777777777777 0.66328125 0.9773148148148149 0.6630208333333333 0.9773148148148149 0.6627604166666666 0.9768518518518519 0.6625 0.9768518518518519 0.6622395833333333 0.9763888888888889 0.6614583333333334 0.975925925925926 0.6609375 0.975 0.6606770833333333 0.975 0.6598958333333333 0.9740740740740741 0.659375 0.9740740740740741 0.65859375 0.9731481481481481 0.6583333333333333 0.9736111111111111 0.6578125 0.9736111111111111 0.6575520833333334 0.9740740740740741 0.6575520833333334 0.9745370370370371 0.6572916666666667 0.975 0.6572916666666667 0.975925925925926 0.65703125 0.9763888888888889 0.65703125 0.9777777777777777 0.6567708333333333 0.9782407407407407 0.6567708333333333 0.9791666666666666 0.6565104166666667 0.9796296296296296 0.65625 0.9810185185185185 0.6544270833333333 0.9842592592592593 0.6541666666666667 0.9842592592592593 0.6533854166666667 0.9851851851851852 0.6533854166666667 0.9856481481481482 0.6528645833333333 0.986574074074074 0.6528645833333333 0.9875 0.6526041666666667 0.9879629629629629 0.6526041666666667 0.9888888888888889 0.6528645833333333 0.9893518518518518 0.6528645833333333 0.9902777777777778 0.6533854166666667 0.9916666666666667 0.6533854166666667 0.9925925925925926 0.6536458333333334 0.9930555555555556 0.6536458333333334 0.9944444444444445 0.6541666666666667 0.9958333333333333 0.6541666666666667 0.9967592592592592 0.6544270833333333 0.9972222222222222 0.6544270833333333 0.9976851851851852 0.6549479166666666 0.9986111111111111 0.65546875 0.9986111111111111 0.6557291666666667 0.9990740740740741 0.6557291666666667 0.999537037037037 0.6697916666666667 0.999537037037037 0.6697916666666667 0.9990740740740741 0.6703125 0.9981481481481481 0.6705729166666666 0.9981481481481481 0.6713541666666667 0.9967592592592592 0.6713541666666667 0.9962962962962963 0.6716145833333333 0.9958333333333333 0.671875 0.9944444444444445 0.6731770833333334 0.9921296296296296 0.6739583333333333 0.9916666666666667 0.6763020833333333 0.9884259259259259 0.6765625 0.9884259259259259 0.6768229166666667 0.9879629629629629 0.6770833333333334 0.9879629629629629 0.67734375 0.9875 0.678125 0.987037037037037 0.6794270833333333 0.9851851851851852 0.6802083333333333 0.9847222222222223 0.6807291666666667 0.9837962962962963 0.6809895833333334 0.9837962962962963 0.68125 0.9833333333333333 0.6815104166666667 0.9833333333333333 0.68203125 0.9824074074074074 0.6822916666666666 0.9824074074074074 0.6830729166666667 0.9810185185185185 0.6833333333333333 0.9810185185185185 0.6846354166666667 0.9791666666666666 0.6848958333333334 0.9791666666666666 0.68515625 0.9787037037037037 0.6859375 0.9782407407407407 0.68671875 0.9768518518518519 0.6875 0.9763888888888889 0.6875 0.975925925925926 0.6880208333333333 0.975
5 0.13541666666666666 0.7194444444444444 0.134375 0.7175925925925926 0.13177083333333334 0.7157407407407408 0.13072916666666667 0.7157407407407408 0.13046875 0.7152777777777778 0.1296875 0.7157407407407408 0.12734375 0.7157407407407408 0.121875 0.7189814814814814 0.11979166666666667 0.7212962962962963 0.11145833333333334 0.7282407407407407 0.10625 0.7310185185185185 0.10546875 0.7319444444444444 0.10208333333333333 0.7337962962962963 0.10052083333333334 0.7351851851851852 0.09869791666666666 0.7351851851851852 0.09661458333333334 0.7314814814814815 0.09505208333333333 0.7300925925925926 0.09140625 0.7300925925925926 0.09114583333333333 0.7305555555555555 0.08958333333333333 0.7305555555555555 0.08932291666666667 0.7310185185185185 0.08671875 0.7314814814814815 0.08515625 0.7328703703703704 0.08359375 0.7351851851851852 0.08203125 0.736574074074074 0.08046875 0.737037037037037 0.07942708333333333 0.7379629629629629 0.07864583333333333 0.7402777777777778 0.07864583333333333 0.7425925925925926 0.07838541666666667 0.7430555555555556 0.07838541666666667 0.7578703703703704 0.07864583333333333 0.7583333333333333 0.07890625 0.7666666666666667 0.07916666666666666 0.7671296296296296 0.07942708333333333 0.7703703703703704 0.08020833333333334 0.7731481481481481 0.0828125 0.7800925925925926 0.08567708333333333 0.7851851851851852 0.08671875 0.7888888888888889 0.08802083333333334 0.7907407407407407 0.09088541666666666 0.7912037037037037 0.09114583333333333 0.7916666666666666 0.09140625 0.7912037037037037 0.0921875 0.7912037037037037 0.09739583333333333 0.7870370370370371 0.09869791666666666 0.7851851851851852 0.1 0.7847222222222222 0.10078125 0.7837962962962963 0.10286458333333333 0.7833333333333333 0.10390625 0.7824074074074074 0.10546875 0.7796296296296297 0.10572916666666667 0.7777777777777778 0.10651041666666666 0.7754629629629629 0.10651041666666666 0.7736111111111111 0.10677083333333333 0.7731481481481481 0.10651041666666666 0.7726851851851851 0.10651041666666666 0.7694444444444445 0.10625 0.7680555555555556 0.10755208333333334 0.7657407407407407 0.11692708333333333 0.7606481481481482 0.11770833333333333 0.7597222222222222 0.11901041666666666 0.7592592592592593 0.11953125 0.7583333333333333 0.12161458333333333 0.7564814814814815 0.12239583333333333 0.7564814814814815 0.125 0.7541666666666667 0.12552083333333333 0.7541666666666667 0.13515625 0.7458333333333333 0.13802083333333334 0.7412037037037037 0.13828125 0.7402777777777778 0.13828125 0.7314814814814815
5 0.68984375 0.875462962962963 0.6885416666666667 0.8773148148148148 0.6880208333333333 0.8791666666666667 0.6869791666666667 0.8856481481481482 0.6856770833333333 0.8898148148148148 0.6856770833333333 0.8907407407407407 0.6848958333333334 0.8939814814814815 0.6848958333333334 0.8953703703703704 0.6841145833333333 0.8986111111111111 0.6833333333333333 0.9055555555555556 0.6830729166666667 0.9060185185185186 0.6825520833333333 0.9097222222222222 0.68203125 0.9111111111111111 0.68203125 0.9120370370370371 0.6815104166666667 0.9138888888888889 0.6815104166666667 0.9152777777777777 0.6802083333333333 0.9212962962962963 0.678125 0.924537037037037 0.6736979166666667 0.924074074074074 0.6729166666666667 0.9254629629629629 0.6723958333333333 0.9277777777777778 0.6723958333333333 0.9300925925925926 0.6721354166666667 0.9305555555555556 0.6721354166666667 0.9319444444444445 0.6716145833333333 0.9337962962962963 0.6713541666666667 0.9365740740740741 0.6703125 0.9388888888888889 0.6697916666666667 0.9412037037037037 0.6697916666666667 0.9430555555555555 0.6692708333333334 0.9453703703703704 0.6692708333333334 0.9481481481481482 0.6703125 0.95 0.6703125 0.950462962962963 0.6713541666666667 0.9518518518518518 0.671875 0.9541666666666667 0.6731770833333334 0.9569444444444445 0.67578125 0.9592592592592593 0.6768229166666667 0.9611111111111111 0.6768229166666667 0.961574074074074 0.678125 0.9634259259259259 0.6786458333333333 0.9634259259259259 0.6802083333333333 0.9648148148148148 0.6807291666666667 0.9657407407407408 0.6828125 0.9675925925925926 0.68359375 0.9689814814814814 0.6854166666666667 0.9703703703703703 0.68671875 0.9703703703703703 0.6869791666666667 0.9708333333333333 0.69296875 0.9712962962962963 0.6932291666666667 0.9708333333333333 0.6953125 0.9708333333333333 0.6955729166666667 0.9703703703703703 0.6966145833333334 0.9703703703703703 0.6979166666666666 0.9685185185185186 0.6994791666666667 0.9569444444444445 0.7005208333333334 0.9550925925925926 0.70078125 0.9527777777777777 0.7015625 0.95 0.7015625 0.9476851851851852 0.7018229166666666 0.9472222222222222 0.7015625 0.9449074074074074 0.7002604166666667 0.9416666666666667 0.6997395833333333 0.9416666666666667 0.6981770833333333 0.9398148148148148 0.6973958333333333 0.9361111111111111 0.6973958333333333 0.9337962962962963 0.6989583333333333 0.9263888888888889 0.6989583333333333 0.925 0.7002604166666667 0.9189814814814815 0.7002604166666667 0.9175925925925926 0.7005208333333334 0.9171296296296296 0.7010416666666667 0.913425925925926 0.7018229166666666 0.9111111111111111 0.7033854166666667 0.9018518518518519 0.7041666666666667 0.899074074074074 0.7044270833333334 0.8944444444444445 0.7046875 0.8939814814814815 0.7046875 0.8907407407407407 0.7044270833333334 0.8902777777777777 0.7044270833333334 0.8888888888888888 0.7041666666666667 0.888425925925926 0.70390625 0.8861111111111111 0.7010416666666667 0.8814814814814815 0.6979166666666666 0.8777777777777778 0.6950520833333333 0.8759259259259259 0.6942708333333333 0.8759259259259259 0.6940104166666666 0.875462962962963
6 0.7239583333333334 0.7296296296296296 0.7192708333333333 0.7296296296296296 0.7190104166666667 0.7300925925925926 0.7166666666666667 0.7300925925925926 0.71640625 0.7305555555555555 0.7153645833333333 0.7305555555555555 0.7151041666666667 0.7310185185185185 0.7140625 0.7310185185185185 0.7138020833333333 0.7314814814814815 0.7130208333333333 0.7314814814814815 0.7127604166666667 0.7319444444444444 0.7122395833333334 0.7319444444444444 0.7119791666666667 0.7324074074074074 0.71171875 0.7324074074074074 0.71015625 0.7351851851851852 0.71015625 0.7356481481481482 0.7091145833333333 0.7379629629629629 0.7091145833333333 0.7388888888888889 0.7088541666666667 0.7393518518518518 0.7088541666666667 0.7398148148148148 0.70859375 0.7402777777777778 0.70859375 0.7407407407407407 0.7083333333333334 0.7412037037037037 0.7080729166666667 0.7425925925925926 0.7075520833333333 0.7435185185185185 0.7072916666666667 0.7449074074074075 0.7065104166666667 0.7462962962962963 0.7065104166666667 0.7467592592592592 0.7046875 0.75 0.7044270833333334 0.75 0.7044270833333334 0.750462962962963 0.7036458333333333 0.7518518518518519 0.7036458333333333 0.7527777777777778 0.7033854166666667 0.7532407407407408 0.7033854166666667 0.7541666666666667 0.7036458333333333 0.7546296296296297 0.7036458333333333 0.7555555555555555 0.70390625 0.7560185185185185 0.70390625 0.7569444444444444 0.7041666666666667 0.7574074074074074 0.7041666666666667 0.7583333333333333 0.7044270833333334 0.7587962962962963 0.7044270833333334 0.7592592592592593 0.7067708333333333 0.763425925925926 0.7067708333333333 0.7638888888888888 0.7072916666666667 0.7648148148148148 0.7072916666666667 0.7657407407407407 0.7075520833333333 0.7662037037037037 0.7075520833333333 0.7666666666666667 0.7078125 0.7671296296296296 0.7080729166666667 0.7685185185185185 0.7091145833333333 0.7703703703703704 0.7091145833333333 0.7708333333333334 0.7114583333333333 0.775 0.71171875 0.775 0.7122395833333334 0.7759259259259259 0.7125 0.7759259259259259 0.71328125 0.7768518518518519 0.7143229166666667 0.7768518518518519 0.7145833333333333 0.7773148148148148 0.7158854166666667 0.7773148148148148 0.7161458333333334 0.7777777777777778 0.7182291666666667 0.7777777777777778 0.7184895833333333 0.7773148148148148 0.7213541666666666 0.7773148148148148 0.7216145833333333 0.7768518518518519 0.7239583333333334 0.7768518518518519 0.72421875 0.7763888888888889 0.7252604166666666 0.7763888888888889 0.7255208333333333 0.7759259259259259 0.7263020833333333 0.7759259259259259 0.7265625 0.7754629629629629 0.7270833333333333 0.7754629629629629 0.72734375 0.775 0.7278645833333334 0.775 0.7294270833333333 0.7731481481481481 0.7294270833333333 0.7726851851851851 0.73046875 0.7708333333333334 0.73046875 0.7703703703703704 0.73203125 0.7675925925925926 0.73203125 0.7671296296296296 0.7325520833333333 0.7662037037037037 0.7325520833333333 0.7657407407407407 0.7328125 0.7652777777777777 0.7330729166666666 0.7638888888888888 0.73359375 0.762962962962963 0.73359375 0.7625 0.734375 0.7611111111111111 0.734375 0.7601851851851852 0.7348958333333333 0.7587962962962963 0.7348958333333333 0.7550925925925925 0.73515625 0.7546296296296297 0.73515625 0.7541666666666667 0.7348958333333333 0.7537037037037037 0.7348958333333333 0.7523148148148148 0.7338541666666667 0.75 0.7338541666666667 0.749537037037037 0.73359375 0.7490740740740741 0.7333333333333333 0.7476851851851852 0.7328125 0.7467592592592592 0.7328125 0.7462962962962963 0.7322916666666667 0.7453703703703703 0.7322916666666667 0.7449074074074075 0.7302083333333333 0.7412037037037037 0.7302083333333333 0.7407407407407407 0.7294270833333333 0.7393518518518518 0.7294270833333333 0.7388888888888889 0.72890625 0.7379629629629629 0.72890625 0.7375 0.7268229166666667 0.7337962962962963 0.7268229166666667 0.7333333333333333 0.7255208333333333 0.7310185185185185 0.7252604166666666 0.7310185185185185 0.7247395833333333 0.7300925925925926 0.72421875 0.7300925925925926
6 0.5161458333333333 0.8027777777777778 0.5161458333333333 0.8032407407407407 0.515625 0.8041666666666667 0.515625 0.8046296296296296 0.5151041666666667 0.8060185185185185 0.5151041666666667 0.8069444444444445 0.51484375 0.8074074074074075 0.51484375 0.8083333333333333 0.5145833333333333 0.8087962962962963 0.5145833333333333 0.8101851851851852 0.5143229166666666 0.8106481481481481 0.5143229166666666 0.8115740740740741 0.5140625 0.812037037037037 0.5140625 0.812962962962963 0.5138020833333333 0.8134259259259259 0.5138020833333333 0.8152777777777778 0.5135416666666667 0.8157407407407408 0.5135416666666667 0.8189814814814815 0.5138020833333333 0.8194444444444444 0.5138020833333333 0.8236111111111111 0.5140625 0.8240740740740741 0.5140625 0.825462962962963 0.5143229166666666 0.825925925925926 0.5143229166666666 0.8273148148148148 0.5145833333333333 0.8277777777777777 0.51484375 0.8300925925925926 0.5151041666666667 0.8305555555555556 0.5153645833333333 0.8319444444444445 0.51640625 0.8342592592592593 0.5166666666666667 0.8342592592592593 0.5171875 0.8351851851851851 0.5184895833333333 0.8361111111111111 0.5192708333333333 0.8375 0.5200520833333333 0.8379629629629629 0.5208333333333334 0.8393518518518519 0.52109375 0.8393518518518519 0.5229166666666667 0.8412037037037037 0.5234375 0.8412037037037037 0.5247395833333334 0.8425925925925926 0.5252604166666667 0.8425925925925926 0.5255208333333333 0.8430555555555556 0.5265625 0.8430555555555556 0.5268229166666667 0.8435185185185186 0.5278645833333333 0.8435185185185186 0.528125 0.8439814814814814 0.5291666666666667 0.8439814814814814 0.5294270833333333 0.8444444444444444 0.5328125 0.8444444444444444 0.5330729166666667 0.8439814814814814 0.5346354166666667 0.8439814814814814 0.5348958333333333 0.8435185185185186 0.5359375 0.8435185185185186 0.5361979166666667 0.8430555555555556 0.5372395833333333 0.8430555555555556 0.5375 0.8425925925925926 0.5380208333333333 0.8425925925925926 0.53828125 0.8421296296296297 0.5388020833333333 0.8421296296296297 0.5390625 0.8416666666666667 0.5395833333333333 0.8416666666666667 0.53984375 0.8412037037037037 0.5411458333333333 0.8407407407407408 0.5421875 0.8393518518518519 0.5434895833333333 0.8384259259259259 0.5440104166666667 0.8375 0.5442708333333334 0.8375 0.5453125 0.8361111111111111 0.5455729166666666 0.8361111111111111 0.5473958333333333 0.8328703703703704 0.5473958333333333 0.8324074074074074 0.5481770833333334 0.8310185185185185 0.5481770833333334 0.8305555555555556 0.5497395833333333 0.825462962962963 0.5497395833333333 0.8245370370370371 0.55 0.8240740740740741 0.55 0.8231481481481482 0.5502604166666667 0.8226851851851852 0.5502604166666667 0.8194444444444444 0.5505208333333333 0.8189814814814815 0.5505208333333333 0.8143518518518519 0.5502604166666667 0.8138888888888889 0.5502604166666667 0.812037037037037 0.55 0.8115740740740741 0.55 0.8101851851851852 0.5497395833333333 0.8097222222222222 0.5494791666666666 0.8074074074074075 0.54921875 0.8069444444444445 0.5484375 0.8037037037037037 0.5479166666666667 0.8027777777777778 0.54765625 0.8013888888888889 0.5458333333333333 0.7981481481481482 0.5455729166666666 0.7981481481481482 0.5442708333333334 0.7962962962962963 0.5434895833333333 0.7958333333333333 0.54296875 0.7949074074074074 0.5427083333333333 0.7949074074074074 0.5408854166666667 0.7930555555555555 0.5403645833333334 0.7930555555555555 0.5395833333333333 0.7921296296296296 0.5390625 0.7921296296296296 0.5388020833333333 0.7916666666666666 0.53828125 0.7916666666666666 0.5380208333333333 0.7912037037037037 0.5372395833333333 0.7912037037037037 0.5369791666666667 0.7907407407407407 0.5348958333333333 0.7907407407407407 0.5346354166666667 0.7902777777777777 0.5291666666666667 0.7902777777777777 0.52890625 0.7907407407407407 0.5278645833333333 0.7907407407407407 0.5276041666666667 0.7912037037037037 0.5268229166666667 0.7912037037037037 0.5265625 0.7916666666666666 0.5247395833333334 0.7921296296296296 0.5239583333333333 0.7930555555555555 0.5234375 0.7930555555555555 0.5231770833333333 0.7935185185185185 0.5223958333333333 0.7939814814814815 0.521875 0.7949074074074074 0.5216145833333333 0.7949074074074074 0.52109375 0.7958333333333333 0.5208333333333334 0.7958333333333333 0.5192708333333333 0.7986111111111112 0.5190104166666667 0.7986111111111112 0.51796875 0.8004629629629629 0.5177083333333333 0.8004629629629629 0.5166666666666667 0.8023148148148148 0.51640625 0.8023148148148148
6 0.44609375 0.5430555555555555 0.4427083333333333 0.5462962962962963 0.44192708333333336 0.5476851851851852 0.44166666666666665 0.5476851851851852 0.44088541666666664 0.549074074074074 0.440625 0.549074074074074 0.43984375 0.5504629629629629 0.4395833333333333 0.5504629629629629 0.43802083333333336 0.5532407407407407 0.434375 0.5662037037037037 0.434375 0.5680555555555555 0.43411458333333336 0.5685185185185185 0.43411458333333336 0.5703703703703704 0.43385416666666665 0.5708333333333333 0.43385416666666665 0.5768518518518518 0.43411458333333336 0.5773148148148148 0.43411458333333336 0.5800925925925926 0.434375 0.5805555555555556 0.434375 0.5814814814814815 0.4348958333333333 0.5833333333333334 0.4356770833333333 0.5847222222222223 0.4356770833333333 0.5851851851851851 0.43671875 0.5875 0.43828125 0.5935185185185186 0.4393229166666667 0.5953703703703703 0.44140625 0.5972222222222222 0.44192708333333336 0.5981481481481481 0.4421875 0.5981481481481481 0.4434895833333333 0.6 0.44427083333333334 0.600462962962963 0.44479166666666664 0.6013888888888889 0.4453125 0.6013888888888889 0.44609375 0.6023148148148149 0.4466145833333333 0.6023148148148149 0.446875 0.6027777777777777 0.4473958333333333 0.6027777777777777 0.4484375 0.6037037037037037 0.44921875 0.6037037037037037 0.44947916666666665 0.6041666666666666 0.45 0.6041666666666666 0.45026041666666666 0.6046296296296296 0.4513020833333333 0.6046296296296296 0.4515625 0.6050925925925926 0.45416666666666666 0.6050925925925926 0.4544270833333333 0.6055555555555555 0.45598958333333334 0.6055555555555555 0.45625 0.6050925925925926 0.4591145833333333 0.6050925925925926 0.459375 0.6046296296296296 0.4609375 0.6041666666666666 0.46119791666666665 0.6037037037037037 0.46171875 0.6037037037037037 0.46197916666666666 0.6032407407407407 0.4625 0.6032407407407407 0.4627604166666667 0.6027777777777777 0.46328125 0.6027777777777777 0.4635416666666667 0.6023148148148149 0.4640625 0.6023148148148149 0.46432291666666664 0.6018518518518519 0.46484375 0.6018518518518519 0.46588541666666666 0.600925925925926 0.46640625 0.6 0.4674479166666667 0.5990740740740741 0.4713541666666667 0.5925925925925926 0.4713541666666667 0.5921296296296297 0.47291666666666665 0.5884259259259259 0.47421875 0.5837962962962963 0.47421875 0.5828703703703704 0.4747395833333333 0.5814814814814815 0.4747395833333333 0.5800925925925926 0.475 0.5796296296296296 0.475 0.575 0.4752604166666667 0.5745370370370371 0.4752604166666667 0.5708333333333333 0.475 0.5703703703703704 0.475 0.5657407407407408 0.4739583333333333 0.562037037037037 0.4739583333333333 0.5611111111111111 0.4734375 0.5601851851851852 0.47265625 0.5569444444444445 0.47213541666666664 0.5560185185185185 0.47109375 0.5527777777777778 0.46848958333333335 0.5481481481481482 0.46822916666666664 0.5481481481481482 0.4674479166666667 0.5467592592592593 0.465625 0.5453703703703704 0.46510416666666665 0.5444444444444444 0.4635416666666667 0.5430555555555555 0.4630208333333333 0.5430555555555555 0.4622395833333333 0.5421296296296296 0.46145833333333336 0.5421296296296296 0.46041666666666664 0.5412037037037037 0.4583333333333333 0.5407407407407407 0.45807291666666666 0.5402777777777777 0.45286458333333335 0.5402777777777777 0.45260416666666664 0.5407407407407407 0.4510416666666667 0.5407407407407407 0.45078125 0.5412037037037037 0.45 0.5412037037037037 0.44973958333333336 0.5416666666666666 0.44765625 0.5421296296296296 0.4473958333333333 0.5425925925925926
6 0.34401041666666665 0.7847222222222222 0.34401041666666665 0.7851851851851852 0.34322916666666664 0.7875 0.34322916666666664 0.788425925925926 0.34296875 0.7888888888888889 0.34296875 0.7907407407407407 0.34270833333333334 0.7912037037037037 0.34270833333333334 0.7930555555555555 0.3424479166666667 0.7935185185185185 0.3424479166666667 0.7958333333333333 0.3421875 0.7962962962962963 0.3421875 0.8027777777777778 0.3424479166666667 0.8032407407407407 0.3424479166666667 0.8046296296296296 0.34270833333333334 0.8050925925925926 0.34270833333333334 0.8064814814814815 0.34296875 0.8069444444444445 0.34296875 0.8078703703703703 0.34322916666666664 0.8083333333333333 0.34375 0.8106481481481481 0.3450520833333333 0.8134259259259259 0.3450520833333333 0.8138888888888889 0.34765625 0.8185185185185185 0.34791666666666665 0.8185185185185185 0.34869791666666666 0.8199074074074074 0.3489583333333333 0.8199074074074074 0.35130208333333335 0.8222222222222222 0.35182291666666665 0.8222222222222222 0.3536458333333333 0.8240740740740741 0.35494791666666664 0.8245370370370371 0.3567708333333333 0.8263888888888888 0.3575520833333333 0.8263888888888888 0.3578125 0.8268518518518518 0.3619791666666667 0.8268518518518518 0.36223958333333334 0.8263888888888888 0.36354166666666665 0.8263888888888888 0.36380208333333336 0.825925925925926 0.3651041666666667 0.825925925925926 0.3653645833333333 0.825462962962963 0.36614583333333334 0.825462962962963 0.36640625 0.825 0.36692708333333335 0.825 0.3671875 0.8245370370370371 0.36770833333333336 0.8245370370370371 0.36796875 0.8240740740740741 0.3692708333333333 0.8236111111111111 0.37005208333333334 0.8226851851851852 0.37057291666666664 0.8226851851851852 0.37083333333333335 0.8222222222222222 0.37213541666666666 0.8217592592592593 0.3723958333333333 0.8212962962962963 0.37421875 0.8199074074074074 0.37578125 0.8171296296296297 0.37578125 0.8166666666666667 0.3765625 0.8152777777777778 0.3765625 0.8148148148148148 0.37838541666666664 0.8111111111111111 0.37838541666666664 0.8106481481481481 0.37916666666666665 0.8083333333333333 0.37916666666666665 0.8074074074074075 0.37942708333333336 0.8069444444444445 0.37942708333333336 0.8055555555555556 0.3796875 0.8050925925925926 0.3796875 0.7944444444444444 0.37942708333333336 0.7939814814814815 0.37942708333333336 0.7925925925925926 0.37916666666666665 0.7921296296296296 0.37890625 0.7898148148148149 0.37864583333333335 0.7893518518518519 0.378125 0.7870370370370371 0.3768229166666667 0.7842592592592592 0.3768229166666667 0.7837962962962963 0.37473958333333335 0.7800925925925926 0.37447916666666664 0.7800925925925926 0.37421875 0.7796296296296297 0.3734375 0.7791666666666667 0.3729166666666667 0.7782407407407408 0.37213541666666666 0.7777777777777778 0.3690104166666667 0.7736111111111111 0.3684895833333333 0.7736111111111111 0.36822916666666666 0.7731481481481481 0.36770833333333336 0.7731481481481481 0.36744791666666665 0.7726851851851851 0.36692708333333335 0.7726851851851851 0.36666666666666664 0.7722222222222223 0.36614583333333334 0.7722222222222223 0.3658854166666667 0.7717592592592593 0.36484375 0.7717592592592593 0.3645833333333333 0.7712962962962963 0.35859375 0.7712962962962963 0.35833333333333334 0.7717592592592593 0.3567708333333333 0.7717592592592593 0.35651041666666666 0.7722222222222223 0.35598958333333336 0.7722222222222223 0.35572916666666665 0.7726851851851851 0.35520833333333335 0.7726851851851851 0.35494791666666664 0.7731481481481481 0.3541666666666667 0.7731481481481481 0.35390625 0.7736111111111111 0.3533854166666667 0.7736111111111111 0.353125 0.774074074074074 0.35234375 0.774074074074074 0.35208333333333336 0.774537037037037 0.35130208333333335 0.774537037037037 0.35104166666666664 0.775 0.35 0.775 0.3494791666666667 0.7759259259259259 0.34921875 0.7759259259259259 0.34713541666666664 0.7796296296296297 0.346875 0.7796296296296297 0.3458333333333333 0.7814814814814814 0.3455729166666667 0.7814814814814814
