1 0.10859375 0.8009259259259259 0.10885416666666667 0.8018518518518518 0.10885416666666667 0.8027777777777778 0.109375 0.8027777777777778 0.11067708333333333 0.8041666666666667 0.11119791666666666 0.8041666666666667 0.11223958333333334 0.8055555555555556 0.1125 0.8055555555555556 0.11302083333333333 0.8064814814814815 0.11328125 0.8064814814814815 0.11510416666666666 0.8097222222222222 0.11536458333333334 0.8097222222222222 0.11666666666666667 0.812037037037037 0.11692708333333333 0.812037037037037 0.11875 0.8152777777777778 0.12083333333333333 0.8171296296296297 0.12135416666666667 0.8171296296296297 0.12213541666666666 0.8180555555555555 0.12447916666666667 0.8189814814814815 0.12578125 0.8212962962962963 0.12578125 0.8231481481481482 0.12604166666666666 0.8236111111111111 0.12578125 0.8240740740740741 0.12578125 0.8314814814814815 0.12604166666666666 0.8319444444444445 0.12604166666666666 0.8337962962962963 0.12630208333333334 0.8342592592592593 0.12630208333333334 0.8351851851851851 0.12708333333333333 0.8361111111111111 0.12942708333333333 0.836574074074074 0.1296875 0.837037037037037 0.13046875 0.837037037037037 0.13072916666666667 0.8375 0.13125 0.8375 0.13151041666666666 0.8379629629629629 0.13203125 0.8379629629629629 0.13255208333333332 0.8384259259259259 0.13385416666666666 0.8407407407407408 0.13411458333333334 0.8421296296296297 0.13489583333333333 0.8435185185185186 0.13515625 0.8444444444444444 0.13541666666666666 0.8444444444444444 0.13619791666666667 0.8458333333333333 0.13645833333333332 0.8458333333333333 0.13723958333333333 0.8472222222222222 0.1375 0.8472222222222222 0.13854166666666667 0.8486111111111111 0.14036458333333332 0.8486111111111111 0.140625 0.8481481481481481 0.14192708333333334 0.8481481481481481 0.14244791666666667 0.8476851851851852 0.14296875 0.8467592592592592 0.14322916666666666 0.8467592592592592 0.14453125 0.8444444444444444 0.14479166666666668 0.8444444444444444 0.146875 0.8407407407407408 0.146875 0.8402777777777778 0.1484375 0.837037037037037 0.14869791666666668 0.8361111111111111 0.14869791666666668 0.8351851851851851 0.14895833333333333 0.8347222222222223 0.14895833333333333 0.8333333333333334 0.14921875 0.8328703703703704 0.14921875 0.8319444444444445 0.15182291666666667 0.8236111111111111 0.15182291666666667 0.8222222222222222 0.15208333333333332 0.8217592592592593 0.1515625 0.8199074074074074 0.15104166666666666 0.8189814814814815 0.15104166666666666 0.8185185185185185 0.14895833333333333 0.8152777777777778 0.14869791666666668 0.8152777777777778 0.14817708333333332 0.8143518518518519 0.14661458333333333 0.812962962962963 0.14583333333333334 0.812962962962963 0.14557291666666666 0.8125 0.14427083333333332 0.812037037037037 0.14296875 0.8106481481481481 0.14244791666666667 0.8106481481481481 0.14166666666666666 0.8097222222222222 0.14114583333333333 0.8097222222222222 0.14036458333333332 0.8087962962962963 0.13984375 0.8087962962962963 0.13880208333333333 0.8078703703703703 0.13645833333333332 0.8078703703703703 0.13619791666666667 0.8074074074074075 0.13307291666666668 0.8074074074074075 0.1328125 0.8078703703703703 0.13020833333333334 0.8078703703703703 0.12916666666666668 0.8069444444444445 0.12864583333333332 0.8060185185185185 0.12682291666666667 0.8046296296296296 0.12578125 0.8027777777777778 0.12526041666666668 0.8023148148148148 0.12473958333333333 0.8023148148148148 0.12395833333333334 0.8013888888888889 0.1234375 0.8013888888888889 0.12317708333333334 0.8009259259259259 0.12161458333333333 0.8009259259259259 0.12135416666666667 0.8004629629629629 0.1203125 0.8004629629629629 0.12005208333333334 0.8 0.11901041666666666 0.8 0.11875 0.799537037037037 0.11744791666666667 0.799537037037037 0.1171875 0.799074074074074 0.11588541666666667 0.799074074074074 0.115625 0.7986111111111112 0.1109375 0.7986111111111112 0.109375 0.8 0.10885416666666667 0.8009259259259259
1 0.21953125 0.8023148148148148 0.21848958333333332 0.8032407407407407 0.21796875 0.8041666666666667 0.2171875 0.8046296296296296 0.2171875 0.8050925925925926 0.21484375 0.8097222222222222 0.21484375 0.8106481481481481 0.21432291666666667 0.812037037037037 0.21432291666666667 0.812962962962963 0.21380208333333334 0.8148148148148148 0.2140625 0.8152777777777778 0.2140625 0.8166666666666667 0.21458333333333332 0.8185185185185185 0.21536458333333333 0.8199074074074074 0.21536458333333333 0.8203703703703704 0.21875 0.8263888888888888 0.21979166666666666 0.8296296296296296 0.22109375 0.8319444444444445 0.22135416666666666 0.8319444444444445 0.22265625 0.8342592592592593 0.22265625 0.8347222222222223 0.22369791666666666 0.836574074074074 0.22369791666666666 0.837037037037037 0.22526041666666666 0.8398148148148148 0.22552083333333334 0.8398148148148148 0.22604166666666667 0.8407407407407408 0.22604166666666667 0.8412037037037037 0.228125 0.8453703703703703 0.22890625 0.8481481481481481 0.2296875 0.8495370370370371 0.2296875 0.850925925925926 0.22760416666666666 0.8569444444444444 0.22760416666666666 0.8578703703703704 0.22734375 0.8583333333333333 0.22760416666666666 0.8592592592592593 0.228125 0.8601851851851852 0.22916666666666666 0.8611111111111112 0.23046875 0.8634259259259259 0.23125 0.8638888888888889 0.23255208333333333 0.8662037037037037 0.23307291666666666 0.8680555555555556 0.23333333333333334 0.8717592592592592 0.234375 0.875462962962963 0.2359375 0.8782407407407408 0.23697916666666666 0.8787037037037037 0.23723958333333334 0.8791666666666667 0.24010416666666667 0.8791666666666667 0.240625 0.8787037037037037 0.24192708333333332 0.8763888888888889 0.2421875 0.8763888888888889 0.24427083333333333 0.8736111111111111 0.24583333333333332 0.8722222222222222 0.246875 0.8703703703703703 0.24713541666666666 0.8703703703703703 0.24817708333333333 0.8685185185185185 0.2484375 0.8685185185185185 0.25026041666666665 0.8652777777777778 0.25052083333333336 0.8652777777777778 0.25052083333333336 0.8648148148148148 0.2515625 0.8629629629629629 0.25234375 0.8601851851851852 0.25234375 0.8592592592592593 0.2526041666666667 0.8587962962962963 0.2526041666666667 0.8555555555555555 0.25234375 0.8546296296296296 0.25052083333333336 0.8513888888888889 0.25052083333333336 0.850925925925926 0.24635416666666668 0.8439814814814814 0.24583333333333332 0.8421296296296297 0.240625 0.8333333333333334 0.23958333333333334 0.8324074074074074 0.23880208333333333 0.8324074074074074 0.23854166666666668 0.8319444444444445 0.23723958333333334 0.8314814814814815 0.23515625 0.8296296296296296 0.23463541666666668 0.8287037037037037 0.23385416666666667 0.8282407407407407 0.2296875 0.8203703703703704 0.2296875 0.8199074074074074 0.22890625 0.8185185185185185 0.22890625 0.8180555555555555 0.22760416666666666 0.8152777777777778 0.22760416666666666 0.8148148148148148 0.22604166666666667 0.812037037037037 0.22526041666666666 0.8092592592592592 0.22317708333333333 0.8050925925925926 0.22291666666666668 0.8050925925925926 0.22135416666666666 0.8023148148148148
1 0.30052083333333335 0.8083333333333333 0.2994791666666667 0.8050925925925926 0.29739583333333336 0.8004629629629629 0.2953125 0.7986111111111112 0.29401041666666666 0.7986111111111112 0.29375 0.799074074074074 0.29296875 0.799074074074074 0.29270833333333335 0.799537037037037 0.29192708333333334 0.799537037037037 0.2916666666666667 0.8 0.2908854166666667 0.8 0.290625 0.8004629629629629 0.28932291666666665 0.8009259259259259 0.28802083333333334 0.8023148148148148 0.2875 0.8023148148148148 0.2864583333333333 0.8032407407407407 0.2859375 0.8041666666666667 0.28515625 0.8046296296296296 0.28463541666666664 0.8055555555555556 0.2830729166666667 0.8069444444444445 0.2825520833333333 0.8069444444444445 0.28020833333333334 0.8092592592592592 0.2796875 0.8092592592592592 0.27890625 0.8101851851851852 0.27760416666666665 0.8106481481481481 0.27682291666666664 0.8115740740740741 0.27630208333333334 0.8115740740740741 0.27421875 0.8134259259259259 0.27291666666666664 0.8138888888888889 0.2721354166666667 0.8148148148148148 0.2703125 0.8148148148148148 0.2674479166666667 0.812037037037037 0.26614583333333336 0.812037037037037 0.26588541666666665 0.8125 0.2638020833333333 0.8125 0.26197916666666665 0.8143518518518519 0.2598958333333333 0.8152777777777778 0.25885416666666666 0.8162037037037037 0.2578125 0.8180555555555555 0.25677083333333334 0.8189814814814815 0.25546875 0.8194444444444444 0.25390625 0.8208333333333333 0.25338541666666664 0.8217592592592593 0.253125 0.8217592592592593 0.25234375 0.8236111111111111 0.25234375 0.8263888888888888 0.2520833333333333 0.8268518518518518 0.2520833333333333 0.8310185185185185 0.25234375 0.8314814814814815 0.25234375 0.8324074074074074 0.25286458333333334 0.8342592592592593 0.25286458333333334 0.8356481481481481 0.25338541666666664 0.8375 0.25338541666666664 0.8388888888888889 0.25364583333333335 0.8393518518518519 0.25390625 0.8425925925925926 0.2546875 0.8453703703703703 0.25807291666666665 0.8513888888888889 0.2591145833333333 0.8523148148148149 0.2609375 0.8523148148148149 0.26119791666666664 0.8518518518518519 0.26276041666666666 0.8518518518518519 0.2630208333333333 0.8513888888888889 0.2635416666666667 0.8513888888888889 0.26614583333333336 0.8481481481481481 0.2671875 0.8476851851851852 0.2674479166666667 0.8472222222222222 0.26927083333333335 0.8472222222222222 0.26953125 0.8467592592592592 0.271875 0.8467592592592592 0.2721354166666667 0.8462962962962963 0.2734375 0.8458333333333333 0.2747395833333333 0.8439814814814814 0.2747395833333333 0.8398148148148148 0.27447916666666666 0.8393518518518519 0.27447916666666666 0.836574074074074 0.275 0.8351851851851851 0.27786458333333336 0.8324074074074074 0.27838541666666666 0.8324074074074074 0.2794270833333333 0.8314814814814815 0.28020833333333334 0.8314814814814815 0.28046875 0.8310185185185185 0.28203125 0.8305555555555556 0.2828125 0.8296296296296296 0.2833333333333333 0.8296296296296296 0.28541666666666665 0.8273148148148148 0.2859375 0.8273148148148148 0.28932291666666665 0.8240740740740741 0.28984375 0.8240740740740741 0.29244791666666664 0.8217592592592593 0.29348958333333336 0.8203703703703704 0.29401041666666666 0.8203703703703704 0.2942708333333333 0.8199074074074074 0.2947916666666667 0.8199074074074074 0.2950520833333333 0.8194444444444444 0.2955729166666667 0.8194444444444444 0.29583333333333334 0.8189814814814815 0.29635416666666664 0.8189814814814815 0.29661458333333335 0.8185185185185185 0.29713541666666665 0.8185185185185185 0.29739583333333336 0.8180555555555555 0.29791666666666666 0.8180555555555555 0.2981770833333333 0.8175925925925925 0.2986979166666667 0.8175925925925925 0.2989583333333333 0.8171296296296297 0.3 0.8166666666666667 0.30078125 0.8148148148148148 0.30078125 0.8101851851851852 0.30052083333333335 0.8097222222222222
1 0.07213541666666666 0.9472222222222222 0.07213541666666666 0.9495370370370371 0.071875 0.95 0.071875 0.9550925925925926 0.07265625 0.9569444444444445 0.07317708333333334 0.9569444444444445 0.07395833333333333 0.9578703703703704 0.07447916666666667 0.9578703703703704 0.07552083333333333 0.9587962962962963 0.07630208333333334 0.9587962962962963 0.0765625 0.9592592592592593 0.07760416666666667 0.9592592592592593 0.07786458333333333 0.9597222222222223 0.07864583333333333 0.9597222222222223 0.07890625 0.9601851851851851 0.0796875 0.9601851851851851 0.07994791666666666 0.9606481481481481 0.08098958333333334 0.9606481481481481 0.08125 0.9611111111111111 0.08203125 0.9611111111111111 0.08229166666666667 0.961574074074074 0.08333333333333333 0.961574074074074 0.08359375 0.962037037037037 0.08411458333333334 0.962037037037037 0.084375 0.9625 0.08515625 0.9625 0.08541666666666667 0.9629629629629629 0.0859375 0.9629629629629629 0.08697916666666666 0.9638888888888889 0.08802083333333334 0.9638888888888889 0.08828125 0.9643518518518519 0.08932291666666667 0.9643518518518519 0.08958333333333333 0.9648148148148148 0.09010416666666667 0.9648148148148148 0.09140625 0.9666666666666667 0.09322916666666667 0.9740740740740741 0.09505208333333333 0.9763888888888889 0.09583333333333334 0.9763888888888889 0.09609375 0.9768518518518519 0.09895833333333333 0.9768518518518519 0.09921875 0.9773148148148149 0.10625 0.9773148148148149 0.10651041666666666 0.9777777777777777 0.10833333333333334 0.9777777777777777 0.10859375 0.9782407407407407 0.11015625 0.9782407407407407 0.11041666666666666 0.9787037037037037 0.1109375 0.9787037037037037 0.11119791666666666 0.9782407407407407 0.11197916666666667 0.9782407407407407 0.11354166666666667 0.9768518518518519 0.11458333333333333 0.975 0.11510416666666666 0.9731481481481481 0.11692708333333333 0.9694444444444444 0.11744791666666667 0.9675925925925926 0.11744791666666667 0.9652777777777778 0.11770833333333333 0.9648148148148148 0.11770833333333333 0.9597222222222223 0.11744791666666667 0.9592592592592593 0.11744791666666667 0.9583333333333334 0.11692708333333333 0.9564814814814815 0.11588541666666667 0.9550925925925926 0.11536458333333334 0.9550925925925926 0.11510416666666666 0.9546296296296296 0.11432291666666666 0.9546296296296296 0.1140625 0.9541666666666667 0.11328125 0.9541666666666667 0.11302083333333333 0.9537037037037037 0.11223958333333334 0.9537037037037037 0.11197916666666667 0.9532407407407407 0.11145833333333334 0.9532407407407407 0.11041666666666666 0.9523148148148148 0.10885416666666667 0.9490740740740741 0.10833333333333334 0.9472222222222222 0.10833333333333334 0.9462962962962963 0.10807291666666667 0.9453703703703704 0.10729166666666666 0.9439814814814815 0.10677083333333333 0.9435185185185185 0.10625 0.9435185185185185 0.10598958333333333 0.9430555555555555 0.10546875 0.9430555555555555 0.10520833333333333 0.9425925925925925 0.10416666666666667 0.9425925925925925 0.10390625 0.9421296296296297 0.10338541666666666 0.9421296296296297 0.103125 0.9425925925925925 0.10182291666666667 0.9425925925925925 0.1015625 0.9430555555555555 0.10104166666666667 0.9430555555555555 0.10078125 0.9435185185185185 0.10026041666666667 0.9435185185185185 0.09921875 0.9444444444444444 0.0984375 0.9444444444444444 0.09817708333333333 0.9449074074074074 0.09765625 0.9449074074074074 0.09739583333333333 0.9453703703703704 0.096875 0.9453703703703704 0.09583333333333334 0.9462962962962963 0.09557291666666666 0.9458333333333333 0.09479166666666666 0.9458333333333333 0.09348958333333333 0.9444444444444444 0.09296875 0.9444444444444444 0.09192708333333334 0.9435185185185185 0.09114583333333333 0.9435185185185185 0.09088541666666666 0.9430555555555555 0.09010416666666667 0.9430555555555555 0.08984375 0.9425925925925925 0.0890625 0.9425925925925925 0.08880208333333334 0.9421296296296297 0.08828125 0.9421296296296297 0.08802083333333334 0.9416666666666667 0.0875 0.9416666666666667 0.08723958333333333 0.9412037037037037 0.08671875 0.9412037037037037 0.08645833333333333 0.9407407407407408 0.0859375 0.9407407407407408 0.08489583333333334 0.9398148148148148 0.08385416666666666 0.9398148148148148 0.08359375 0.9393518518518519 0.08229166666666667 0.9393518518518519 0.08203125 0.9388888888888889 0.08046875 0.9388888888888889 0.08020833333333334 0.9384259259259259 0.07942708333333333 0.9384259259259259 0.07916666666666666 0.9388888888888889 0.07734375 0.9388888888888889 0.07708333333333334 0.9393518518518519 0.07630208333333334 0.9393518518518519 0.07604166666666666 0.9398148148148148 0.07552083333333333 0.9398148148148148 0.075 0.9407407407407408 0.07395833333333333 0.9416666666666667 0.07395833333333333 0.9421296296296297 0.07291666666666667 0.9439814814814815 0.07239583333333334 0.9458333333333333 0.07239583333333334 0.9467592592592593
1 0.45078125 0.9185185185185185 0.44921875 0.9185185185185185 0.44895833333333335 0.9180555555555555 0.44635416666666666 0.9180555555555555 0.44609375 0.9185185185185185 0.44557291666666665 0.9185185185185185 0.44453125 0.9199074074074074 0.44427083333333334 0.9199074074074074 0.44192708333333336 0.924074074074074 0.44192708333333336 0.924537037037037 0.44140625 0.9254629629629629 0.44140625 0.9259259259259259 0.44088541666666664 0.9273148148148148 0.44088541666666664 0.9282407407407407 0.44036458333333334 0.9296296296296296 0.44036458333333334 0.9305555555555556 0.4401041666666667 0.9310185185185185 0.4401041666666667 0.9319444444444445 0.43984375 0.9324074074074075 0.4395833333333333 0.9347222222222222 0.4393229166666667 0.9351851851851852 0.4393229166666667 0.9365740740740741 0.4390625 0.937037037037037 0.4390625 0.937962962962963 0.4388020833333333 0.9384259259259259 0.4388020833333333 0.9402777777777778 0.43854166666666666 0.9407407407407408 0.43854166666666666 0.9421296296296297 0.43828125 0.9425925925925925 0.43828125 0.9444444444444444 0.43802083333333336 0.9449074074074074 0.43802083333333336 0.9472222222222222 0.43776041666666665 0.9476851851851852 0.43776041666666665 0.9518518518518518 0.4375 0.9523148148148148 0.4375 0.9555555555555556 0.43776041666666665 0.9560185185185185 0.43776041666666665 0.9578703703703704 0.43802083333333336 0.9583333333333334 0.43802083333333336 0.9629629629629629 0.43776041666666665 0.9634259259259259 0.43776041666666665 0.9638888888888889 0.4375 0.9643518518518519 0.4375 0.9652777777777778 0.43723958333333335 0.9657407407407408 0.43723958333333335 0.9671296296296297 0.43697916666666664 0.9675925925925926 0.43697916666666664 0.9689814814814814 0.43671875 0.9694444444444444 0.43671875 0.9708333333333333 0.43645833333333334 0.9712962962962963 0.43645833333333334 0.9726851851851852 0.4361979166666667 0.9731481481481481 0.4361979166666667 0.9740740740740741 0.4359375 0.9745370370370371 0.4359375 0.9782407407407407 0.4361979166666667 0.9787037037037037 0.4361979166666667 0.9814814814814815 0.43645833333333334 0.9819444444444444 0.43645833333333334 0.9824074074074074 0.43776041666666665 0.9847222222222223 0.43802083333333336 0.9847222222222223 0.43854166666666666 0.9856481481481482 0.4390625 0.9856481481481482 0.4393229166666667 0.9861111111111112 0.44244791666666666 0.9861111111111112 0.4427083333333333 0.9856481481481482 0.4434895833333333 0.9851851851851852 0.44479166666666664 0.9828703703703704 0.44479166666666664 0.9824074074074074 0.44505208333333335 0.9819444444444444 0.44583333333333336 0.9787037037037037 0.446875 0.9763888888888889 0.446875 0.975462962962963 0.4471354166666667 0.975 0.4471354166666667 0.9740740740740741 0.4473958333333333 0.9736111111111111 0.4473958333333333 0.9726851851851852 0.44765625 0.9722222222222222 0.44765625 0.9712962962962963 0.4479166666666667 0.9708333333333333 0.44817708333333334 0.9694444444444444 0.44869791666666664 0.9685185185185186 0.44895833333333335 0.9685185185185186 0.45026041666666666 0.9671296296296297 0.4515625 0.9666666666666667 0.45208333333333334 0.9657407407407408 0.45234375 0.9657407407407408 0.45286458333333335 0.9648148148148148 0.453125 0.9648148148148148 0.45364583333333336 0.9638888888888889 0.45390625 0.9638888888888889 0.4544270833333333 0.9629629629629629 0.4546875 0.9629629629629629 0.45598958333333334 0.9606481481481481 0.45598958333333334 0.9601851851851851 0.45755208333333336 0.9564814814814815 0.45755208333333336 0.9560185185185185 0.4583333333333333 0.9537037037037037 0.4583333333333333 0.950462962962963 0.45859375 0.95 0.45859375 0.9472222222222222 0.4588541666666667 0.9467592592592593 0.4588541666666667 0.9430555555555555 0.4591145833333333 0.9425925925925925 0.4591145833333333 0.9412037037037037 0.459375 0.9407407407407408 0.459375 0.9388888888888889 0.4596354166666667 0.9384259259259259 0.4596354166666667 0.9365740740740741 0.45989583333333334 0.9361111111111111 0.45989583333333334 0.9328703703703703 0.4596354166666667 0.9324074074074075 0.4596354166666667 0.9314814814814815 0.459375 0.9310185185185185 0.4588541666666667 0.9287037037037037 0.4583333333333333 0.9277777777777778 0.4583333333333333 0.9273148148148148 0.4552083333333333 0.9217592592592593 0.4549479166666667 0.9217592592592593 0.4546875 0.9212962962962963 0.45416666666666666 0.9212962962962963 0.45338541666666665 0.9203703703703704 0.45286458333333335 0.9203703703703704 0.45260416666666664 0.9199074074074074 0.45234375 0.9199074074074074 0.4515625 0.9189814814814815 0.4510416666666667 0.9189814814814815
1 0.5651041666666666 0.861574074074074 0.5638020833333334 0.8638888888888889 0.5638020833333334 0.8643518518518518 0.56328125 0.8652777777777778 0.5630208333333333 0.8666666666666667 0.5625 0.8675925925925926 0.5625 0.8680555555555556 0.5614583333333333 0.8712962962962963 0.5614583333333333 0.8726851851851852 0.5611979166666666 0.8731481481481481 0.5611979166666666 0.875 0.5609375 0.875462962962963 0.5609375 0.8805555555555555 0.5611979166666666 0.8810185185185185 0.5611979166666666 0.8828703703703704 0.5614583333333333 0.8833333333333333 0.5614583333333333 0.8847222222222222 0.56171875 0.8851851851851852 0.5625 0.888425925925926 0.5630208333333333 0.8893518518518518 0.56328125 0.8907407407407407 0.5638020833333334 0.8916666666666667 0.5640625 0.8930555555555556 0.5645833333333333 0.8939814814814815 0.5645833333333333 0.8944444444444445 0.5653645833333333 0.8967592592592593 0.5653645833333333 0.8976851851851851 0.565625 0.8981481481481481 0.565625 0.8986111111111111 0.5661458333333333 0.899537037037037 0.5661458333333333 0.9 0.5684895833333333 0.9041666666666667 0.56875 0.9041666666666667 0.56953125 0.9050925925925926 0.5700520833333333 0.9050925925925926 0.5713541666666667 0.9064814814814814 0.5721354166666667 0.9064814814814814 0.5723958333333333 0.9069444444444444 0.5739583333333333 0.9069444444444444 0.57421875 0.9074074074074074 0.5752604166666667 0.9074074074074074 0.5755208333333334 0.9078703703703703 0.5760416666666667 0.9078703703703703 0.5763020833333333 0.9083333333333333 0.5770833333333333 0.9087962962962963 0.5786458333333333 0.9115740740740741 0.5786458333333333 0.9120370370370371 0.5794270833333334 0.913425925925926 0.5794270833333334 0.9138888888888889 0.58125 0.9171296296296296 0.5815104166666667 0.9185185185185185 0.5822916666666667 0.9199074074074074 0.5822916666666667 0.9203703703703704 0.5841145833333333 0.9236111111111112 0.584375 0.9236111111111112 0.5846354166666666 0.924074074074074 0.5854166666666667 0.924074074074074 0.5856770833333333 0.924537037037037 0.5864583333333333 0.924537037037037 0.58671875 0.925 0.5877604166666667 0.925 0.5880208333333333 0.924537037037037 0.58828125 0.924537037037037 0.5903645833333333 0.9212962962962963 0.590625 0.9212962962962963 0.5916666666666667 0.9189814814814815 0.5916666666666667 0.9171296296296296 0.5919270833333333 0.9166666666666666 0.5919270833333333 0.9120370370370371 0.5916666666666667 0.9115740740740741 0.5911458333333334 0.9092592592592592 0.590625 0.9083333333333333 0.5903645833333333 0.9069444444444444 0.5885416666666666 0.9032407407407408 0.5885416666666666 0.9027777777777778 0.5872395833333334 0.9004629629629629 0.5872395833333334 0.9 0.5869791666666667 0.9 0.5859375 0.8981481481481481 0.5859375 0.8976851851851851 0.5854166666666667 0.8962962962962963 0.5854166666666667 0.8953703703703704 0.58515625 0.8949074074074074 0.58515625 0.8939814814814815 0.5848958333333333 0.8935185185185185 0.5848958333333333 0.8912037037037037 0.58515625 0.8907407407407407 0.58515625 0.8893518518518518 0.5854166666666667 0.8888888888888888 0.5854166666666667 0.8870370370370371 0.5856770833333333 0.8865740740740741 0.5856770833333333 0.8842592592592593 0.5854166666666667 0.8837962962962963 0.5854166666666667 0.8824074074074074 0.58515625 0.8819444444444444 0.58515625 0.8810185185185185 0.5848958333333333 0.8805555555555555 0.5848958333333333 0.8791666666666667 0.5846354166666666 0.8787037037037037 0.5846354166666666 0.8777777777777778 0.584375 0.8773148148148148 0.584375 0.8768518518518519 0.5838541666666667 0.8759259259259259 0.5838541666666667 0.875462962962963 0.5825520833333333 0.8731481481481481 0.5825520833333333 0.8726851851851852 0.5807291666666666 0.8694444444444445 0.58046875 0.8694444444444445 0.5796875 0.8680555555555556 0.5794270833333334 0.8680555555555556 0.57890625 0.8671296296296296 0.57890625 0.8666666666666667 0.5778645833333333 0.8648148148148148 0.5778645833333333 0.8643518518518518 0.5763020833333333 0.862037037037037 0.57578125 0.862037037037037 0.575 0.8611111111111112 0.5744791666666667 0.8611111111111112 0.57421875 0.8606481481481482 0.5736979166666667 0.8606481481481482 0.5734375 0.8601851851851852 0.5729166666666666 0.8601851851851852 0.57265625 0.8597222222222223 0.5674479166666667 0.8597222222222223 0.5671875 0.8601851851851852 0.5666666666666667 0.8601851851851852 0.56640625 0.8606481481481482
1 0.6575520833333334 0.9342592592592592 0.6544270833333333 0.9287037037037037 0.6533854166666667 0.9277777777777778 0.6526041666666667 0.9263888888888889 0.65234375 0.9263888888888889 0.65078125 0.924074074074074 0.6502604166666667 0.924074074074074 0.65 0.9236111111111112 0.646875 0.9236111111111112 0.6442708333333333 0.9259259259259259 0.6380208333333334 0.9365740740740741 0.6369791666666667 0.9402777777777778 0.6369791666666667 0.9412037037037037 0.63671875 0.9416666666666667 0.63671875 0.9439814814814815 0.6364583333333333 0.9444444444444444 0.6364583333333333 0.9458333333333333 0.6361979166666667 0.9462962962962963 0.6361979166666667 0.9472222222222222 0.6359375 0.9481481481481482 0.634375 0.950925925925926 0.6341145833333334 0.950925925925926 0.6328125 0.9527777777777777 0.6315104166666666 0.9537037037037037 0.6309895833333333 0.9546296296296296 0.6302083333333334 0.9550925925925926 0.62890625 0.9569444444444445 0.6231770833333333 0.962037037037037 0.6213541666666667 0.9652777777777778 0.6203125 0.9689814814814814 0.6203125 0.9699074074074074 0.6205729166666667 0.9703703703703703 0.6205729166666667 0.9740740740740741 0.6223958333333334 0.9805555555555555 0.6234375 0.9824074074074074 0.6268229166666667 0.9828703703703704 0.6278645833333333 0.9819444444444444 0.6294270833333333 0.9796296296296296 0.6302083333333334 0.9791666666666666 0.6307291666666667 0.9782407407407407 0.6315104166666666 0.9777777777777777 0.63203125 0.9768518518518519 0.6322916666666667 0.9768518518518519 0.6328125 0.975925925925926 0.6338541666666667 0.975 0.6348958333333333 0.9731481481481481 0.63515625 0.9731481481481481 0.6359375 0.9717592592592592 0.6361979166666667 0.9717592592592592 0.6375 0.9699074074074074 0.6380208333333334 0.9694444444444444 0.6385416666666667 0.9694444444444444 0.6393229166666666 0.9685185185185186 0.640625 0.9680555555555556 0.6408854166666667 0.9675925925925926 0.6416666666666667 0.9675925925925926 0.6419270833333334 0.9671296296296297 0.6421875 0.9675925925925926 0.64296875 0.9675925925925926 0.6440104166666667 0.9689814814814814 0.6455729166666667 0.9703703703703703 0.64609375 0.9703703703703703 0.6463541666666667 0.9708333333333333 0.6481770833333333 0.9708333333333333 0.6484375 0.9703703703703703 0.65 0.9703703703703703 0.6502604166666667 0.9699074074074074 0.65078125 0.9699074074074074 0.6513020833333333 0.9694444444444444 0.65234375 0.9675925925925926 0.6526041666666667 0.9662037037037037 0.653125 0.9652777777777778 0.6536458333333334 0.9634259259259259 0.6552083333333333 0.9606481481481481 0.6580729166666667 0.9583333333333334 0.659375 0.9560185185185185 0.6598958333333333 0.9541666666666667 0.6598958333333333 0.9532407407407407 0.66015625 0.9527777777777777 0.66015625 0.9458333333333333 0.6598958333333333 0.9453703703703704 0.6598958333333333 0.9439814814814815 0.6596354166666667 0.9435185185185185 0.6596354166666667 0.9416666666666667
1 0.8395833333333333 0.8305555555555556 0.8380208333333333 0.8333333333333334 0.8380208333333333 0.8337962962962963 0.8372395833333334 0.8351851851851851 0.8372395833333334 0.8356481481481481 0.83671875 0.837037037037037 0.83671875 0.8379629629629629 0.8361979166666667 0.8393518518518519 0.8361979166666667 0.8402777777777778 0.8359375 0.8407407407407408 0.8359375 0.8416666666666667 0.8356770833333333 0.8421296296296297 0.8356770833333333 0.8490740740740741 0.8359375 0.8495370370370371 0.8359375 0.8513888888888889 0.8361979166666667 0.8518518518518519 0.8361979166666667 0.8527777777777777 0.8364583333333333 0.8532407407407407 0.8372395833333334 0.8564814814814815 0.8390625 0.8601851851851852 0.83984375 0.8634259259259259 0.8411458333333334 0.8662037037037037 0.8411458333333334 0.8666666666666667 0.8434895833333333 0.8708333333333333 0.84375 0.8708333333333333 0.8447916666666667 0.8726851851851852 0.8450520833333334 0.8726851851851852 0.8458333333333333 0.8736111111111111 0.8463541666666666 0.8736111111111111 0.8466145833333333 0.8740740740740741 0.8473958333333333 0.8740740740740741 0.84765625 0.874537037037037 0.8481770833333333 0.874537037037037 0.8484375 0.875 0.84921875 0.875 0.8494791666666667 0.875462962962963 0.8515625 0.875462962962963 0.8518229166666667 0.8759259259259259 0.8528645833333334 0.8759259259259259 0.85390625 0.8773148148148148 0.8546875 0.8777777777777778 0.8567708333333334 0.8805555555555555 0.85703125 0.8805555555555555 0.8580729166666666 0.8824074074074074 0.8583333333333333 0.8824074074074074 0.859375 0.8842592592592593 0.8596354166666667 0.8842592592592593 0.8609375 0.8861111111111111 0.8614583333333333 0.8861111111111111 0.86171875 0.8865740740740741 0.8622395833333333 0.8865740740740741 0.8625 0.8870370370370371 0.8638020833333333 0.8870370370370371 0.8640625 0.8875 0.8651041666666667 0.8875 0.8653645833333333 0.8870370370370371 0.8658854166666666 0.8870370370370371 0.8661458333333333 0.8865740740740741 0.8669270833333333 0.8861111111111111 0.8674479166666667 0.8851851851851852 0.8677083333333333 0.8851851851851852 0.8682291666666667 0.8842592592592593 0.8682291666666667 0.8837962962962963 0.8684895833333334 0.8833333333333333 0.8684895833333334 0.8824074074074074 0.86875 0.8819444444444444 0.86875 0.8810185185185185 0.8690104166666667 0.8805555555555555 0.8690104166666667 0.8768518518518519 0.86875 0.8763888888888889 0.86875 0.875462962962963 0.8684895833333334 0.875 0.86796875 0.8726851851851852 0.8658854166666666 0.8685185185185185 0.865625 0.8671296296296296 0.8635416666666667 0.8629629629629629 0.8635416666666667 0.8625 0.8630208333333333 0.8611111111111112 0.8630208333333333 0.8597222222222223 0.8627604166666667 0.8592592592592593 0.8627604166666667 0.8578703703703704 0.8625 0.8574074074074074 0.8625 0.8550925925925926 0.8622395833333333 0.8546296296296296 0.8622395833333333 0.8518518518518519 0.8619791666666666 0.8513888888888889 0.8619791666666666 0.85 0.86171875 0.8495370370370371 0.86171875 0.8486111111111111 0.8611979166666667 0.8476851851851852 0.8611979166666667 0.8472222222222222 0.8606770833333334 0.8458333333333333 0.8606770833333334 0.8449074074074074 0.8598958333333333 0.8430555555555556 0.8598958333333333 0.8425925925925926 0.8580729166666666 0.8393518518518519 0.8578125 0.8393518518518519 0.8572916666666667 0.8384259259259259 0.85546875 0.837037037037037 0.85390625 0.8347222222222223 0.8536458333333333 0.8347222222222223 0.8528645833333334 0.8333333333333334 0.8526041666666667 0.8333333333333334 0.8513020833333333 0.8314814814814815 0.8510416666666667 0.8314814814814815 0.8497395833333333 0.8300925925925926 0.84921875 0.8300925925925926 0.8489583333333334 0.8296296296296296 0.8484375 0.8296296296296296 0.8481770833333333 0.8291666666666667 0.84765625 0.8291666666666667 0.8473958333333333 0.8287037037037037 0.8466145833333333 0.8287037037037037 0.8463541666666666 0.8282407407407407 0.8421875 0.8282407407407407 0.8419270833333333 0.8287037037037037 0.84140625 0.8287037037037037 0.8411458333333334 0.8291666666666667 0.8403645833333333 0.8296296296296296 0.83984375 0.8305555555555556
2 0.8135416666666667 0.6078703703703704 0.8130208333333333 0.6143518518518518 0.8135416666666667 0.6185185185185185 0.81328125 0.6342592592592593 0.8161458333333333 0.6412037037037037 0.81796875 0.6421296296296296 0.8294270833333334 0.6439814814814815 0.83125 0.6430555555555556 0.834375 0.6361111111111111 0.8377604166666667 0.6361111111111111 0.8434895833333333 0.6388888888888888 0.8703125 0.6472222222222223 0.8807291666666667 0.6518518518518519 0.8846354166666667 0.6523148148148148 0.8916666666666667 0.6550925925925926 0.9143229166666667 0.6615740740740741 0.9296875 0.6680555555555555 0.9354166666666667 0.6680555555555555 0.9385416666666667 0.6657407407407407 0.9395833333333333 0.6638888888888889 0.9408854166666667 0.6578703703703703 0.9408854166666667 0.6550925925925926 0.9401041666666666 0.6513888888888889 0.9372395833333333 0.6449074074074074 0.93125 0.6412037037037037 0.9111979166666667 0.6342592592592593 0.8927083333333333 0.6291666666666667 0.8815104166666666 0.624537037037037 0.8692708333333333 0.6212962962962963 0.8575520833333333 0.6162037037037037 0.85 0.6143518518518518 0.8440104166666667 0.611574074074074 0.8377604166666667 0.6106481481481482 0.8364583333333333 0.6083333333333333 0.8348958333333333 0.600462962962963 0.8330729166666667 0.5962962962962963 0.83046875 0.5939814814814814 0.8265625 0.5921296296296297 0.8221354166666667 0.5916666666666667 0.8177083333333334 0.5944444444444444 0.8153645833333333 0.5995370370370371
2 0.6877604166666667 0.5504629629629629 0.6861979166666666 0.5694444444444444 0.68671875 0.5787037037037037 0.6872395833333333 0.5810185185185185 0.6888020833333334 0.5833333333333334 0.69375 0.5851851851851851 0.7005208333333334 0.5856481481481481 0.70546875 0.5796296296296296 0.7270833333333333 0.5916666666666667 0.74140625 0.6013888888888889 0.7526041666666666 0.6069444444444444 0.7627604166666667 0.6134259259259259 0.7713541666666667 0.6171296296296296 0.7791666666666667 0.6222222222222222 0.79296875 0.6291666666666667 0.8005208333333333 0.6342592592592593 0.8049479166666667 0.6361111111111111 0.8075520833333333 0.6361111111111111 0.8119791666666667 0.6333333333333333 0.8130208333333333 0.6310185185185185 0.8135416666666667 0.6212962962962963 0.8127604166666667 0.6171296296296296 0.81171875 0.6152777777777778 0.8065104166666667 0.6101851851851852 0.80078125 0.6064814814814815 0.7901041666666667 0.6013888888888889 0.77578125 0.5921296296296297 0.765625 0.587037037037037 0.72890625 0.5638888888888889 0.7213541666666666 0.5611111111111111 0.7138020833333333 0.5555555555555556 0.7098958333333333 0.5550925925925926 0.7088541666666667 0.5537037037037037 0.7083333333333334 0.5398148148148149 0.7059895833333333 0.5365740740740741 0.7002604166666667 0.5337962962962963 0.69375 0.5342592592592592 0.6921875 0.5365740740740741
2 0.5963541666666666 0.5069444444444444 0.5911458333333334 0.5148148148148148 0.58828125 0.5222222222222223 0.5864583333333333 0.5296296296296297 0.5864583333333333 0.5347222222222222 0.5872395833333334 0.538425925925926 0.5908854166666667 0.5453703703703704 0.5921875 0.5462962962962963 0.5947916666666667 0.5462962962962963 0.60078125 0.549537037037037 0.6049479166666667 0.5560185185185185 0.61796875 0.587037037037037 0.625 0.6018518518518519 0.6270833333333333 0.6078703703703704 0.6580729166666667 0.6777777777777778 0.6609375 0.6828703703703703 0.6635416666666667 0.6856481481481481 0.6669270833333333 0.6865740740740741 0.6692708333333334 0.6847222222222222 0.6713541666666667 0.6814814814814815 0.6731770833333334 0.6763888888888889 0.6729166666666667 0.6694444444444444 0.6716145833333333 0.6648148148148149 0.6684895833333333 0.6583333333333333 0.6627604166666666 0.6435185185185185 0.6536458333333334 0.6236111111111111 0.64765625 0.6083333333333333 0.6447916666666667 0.6027777777777777 0.6354166666666666 0.5791666666666667 0.6333333333333333 0.575462962962963 0.6252604166666667 0.5569444444444445 0.6229166666666667 0.55 0.6143229166666667 0.5314814814814814 0.6140625 0.5296296296296297 0.6145833333333334 0.5282407407407408 0.61484375 0.5236111111111111 0.61640625 0.5180555555555556 0.6161458333333333 0.5125 0.6145833333333334 0.5074074074074074 0.6127604166666667 0.5037037037037037 0.6114583333333333 0.5023148148148148 0.6057291666666667 0.5009259259259259 0.6026041666666667 0.5013888888888889
2 0.4083333333333333 0.6694444444444444 0.4075520833333333 0.675 0.40703125 0.687037037037037 0.4049479166666667 0.6981481481481482 0.4049479166666667 0.7041666666666667 0.40729166666666666 0.7069444444444445 0.4114583333333333 0.7083333333333334 0.4127604166666667 0.7078703703703704 0.4140625 0.7060185185185185 0.4153645833333333 0.6990740740740741 0.4197916666666667 0.6990740740740741 0.43359375 0.7037037037037037 0.43671875 0.7055555555555556 0.46927083333333336 0.7162037037037037 0.4817708333333333 0.7212962962962963 0.490625 0.7236111111111111 0.49635416666666665 0.7263888888888889 0.5078125 0.7296296296296296 0.5216145833333333 0.7351851851851852 0.528125 0.7351851851851852 0.5302083333333333 0.7324074074074074 0.5309895833333333 0.7287037037037037 0.5315104166666667 0.7185185185185186 0.5307291666666667 0.7157407407407408 0.5265625 0.7106481481481481 0.5221354166666666 0.7078703703703704 0.5002604166666667 0.700462962962963 0.4859375 0.6944444444444444 0.45598958333333334 0.6865740740740741 0.4484375 0.6828703703703703 0.4401041666666667 0.6800925925925926 0.43411458333333336 0.6759259259259259 0.42109375 0.6717592592592593 0.4197916666666667 0.6689814814814815 0.4192708333333333 0.6638888888888889 0.41822916666666665 0.6620370370370371 0.4153645833333333 0.6601851851851852 0.4125 0.6592592592592592 0.41067708333333336 0.6606481481481481
2 0.04635416666666667 0.774074074074074 0.046875 0.7861111111111111 0.0484375 0.7888888888888889 0.05572916666666667 0.7888888888888889 0.05755208333333333 0.7865740740740741 0.0578125 0.7847222222222222 0.059895833333333336 0.7810185185185186 0.06536458333333334 0.7805555555555556 0.07421875 0.7833333333333333 0.08515625 0.788425925925926 0.09817708333333333 0.7916666666666666 0.10755208333333334 0.7958333333333333 0.11380208333333333 0.7967592592592593 0.12473958333333333 0.8004629629629629 0.13125 0.8041666666666667 0.13854166666666667 0.8060185185185185 0.14192708333333334 0.8083333333333333 0.14635416666666667 0.8092592592592592 0.14921875 0.8111111111111111 0.15963541666666667 0.812037037037037 0.171875 0.8166666666666667 0.17682291666666666 0.8166666666666667 0.17786458333333333 0.8157407407407408 0.17942708333333332 0.8111111111111111 0.18046875 0.8032407407407407 0.18020833333333333 0.7944444444444444 0.17682291666666666 0.7912037037037037 0.15416666666666667 0.7851851851851852 0.14348958333333334 0.7805555555555556 0.13359375 0.7777777777777778 0.12708333333333333 0.774537037037037 0.11458333333333333 0.7754629629629629 0.10755208333333334 0.774074074074074 0.08515625 0.7638888888888888 0.07734375 0.7592592592592593 0.07552083333333333 0.7597222222222222 0.07447916666666667 0.7620370370370371 0.07161458333333333 0.7652777777777777 0.06536458333333334 0.7652777777777777 0.06197916666666667 0.7625 0.06015625 0.7583333333333333 0.059895833333333336 0.7532407407407408 0.0609375 0.7444444444444445 0.06041666666666667 0.7416666666666667 0.05963541666666667 0.7402777777777778 0.058333333333333334 0.7398148148148148 0.055989583333333336 0.7402777777777778 0.05130208333333333 0.7472222222222222 0.048177083333333336 0.7583333333333333
3 0.07578125 0.6962962962962963 0.07135416666666666 0.7046296296296296 0.07057291666666667 0.7083333333333334 0.06875 0.7125 0.06692708333333333 0.7194444444444444 0.06692708333333333 0.7212962962962963 0.065625 0.7273148148148149 0.06536458333333334 0.7300925925925926 0.06276041666666667 0.7393518518518518 0.06171875 0.7453703703703703 0.06145833333333333 0.7509259259259259 0.061197916666666664 0.7513888888888889 0.061197916666666664 0.7564814814814815 0.06145833333333333 0.7569444444444444 0.06171875 0.7611111111111111 0.06302083333333333 0.763425925925926 0.06432291666666666 0.7643518518518518 0.06666666666666667 0.7648148148148148 0.06692708333333333 0.7652777777777777 0.06953125 0.7652777777777777 0.06979166666666667 0.7648148148148148 0.07109375 0.7648148148148148 0.07291666666666667 0.763425925925926 0.07552083333333333 0.7583333333333333 0.07734375 0.7578703703703704 0.07760416666666667 0.7583333333333333 0.08072916666666667 0.7592592592592593 0.084375 0.7625 0.08828125 0.7638888888888888 0.09036458333333333 0.7652777777777777 0.09140625 0.7652777777777777 0.0953125 0.7680555555555556 0.10598958333333333 0.7726851851851851 0.1078125 0.774074074074074 0.1109375 0.774537037037037 0.11380208333333333 0.7759259259259259 0.115625 0.7759259259259259 0.11666666666666667 0.775 0.11901041666666666 0.7703703703703704 0.11927083333333334 0.7685185185185185 0.12161458333333333 0.7606481481481482 0.121875 0.7574074074074074 0.12265625 0.7537037037037037 0.12265625 0.7513888888888889 0.12291666666666666 0.7509259259259259 0.12291666666666666 0.7430555555555556 0.12265625 0.7425925925925926 0.12239583333333333 0.7393518518518518 0.11979166666666667 0.7356481481481482 0.11822916666666666 0.7347222222222223 0.11432291666666666 0.7310185185185185 0.10807291666666667 0.7273148148148149 0.10651041666666666 0.7268518518518519 0.10572916666666667 0.725925925925926 0.10286458333333333 0.7245370370370371 0.10208333333333333 0.7236111111111111 0.09895833333333333 0.7217592592592592 0.09817708333333333 0.7217592592592592 0.09635416666666667 0.7203703703703703 0.09166666666666666 0.7189814814814814 0.09140625 0.7185185185185186 0.090625 0.7189814814814814 0.0875 0.7189814814814814 0.08671875 0.7185185185185186 0.084375 0.7152777777777778 0.0828125 0.7106481481481481 0.07916666666666666 0.7041666666666667 0.07734375 0.6976851851851852 0.0765625 0.6962962962962963
3 0.42942708333333335 0.7782407407407408 0.4278645833333333 0.7773148148148148 0.4239583333333333 0.7773148148148148 0.4231770833333333 0.7777777777777778 0.41744791666666664 0.7888888888888889 0.415625 0.7935185185185185 0.4119791666666667 0.7986111111111112 0.40703125 0.8078703703703703 0.40598958333333335 0.8106481481481481 0.40130208333333334 0.8185185185185185 0.4002604166666667 0.8194444444444444 0.39739583333333334 0.8189814814814815 0.3971354166666667 0.8185185185185185 0.3927083333333333 0.8185185185185185 0.39166666666666666 0.8199074074074074 0.3880208333333333 0.8226851851851852 0.3848958333333333 0.8287037037037037 0.384375 0.8305555555555556 0.384375 0.8324074074074074 0.38385416666666666 0.8347222222222223 0.3841145833333333 0.8416666666666667 0.38671875 0.850925925925926 0.3875 0.8523148148148149 0.3880208333333333 0.8541666666666666 0.39348958333333334 0.8652777777777778 0.3984375 0.8722222222222222 0.4036458333333333 0.8773148148148148 0.4044270833333333 0.8773148148148148 0.4046875 0.8777777777777778 0.40859375 0.8777777777777778 0.4122395833333333 0.874537037037037 0.41380208333333335 0.8722222222222222 0.4171875 0.8648148148148148 0.41822916666666665 0.8592592592592593 0.41822916666666665 0.8560185185185185 0.4166666666666667 0.850462962962963 0.4166666666666667 0.8486111111111111 0.41744791666666664 0.8462962962962963 0.41770833333333335 0.8444444444444444 0.41901041666666666 0.8421296296296297 0.42083333333333334 0.8402777777777778 0.42239583333333336 0.8342592592592593 0.4231770833333333 0.8328703703703704 0.42552083333333335 0.8305555555555556 0.428125 0.8263888888888888 0.42942708333333335 0.8231481481481482 0.4359375 0.8125 0.4375 0.8083333333333333 0.43776041666666665 0.8046296296296296 0.43802083333333336 0.8041666666666667 0.43802083333333336 0.8004629629629629 0.43697916666666664 0.7949074074074074 0.4359375 0.7912037037037037 0.43359375 0.7870370370370371 0.4309895833333333 0.7800925925925926
3 0.4388020833333333 0.9041666666666667 0.4375 0.899537037037037 0.4356770833333333 0.8962962962962963 0.43333333333333335 0.8944444444444445 0.4328125 0.8944444444444445 0.43203125 0.8935185185185185 0.4270833333333333 0.8935185185185185 0.42604166666666665 0.8944444444444445 0.425 0.8944444444444445 0.42473958333333334 0.8949074074074074 0.4231770833333333 0.8953703703703704 0.4200520833333333 0.8981481481481481 0.415625 0.9050925925925926 0.41302083333333334 0.9055555555555556 0.4127604166666667 0.9060185185185186 0.40572916666666664 0.9064814814814814 0.40546875 0.9069444444444444 0.3958333333333333 0.9069444444444444 0.390625 0.9101851851851852 0.3888020833333333 0.9106481481481481 0.38723958333333336 0.9120370370370371 0.3859375 0.9143518518518519 0.3841145833333333 0.9185185185185185 0.38385416666666666 0.9199074074074074 0.38359375 0.924074074074074 0.38333333333333336 0.924537037037037 0.38333333333333336 0.9296296296296296 0.38307291666666665 0.9300925925925926 0.38307291666666665 0.9347222222222222 0.38333333333333336 0.9351851851851852 0.38333333333333336 0.9384259259259259 0.38359375 0.9388888888888889 0.38385416666666666 0.9425925925925925 0.3854166666666667 0.9462962962962963 0.38645833333333335 0.9472222222222222 0.38723958333333336 0.9486111111111111 0.3890625 0.95 0.39296875 0.95 0.3932291666666667 0.9495370370370371 0.3953125 0.9490740740740741 0.39557291666666666 0.9486111111111111 0.3971354166666667 0.9486111111111111 0.39739583333333334 0.9490740740740741 0.409375 0.9486111111111111 0.40963541666666664 0.9481481481481482 0.41067708333333336 0.9481481481481482 0.4122395833333333 0.9472222222222222 0.415625 0.9467592592592593 0.4171875 0.9490740740740741 0.4192708333333333 0.9569444444444445 0.4203125 0.9587962962962963 0.4234375 0.9611111111111111 0.4265625 0.9611111111111111 0.42682291666666666 0.9606481481481481 0.428125 0.9606481481481481 0.43046875 0.9583333333333334 0.43307291666666664 0.9569444444444445 0.4359375 0.9541666666666667 0.43723958333333335 0.950462962962963 0.4375 0.9467592592592593 0.43776041666666665 0.9462962962962963 0.43776041666666665 0.9439814814814815 0.43802083333333336 0.9435185185185185 0.43802083333333336 0.9416666666666667 0.43854166666666666 0.9388888888888889 0.43854166666666666 0.9365740740740741 0.4388020833333333 0.9361111111111111 0.4393229166666667 0.9300925925925926 0.43984375 0.9282407407407407 0.4401041666666667 0.9231481481481482 0.44036458333333334 0.9226851851851852 0.44036458333333334 0.913425925925926 0.4390625 0.9074074074074074
4 0.9096354166666667 0.6990740740740741 0.9096354166666667 0.7055555555555556 0.91015625 0.7078703703703704 0.91015625 0.7097222222222223 0.91171875 0.7189814814814814 0.9130208333333333 0.7240740740740741 0.9145833333333333 0.7268518518518519 0.9158854166666667 0.7277777777777777 0.9223958333333333 0.7291666666666666 0.92265625 0.7296296296296296 0.9268229166666667 0.7305555555555555 0.9270833333333334 0.7310185185185185 0.9309895833333334 0.7305555555555555 0.9317708333333333 0.7296296296296296 0.9338541666666667 0.7245370370370371 0.9346354166666667 0.7212962962962963 0.9356770833333333 0.7199074074074074 0.9388020833333334 0.7203703703703703 0.9390625 0.7208333333333333 0.9421875 0.7208333333333333 0.9424479166666667 0.7212962962962963 0.9473958333333333 0.7217592592592592 0.94765625 0.7222222222222222 0.9528645833333333 0.7222222222222222 0.953125 0.7226851851851852 0.9567708333333333 0.7226851851851852 0.95703125 0.7231481481481481 0.9598958333333333 0.7231481481481481 0.96015625 0.7236111111111111 0.9630208333333333 0.7236111111111111 0.96328125 0.7240740740740741 0.9760416666666667 0.725 0.9763020833333333 0.7245370370370371 0.9791666666666666 0.7240740740740741 0.9807291666666667 0.7226851851851852 0.98203125 0.7208333333333333 0.9830729166666666 0.7175925925925926 0.9833333333333333 0.711574074074074 0.9828125 0.7092592592592593 0.9817708333333334 0.7064814814814815 0.9799479166666667 0.7032407407407407 0.9778645833333334 0.700925925925926 0.9760416666666667 0.700462962962963 0.975 0.6995370370370371 0.9723958333333333 0.6990740740740741 0.9721354166666667 0.6986111111111111 0.9703125 0.6986111111111111 0.9700520833333334 0.6981481481481482 0.9614583333333333 0.6976851851851852 0.9611979166666667 0.6972222222222222 0.9591145833333333 0.6972222222222222 0.9588541666666667 0.6967592592592593 0.9559895833333333 0.6967592592592593 0.9557291666666666 0.6962962962962963 0.953125 0.6962962962962963 0.9528645833333333 0.6958333333333333 0.9479166666666666 0.6953703703703704 0.94765625 0.6949074074074074 0.9455729166666667 0.6949074074074074 0.9453125 0.6944444444444444 0.9375 0.6935185185185185 0.9364583333333333 0.6930555555555555 0.9354166666666667 0.6916666666666667 0.9341145833333333 0.6847222222222222 0.9330729166666667 0.6828703703703703 0.93203125 0.6819444444444445 0.9268229166666667 0.6796296296296296 0.9255208333333333 0.6796296296296296 0.9252604166666667 0.6791666666666667 0.92421875 0.6791666666666667 0.9200520833333333 0.6773148148148148 0.91640625 0.6782407407407407 0.91484375 0.6805555555555556 0.9114583333333334 0.6898148148148148 0.9104166666666667 0.6939814814814815
4 0.8901041666666667 0.7606481481481482 0.8895833333333333 0.7689814814814815 0.88984375 0.7694444444444445 0.88984375 0.7759259259259259 0.8901041666666667 0.7763888888888889 0.8903645833333333 0.7814814814814814 0.8927083333333333 0.7902777777777777 0.89453125 0.7930555555555555 0.8966145833333333 0.7944444444444444 0.90234375 0.7958333333333333 0.9049479166666666 0.7972222222222223 0.9088541666666666 0.7972222222222223 0.9106770833333333 0.7958333333333333 0.9111979166666667 0.7949074074074074 0.91171875 0.7912037037037037 0.9130208333333333 0.788425925925926 0.91484375 0.7875 0.91640625 0.7875 0.9190104166666667 0.7888888888888889 0.9236979166666667 0.7888888888888889 0.9239583333333333 0.7893518518518519 0.92578125 0.7893518518518519 0.9260416666666667 0.7898148148148149 0.9278645833333333 0.7898148148148149 0.928125 0.7902777777777777 0.9299479166666667 0.7902777777777777 0.9302083333333333 0.7907407407407407 0.93203125 0.7907407407407407 0.9322916666666666 0.7912037037037037 0.934375 0.7912037037037037 0.9346354166666667 0.7916666666666666 0.9403645833333333 0.7921296296296296 0.940625 0.7925925925925926 0.9424479166666667 0.7925925925925926 0.9427083333333334 0.7930555555555555 0.94453125 0.7930555555555555 0.9447916666666667 0.7935185185185185 0.9486979166666667 0.7939814814814815 0.9489583333333333 0.7944444444444444 0.9533854166666667 0.7944444444444444 0.9536458333333333 0.7939814814814815 0.9557291666666666 0.7935185185185185 0.9580729166666667 0.7912037037037037 0.9591145833333333 0.7893518518518519 0.9596354166666666 0.7875 0.9596354166666666 0.7814814814814814 0.9583333333333334 0.7773148148148148 0.9583333333333334 0.7763888888888889 0.9578125 0.775 0.9565104166666667 0.7731481481481481 0.9541666666666667 0.7708333333333334 0.953125 0.7708333333333334 0.95078125 0.7694444444444445 0.9481770833333333 0.7689814814814815 0.9466145833333334 0.7680555555555556 0.9447916666666667 0.7680555555555556 0.94453125 0.7675925925925926 0.9388020833333334 0.7666666666666667 0.9385416666666667 0.7662037037037037 0.9356770833333333 0.7662037037037037 0.9354166666666667 0.7657407407407407 0.9333333333333333 0.7657407407407407 0.9330729166666667 0.7652777777777777 0.9309895833333334 0.7652777777777777 0.9307291666666667 0.7648148148148148 0.9286458333333333 0.7648148148148148 0.9283854166666666 0.7643518518518518 0.9234375 0.7638888888888888 0.9231770833333334 0.763425925925926 0.921875 0.763425925925926 0.9203125 0.7625 0.9158854166666667 0.7625 0.91328125 0.7583333333333333 0.9114583333333334 0.7523148148148148 0.909375 0.7490740740740741 0.9078125 0.7481481481481481 0.90625 0.7481481481481481 0.9010416666666666 0.7453703703703703 0.8958333333333334 0.7449074074074075 0.89375 0.7472222222222222 0.8908854166666667 0.7569444444444444
4 0.9604166666666667 0.9125 0.959375 0.9078703703703703 0.9572916666666667 0.9023148148148148 0.9565104166666667 0.8986111111111111 0.9502604166666667 0.8828703703703704 0.9453125 0.8740740740740741 0.9447916666666667 0.8722222222222222 0.9434895833333333 0.8703703703703703 0.9421875 0.8703703703703703 0.940625 0.8712962962962963 0.9395833333333333 0.8726851851851852 0.9390625 0.8763888888888889 0.9390625 0.8791666666666667 0.93984375 0.8833333333333333 0.93984375 0.8865740740740741 0.9393229166666667 0.8888888888888888 0.93828125 0.8912037037037037 0.9369791666666667 0.8925925925925926 0.9348958333333334 0.8939814814814815 0.9341145833333333 0.8939814814814815 0.93046875 0.8967592592592593 0.92890625 0.8967592592592593 0.9270833333333334 0.8976851851851851 0.9244791666666666 0.9 0.9234375 0.9018518518518519 0.9182291666666667 0.9055555555555556 0.9145833333333333 0.9106481481481481 0.9106770833333333 0.9138888888888889 0.90703125 0.9194444444444444 0.9010416666666666 0.925 0.9005208333333333 0.9259259259259259 0.8940104166666667 0.9314814814814815 0.8924479166666667 0.9342592592592592 0.8921875 0.9402777777777778 0.89375 0.9476851851851852 0.8947916666666667 0.950925925925926 0.8958333333333334 0.9518518518518518 0.89765625 0.9518518518518518 0.8979166666666667 0.9523148148148148 0.9020833333333333 0.9518518518518518 0.903125 0.9513888888888888 0.9072916666666667 0.9472222222222222 0.91015625 0.9453703703703704 0.9145833333333333 0.9407407407407408 0.9234375 0.9347222222222222 0.9299479166666667 0.9287037037037037 0.93046875 0.9287037037037037 0.934375 0.925 0.9348958333333334 0.925 0.940625 0.9194444444444444 0.9424479166666667 0.9185185185185185 0.9450520833333333 0.9162037037037037 0.9466145833333334 0.9138888888888889 0.94765625 0.913425925925926 0.94921875 0.9148148148148149 0.9528645833333333 0.9212962962962963 0.9544270833333334 0.9231481481481482 0.95625 0.9231481481481482 0.9583333333333334 0.9222222222222223 0.9596354166666666 0.9208333333333333 0.9604166666666667 0.9189814814814815
4 0.10807291666666667 0.8041666666666667 0.10677083333333333 0.8041666666666667 0.10286458333333333 0.8115740740740741 0.10260416666666666 0.8134259259259259 0.10208333333333333 0.8148148148148148 0.10208333333333333 0.8157407407407408 0.10182291666666667 0.8162037037037037 0.10182291666666667 0.8171296296296297 0.1015625 0.8175925925925925 0.10026041666666667 0.825462962962963 0.09817708333333333 0.8328703703703704 0.09817708333333333 0.8337962962962963 0.09765625 0.8351851851851851 0.09661458333333334 0.8416666666666667 0.09609375 0.8430555555555556 0.09557291666666666 0.8467592592592592 0.09505208333333333 0.8481481481481481 0.09479166666666666 0.850462962962963 0.09192708333333334 0.8606481481481482 0.09192708333333334 0.861574074074074 0.09114583333333333 0.8638888888888889 0.09114583333333333 0.8652777777777778 0.090625 0.8666666666666667 0.090625 0.8675925925925926 0.08880208333333334 0.8722222222222222 0.08828125 0.875462962962963 0.08619791666666667 0.8791666666666667 0.08619791666666667 0.8800925925925925 0.0859375 0.8805555555555555 0.0859375 0.8837962962962963 0.08567708333333333 0.8842592592592593 0.08567708333333333 0.8861111111111111 0.08541666666666667 0.8870370370370371 0.084375 0.8888888888888888 0.08333333333333333 0.8898148148148148 0.0828125 0.8898148148148148 0.08203125 0.8907407407407407 0.08203125 0.8916666666666667 0.0828125 0.8935185185185185 0.08385416666666666 0.8944444444444445 0.08463541666666667 0.8944444444444445 0.08489583333333334 0.8949074074074074 0.08723958333333333 0.8949074074074074 0.08776041666666666 0.8953703703703704 0.09036458333333333 0.9 0.09296875 0.9023148148148148 0.09375 0.9023148148148148 0.09505208333333333 0.9032407407407408 0.09895833333333333 0.9023148148148148 0.09921875 0.9018518518518519 0.1 0.9018518518518519 0.10208333333333333 0.9 0.103125 0.8981481481481481 0.103125 0.8921296296296296 0.10416666666666667 0.8888888888888888 0.10442708333333334 0.8856481481481482 0.1046875 0.8851851851851852 0.10442708333333334 0.8787037037037037 0.1046875 0.8782407407407408 0.1046875 0.875 0.10494791666666667 0.874537037037037 0.10520833333333333 0.8694444444444445 0.10546875 0.8689814814814815 0.10546875 0.8680555555555556 0.10572916666666667 0.8675925925925926 0.10572916666666667 0.8666666666666667 0.10598958333333333 0.8662037037037037 0.10729166666666666 0.8583333333333333 0.11067708333333333 0.8458333333333333 0.11171875 0.8393518518518519 0.11276041666666667 0.8361111111111111 0.11328125 0.8324074074074074 0.11588541666666667 0.8236111111111111 0.11588541666666667 0.8222222222222222 0.11614583333333334 0.8217592592592593 0.11614583333333334 0.8166666666666667 0.11536458333333334 0.8138888888888889 0.11354166666666667 0.8106481481481481 0.11223958333333334 0.8092592592592592 0.11119791666666666 0.8074074074074075 0.1109375 0.8074074074074075 0.109375 0.8050925925925926
4 0.06197916666666667 0.887962962962963 0.0609375 0.8916666666666667 0.0609375 0.8986111111111111 0.06145833333333333 0.9004629629629629 0.06302083333333333 0.9027777777777778 0.06588541666666667 0.9046296296296297 0.06875 0.9074074074074074 0.07604166666666666 0.9120370370370371 0.08046875 0.9162037037037037 0.08125 0.9162037037037037 0.0875 0.9208333333333333 0.09140625 0.9226851851851852 0.0984375 0.9291666666666667 0.10416666666666667 0.9328703703703703 0.10651041666666666 0.9365740740740741 0.10755208333333334 0.9393518518518519 0.10833333333333334 0.9435185185185185 0.10859375 0.9481481481481482 0.109375 0.950925925925926 0.11041666666666666 0.9527777777777777 0.11380208333333333 0.9550925925925926 0.11614583333333334 0.9550925925925926 0.11744791666666667 0.9537037037037037 0.11796875 0.9537037037037037 0.12057291666666667 0.9495370370370371 0.12317708333333334 0.9462962962962963 0.12786458333333334 0.9314814814814815 0.12916666666666668 0.9236111111111112 0.13020833333333334 0.9203703703703704 0.13125 0.9148148148148149 0.13125 0.9097222222222222 0.13072916666666667 0.9069444444444444 0.12890625 0.9046296296296297 0.12630208333333334 0.9032407407407408 0.12447916666666667 0.9032407407407408 0.12421875 0.9027777777777778 0.12005208333333334 0.9027777777777778 0.11979166666666667 0.9032407407407408 0.11484375 0.9027777777777778 0.11458333333333333 0.9023148148148148 0.11067708333333333 0.9013888888888889 0.10807291666666667 0.899537037037037 0.10703125 0.8981481481481481 0.10494791666666667 0.8972222222222223 0.10260416666666666 0.8972222222222223 0.1 0.9004629629629629 0.09661458333333334 0.9018518518518519 0.09479166666666666 0.9018518518518519 0.09348958333333333 0.9009259259259259 0.09114583333333333 0.9004629629629629 0.09036458333333333 0.899537037037037 0.08828125 0.8986111111111111 0.08697916666666666 0.8953703703703704 0.08515625 0.8939814814814815 0.08333333333333333 0.8935185185185185 0.08229166666666667 0.8916666666666667 0.08229166666666667 0.8907407407407407 0.08359375 0.888425925925926 0.08541666666666667 0.8870370370370371 0.08619791666666667 0.8856481481481482 0.08619791666666667 0.8842592592592593 0.08385416666666666 0.8805555555555555 0.07942708333333333 0.8810185185185185 0.07916666666666666 0.8814814814814815 0.075 0.8814814814814815 0.07161458333333333 0.8796296296296297 0.06822916666666666 0.8791666666666667 0.06692708333333333 0.8810185185185185 0.06354166666666666 0.8842592592592593
5 0.1375 0.6518518518518519 0.13515625 0.6472222222222223 0.13333333333333333 0.6458333333333334 0.13020833333333334 0.6449074074074074 0.12994791666666666 0.6453703703703704 0.12786458333333334 0.6453703703703704 0.12760416666666666 0.6458333333333334 0.1265625 0.6458333333333334 0.125 0.6467592592592593 0.11901041666666666 0.6518518518518519 0.1140625 0.6550925925925926 0.11171875 0.6574074074074074 0.11119791666666666 0.6574074074074074 0.10833333333333334 0.6597222222222222 0.10755208333333334 0.6597222222222222 0.10286458333333333 0.6625 0.09869791666666666 0.662962962962963 0.09765625 0.6620370370370371 0.09505208333333333 0.6569444444444444 0.09375 0.6569444444444444 0.09192708333333334 0.6560185185185186 0.08671875 0.6560185185185186 0.08645833333333333 0.6564814814814814 0.084375 0.6569444444444444 0.0828125 0.6592592592592592 0.08020833333333334 0.6601851851851852 0.07864583333333333 0.6625 0.07838541666666667 0.6657407407407407 0.07734375 0.6717592592592593 0.07760416666666667 0.6833333333333333 0.07786458333333333 0.6837962962962963 0.078125 0.6893518518518519 0.07838541666666667 0.6898148148148148 0.07838541666666667 0.6921296296296297 0.07864583333333333 0.6925925925925925 0.07864583333333333 0.6949074074074074 0.07890625 0.6953703703703704 0.07916666666666666 0.6986111111111111 0.08411458333333334 0.7125 0.08515625 0.7143518518518519 0.08697916666666666 0.7162037037037037 0.08802083333333334 0.7162037037037037 0.08828125 0.7166666666666667 0.08854166666666667 0.7162037037037037 0.090625 0.7162037037037037 0.09088541666666666 0.7157407407407408 0.09192708333333334 0.7157407407407408 0.09583333333333334 0.7129629629629629 0.09973958333333334 0.7125 0.10286458333333333 0.7087962962962963 0.10364583333333334 0.7046296296296296 0.10390625 0.7 0.1046875 0.6972222222222222 0.10598958333333333 0.6953703703703704 0.10833333333333334 0.6935185185185185 0.11119791666666666 0.6925925925925925 0.11588541666666667 0.6898148148148148 0.11796875 0.687962962962963 0.1234375 0.6847222222222222 0.12421875 0.6847222222222222 0.125 0.6837962962962963 0.1296875 0.6810185185185185 0.13203125 0.6800925925925926 0.1328125 0.6791666666666667 0.13541666666666666 0.6777777777777778 0.13776041666666666 0.675 0.13880208333333333 0.6731481481481482 0.13932291666666666 0.6712962962962963 0.13958333333333334 0.6680555555555555 0.13932291666666666 0.6675925925925926 0.1390625 0.6592592592592592 0.13828125 0.6546296296296297
5 0.7015625 0.8916666666666667 0.7002604166666667 0.8916666666666667 0.6986979166666667 0.8930555555555556 0.69765625 0.8944444444444445 0.696875 0.8972222222222223 0.6942708333333333 0.9111111111111111 0.6927083333333334 0.9166666666666666 0.69140625 0.9236111111111112 0.6908854166666667 0.925 0.6893229166666667 0.9333333333333333 0.6888020833333334 0.937962962962963 0.6880208333333333 0.9407407407407408 0.6872395833333333 0.9425925925925925 0.6859375 0.9444444444444444 0.68515625 0.9444444444444444 0.6848958333333334 0.9449074074074074 0.6846354166666667 0.9444444444444444 0.68359375 0.9444444444444444 0.6822916666666666 0.9435185185185185 0.6809895833333334 0.9435185185185185 0.6802083333333333 0.9444444444444444 0.6783854166666666 0.9481481481481482 0.6778645833333333 0.950925925925926 0.6770833333333334 0.9532407407407407 0.6770833333333334 0.9546296296296296 0.675 0.961574074074074 0.6752604166666667 0.9675925925925926 0.6799479166666667 0.9773148148148149 0.6822916666666666 0.9800925925925926 0.6848958333333334 0.9842592592592593 0.6872395833333333 0.9856481481481482 0.6934895833333333 0.9912037037037037 0.6950520833333333 0.9921296296296296 0.6958333333333333 0.9921296296296296 0.69609375 0.9925925925925926 0.7018229166666666 0.9925925925925926 0.7020833333333333 0.9921296296296296 0.7036458333333333 0.9916666666666667 0.7049479166666667 0.9902777777777778 0.7065104166666667 0.9847222222222223 0.7067708333333333 0.9819444444444444 0.70703125 0.9814814814814815 0.7072916666666667 0.9763888888888889 0.7083333333333334 0.9740740740740741 0.7091145833333333 0.9699074074074074 0.7091145833333333 0.9671296296296297 0.7083333333333334 0.9643518518518519 0.70703125 0.9625 0.70625 0.962037037037037 0.7049479166666667 0.9592592592592593 0.7044270833333334 0.9550925925925926 0.7046875 0.9546296296296296 0.7046875 0.9532407407407407 0.7067708333333333 0.9462962962962963 0.70703125 0.9439814814814815 0.7075520833333333 0.9425925925925925 0.7078125 0.9402777777777778 0.7096354166666666 0.9333333333333333 0.7096354166666666 0.9324074074074075 0.7111979166666667 0.9273148148148148 0.71171875 0.924074074074074 0.7127604166666667 0.9208333333333333 0.7127604166666667 0.9199074074074074 0.71328125 0.9185185185185185 0.7140625 0.9143518518518519 0.7140625 0.9125 0.7143229166666667 0.9120370370370371 0.7140625 0.9115740740740741 0.7140625 0.9064814814814814 0.71328125 0.9041666666666667 0.7111979166666667 0.9013888888888889 0.7088541666666667 0.8972222222222223 0.7072916666666667 0.8953703703703704 0.7046875 0.8935185185185185 0.703125 0.8930555555555556
6 0.72578125 0.7398148148148148 0.7252604166666666 0.7407407407407407 0.725 0.7407407407407407 0.725 0.7412037037037037 0.7231770833333333 0.7449074074074075 0.7231770833333333 0.7453703703703703 0.7221354166666667 0.7476851851851852 0.7221354166666667 0.7481481481481481 0.721875 0.7486111111111111 0.721875 0.7490740740740741 0.7213541666666666 0.75 0.7213541666666666 0.750462962962963 0.71953125 0.7541666666666667 0.71953125 0.7546296296296297 0.7192708333333333 0.7550925925925925 0.7192708333333333 0.7555555555555555 0.7182291666666667 0.7587962962962963 0.7182291666666667 0.7597222222222222 0.71796875 0.7601851851851852 0.71796875 0.7625 0.7182291666666667 0.762962962962963 0.7182291666666667 0.7662037037037037 0.7184895833333333 0.7666666666666667 0.7184895833333333 0.7675925925925926 0.71875 0.7680555555555556 0.71875 0.7685185185185185 0.7192708333333333 0.7694444444444445 0.7192708333333333 0.7699074074074074 0.7200520833333334 0.7712962962962963 0.7200520833333334 0.7717592592592593 0.7216145833333333 0.774537037037037 0.7216145833333333 0.775 0.7229166666666667 0.7773148148148148 0.7229166666666667 0.7777777777777778 0.7234375 0.7787037037037037 0.7234375 0.7791666666666667 0.7239583333333334 0.7800925925925926 0.7239583333333334 0.7805555555555556 0.7244791666666667 0.7814814814814814 0.7244791666666667 0.7819444444444444 0.7265625 0.7856481481481481 0.7268229166666667 0.7856481481481481 0.7276041666666667 0.7870370370370371 0.728125 0.7870370370370371 0.7283854166666667 0.7875 0.7291666666666666 0.7875 0.7294270833333333 0.787962962962963 0.7302083333333333 0.787962962962963 0.73046875 0.788425925925926 0.7309895833333333 0.788425925925926 0.73125 0.7888888888888889 0.7372395833333333 0.7888888888888889 0.7375 0.788425925925926 0.7388020833333333 0.788425925925926 0.7390625 0.787962962962963 0.73984375 0.787962962962963 0.7401041666666667 0.7875 0.7408854166666666 0.7875 0.7411458333333333 0.7870370370370371 0.7416666666666667 0.7870370370370371 0.7419270833333333 0.7865740740740741 0.7421875 0.7865740740740741 0.7424479166666667 0.7861111111111111 0.74375 0.7851851851851852 0.7442708333333333 0.7842592592592592 0.74453125 0.7842592592592592 0.74453125 0.7837962962962963 0.7455729166666667 0.7819444444444444 0.7458333333333333 0.7819444444444444 0.7458333333333333 0.7814814814814814 0.7466145833333333 0.7800925925925926 0.7466145833333333 0.7796296296296297 0.746875 0.7791666666666667 0.746875 0.7787037037037037 0.7473958333333334 0.7777777777777778 0.7473958333333334 0.7773148148148148 0.7484375 0.7754629629629629 0.7484375 0.775 0.7494791666666667 0.7726851851851851 0.7497395833333333 0.7712962962962963 0.7502604166666667 0.7703703703703704 0.7502604166666667 0.7699074074074074 0.7510416666666667 0.7675925925925926 0.7510416666666667 0.7662037037037037 0.75078125 0.7657407407407407 0.75078125 0.7648148148148148 0.7505208333333333 0.7643518518518518 0.7505208333333333 0.763425925925926 0.7502604166666667 0.762962962962963 0.7502604166666667 0.7620370370370371 0.7497395833333333 0.7606481481481482 0.7497395833333333 0.7597222222222222 0.7486979166666666 0.7574074074074074 0.7484375 0.7560185185185185 0.74765625 0.7546296296296297 0.74765625 0.7541666666666667 0.74609375 0.7509259259259259 0.74609375 0.750462962962963 0.7450520833333333 0.7481481481481481 0.7447916666666666 0.7467592592592592 0.74375 0.7444444444444445 0.7434895833333334 0.7430555555555556 0.7419270833333333 0.7398148148148148 0.7416666666666667 0.7398148148148148 0.7411458333333333 0.7388888888888889 0.7408854166666666 0.7388888888888889 0.740625 0.7384259259259259 0.7401041666666667 0.7384259259259259 0.73984375 0.7379629629629629 0.7309895833333333 0.7379629629629629 0.7307291666666667 0.7384259259259259 0.7278645833333334 0.7384259259259259 0.7276041666666667 0.7388888888888889 0.7270833333333333 0.7388888888888889 0.7263020833333333 0.7398148148148148
6 0.5263020833333333 0.7875 0.5236979166666667 0.7921296296296296 0.5236979166666667 0.7925925925925926 0.52265625 0.7944444444444444 0.52109375 0.8 0.52109375 0.8009259259259259 0.5205729166666667 0.8027777777777778 0.5205729166666667 0.8041666666666667 0.5203125 0.8046296296296296 0.5203125 0.8069444444444445 0.5200520833333333 0.8074074074074075 0.5200520833333333 0.8101851851851852 0.5203125 0.8106481481481481 0.5203125 0.8134259259259259 0.5205729166666667 0.8138888888888889 0.5205729166666667 0.8157407407407408 0.5208333333333334 0.8162037037037037 0.52109375 0.8185185185185185 0.521875 0.8212962962962963 0.5223958333333333 0.8222222222222222 0.52265625 0.8236111111111111 0.5239583333333333 0.825925925925926 0.5239583333333333 0.8263888888888888 0.525 0.8282407407407407 0.5252604166666667 0.8282407407407407 0.5270833333333333 0.8310185185185185 0.52734375 0.8310185185185185 0.5278645833333333 0.8319444444444445 0.528125 0.8319444444444445 0.5291666666666667 0.8333333333333334 0.5296875 0.8333333333333334 0.5299479166666666 0.8337962962962963 0.53046875 0.8337962962962963 0.5315104166666667 0.8347222222222223 0.5333333333333333 0.8351851851851851 0.53359375 0.8356481481481481 0.5359375 0.8356481481481481 0.5361979166666667 0.8361111111111111 0.5411458333333333 0.8361111111111111 0.54140625 0.8356481481481481 0.5432291666666667 0.8356481481481481 0.5434895833333333 0.8351851851851851 0.5447916666666667 0.8351851851851851 0.5450520833333333 0.8347222222222223 0.5458333333333333 0.8347222222222223 0.546875 0.8337962962962963 0.54765625 0.8337962962962963 0.5479166666666667 0.8333333333333334 0.5484375 0.8333333333333334 0.5494791666666666 0.8324074074074074 0.55 0.8314814814814815 0.55078125 0.8310185185185185 0.5515625 0.8296296296296296 0.5526041666666667 0.8287037037037037 0.5549479166666667 0.8240740740740741 0.5557291666666667 0.8212962962962963 0.5567708333333333 0.8189814814814815 0.5572916666666666 0.8171296296296297 0.5572916666666666 0.8162037037037037 0.5575520833333333 0.8157407407407408 0.5575520833333333 0.8143518518518519 0.5578125 0.8138888888888889 0.5578125 0.8115740740740741 0.5580729166666667 0.8111111111111111 0.5580729166666667 0.8060185185185185 0.5578125 0.8055555555555556 0.5578125 0.8027777777777778 0.5575520833333333 0.8023148148148148 0.5575520833333333 0.8013888888888889 0.5572916666666666 0.8009259259259259 0.55703125 0.7986111111111112 0.55546875 0.7930555555555555 0.5541666666666667 0.7902777777777777 0.5541666666666667 0.7898148148148149 0.5515625 0.7856481481481481 0.5513020833333333 0.7856481481481481 0.55078125 0.7847222222222222 0.5481770833333334 0.7824074074074074 0.546875 0.7819444444444444 0.54609375 0.7810185185185186 0.5455729166666666 0.7810185185185186 0.54453125 0.7800925925925926 0.54375 0.7800925925925926 0.5434895833333333 0.7796296296296297 0.5427083333333333 0.7796296296296297 0.5424479166666667 0.7791666666666667 0.5411458333333333 0.7791666666666667 0.5408854166666667 0.7787037037037037 0.53671875 0.7787037037037037 0.5364583333333334 0.7791666666666667 0.5356770833333333 0.7791666666666667 0.5354166666666667 0.7796296296296297 0.5346354166666667 0.7796296296296297 0.534375 0.7800925925925926 0.53359375 0.7800925925925926 0.5333333333333333 0.7805555555555556 0.53203125 0.7810185185185186 0.5294270833333333 0.7833333333333333 0.5278645833333333 0.7856481481481481 0.5276041666666667 0.7856481481481481 0.5265625 0.7875
6 0.46640625 0.5027777777777778 0.46484375 0.5041666666666667 0.4627604166666667 0.5050925925925925 0.459375 0.5083333333333333 0.45598958333333334 0.513425925925926 0.45598958333333334 0.5138888888888888 0.45416666666666666 0.5171296296296296 0.45416666666666666 0.5175925925925926 0.453125 0.5199074074074074 0.45208333333333334 0.5236111111111111 0.45208333333333334 0.524537037037037 0.4515625 0.5263888888888889 0.4515625 0.5277777777777778 0.4513020833333333 0.5282407407407408 0.4513020833333333 0.5300925925925926 0.4510416666666667 0.5305555555555556 0.4510416666666667 0.5337962962962963 0.45078125 0.5342592592592592 0.45078125 0.5398148148148149 0.4510416666666667 0.5402777777777777 0.4510416666666667 0.5430555555555555 0.4513020833333333 0.5435185185185185 0.4513020833333333 0.5453703703703704 0.4515625 0.5458333333333333 0.4518229166666667 0.5481481481481482 0.45260416666666664 0.5504629629629629 0.45260416666666664 0.5513888888888889 0.45390625 0.5546296296296296 0.45390625 0.5550925925925926 0.45859375 0.5638888888888889 0.4588541666666667 0.5638888888888889 0.4609375 0.5666666666666667 0.4635416666666667 0.5689814814814815 0.46484375 0.5694444444444444 0.465625 0.5703703703703704 0.46770833333333334 0.5708333333333333 0.46796875 0.5712962962962963 0.46927083333333336 0.5712962962962963 0.46953125 0.5717592592592593 0.475 0.5717592592592593 0.4752604166666667 0.5712962962962963 0.4765625 0.5712962962962963 0.47682291666666665 0.5708333333333333 0.47890625 0.5703703703703704 0.4796875 0.5694444444444444 0.48020833333333335 0.5694444444444444 0.48125 0.5685185185185185 0.4817708333333333 0.5675925925925925 0.4825520833333333 0.5671296296296297 0.4830729166666667 0.5662037037037037 0.4856770833333333 0.5634259259259259 0.48776041666666664 0.5597222222222222 0.48776041666666664 0.5592592592592592 0.48854166666666665 0.5578703703703703 0.4890625 0.5560185185185185 0.48984375 0.5546296296296296 0.48984375 0.5541666666666667 0.4908854166666667 0.5518518518518518 0.49192708333333335 0.5481481481481482 0.49192708333333335 0.5472222222222223 0.49244791666666665 0.5453703703703704 0.49244791666666665 0.5435185185185185 0.49270833333333336 0.5430555555555555 0.49270833333333336 0.5402777777777777 0.49296875 0.5398148148148149 0.49296875 0.5328703703703703 0.49270833333333336 0.5324074074074074 0.49270833333333336 0.5296296296296297 0.4921875 0.5277777777777778 0.4921875 0.5263888888888889 0.49192708333333335 0.5259259259259259 0.49192708333333335 0.525 0.49166666666666664 0.524537037037037 0.49140625 0.5226851851851851 0.4908854166666667 0.5217592592592593 0.490625 0.5203703703703704 0.4901041666666667 0.5194444444444445 0.4895833333333333 0.5175925925925926 0.48880208333333336 0.5162037037037037 0.48880208333333336 0.5157407407407407 0.48723958333333334 0.512962962962963 0.4869791666666667 0.512962962962963 0.48359375 0.5078703703703704 0.48151041666666666 0.5060185185185185 0.48098958333333336 0.5060185185185185 0.48020833333333335 0.5050925925925925 0.4796875 0.5050925925925925 0.47942708333333334 0.5046296296296297 0.47890625 0.5046296296296297 0.4778645833333333 0.5037037037037037 0.47604166666666664 0.5032407407407408 0.475 0.5023148148148148 0.47317708333333336 0.5023148148148148 0.47291666666666665 0.5018518518518519 0.46927083333333336 0.5018518518518519 0.46901041666666665 0.5023148148148148 0.4674479166666667 0.5023148148148148 0.4671875 0.5027777777777778
6 0.35052083333333334 0.7453703703703703 0.34921875 0.7476851851851852 0.34869791666666666 0.749537037037037 0.34713541666666664 0.7527777777777778 0.3455729166666667 0.7583333333333333 0.3455729166666667 0.7592592592592593 0.3453125 0.7597222222222222 0.3453125 0.762962962962963 0.3450520833333333 0.763425925925926 0.3450520833333333 0.7680555555555556 0.3453125 0.7685185185185185 0.3453125 0.7699074074074074 0.3455729166666667 0.7703703703703704 0.3455729166666667 0.7722222222222223 0.3458333333333333 0.7726851851851851 0.3458333333333333 0.774074074074074 0.34609375 0.774537037037037 0.34609375 0.7754629629629629 0.34739583333333335 0.7800925925925926 0.3484375 0.7819444444444444 0.3484375 0.7824074074074074 0.35182291666666665 0.788425925925926 0.35625 0.7921296296296296 0.3572916666666667 0.7935185185185185 0.3578125 0.7935185185185185 0.3580729166666667 0.7939814814814815 0.35885416666666664 0.7939814814814815 0.35989583333333336 0.7949074074074074 0.3609375 0.7949074074074074 0.3611979166666667 0.7953703703703704 0.365625 0.7953703703703704 0.3658854166666667 0.7949074074074074 0.36770833333333336 0.7949074074074074 0.36796875 0.7944444444444444 0.36953125 0.7944444444444444 0.3697916666666667 0.7939814814814815 0.37057291666666664 0.7939814814814815 0.37083333333333335 0.7935185185185185 0.371875 0.7935185185185185 0.37213541666666666 0.7930555555555555 0.3729166666666667 0.7930555555555555 0.3731770833333333 0.7925925925925926 0.37395833333333334 0.7925925925925926 0.37473958333333335 0.7916666666666666 0.37526041666666665 0.7916666666666666 0.37578125 0.7907407407407407 0.3768229166666667 0.7898148148148149 0.37786458333333334 0.787962962962963 0.378125 0.787962962962963 0.3809895833333333 0.7828703703703703 0.3809895833333333 0.7824074074074074 0.38203125 0.7800925925925926 0.38255208333333335 0.7782407407407408 0.3828125 0.7759259259259259 0.38307291666666665 0.7754629629629629 0.38307291666666665 0.774074074074074 0.38333333333333336 0.7736111111111111 0.38333333333333336 0.7712962962962963 0.38359375 0.7708333333333334 0.38359375 0.7680555555555556 0.38385416666666666 0.7675925925925926 0.38385416666666666 0.7657407407407407 0.38359375 0.7652777777777777 0.38359375 0.7606481481481482 0.38333333333333336 0.7601851851851852 0.38333333333333336 0.7592592592592593 0.38307291666666665 0.7587962962962963 0.38307291666666665 0.7578703703703704 0.38255208333333335 0.7560185185185185 0.38203125 0.7550925925925925 0.38177083333333334 0.7537037037037037 0.38125 0.7527777777777778 0.38046875 0.75 0.378125 0.7458333333333333 0.37786458333333334 0.7458333333333333 0.37734375 0.7449074074074075 0.3763020833333333 0.7439814814814815 0.37552083333333336 0.7425925925925926 0.3729166666666667 0.7402777777777778 0.3723958333333333 0.7402777777777778 0.37161458333333336 0.7393518518518518 0.37109375 0.7393518518518518 0.3703125 0.7384259259259259 0.3697916666666667 0.7384259259259259 0.36953125 0.7379629629629629 0.36875 0.7379629629629629 0.3684895833333333 0.7375 0.36614583333333334 0.7375 0.3658854166666667 0.737037037037037 0.3614583333333333 0.737037037037037 0.3611979166666667 0.7375 0.36015625 0.7375 0.35989583333333336 0.7379629629629629 0.359375 0.7379629629629629 0.35833333333333334 0.7388888888888889 0.3575520833333333 0.7388888888888889 0.3567708333333333 0.7398148148148148 0.35625 0.7398148148148148 0.35546875 0.7407407407407407 0.35494791666666664 0.7407407407407407 0.35234375 0.7430555555555556 0.35078125 0.7453703703703703
6 0.23567708333333334 0.9828703703703704 0.23567708333333334 0.9847222222222223 0.23541666666666666 0.9851851851851852 0.23541666666666666 0.9875 0.23515625 0.9879629629629629 0.23515625 0.9925925925925926 0.23541666666666666 0.9930555555555556 0.23541666666666666 0.9962962962962963 0.23567708333333334 0.9967592592592592 0.23567708333333334 0.9976851851851852 0.23619791666666667 0.9986111111111111 0.23619791666666667 0.999537037037037 0.24609375 0.999537037037037 0.24609375 0.9986111111111111 0.24661458333333333 0.9976851851851852 0.24661458333333333 0.9953703703703703 0.24609375 0.9944444444444445 0.24505208333333334 0.9907407407407407 0.24505208333333334 0.9875 0.2453125 0.987037037037037 0.2453125 0.9861111111111112 0.24609375 0.9842592592592593 0.24609375 0.9837962962962963 0.24661458333333333 0.9828703703703704 0.246875 0.9828703703703704 0.24739583333333334 0.9819444444444444 0.2484375 0.9810185185185185 0.24973958333333332 0.9810185185185185 0.25 0.9805555555555555 0.25390625 0.9805555555555555 0.25416666666666665 0.9810185185185185 0.25546875 0.9810185185185185 0.2557291666666667 0.9814814814814815 0.2565104166666667 0.9814814814814815 0.25677083333333334 0.9819444444444444 0.25807291666666665 0.9824074074074074 0.2596354166666667 0.9837962962962963 0.26171875 0.9879629629629629 0.26171875 0.9888888888888889 0.26197916666666665 0.9893518518518518 0.26197916666666665 0.9944444444444445 0.26171875 0.9953703703703703 0.26197916666666665 0.9958333333333333 0.26197916666666665 0.9972222222222222 0.2630208333333333 0.9990740740740741 0.2630208333333333 0.999537037037037 0.271875 0.999537037037037 0.271875 0.9986111111111111 0.2721354166666667 0.9981481481481481 0.2721354166666667 0.9962962962962963 0.27239583333333334 0.9958333333333333 0.27239583333333334 0.9949074074074075 0.2721354166666667 0.9944444444444445 0.2721354166666667 0.9888888888888889 0.271875 0.9884259259259259 0.271875 0.987037037037037 0.2716145833333333 0.986574074074074 0.2716145833333333 0.9856481481481482 0.2713541666666667 0.9851851851851852 0.2713541666666667 0.9842592592592593 0.27109375 0.9837962962962963 0.2708333333333333 0.9814814814814815 0.2703125 0.9796296296296296 0.26979166666666665 0.9787037037037037 0.26979166666666665 0.9782407407407407 0.2669270833333333 0.9731481481481481 0.26666666666666666 0.9731481481481481 0.26614583333333336 0.9722222222222222 0.2630208333333333 0.9694444444444444 0.2625 0.9694444444444444 0.26223958333333336 0.9689814814814814 0.26171875 0.9689814814814814 0.26145833333333335 0.9685185185185186 0.2609375 0.9685185185185186 0.2598958333333333 0.9675925925925926 0.2591145833333333 0.9675925925925926 0.25885416666666666 0.9671296296296297 0.2578125 0.9671296296296297 0.25755208333333335 0.9666666666666667 0.2565104166666667 0.9666666666666667 0.25625 0.9662037037037037 0.25416666666666665 0.9662037037037037 0.25390625 0.9657407407407408 0.24973958333333332 0.9657407407407408 0.24947916666666667 0.9662037037037037 0.24765625 0.9662037037037037 0.24739583333333334 0.9666666666666667 0.24661458333333333 0.9666666666666667 0.24557291666666667 0.9675925925925926 0.24479166666666666 0.9675925925925926 0.24453125 0.9680555555555556 0.24401041666666667 0.9680555555555556 0.24036458333333333 0.9712962962962963 0.23854166666666668 0.9745370370370371 0.23854166666666668 0.975 0.23671875 0.9787037037037037 0.2359375 0.9814814814814815 0.2359375 0.9824074074074074
