1 0.178125 0.27870370370370373 0.17708333333333334 0.2814814814814815 0.17708333333333334 0.28703703703703703 0.17734375 0.287962962962963 0.1796875 0.2912037037037037 0.1796875 0.2916666666666667 0.18046875 0.29305555555555557 0.18177083333333333 0.29768518518518516 0.1828125 0.29953703703703705 0.1828125 0.3 0.18385416666666668 0.30185185185185187 0.18411458333333333 0.30277777777777776 0.18776041666666668 0.3060185185185185 0.18880208333333334 0.30787037037037035 0.18880208333333334 0.30972222222222223 0.18828125 0.3106481481481482 0.18776041666666668 0.3125 0.18776041666666668 0.3138888888888889 0.1875 0.3143518518518518 0.1875 0.3162037037037037 0.18723958333333332 0.31666666666666665 0.18723958333333332 0.32314814814814813 0.1875 0.3236111111111111 0.1875 0.324537037037037 0.18802083333333333 0.3263888888888889 0.19088541666666667 0.33287037037037037 0.19114583333333332 0.3337962962962963 0.19114583333333332 0.3347222222222222 0.19140625 0.3351851851851852 0.19140625 0.33611111111111114 0.1921875 0.3384259259259259 0.1921875 0.33935185185185185 0.19270833333333334 0.34074074074074073 0.19270833333333334 0.3416666666666667 0.19322916666666667 0.34305555555555556 0.19322916666666667 0.3439814814814815 0.19375 0.3458333333333333 0.19557291666666668 0.3486111111111111 0.19661458333333334 0.34953703703703703 0.19713541666666667 0.34953703703703703 0.19739583333333333 0.35 0.19869791666666667 0.35 0.19895833333333332 0.350462962962963 0.20182291666666666 0.350462962962963 0.20260416666666667 0.34953703703703703 0.203125 0.34953703703703703 0.20390625 0.3486111111111111 0.20442708333333334 0.3486111111111111 0.20598958333333334 0.3472222222222222 0.20677083333333332 0.3458333333333333 0.20703125 0.3458333333333333 0.21067708333333332 0.33935185185185185 0.21067708333333332 0.3388888888888889 0.21197916666666666 0.3365740740740741 0.21276041666666667 0.3337962962962963 0.21276041666666667 0.33287037037037037 0.21328125 0.33101851851851855 0.21328125 0.3287037037037037 0.21302083333333333 0.3282407407407407 0.21302083333333333 0.32731481481481484 0.21197916666666666 0.3236111111111111 0.21145833333333333 0.3226851851851852 0.2109375 0.32083333333333336 0.20885416666666667 0.31712962962962965 0.20833333333333334 0.31666666666666665 0.20651041666666667 0.3101851851851852 0.20520833333333333 0.3074074074074074 0.20520833333333333 0.30694444444444446 0.20364583333333333 0.30416666666666664 0.20208333333333334 0.30277777777777776 0.2015625 0.30185185185185187 0.20104166666666667 0.30185185185185187 0.20078125 0.3013888888888889 0.19947916666666668 0.30092592592592593 0.1984375 0.29953703703703705 0.19817708333333334 0.29953703703703705 0.19557291666666668 0.2949074074074074 0.1953125 0.2949074074074074 0.19453125 0.2935185185185185 0.19375 0.29305555555555557 0.19322916666666667 0.29212962962962963 0.1921875 0.2912037037037037 0.18984375 0.28703703703703703 0.18880208333333334 0.2861111111111111 0.18567708333333333 0.2800925925925926 0.18203125 0.27685185185185185 0.18072916666666666 0.27685185185185185 0.18046875 0.2773148148148148 0.17994791666666668 0.2773148148148148 0.1796875 0.2777777777777778 0.17916666666666667 0.2777777777777778
1 0.09973958333333334 0.41805555555555557 0.09921875 0.4199074074074074 0.09921875 0.42083333333333334 0.09895833333333333 0.4212962962962963 0.09895833333333333 0.42268518518518516 0.09869791666666666 0.42314814814814816 0.09869791666666666 0.425 0.0984375 0.425462962962963 0.09869791666666666 0.42777777777777776 0.1 0.4300925925925926 0.10026041666666667 0.4300925925925926 0.10104166666666667 0.43148148148148147 0.10130208333333333 0.43148148148148147 0.10416666666666667 0.4361111111111111 0.10572916666666667 0.4375 0.10625 0.43842592592592594 0.1078125 0.4398148148148148 0.10833333333333334 0.44074074074074077 0.10989583333333333 0.44212962962962965 0.11041666666666666 0.44305555555555554 0.11276041666666667 0.4449074074074074 0.11380208333333333 0.44675925925925924 0.11432291666666666 0.4486111111111111 0.11510416666666666 0.45555555555555555 0.115625 0.4564814814814815 0.115625 0.45694444444444443 0.11770833333333333 0.4601851851851852 0.11822916666666666 0.46064814814814814 0.11875 0.46064814814814814 0.11901041666666666 0.46111111111111114 0.11953125 0.46111111111111114 0.11979166666666667 0.4615740740740741 0.1203125 0.4615740740740741 0.12109375 0.4625 0.12161458333333333 0.4625 0.12369791666666667 0.46435185185185185 0.12421875 0.4652777777777778 0.12526041666666668 0.46620370370370373 0.12604166666666666 0.4675925925925926 0.12682291666666667 0.46805555555555556 0.12786458333333334 0.46944444444444444 0.12838541666666667 0.46944444444444444 0.12864583333333332 0.4699074074074074 0.12916666666666668 0.4699074074074074 0.13020833333333334 0.4708333333333333 0.13229166666666667 0.4708333333333333 0.13255208333333332 0.4703703703703704 0.13411458333333334 0.4703703703703704 0.134375 0.4699074074074074 0.13489583333333333 0.4699074074074074 0.13645833333333332 0.4685185185185185 0.13697916666666668 0.4675925925925926 0.13723958333333333 0.4675925925925926 0.13932291666666666 0.4638888888888889 0.13932291666666666 0.4634259259259259 0.14010416666666667 0.462037037037037 0.14010416666666667 0.4615740740740741 0.14088541666666668 0.4601851851851852 0.14088541666666668 0.4597222222222222 0.14192708333333334 0.45740740740740743 0.14270833333333333 0.4546296296296296 0.14270833333333333 0.4476851851851852 0.1421875 0.44583333333333336 0.14166666666666666 0.4449074074074074 0.14166666666666666 0.4444444444444444 0.13854166666666667 0.4388888888888889 0.13828125 0.4388888888888889 0.1375 0.4375 0.1359375 0.4361111111111111 0.13541666666666666 0.4351851851851852 0.13411458333333334 0.43425925925925923 0.13333333333333333 0.43287037037037035 0.13072916666666667 0.4305555555555556 0.1296875 0.4305555555555556 0.12942708333333333 0.4300925925925926 0.12786458333333334 0.4300925925925926 0.12760416666666666 0.42962962962962964 0.12109375 0.42962962962962964 0.12083333333333333 0.42916666666666664 0.1203125 0.42916666666666664 0.11901041666666666 0.4273148148148148 0.11875 0.4273148148148148 0.11796875 0.42592592592592593 0.11692708333333333 0.425 0.1140625 0.4203703703703704 0.11223958333333334 0.41898148148148145 0.11171875 0.41805555555555557 0.11067708333333333 0.41712962962962963 0.11015625 0.41712962962962963 0.109375 0.4162037037037037 0.10885416666666667 0.4162037037037037 0.10859375 0.41574074074074074 0.10807291666666667 0.41574074074074074 0.10703125 0.4148148148148148 0.10572916666666667 0.4148148148148148 0.10546875 0.41435185185185186 0.10286458333333333 0.41435185185185186 0.10260416666666666 0.4148148148148148 0.10208333333333333 0.4148148148148148 0.10104166666666667 0.41574074074074074
1 0.146875 0.8074074074074075 0.146875 0.8106481481481481 0.14661458333333333 0.8111111111111111 0.14661458333333333 0.8171296296296297 0.146875 0.8175925925925925 0.146875 0.8189814814814815 0.14713541666666666 0.8199074074074074 0.14817708333333332 0.8217592592592593 0.14869791666666668 0.8222222222222222 0.14947916666666666 0.8222222222222222 0.14973958333333334 0.8226851851851852 0.15885416666666666 0.8226851851851852 0.15989583333333332 0.8236111111111111 0.16067708333333333 0.8236111111111111 0.16145833333333334 0.8245370370370371 0.16328125 0.8245370370370371 0.16536458333333334 0.8226851851851852 0.16588541666666667 0.8217592592592593 0.16640625 0.8217592592592593 0.16666666666666666 0.8212962962962963 0.16770833333333332 0.8212962962962963 0.16796875 0.8208333333333333 0.17265625 0.8208333333333333 0.17291666666666666 0.8212962962962963 0.17526041666666667 0.8212962962962963 0.17552083333333332 0.8217592592592593 0.17760416666666667 0.8217592592592593 0.17786458333333333 0.8222222222222222 0.18072916666666666 0.8226851851851852 0.18098958333333334 0.8231481481481482 0.18203125 0.8231481481481482 0.18229166666666666 0.8236111111111111 0.18359375 0.8236111111111111 0.18385416666666668 0.8240740740740741 0.18489583333333334 0.8240740740740741 0.18515625 0.8245370370370371 0.18671875 0.8245370370370371 0.18697916666666667 0.825 0.19036458333333334 0.825 0.190625 0.8245370370370371 0.19140625 0.8245370370370371 0.19166666666666668 0.8240740740740741 0.1921875 0.8240740740740741 0.19270833333333334 0.8236111111111111 0.19270833333333334 0.8231481481481482 0.19322916666666667 0.8222222222222222 0.19348958333333333 0.8212962962962963 0.19348958333333333 0.8203703703703704 0.19375 0.8199074074074074 0.19375 0.8189814814814815 0.19401041666666666 0.8185185185185185 0.19401041666666666 0.8166666666666667 0.19427083333333334 0.8162037037037037 0.19427083333333334 0.812962962962963 0.19453125 0.8125 0.19453125 0.8078703703703703 0.19427083333333334 0.8069444444444445 0.19322916666666667 0.8050925925925926 0.19270833333333334 0.8046296296296296 0.19192708333333333 0.8046296296296296 0.19166666666666668 0.8041666666666667 0.19088541666666667 0.8041666666666667 0.190625 0.8037037037037037 0.18958333333333333 0.8037037037037037 0.18932291666666667 0.8032407407407407 0.1859375 0.8027777777777778 0.18567708333333333 0.8023148148148148 0.18098958333333334 0.8023148148148148 0.18072916666666666 0.8018518518518518 0.17604166666666668 0.8018518518518518 0.17578125 0.8013888888888889 0.17395833333333333 0.8013888888888889 0.17369791666666667 0.8009259259259259 0.17057291666666666 0.8009259259259259 0.1703125 0.8004629629629629 0.16953125 0.8004629629629629 0.16927083333333334 0.8 0.16875 0.8 0.1671875 0.7972222222222223 0.16640625 0.7944444444444444 0.16510416666666666 0.7921296296296296 0.1640625 0.7912037037037037 0.16276041666666666 0.7907407407407407 0.1625 0.7902777777777777 0.15989583333333332 0.7902777777777777 0.15963541666666667 0.7907407407407407 0.153125 0.7907407407407407 0.15286458333333333 0.7912037037037037 0.15208333333333332 0.7912037037037037 0.15182291666666667 0.7916666666666666 0.15130208333333334 0.7916666666666666 0.15078125 0.7921296296296296 0.14947916666666666 0.7958333333333333 0.14947916666666666 0.7967592592592593 0.14895833333333333 0.7981481481481482 0.14895833333333333 0.799074074074074 0.14869791666666668 0.8 0.14817708333333332 0.8009259259259259 0.14817708333333332 0.8018518518518518 0.14765625 0.8032407407407407 0.14765625 0.8046296296296296 0.14739583333333334 0.8050925925925926 0.14739583333333334 0.8060185185185185
1 0.23645833333333333 0.6125 0.2359375 0.612037037037037 0.23541666666666666 0.612037037037037 0.23515625 0.611574074074074 0.23463541666666668 0.611574074074074 0.234375 0.6111111111111112 0.23385416666666667 0.6111111111111112 0.23359375 0.6106481481481482 0.2328125 0.6106481481481482 0.23255208333333333 0.6101851851851852 0.22864583333333333 0.6101851851851852 0.22838541666666667 0.6106481481481482 0.22760416666666666 0.6106481481481482 0.22734375 0.6111111111111112 0.2265625 0.6111111111111112 0.22630208333333332 0.611574074074074 0.22578125 0.611574074074074 0.22421875 0.6129629629629629 0.22369791666666666 0.6138888888888889 0.22239583333333332 0.6185185185185185 0.22083333333333333 0.6212962962962963 0.22083333333333333 0.6217592592592592 0.22005208333333334 0.6231481481481481 0.22005208333333334 0.6236111111111111 0.21927083333333333 0.625 0.21927083333333333 0.625462962962963 0.2171875 0.6287037037037037 0.21692708333333333 0.6300925925925925 0.21614583333333334 0.6319444444444444 0.21614583333333334 0.6333333333333333 0.21588541666666666 0.6337962962962963 0.21588541666666666 0.6375 0.21614583333333334 0.637962962962963 0.21614583333333334 0.6388888888888888 0.21666666666666667 0.6407407407407407 0.2171875 0.6416666666666667 0.2171875 0.6425925925925926 0.21770833333333334 0.6439814814814815 0.21770833333333334 0.6449074074074074 0.21822916666666667 0.6462962962962963 0.21822916666666667 0.6472222222222223 0.21875 0.6481481481481481 0.21848958333333332 0.649074074074074 0.21614583333333334 0.6527777777777778 0.21614583333333334 0.6532407407407408 0.21510416666666668 0.6555555555555556 0.21380208333333334 0.6606481481481481 0.21328125 0.6615740740740741 0.21328125 0.6625 0.21145833333333333 0.6689814814814815 0.21145833333333333 0.6703703703703704 0.21119791666666668 0.6712962962962963 0.21145833333333333 0.6717592592592593 0.21145833333333333 0.674074074074074 0.21171875 0.674537037037037 0.21171875 0.6759259259259259 0.21223958333333334 0.6768518518518518 0.21223958333333334 0.6773148148148148 0.21328125 0.6787037037037037 0.21380208333333334 0.6787037037037037 0.2140625 0.6791666666666667 0.21458333333333332 0.6791666666666667 0.215625 0.6800925925925926 0.21770833333333334 0.6800925925925926 0.21796875 0.6796296296296296 0.21848958333333332 0.6796296296296296 0.21875 0.6791666666666667 0.21927083333333333 0.6791666666666667 0.2203125 0.6782407407407407 0.22161458333333334 0.6759259259259259 0.221875 0.674537037037037 0.22291666666666668 0.6722222222222223 0.2234375 0.6699074074074074 0.22395833333333334 0.6689814814814815 0.22395833333333334 0.6680555555555555 0.22421875 0.6671296296296296 0.22578125 0.663425925925926 0.22630208333333332 0.6615740740740741 0.22630208333333332 0.6606481481481481 0.22708333333333333 0.6587962962962963 0.22708333333333333 0.6583333333333333 0.22760416666666666 0.6574074074074074 0.22760416666666666 0.6569444444444444 0.22890625 0.6546296296296297 0.22916666666666666 0.6546296296296297 0.2296875 0.6537037037037037 0.23020833333333332 0.6532407407407408 0.23072916666666668 0.6532407407407408 0.23098958333333333 0.6527777777777778 0.23151041666666666 0.6527777777777778 0.23177083333333334 0.6523148148148148 0.23229166666666667 0.6523148148148148 0.23255208333333333 0.6518518518518519 0.23307291666666666 0.6518518518518519 0.23489583333333333 0.65 0.23541666666666666 0.65 0.2359375 0.649074074074074 0.23619791666666667 0.649074074074074 0.23776041666666667 0.6458333333333334 0.23802083333333332 0.6444444444444445 0.23880208333333333 0.6425925925925926 0.23880208333333333 0.6416666666666667 0.2390625 0.6412037037037037 0.2390625 0.6393518518518518 0.23958333333333334 0.6375 0.23958333333333334 0.6361111111111111 0.23984375 0.6356481481481482 0.23984375 0.6347222222222222 0.240625 0.6328703703703704 0.240625 0.6319444444444444 0.24114583333333334 0.6300925925925925 0.24114583333333334 0.6282407407407408 0.24140625 0.6277777777777778 0.24140625 0.6268518518518519 0.24114583333333334 0.6263888888888889 0.24114583333333334 0.6226851851851852 0.24088541666666666 0.6222222222222222 0.240625 0.6199074074074075 0.24010416666666667 0.6189814814814815 0.23958333333333334 0.6171296296296296 0.23854166666666668 0.6152777777777778 0.23828125 0.6152777777777778
1 0.4674479166666667 0.6416666666666667 0.46588541666666666 0.6402777777777777 0.46510416666666665 0.6402777777777777 0.46484375 0.6398148148148148 0.46432291666666664 0.6398148148148148 0.46328125 0.6388888888888888 0.46171875 0.6388888888888888 0.46145833333333336 0.638425925925926 0.4583333333333333 0.638425925925926 0.45729166666666665 0.6398148148148148 0.45703125 0.6398148148148148 0.45651041666666664 0.6407407407407407 0.45598958333333334 0.6425925925925926 0.4546875 0.6453703703703704 0.45364583333333336 0.649537037037037 0.453125 0.6504629629629629 0.45260416666666664 0.6523148148148148 0.45 0.6569444444444444 0.45 0.6578703703703703 0.44973958333333336 0.6583333333333333 0.44973958333333336 0.6611111111111111 0.44947916666666665 0.6615740740740741 0.44947916666666665 0.6657407407407407 0.44973958333333336 0.6662037037037037 0.44973958333333336 0.6717592592592593 0.44947916666666665 0.6722222222222223 0.44947916666666665 0.6736111111111112 0.44921875 0.674074074074074 0.44921875 0.675 0.44869791666666664 0.6759259259259259 0.44869791666666664 0.6768518518518518 0.44817708333333334 0.6777777777777778 0.44765625 0.6796296296296296 0.4466145833333333 0.6814814814814815 0.4466145833333333 0.6819444444444445 0.44244791666666666 0.6888888888888889 0.44244791666666666 0.6893518518518519 0.44140625 0.6912037037037037 0.44140625 0.6916666666666667 0.4395833333333333 0.6944444444444444 0.4393229166666667 0.6958333333333333 0.4388020833333333 0.6967592592592593 0.4388020833333333 0.6986111111111111 0.4393229166666667 0.7 0.4393229166666667 0.700925925925926 0.43984375 0.7027777777777777 0.44166666666666665 0.7055555555555556 0.4427083333333333 0.7064814814814815 0.4434895833333333 0.7064814814814815 0.44375 0.7069444444444445 0.4440104166666667 0.7064814814814815 0.44557291666666665 0.7064814814814815 0.44583333333333336 0.7060185185185185 0.4466145833333333 0.7060185185185185 0.4479166666666667 0.7037037037037037 0.44817708333333334 0.7023148148148148 0.44973958333333336 0.6995370370370371 0.45078125 0.6986111111111111 0.45078125 0.6981481481481482 0.4515625 0.6967592592592593 0.4515625 0.6949074074074074 0.4518229166666667 0.6939814814814815 0.453125 0.6916666666666667 0.4544270833333333 0.6912037037037037 0.4552083333333333 0.6898148148148148 0.45546875 0.6898148148148148 0.45598958333333334 0.6875 0.45703125 0.6856481481481481 0.45729166666666665 0.6856481481481481 0.4583333333333333 0.6842592592592592 0.4635416666666667 0.6842592592592592 0.46380208333333334 0.6837962962962963 0.46458333333333335 0.6837962962962963 0.46484375 0.6833333333333333 0.46536458333333336 0.6833333333333333 0.465625 0.6828703703703703 0.4661458333333333 0.6828703703703703 0.4666666666666667 0.6824074074074075 0.46796875 0.6800925925925926 0.46796875 0.6796296296296296 0.46848958333333335 0.6787037037037037 0.46927083333333336 0.6759259259259259 0.46927083333333336 0.674537037037037 0.46953125 0.674074074074074 0.46953125 0.6731481481481482 0.46979166666666666 0.6726851851851852 0.46979166666666666 0.6717592592592593 0.4700520833333333 0.6708333333333333 0.47239583333333335 0.6662037037037037 0.47239583333333335 0.6657407407407407 0.47317708333333336 0.6643518518518519 0.47369791666666666 0.6625 0.47369791666666666 0.6611111111111111 0.4739583333333333 0.6606481481481481 0.4739583333333333 0.6555555555555556 0.4734375 0.6537037037037037 0.47291666666666665 0.6527777777777778 0.47161458333333334 0.6481481481481481 0.46953125 0.6444444444444445 0.46927083333333336 0.6444444444444445
1 0.30703125 0.4101851851851852 0.30703125 0.4217592592592593 0.3072916666666667 0.4222222222222222 0.3072916666666667 0.425 0.30755208333333334 0.425462962962963 0.30755208333333334 0.4273148148148148 0.30833333333333335 0.42916666666666664 0.30833333333333335 0.42962962962962964 0.3098958333333333 0.43148148148148147 0.3106770833333333 0.43148148148148147 0.3109375 0.43194444444444446 0.3140625 0.43194444444444446 0.3143229166666667 0.4324074074074074 0.31484375 0.4324074074074074 0.31588541666666664 0.43333333333333335 0.31666666666666665 0.43333333333333335 0.31692708333333336 0.4337962962962963 0.3184895833333333 0.4337962962962963 0.31875 0.43425925925925923 0.3190104166666667 0.4337962962962963 0.3203125 0.4337962962962963 0.32057291666666665 0.43333333333333335 0.32135416666666666 0.43333333333333335 0.3216145833333333 0.43287037037037035 0.3221354166666667 0.43287037037037035 0.32317708333333334 0.43194444444444446 0.32369791666666664 0.4310185185185185 0.32395833333333335 0.4310185185185185 0.3265625 0.4263888888888889 0.3296875 0.4263888888888889 0.3299479166666667 0.42592592592592593 0.3416666666666667 0.42592592592592593 0.3419270833333333 0.4263888888888889 0.34713541666666664 0.4263888888888889 0.34739583333333335 0.42685185185185187 0.3528645833333333 0.42685185185185187 0.353125 0.4263888888888889 0.3536458333333333 0.4263888888888889 0.3541666666666667 0.42592592592592593 0.3546875 0.425 0.35494791666666664 0.42407407407407405 0.35494791666666664 0.42314814814814816 0.35520833333333335 0.42268518518518516 0.35520833333333335 0.4212962962962963 0.35546875 0.42083333333333334 0.35546875 0.41898148148148145 0.35520833333333335 0.4185185185185185 0.35520833333333335 0.4162037037037037 0.35494791666666664 0.41574074074074074 0.35494791666666664 0.41388888888888886 0.3546875 0.4134259259259259 0.3546875 0.4125 0.35390625 0.41064814814814815 0.35390625 0.4101851851851852 0.3536458333333333 0.4101851851851852 0.3528645833333333 0.40879629629629627 0.35208333333333336 0.40879629629629627 0.35182291666666665 0.4083333333333333 0.35052083333333334 0.4083333333333333 0.3502604166666667 0.4078703703703704 0.33359375 0.4078703703703704 0.3333333333333333 0.4074074074074074 0.3299479166666667 0.40694444444444444 0.3296875 0.4064814814814815 0.32838541666666665 0.4064814814814815 0.328125 0.4060185185185185 0.32734375 0.4060185185185185 0.3263020833333333 0.4050925925925926 0.32447916666666665 0.4023148148148148 0.32369791666666664 0.40185185185185185 0.32265625 0.40046296296296297 0.3221354166666667 0.40046296296296297 0.321875 0.4 0.32005208333333335 0.4 0.31979166666666664 0.399537037037037 0.3177083333333333 0.399537037037037 0.31744791666666666 0.4 0.31692708333333336 0.4 0.31666666666666665 0.40046296296296297 0.31614583333333335 0.40046296296296297 0.315625 0.4009259259259259 0.3143229166666667 0.4027777777777778 0.31302083333333336 0.4027777777777778 0.31276041666666665 0.4023148148148148 0.31171875 0.4023148148148148 0.31145833333333334 0.40185185185185185 0.3104166666666667 0.40185185185185185 0.31015625 0.4023148148148148 0.30963541666666666 0.4023148148148148 0.30807291666666664 0.4050925925925926 0.30755208333333334 0.40694444444444444 0.30755208333333334 0.4078703703703704 0.3072916666666667 0.4083333333333333 0.3072916666666667 0.4097222222222222
1 0.2786458333333333 0.36342592592592593 0.2765625 0.36527777777777776 0.27578125 0.36527777777777776 0.275 0.36666666666666664 0.2747395833333333 0.36666666666666664 0.27421875 0.3685185185185185 0.27421875 0.3699074074074074 0.27395833333333336 0.37037037037037035 0.27395833333333336 0.3726851851851852 0.27421875 0.3731481481481482 0.27421875 0.37546296296296294 0.27447916666666666 0.37592592592592594 0.2747395833333333 0.3800925925925926 0.2752604166666667 0.3819444444444444 0.2752604166666667 0.38333333333333336 0.2755208333333333 0.3837962962962963 0.27578125 0.38657407407407407 0.2765625 0.38796296296296295 0.27708333333333335 0.38981481481481484 0.27708333333333335 0.3912037037037037 0.27734375 0.39166666666666666 0.27734375 0.39305555555555555 0.27760416666666665 0.39351851851851855 0.27760416666666665 0.39490740740740743 0.27786458333333336 0.39537037037037037 0.27786458333333336 0.3972222222222222 0.278125 0.3976851851851852 0.278125 0.399537037037037 0.27838541666666666 0.4 0.2786458333333333 0.4027777777777778 0.2791666666666667 0.4046296296296296 0.2791666666666667 0.4074074074074074 0.2786458333333333 0.4083333333333333 0.2786458333333333 0.40925925925925927 0.278125 0.4101851851851852 0.278125 0.41064814814814815 0.2765625 0.412962962962963 0.2755208333333333 0.41388888888888886 0.2752604166666667 0.4166666666666667 0.275 0.41712962962962963 0.275 0.4203703703703704 0.27578125 0.4222222222222222 0.27578125 0.42268518518518516 0.27760416666666665 0.42592592592592593 0.27760416666666665 0.4263888888888889 0.278125 0.4273148148148148 0.27838541666666666 0.4300925925925926 0.2786458333333333 0.4305555555555556 0.2786458333333333 0.43333333333333335 0.27890625 0.4337962962962963 0.2791666666666667 0.43796296296296294 0.2794270833333333 0.43842592592592594 0.2794270833333333 0.44074074074074077 0.2796875 0.4412037037037037 0.2796875 0.44212962962962965 0.28020833333333334 0.4439814814814815 0.28098958333333335 0.44537037037037036 0.28125 0.44537037037037036 0.28229166666666666 0.44675925925925924 0.2838541666666667 0.44675925925925924 0.28411458333333334 0.44722222222222224 0.2869791666666667 0.44722222222222224 0.2872395833333333 0.44675925925925924 0.28802083333333334 0.44675925925925924 0.28880208333333335 0.44583333333333336 0.28932291666666665 0.44583333333333336 0.29140625 0.4439814814814815 0.29401041666666666 0.44074074074074077 0.29453125 0.44074074074074077 0.2953125 0.4398148148148148 0.29609375 0.4398148148148148 0.2981770833333333 0.43796296296296294 0.2981770833333333 0.4375 0.29921875 0.4351851851851852 0.29921875 0.4337962962962963 0.2994791666666667 0.43287037037037035 0.2986979166666667 0.4300925925925926 0.2984375 0.42777777777777776 0.29791666666666666 0.4263888888888889 0.29791666666666666 0.425462962962963 0.29765625 0.425 0.29765625 0.42407407407407405 0.29739583333333336 0.4236111111111111 0.29739583333333336 0.42268518518518516 0.29713541666666665 0.4222222222222222 0.29713541666666665 0.4212962962962963 0.29661458333333335 0.41944444444444445 0.29661458333333335 0.41805555555555557 0.29635416666666664 0.41759259259259257 0.29609375 0.41435185185185186 0.2955729166666667 0.4125 0.29401041666666666 0.4097222222222222 0.29375 0.4097222222222222 0.2911458333333333 0.40555555555555556 0.2908854166666667 0.40555555555555556 0.29010416666666666 0.4041666666666667 0.28984375 0.4041666666666667 0.28880208333333335 0.4023148148148148 0.28828125 0.40046296296296297 0.28828125 0.399537037037037 0.2875 0.39675925925925926 0.2875 0.39490740740740743 0.2872395833333333 0.39444444444444443 0.2872395833333333 0.39305555555555555 0.28671875 0.3912037037037037 0.28671875 0.38981481481481484 0.28515625 0.38472222222222224 0.28515625 0.38333333333333336 0.28489583333333335 0.38287037037037036 0.28489583333333335 0.3814814814814815 0.28463541666666664 0.38101851851851853 0.28463541666666664 0.37916666666666665 0.284375 0.3787037037037037 0.284375 0.3763888888888889 0.28411458333333334 0.37592592592592594 0.28411458333333334 0.3731481481481482 0.2838541666666667 0.3726851851851852 0.2838541666666667 0.37037037037037035 0.28359375 0.3699074074074074 0.28359375 0.3685185185185185 0.2825520833333333 0.3648148148148148 0.28203125 0.3648148148148148 0.28177083333333336 0.36435185185185187 0.28125 0.36435185185185187 0.28020833333333334 0.36342592592592593
1 0.59140625 0.6583333333333333 0.5911458333333334 0.6587962962962963 0.590625 0.6587962962962963 0.5903645833333333 0.6592592592592592 0.5890625 0.6597222222222222 0.5880208333333333 0.6606481481481481 0.5875 0.6615740740740741 0.5872395833333334 0.6615740740740741 0.5854166666666667 0.6648148148148149 0.5848958333333333 0.6666666666666666 0.5848958333333333 0.6675925925925926 0.5846354166666666 0.6680555555555555 0.5846354166666666 0.6699074074074074 0.584375 0.6703703703703704 0.5846354166666666 0.6712962962962963 0.5846354166666666 0.6731481481481482 0.5848958333333333 0.6736111111111112 0.5848958333333333 0.6754629629629629 0.58515625 0.6759259259259259 0.58515625 0.6833333333333333 0.5848958333333333 0.6837962962962963 0.5848958333333333 0.6861111111111111 0.5846354166666666 0.6865740740740741 0.5846354166666666 0.6912037037037037 0.58515625 0.6930555555555555 0.5856770833333333 0.6939814814814815 0.5856770833333333 0.6944444444444444 0.5872395833333334 0.6972222222222222 0.58828125 0.6981481481481482 0.5890625 0.6981481481481482 0.5893229166666667 0.6986111111111111 0.58984375 0.6986111111111111 0.5911458333333334 0.700925925925926 0.5916666666666667 0.7027777777777777 0.5916666666666667 0.7037037037037037 0.5919270833333333 0.7041666666666667 0.5919270833333333 0.7064814814814815 0.5921875 0.7069444444444445 0.5921875 0.7106481481481481 0.5924479166666666 0.7111111111111111 0.5924479166666666 0.7138888888888889 0.5927083333333333 0.7143518518518519 0.5927083333333333 0.7171296296296297 0.59296875 0.7175925925925926 0.5932291666666667 0.7236111111111111 0.5934895833333333 0.7240740740740741 0.5934895833333333 0.725462962962963 0.59375 0.725925925925926 0.59375 0.7268518518518519 0.5942708333333333 0.7287037037037037 0.5942708333333333 0.7300925925925926 0.5947916666666667 0.7319444444444444 0.5947916666666667 0.7333333333333333 0.5953125 0.7351851851851852 0.5966145833333333 0.737037037037037 0.5981770833333333 0.737037037037037 0.5984375 0.7375 0.5997395833333333 0.7375 0.6 0.737037037037037 0.6010416666666667 0.737037037037037 0.6013020833333333 0.736574074074074 0.603125 0.7361111111111112 0.6041666666666666 0.7351851851851852 0.6049479166666667 0.7333333333333333 0.6049479166666667 0.7319444444444444 0.6052083333333333 0.7314814814814815 0.6049479166666667 0.7310185185185185 0.6049479166666667 0.725 0.6046875 0.7245370370370371 0.6046875 0.7217592592592592 0.6044270833333333 0.7212962962962963 0.6044270833333333 0.7180555555555556 0.6041666666666666 0.7175925925925926 0.6041666666666666 0.7152777777777778 0.60390625 0.7148148148148148 0.60390625 0.712037037037037 0.6036458333333333 0.711574074074074 0.6036458333333333 0.7097222222222223 0.6033854166666667 0.7092592592592593 0.6033854166666667 0.7069444444444445 0.603125 0.7064814814814815 0.603125 0.7027777777777777 0.6028645833333334 0.7023148148148148 0.6028645833333334 0.6995370370370371 0.6026041666666667 0.6986111111111111 0.6028645833333334 0.6976851851851852 0.6036458333333333 0.6962962962962963 0.60390625 0.6962962962962963 0.6057291666666667 0.6930555555555555 0.6057291666666667 0.6925925925925925 0.60625 0.6916666666666667 0.6065104166666667 0.6907407407407408 0.6065104166666667 0.6893518518518519 0.6067708333333334 0.6888888888888889 0.60703125 0.6837962962962963 0.6046875 0.6754629629629629 0.6046875 0.674074074074074 0.6044270833333333 0.6736111111111112 0.6044270833333333 0.6708333333333333 0.6041666666666666 0.6703703703703704 0.6041666666666666 0.6675925925925926 0.60390625 0.6671296296296296 0.60390625 0.6652777777777777 0.6028645833333334 0.6615740740740741 0.59921875 0.6583333333333333 0.59765625 0.6583333333333333 0.5973958333333333 0.6578703703703703 0.59609375 0.6578703703703703 0.5958333333333333 0.6574074074074074 0.5950520833333334 0.6574074074074074 0.5947916666666667 0.6578703703703703 0.5932291666666667 0.6578703703703703 0.59296875 0.6583333333333333
1 0.6638020833333333 0.7962962962962963 0.6627604166666666 0.7925925925925926 0.6614583333333334 0.7898148148148149 0.6614583333333334 0.7893518518518519 0.6598958333333333 0.7865740740740741 0.6596354166666667 0.7865740740740741 0.6583333333333333 0.7842592592592592 0.6578125 0.7837962962962963 0.6565104166666667 0.7837962962962963 0.65625 0.7833333333333333 0.6549479166666666 0.7833333333333333 0.6544270833333333 0.7828703703703703 0.6541666666666667 0.7833333333333333 0.653125 0.7833333333333333 0.6520833333333333 0.7842592592592592 0.6513020833333333 0.7842592592592592 0.6510416666666666 0.7847222222222222 0.6497395833333334 0.7851851851851852 0.6489583333333333 0.7861111111111111 0.6481770833333333 0.7861111111111111 0.6479166666666667 0.7865740740740741 0.6463541666666667 0.7870370370370371 0.6453125 0.788425925925926 0.6450520833333333 0.788425925925926 0.64375 0.7907407407407407 0.6424479166666667 0.7949074074074074 0.6424479166666667 0.7958333333333333 0.6421875 0.7962962962962963 0.6419270833333334 0.7981481481481482 0.6408854166666667 0.8 0.63984375 0.8009259259259259 0.6377604166666667 0.8018518518518518 0.6361979166666667 0.8032407407407407 0.6356770833333333 0.8041666666666667 0.6346354166666667 0.8046296296296296 0.6338541666666667 0.8055555555555556 0.6330729166666667 0.8055555555555556 0.6328125 0.8060185185185185 0.63203125 0.8060185185185185 0.6317708333333333 0.8064814814814815 0.6309895833333333 0.8064814814814815 0.6307291666666667 0.8069444444444445 0.6299479166666667 0.8069444444444445 0.6296875 0.8074074074074075 0.6286458333333333 0.8074074074074075 0.6283854166666667 0.8078703703703703 0.62734375 0.8078703703703703 0.6270833333333333 0.8083333333333333 0.62578125 0.8087962962962963 0.625 0.8097222222222222 0.6244791666666667 0.8097222222222222 0.6236979166666666 0.8106481481481481 0.6231770833333333 0.8106481481481481 0.6221354166666667 0.8115740740740741 0.6213541666666667 0.812962962962963 0.61953125 0.8148148148148148 0.6192708333333333 0.8157407407407408 0.6192708333333333 0.8171296296296297 0.6190104166666667 0.8175925925925925 0.6190104166666667 0.8236111111111111 0.6192708333333333 0.8240740740740741 0.6197916666666666 0.8277777777777777 0.6208333333333333 0.8300925925925926 0.6208333333333333 0.8305555555555556 0.621875 0.8314814814814815 0.6223958333333334 0.8314814814814815 0.62265625 0.8319444444444445 0.6252604166666667 0.8314814814814815 0.6255208333333333 0.8310185185185185 0.6276041666666666 0.8305555555555556 0.6278645833333333 0.8300925925925926 0.6283854166666667 0.8300925925925926 0.6286458333333333 0.8296296296296296 0.6291666666666667 0.8296296296296296 0.6302083333333334 0.8287037037037037 0.6309895833333333 0.8287037037037037 0.6325520833333333 0.8273148148148148 0.6333333333333333 0.8273148148148148 0.63359375 0.8268518518518518 0.634375 0.8268518518518518 0.6346354166666667 0.8263888888888888 0.6359375 0.825925925925926 0.63671875 0.825 0.6372395833333333 0.825 0.6380208333333334 0.8240740740740741 0.6385416666666667 0.8240740740740741 0.6408854166666667 0.8217592592592593 0.64140625 0.8217592592592593 0.6419270833333334 0.8208333333333333 0.6434895833333333 0.8203703703703704 0.64375 0.8199074074074074 0.6450520833333333 0.8199074074074074 0.6453125 0.8194444444444444 0.64609375 0.8194444444444444 0.6466145833333333 0.8203703703703704 0.646875 0.8203703703703704 0.6479166666666667 0.8226851851851852 0.6479166666666667 0.8231481481481482 0.6497395833333334 0.8263888888888888 0.6502604166666667 0.8263888888888888 0.6505208333333333 0.8268518518518518 0.653125 0.8268518518518518 0.6533854166666667 0.8263888888888888 0.65390625 0.8263888888888888 0.6544270833333333 0.825925925925926 0.65703125 0.8208333333333333 0.6580729166666667 0.8199074074074074 0.6604166666666667 0.8199074074074074 0.6606770833333333 0.8194444444444444 0.6622395833333333 0.8194444444444444 0.6640625 0.8175925925925925 0.6653645833333334 0.8148148148148148 0.6653645833333334 0.8101851851851852 0.665625 0.8097222222222222 0.665625 0.8087962962962963 0.6653645833333334 0.8083333333333333 0.6653645833333334 0.8060185185185185 0.6651041666666667 0.8055555555555556 0.66484375 0.8013888888888889 0.6640625 0.7986111111111112
1 0.6440104166666667 0.8833333333333333 0.6440104166666667 0.8935185185185185 0.6442708333333333 0.8939814814814815 0.6442708333333333 0.8976851851851851 0.64453125 0.8981481481481481 0.64453125 0.9004629629629629 0.6447916666666667 0.9009259259259259 0.6447916666666667 0.9023148148148148 0.6450520833333333 0.9027777777777778 0.6453125 0.9060185185185186 0.6455729166666667 0.9064814814814814 0.6455729166666667 0.9074074074074074 0.6458333333333334 0.9078703703703703 0.64609375 0.9097222222222222 0.6473958333333333 0.9120370370370371 0.64921875 0.9138888888888889 0.6513020833333333 0.9138888888888889 0.65234375 0.912962962962963 0.6536458333333334 0.9111111111111111 0.6557291666666667 0.9111111111111111 0.6559895833333333 0.9115740740740741 0.6565104166666667 0.9115740740740741 0.6575520833333334 0.9125 0.6583333333333333 0.9125 0.659375 0.913425925925926 0.66015625 0.913425925925926 0.6604166666666667 0.9138888888888889 0.6627604166666666 0.9138888888888889 0.6640625 0.9120370370370371 0.6643229166666667 0.9111111111111111 0.6643229166666667 0.9097222222222222 0.66484375 0.9078703703703703 0.66484375 0.9064814814814814 0.6653645833333334 0.9046296296296297 0.66640625 0.9032407407407408 0.6669270833333333 0.9037037037037037 0.6700520833333333 0.9037037037037037 0.67109375 0.9027777777777778 0.671875 0.9027777777777778 0.6721354166666667 0.9023148148148148 0.6729166666666667 0.9023148148148148 0.6731770833333334 0.9018518518518519 0.6739583333333333 0.9018518518518519 0.67421875 0.9013888888888889 0.6752604166666667 0.9013888888888889 0.6755208333333333 0.9009259259259259 0.678125 0.9009259259259259 0.6783854166666666 0.9004629629629629 0.68671875 0.9004629629629629 0.6869791666666667 0.9 0.6885416666666667 0.9 0.68984375 0.8981481481481481 0.6901041666666666 0.8953703703703704 0.6903645833333333 0.8949074074074074 0.6903645833333333 0.8935185185185185 0.690625 0.8930555555555556 0.690625 0.8861111111111111 0.6903645833333333 0.8856481481481482 0.6901041666666666 0.8837962962962963 0.6890625 0.8819444444444444 0.6888020833333334 0.8819444444444444 0.6859375 0.8782407407407408 0.68515625 0.8782407407407408 0.6848958333333334 0.8777777777777778 0.6846354166666667 0.8782407407407408 0.6830729166666667 0.8782407407407408 0.6828125 0.8787037037037037 0.6817708333333333 0.8787037037037037 0.6815104166666667 0.8791666666666667 0.6807291666666667 0.8791666666666667 0.6796875 0.8800925925925925 0.6776041666666667 0.8805555555555555 0.67734375 0.8810185185185185 0.67578125 0.8810185185185185 0.6755208333333333 0.8814814814814815 0.6739583333333333 0.8814814814814815 0.6736979166666667 0.8819444444444444 0.671875 0.8819444444444444 0.6716145833333333 0.8824074074074074 0.66953125 0.8824074074074074 0.6692708333333334 0.8828703703703704 0.6677083333333333 0.8828703703703704 0.6674479166666667 0.8833333333333333 0.6651041666666667 0.8833333333333333 0.6635416666666667 0.8819444444444444 0.6606770833333333 0.8763888888888889 0.6604166666666667 0.8763888888888889 0.65859375 0.8740740740740741 0.6578125 0.8740740740740741 0.6575520833333334 0.8736111111111111 0.6572916666666667 0.8740740740740741 0.6557291666666667 0.8740740740740741 0.65546875 0.874537037037037 0.6544270833333333 0.874537037037037 0.6541666666666667 0.875 0.65078125 0.875 0.6505208333333333 0.875462962962963 0.6489583333333333 0.875462962962963 0.6486979166666667 0.8759259259259259 0.6466145833333333 0.8763888888888889 0.6455729166666667 0.8773148148148148 0.6447916666666667 0.8787037037037037 0.64453125 0.8796296296296297 0.64453125 0.8810185185185185 0.6442708333333333 0.8814814814814815 0.6442708333333333 0.8828703703703704
1 0.6966145833333334 0.9384259259259259 0.6966145833333334 0.9388888888888889 0.6953125 0.9412037037037037 0.6950520833333333 0.9421296296296297 0.6950520833333333 0.9435185185185185 0.6947916666666667 0.9439814814814815 0.6947916666666667 0.9453703703703704 0.69453125 0.9458333333333333 0.69453125 0.9472222222222222 0.6947916666666667 0.9476851851851852 0.6947916666666667 0.9486111111111111 0.6953125 0.950462962962963 0.6958333333333333 0.9513888888888888 0.6963541666666667 0.9541666666666667 0.696875 0.9550925925925926 0.6973958333333333 0.9569444444444445 0.6981770833333333 0.9583333333333334 0.6986979166666667 0.9606481481481481 0.6994791666666667 0.962037037037037 0.6994791666666667 0.9625 0.7002604166666667 0.9638888888888889 0.7002604166666667 0.9643518518518519 0.7010416666666667 0.9657407407407408 0.7015625 0.9675925925925926 0.7028645833333333 0.9703703703703703 0.70390625 0.975925925925926 0.7072916666666667 0.9828703703703704 0.7080729166666667 0.9856481481481482 0.7083333333333334 0.9879629629629629 0.70859375 0.9884259259259259 0.7083333333333334 0.9888888888888889 0.7083333333333334 0.9902777777777778 0.7075520833333333 0.9916666666666667 0.7067708333333333 0.9944444444444445 0.70625 0.9953703703703703 0.70625 0.9972222222222222 0.7067708333333333 0.9986111111111111 0.7067708333333333 0.999537037037037 0.7296875 0.999537037037037 0.7296875 0.9990740740740741 0.73046875 0.9976851851851852 0.73046875 0.9953703703703703 0.7296875 0.9939814814814815 0.7296875 0.9935185185185185 0.7291666666666666 0.9925925925925926 0.7286458333333333 0.9907407407407407 0.7278645833333334 0.9893518518518518 0.7278645833333334 0.9888888888888889 0.7255208333333333 0.9842592592592593 0.7255208333333333 0.9837962962962963 0.7244791666666667 0.9814814814814815 0.7239583333333334 0.9791666666666666 0.7223958333333333 0.9777777777777777 0.7216145833333333 0.9777777777777777 0.7213541666666666 0.9773148148148149 0.7203125 0.9773148148148149 0.7200520833333334 0.9768518518518519 0.7190104166666667 0.9768518518518519 0.7182291666666667 0.975925925925926 0.7177083333333333 0.975925925925926 0.7166666666666667 0.9745370370370371 0.7151041666666667 0.9689814814814814 0.7138020833333333 0.9662037037037037 0.7138020833333333 0.9657407407407408 0.7125 0.9629629629629629 0.7125 0.9625 0.7104166666666667 0.9583333333333334 0.709375 0.9546296296296296 0.7088541666666667 0.9537037037037037 0.7083333333333334 0.9518518518518518 0.7075520833333333 0.950462962962963 0.7072916666666667 0.9490740740740741 0.7057291666666666 0.9458333333333333 0.70546875 0.9444444444444444 0.7046875 0.9430555555555555 0.7044270833333334 0.9416666666666667 0.7033854166666667 0.9398148148148148 0.703125 0.9398148148148148 0.7018229166666666 0.937962962962963 0.7013020833333333 0.9375 0.70078125 0.9375 0.7005208333333334 0.937037037037037 0.6989583333333333 0.937037037037037 0.6986979166666667 0.9375 0.6973958333333333 0.9375 0.696875 0.9384259259259259
1 0.8653645833333333 0.8106481481481481 0.8643229166666667 0.8115740740740741 0.8625 0.8143518518518519 0.8625 0.8148148148148148 0.86171875 0.8166666666666667 0.86171875 0.8180555555555555 0.8614583333333333 0.8185185185185185 0.8614583333333333 0.8203703703703704 0.8611979166666667 0.8208333333333333 0.8611979166666667 0.8231481481481482 0.8609375 0.8236111111111111 0.8609375 0.8245370370370371 0.8611979166666667 0.825 0.8611979166666667 0.8342592592592593 0.8614583333333333 0.8347222222222223 0.8614583333333333 0.8416666666666667 0.86171875 0.8421296296296297 0.86171875 0.8444444444444444 0.8627604166666667 0.8481481481481481 0.8651041666666667 0.8523148148148149 0.8653645833333333 0.8523148148148149 0.8661458333333333 0.8537037037037037 0.86640625 0.8537037037037037 0.8684895833333334 0.8564814814814815 0.8690104166666667 0.8564814814814815 0.8697916666666666 0.8574074074074074 0.8703125 0.8574074074074074 0.8713541666666667 0.8592592592592593 0.8716145833333333 0.8601851851851852 0.8716145833333333 0.8611111111111112 0.871875 0.861574074074074 0.871875 0.8638888888888889 0.8721354166666667 0.8643518518518518 0.8723958333333334 0.8675925925925926 0.8729166666666667 0.8689814814814815 0.8729166666666667 0.8699074074074075 0.8731770833333333 0.8703703703703703 0.8734375 0.8726851851851852 0.8744791666666667 0.8759259259259259 0.8747395833333333 0.8782407407407408 0.8770833333333333 0.8861111111111111 0.8783854166666667 0.887962962962963 0.8794270833333333 0.8888888888888888 0.8799479166666667 0.8888888888888888 0.8802083333333334 0.8893518518518518 0.88203125 0.8893518518518518 0.8822916666666667 0.8888888888888888 0.88359375 0.8888888888888888 0.8838541666666667 0.888425925925926 0.884375 0.888425925925926 0.8859375 0.8870370370370371 0.8864583333333333 0.8861111111111111 0.88671875 0.8861111111111111 0.88671875 0.8856481481481482 0.8872395833333333 0.8847222222222222 0.8872395833333333 0.8768518518518519 0.8869791666666667 0.8763888888888889 0.8869791666666667 0.875 0.88671875 0.874537037037037 0.8864583333333333 0.8712962962962963 0.8861979166666667 0.8708333333333333 0.8861979166666667 0.8699074074074075 0.8859375 0.8694444444444445 0.8859375 0.8680555555555556 0.8856770833333333 0.8675925925925926 0.8856770833333333 0.8666666666666667 0.8854166666666666 0.8662037037037037 0.8854166666666666 0.8648148148148148 0.88515625 0.8643518518518518 0.88515625 0.862037037037037 0.8848958333333333 0.861574074074074 0.8848958333333333 0.8606481481481482 0.884375 0.8587962962962963 0.884375 0.8569444444444444 0.8841145833333334 0.8564814814814815 0.884375 0.8560185185185185 0.8846354166666667 0.8518518518518519 0.8856770833333333 0.8486111111111111 0.8856770833333333 0.8476851851851852 0.8861979166666667 0.8462962962962963 0.8861979166666667 0.8453703703703703 0.88671875 0.8435185185185186 0.88671875 0.8356481481481481 0.8864583333333333 0.8351851851851851 0.8864583333333333 0.8342592592592593 0.88515625 0.8296296296296296 0.88359375 0.825925925925926 0.8830729166666667 0.8240740740740741 0.8830729166666667 0.8231481481481482 0.8817708333333333 0.8189814814814815 0.8817708333333333 0.8180555555555555 0.8809895833333333 0.8152777777777778 0.8791666666666667 0.8125 0.8776041666666666 0.8111111111111111 0.8770833333333333 0.8111111111111111 0.8768229166666667 0.8106481481481481 0.8734375 0.8106481481481481 0.8731770833333333 0.8101851851851852 0.8697916666666666 0.8101851851851852 0.86953125 0.8097222222222222 0.86875 0.8097222222222222 0.8684895833333334 0.8101851851851852 0.8669270833333333 0.8101851851851852 0.8666666666666667 0.8106481481481481
2 0.13098958333333333 0.2037037037037037 0.12890625 0.21203703703703702 0.12890625 0.21805555555555556 0.13515625 0.22962962962962963 0.13828125 0.23148148148148148 0.14140625 0.22685185185185186 0.14270833333333333 0.22592592592592592 0.14609375 0.22777777777777777 0.14895833333333333 0.2324074074074074 0.15885416666666666 0.2439814814814815 0.16588541666666667 0.25416666666666665 0.17630208333333333 0.2657407407407407 0.18697916666666667 0.2810185185185185 0.20052083333333334 0.2953703703703704 0.20703125 0.3055555555555556 0.20963541666666666 0.3074074074074074 0.21145833333333333 0.3106481481481482 0.22083333333333333 0.3212962962962963 0.23515625 0.34120370370370373 0.23671875 0.3425925925925926 0.23958333333333334 0.3435185185185185 0.24192708333333332 0.3416666666666667 0.24505208333333334 0.33564814814814814 0.24583333333333332 0.3314814814814815 0.24583333333333332 0.32731481481481484 0.24401041666666667 0.3212962962962963 0.21822916666666667 0.2902777777777778 0.20130208333333333 0.2671296296296296 0.19583333333333333 0.26157407407407407 0.19401041666666666 0.2587962962962963 0.18880208333333334 0.25462962962962965 0.184375 0.24953703703703703 0.18046875 0.24351851851851852 0.17291666666666666 0.2351851851851852 0.1703125 0.23055555555555557 0.16536458333333334 0.225 0.15729166666666666 0.21342592592592594 0.14921875 0.19768518518518519 0.14947916666666666 0.19166666666666668 0.14869791666666668 0.1865740740740741 0.14791666666666667 0.18472222222222223 0.146875 0.1837962962962963 0.1421875 0.18472222222222223 0.13515625 0.19398148148148148
2 0.4934895833333333 0.3365740740740741 0.4921875 0.34305555555555556 0.48776041666666664 0.3509259259259259 0.48411458333333335 0.3611111111111111 0.48203125 0.36527777777777776 0.48125 0.37222222222222223 0.48541666666666666 0.3800925925925926 0.4869791666666667 0.37962962962962965 0.4895833333333333 0.37407407407407406 0.4908854166666667 0.3731481481481482 0.49505208333333334 0.3731481481481482 0.5057291666666667 0.3888888888888889 0.5119791666666667 0.3958333333333333 0.52578125 0.41435185185185186 0.5341145833333333 0.42407407407407405 0.5403645833333334 0.43287037037037035 0.5505208333333333 0.4449074074074074 0.5716145833333334 0.4726851851851852 0.57734375 0.4787037037037037 0.5833333333333334 0.48703703703703705 0.5875 0.48935185185185187 0.5895833333333333 0.487962962962963 0.5911458333333334 0.48518518518518516 0.59375 0.4773148148148148 0.5934895833333333 0.47175925925925927 0.5916666666666667 0.4671296296296296 0.5815104166666667 0.4537037037037037 0.5661458333333333 0.4361111111111111 0.5638020833333334 0.4324074074074074 0.5513020833333333 0.41759259259259257 0.5486979166666667 0.4134259259259259 0.5450520833333333 0.4097222222222222 0.52578125 0.38333333333333336 0.5190104166666667 0.37546296296296294 0.5067708333333333 0.3578703703703704 0.5015625 0.3527777777777778 0.49973958333333335 0.35185185185185186 0.49921875 0.3490740740740741 0.5026041666666666 0.3384259259259259 0.5026041666666666 0.33564814814814814 0.5018229166666667 0.33425925925925926 0.4979166666666667 0.33194444444444443 0.4947916666666667 0.33425925925925926
2 0.7122395833333334 0.29444444444444445 0.709375 0.29583333333333334 0.7083333333333334 0.29814814814814816 0.70703125 0.29907407407407405 0.6994791666666667 0.30092592592592593 0.6971354166666667 0.3023148148148148 0.6958333333333333 0.30787037037037035 0.69375 0.30833333333333335 0.6927083333333334 0.30972222222222223 0.6921875 0.31712962962962965 0.69375 0.32222222222222224 0.6966145833333334 0.32314814814814813 0.7005208333333334 0.3226851851851852 0.7018229166666666 0.32546296296296295 0.70234375 0.337037037037037 0.7036458333333333 0.3435185185185185 0.7091145833333333 0.3907407407407407 0.7145833333333333 0.4305555555555556 0.7161458333333334 0.44722222222222224 0.7190104166666667 0.46574074074074073 0.7197916666666667 0.475462962962963 0.721875 0.4875 0.7247395833333333 0.5111111111111111 0.7263020833333333 0.5185185185185185 0.72890625 0.524537037037037 0.73125 0.5259259259259259 0.7338541666666667 0.5259259259259259 0.73671875 0.524074074074074 0.740625 0.5189814814814815 0.7411458333333333 0.5166666666666667 0.7411458333333333 0.5092592592592593 0.7346354166666667 0.4550925925925926 0.72734375 0.4023148148148148 0.72578125 0.38564814814814813 0.7234375 0.3699074074074074 0.71796875 0.3236111111111111 0.7182291666666667 0.3162037037037037 0.71875 0.3143518518518518 0.7229166666666667 0.30787037037037035 0.7236979166666667 0.30185185185185187 0.72109375 0.2953703703703704 0.7177083333333333 0.29398148148148145
2 0.8006822916666666 0.38537037037037036 0.7876614583333333 0.3888425925925926 0.78678125 0.3918287037037037 0.7839479166666667 0.39609259259259255 0.7815494791666667 0.40074074074074073 0.7795859375 0.40771759259259255 0.7778437500000001 0.41353240740740743 0.7765338541666666 0.4197314814814815 0.7763177083333334 0.42670833333333336 0.7791510416666667 0.4317453703703704 0.7832942708333334 0.43445833333333334 0.7893984374999999 0.43291203703703707 0.7909244791666666 0.4309722222222222 0.8782552083333334 0.5631990740740741 0.8896458333333332 0.555486111111111 0.8891041666666666 0.5448796296296297 0.8055625000000001 0.41179166666666667 0.8071901041666667 0.3925046296296296 0.7985104166666667 0.38382407407407404
2 0.9058125 0.5274120370370371 0.8978177083333333 0.5261203703703704 0.8920052083333334 0.530962962962963 0.8878255208333333 0.5367777777777778 0.8840104166666667 0.5500185185185185 0.8825572916666666 0.5606759259259259 0.8823776041666667 0.56875 0.8849192708333333 0.5748888888888889 0.8905520833333332 0.5807037037037037 0.9012708333333334 0.5774722222222222 0.9923593749999999 0.6856018518518519 0.9984635416666666 0.6821157407407407 0.9989010416666667 0.6755277777777778 0.9995546875 0.6600231481481482 0.9134427083333333 0.5518935185185185 0.9119166666666667 0.5313518518518519
3 0.17447916666666666 0.1550925925925926 0.17265625 0.15694444444444444 0.17161458333333332 0.15925925925925927 0.16901041666666666 0.16157407407407406 0.16432291666666668 0.1685185185185185 0.16145833333333334 0.1712962962962963 0.159375 0.17453703703703705 0.15807291666666667 0.17546296296296296 0.15677083333333333 0.17777777777777778 0.15625 0.18009259259259258 0.1546875 0.1824074074074074 0.15364583333333334 0.18472222222222223 0.15364583333333334 0.18564814814814815 0.15182291666666667 0.19166666666666668 0.15130208333333334 0.19490740740740742 0.15130208333333334 0.19722222222222222 0.15364583333333334 0.20324074074074075 0.15520833333333334 0.20555555555555555 0.15807291666666667 0.2064814814814815 0.16119791666666666 0.20416666666666666 0.1625 0.20416666666666666 0.165625 0.2074074074074074 0.1671875 0.2111111111111111 0.17161458333333332 0.21805555555555556 0.17239583333333333 0.22037037037037038 0.17447916666666666 0.22361111111111112 0.17578125 0.2273148148148148 0.17916666666666667 0.23333333333333334 0.18229166666666666 0.24027777777777778 0.18489583333333334 0.24444444444444444 0.18697916666666667 0.24861111111111112 0.18984375 0.2523148148148148 0.19166666666666668 0.2537037037037037 0.19270833333333334 0.2550925925925926 0.19661458333333334 0.25462962962962965 0.20130208333333333 0.2490740740740741 0.20416666666666666 0.24351851851851852 0.2078125 0.23333333333333334 0.2078125 0.23194444444444445 0.20807291666666666 0.23148148148148148 0.2078125 0.2310185185185185 0.2078125 0.22916666666666666 0.20729166666666668 0.22592592592592592 0.20416666666666666 0.21944444444444444 0.20208333333333334 0.21712962962962962 0.19869791666666667 0.21064814814814814 0.196875 0.20833333333333334 0.19557291666666668 0.20555555555555555 0.1921875 0.2 0.19010416666666666 0.19490740740740742 0.18880208333333334 0.19305555555555556 0.18411458333333333 0.18425925925925926 0.1828125 0.18009259259259258 0.18125 0.17731481481481481 0.18098958333333334 0.17592592592592593 0.18229166666666666 0.1736111111111111 0.18411458333333333 0.16805555555555557 0.18411458333333333 0.16666666666666666 0.18463541666666666 0.1648148148148148 0.184375 0.1625 0.18098958333333334 0.1574074074074074 0.17838541666666666 0.15462962962962962
3 0.23932291666666666 0.7236111111111111 0.23489583333333333 0.7287037037037037 0.23098958333333333 0.7351851851851852 0.2296875 0.7388888888888889 0.2296875 0.7412037037037037 0.22994791666666667 0.7416666666666667 0.23020833333333332 0.7439814814814815 0.23098958333333333 0.7467592592592592 0.23255208333333333 0.750462962962963 0.2359375 0.7564814814814815 0.23619791666666667 0.7564814814814815 0.23723958333333334 0.7583333333333333 0.23723958333333334 0.7587962962962963 0.23984375 0.763425925925926 0.24036458333333333 0.7638888888888888 0.240625 0.7648148148148148 0.24114583333333334 0.7652777777777777 0.24114583333333334 0.7657407407407407 0.246875 0.7759259259259259 0.2484375 0.7796296296296297 0.24921875 0.7800925925925926 0.25078125 0.7824074074074074 0.2513020833333333 0.7847222222222222 0.2513020833333333 0.788425925925926 0.25052083333333336 0.7907407407407407 0.24869791666666666 0.7939814814814815 0.24869791666666666 0.7949074074074074 0.2484375 0.7953703703703704 0.24869791666666666 0.7981481481481482 0.24947916666666667 0.8009259259259259 0.2518229166666667 0.8037037037037037 0.25546875 0.8106481481481481 0.2559895833333333 0.8106481481481481 0.25625 0.8111111111111111 0.259375 0.8083333333333333 0.26119791666666664 0.8055555555555556 0.26328125 0.8046296296296296 0.26458333333333334 0.8032407407407407 0.2674479166666667 0.7981481481481482 0.2677083333333333 0.7981481481481482 0.27447916666666666 0.7856481481481481 0.2747395833333333 0.7856481481481481 0.2747395833333333 0.7851851851851852 0.2765625 0.7814814814814814 0.27734375 0.7777777777777778 0.27890625 0.774074074074074 0.2791666666666667 0.7680555555555556 0.27890625 0.7671296296296296 0.2752604166666667 0.7611111111111111 0.271875 0.7574074074074074 0.27057291666666666 0.7578703703703704 0.2674479166666667 0.7620370370370371 0.2640625 0.7620370370370371 0.2604166666666667 0.7560185185185185 0.26015625 0.7560185185185185 0.25625 0.7490740740740741 0.25625 0.7486111111111111 0.25286458333333334 0.7421296296296296 0.25286458333333334 0.7416666666666667 0.2513020833333333 0.7388888888888889 0.24973958333333332 0.7351851851851852 0.24505208333333334 0.7263888888888889 0.24401041666666667 0.725 0.2421875 0.7236111111111111 0.24140625 0.7236111111111111 0.24114583333333334 0.7231481481481481
3 0.4036458333333333 0.5972222222222222 0.40260416666666665 0.600925925925926 0.40260416666666665 0.6032407407407407 0.40234375 0.6037037037037037 0.40234375 0.6055555555555555 0.40208333333333335 0.6060185185185185 0.40182291666666664 0.6101851851851852 0.40130208333333334 0.6129629629629629 0.40130208333333334 0.6185185185185185 0.4015625 0.6189814814814815 0.4015625 0.6208333333333333 0.403125 0.6231481481481481 0.4044270833333333 0.6240740740740741 0.40572916666666664 0.6240740740740741 0.40729166666666666 0.625 0.41119791666666666 0.6259259259259259 0.41354166666666664 0.6291666666666667 0.42083333333333334 0.6314814814814815 0.42239583333333336 0.6324074074074074 0.42421875 0.6342592592592593 0.425 0.6342592592592593 0.42682291666666666 0.6356481481481482 0.4278645833333333 0.6356481481481482 0.428125 0.6361111111111111 0.43125 0.6361111111111111 0.4328125 0.6375 0.43359375 0.6393518518518518 0.4348958333333333 0.6472222222222223 0.4359375 0.6504629629629629 0.4388020833333333 0.6546296296296297 0.4421875 0.6569444444444444 0.44765625 0.6578703703703703 0.45078125 0.6550925925925926 0.4518229166666667 0.6537037037037037 0.45260416666666664 0.6518518518518519 0.45338541666666665 0.6486111111111111 0.45416666666666666 0.6416666666666667 0.45598958333333334 0.637962962962963 0.45729166666666665 0.6333333333333333 0.4583333333333333 0.6273148148148148 0.459375 0.6240740740740741 0.459375 0.6226851851851852 0.45989583333333334 0.6203703703703703 0.45989583333333334 0.6175925925925926 0.46015625 0.6171296296296296 0.46015625 0.6078703703703704 0.45989583333333334 0.6074074074074074 0.45989583333333334 0.6046296296296296 0.4596354166666667 0.6041666666666666 0.459375 0.600925925925926 0.4578125 0.5976851851851852 0.45651041666666664 0.5962962962962963 0.4552083333333333 0.5939814814814814 0.4518229166666667 0.5916666666666667 0.44869791666666664 0.5912037037037037 0.4484375 0.5907407407407408 0.44609375 0.5907407407407408 0.44583333333333336 0.5912037037037037 0.44375 0.5916666666666667 0.4421875 0.5930555555555556 0.4390625 0.5981481481481481 0.4348958333333333 0.600462962962963 0.43385416666666665 0.5995370370370371 0.42890625 0.5981481481481481 0.4265625 0.5967592592592592 0.42421875 0.5944444444444444 0.42109375 0.5925925925925926 0.41848958333333336 0.5921296296296297 0.41822916666666665 0.5916666666666667 0.4171875 0.5916666666666667 0.415625 0.5907407407407408 0.41380208333333335 0.5907407407407408 0.41354166666666664 0.5902777777777778 0.40963541666666664 0.5902777777777778 0.409375 0.5907407407407408 0.4080729166666667 0.5907407407407408 0.40703125 0.5916666666666667
3 0.4778645833333333 0.4708333333333333 0.4765625 0.4708333333333333 0.47630208333333335 0.4703703703703704 0.4739583333333333 0.4708333333333333 0.47213541666666664 0.4736111111111111 0.46927083333333336 0.47638888888888886 0.46848958333333335 0.4777777777777778 0.46380208333333334 0.48333333333333334 0.4622395833333333 0.4847222222222222 0.46171875 0.4847222222222222 0.4546875 0.4912037037037037 0.45260416666666664 0.49212962962962964 0.4510416666666667 0.4935185185185185 0.44765625 0.49444444444444446 0.44375 0.4976851851851852 0.4427083333333333 0.4976851851851852 0.440625 0.4949074074074074 0.4390625 0.4888888888888889 0.43854166666666666 0.487962962962963 0.43645833333333334 0.4875 0.4361979166666667 0.48703703703703705 0.43385416666666665 0.487962962962963 0.43125 0.49027777777777776 0.42916666666666664 0.49398148148148147 0.4283854166666667 0.49675925925925923 0.42890625 0.5027777777777778 0.42994791666666665 0.5064814814814815 0.43072916666666666 0.5115740740740741 0.4317708333333333 0.5148148148148148 0.43203125 0.5171296296296296 0.4328125 0.5189814814814815 0.43333333333333335 0.5231481481481481 0.4354166666666667 0.5305555555555556 0.43802083333333336 0.5375 0.43984375 0.5449074074074074 0.44192708333333336 0.55 0.4434895833333333 0.5527777777777778 0.446875 0.5541666666666667 0.4471354166666667 0.5537037037037037 0.44921875 0.5532407407407407 0.45234375 0.5509259259259259 0.45338541666666665 0.5486111111111112 0.45390625 0.5458333333333333 0.45390625 0.5425925925925926 0.45338541666666665 0.5393518518518519 0.45364583333333336 0.5351851851851852 0.45416666666666666 0.5333333333333333 0.45651041666666664 0.5291666666666667 0.45859375 0.5273148148148148 0.4591145833333333 0.5273148148148148 0.4666666666666667 0.5203703703703704 0.46796875 0.5199074074074074 0.4705729166666667 0.5171296296296296 0.4783854166666667 0.5106481481481482 0.47942708333333334 0.5092592592592593 0.4822916666666667 0.5078703703703704 0.48541666666666666 0.5037037037037037 0.4856770833333333 0.5027777777777778 0.4856770833333333 0.4981481481481482 0.4859375 0.49675925925925923 0.48515625 0.4925925925925926 0.48359375 0.48842592592592593 0.48359375 0.4875 0.4817708333333333 0.48055555555555557 0.48072916666666665 0.47824074074074074 0.4791666666666667 0.47314814814814815
4 0.9291666666666667 0.7675925925925926 0.928125 0.774074074074074 0.9278645833333333 0.7824074074074074 0.928125 0.7828703703703703 0.9283854166666666 0.788425925925926 0.9291666666666667 0.7930555555555555 0.9302083333333333 0.7962962962962963 0.9315104166666667 0.7981481481481482 0.9348958333333334 0.8 0.940625 0.8 0.9408854166666667 0.8004629629629629 0.9471354166666667 0.8013888888888889 0.9473958333333333 0.8018518518518518 0.95078125 0.8018518518518518 0.9536458333333333 0.8050925925925926 0.9552083333333333 0.8078703703703703 0.9588541666666667 0.8111111111111111 0.959375 0.812037037037037 0.9598958333333333 0.812037037037037 0.9651041666666667 0.8180555555555555 0.9690104166666667 0.8212962962962963 0.9739583333333334 0.8273148148148148 0.9763020833333333 0.8291666666666667 0.9822916666666667 0.8361111111111111 0.9848958333333333 0.8384259259259259 0.9895833333333334 0.8407407407407408 0.99140625 0.8407407407407408 0.9916666666666667 0.8402777777777778 0.9932291666666667 0.8402777777777778 0.9947916666666666 0.8379629629629629 0.99609375 0.8310185185185185 0.99609375 0.8277777777777777 0.9958333333333333 0.8273148148148148 0.9955729166666667 0.8236111111111111 0.99453125 0.8203703703703704 0.9869791666666666 0.8083333333333333 0.9854166666666667 0.8064814814814815 0.9807291666666667 0.8023148148148148 0.9794270833333333 0.8004629629629629 0.975 0.7967592592592593 0.9697916666666667 0.7912037037037037 0.96484375 0.7847222222222222 0.9596354166666666 0.7805555555555556 0.9580729166666667 0.7777777777777778 0.9567708333333333 0.7731481481481481 0.9565104166666667 0.7694444444444445 0.95625 0.7689814814814815 0.95625 0.7662037037037037 0.95546875 0.7606481481481482 0.9546875 0.7578703703703704 0.95234375 0.7541666666666667 0.9494791666666667 0.7523148148148148 0.94765625 0.750462962962963 0.9434895833333333 0.7490740740740741 0.9432291666666667 0.749537037037037 0.9403645833333333 0.75 0.9388020833333334 0.7509259259259259 0.93828125 0.7518518518518519 0.9354166666666667 0.7541666666666667 0.93203125 0.7601851851851852
4 0.9739583333333334 0.9745370370370371 0.97265625 0.9675925925925926 0.97109375 0.9541666666666667 0.9700520833333334 0.9486111111111111 0.96875 0.9444444444444444 0.96796875 0.9398148148148148 0.965625 0.9347222222222222 0.9638020833333333 0.9324074074074075 0.9614583333333333 0.9310185185185185 0.9583333333333334 0.9310185185185185 0.9567708333333333 0.9324074074074075 0.9557291666666666 0.9342592592592592 0.95546875 0.9449074074074074 0.9552083333333333 0.9462962962962963 0.9533854166666667 0.9486111111111111 0.9526041666666667 0.9486111111111111 0.9515625 0.9495370370370371 0.9458333333333333 0.95 0.9421875 0.9513888888888888 0.9388020833333334 0.9518518518518518 0.9361979166666666 0.9532407407407407 0.9333333333333333 0.9537037037037037 0.928125 0.9564814814814815 0.9200520833333333 0.9597222222222223 0.9166666666666666 0.9597222222222223 0.91640625 0.9601851851851851 0.9127604166666666 0.9606481481481481 0.9078125 0.9625 0.9044270833333333 0.9648148148148148 0.90078125 0.9652777777777778 0.89921875 0.9662037037037037 0.8979166666666667 0.9680555555555556 0.8973958333333333 0.9717592592592592 0.89765625 0.9768518518518519 0.89921875 0.9837962962962963 0.90078125 0.9861111111111112 0.9046875 0.9884259259259259 0.9091145833333333 0.9884259259259259 0.9114583333333334 0.987037037037037 0.91640625 0.9861111111111112 0.91953125 0.9847222222222223 0.9216145833333333 0.9847222222222223 0.921875 0.9842592592592593 0.9236979166666667 0.9842592592592593 0.9255208333333333 0.9833333333333333 0.92734375 0.9833333333333333 0.9286458333333333 0.9824074074074074 0.9322916666666666 0.9814814814814815 0.9364583333333333 0.9791666666666666 0.9380208333333333 0.9791666666666666 0.93828125 0.9787037037037037 0.9395833333333333 0.9787037037037037 0.9458333333333333 0.9763888888888889 0.94765625 0.9763888888888889 0.9479166666666666 0.975925925925926 0.94921875 0.975925925925926 0.9494791666666667 0.975462962962963 0.9536458333333333 0.9745370370370371 0.9583333333333334 0.9726851851851852 0.959375 0.9731481481481481 0.9627604166666667 0.9787037037037037 0.96328125 0.9810185185185185 0.9643229166666667 0.9828703703703704 0.9666666666666667 0.9847222222222223 0.9682291666666667 0.9847222222222223 0.9684895833333333 0.9842592592592593 0.9703125 0.9842592592592593 0.9721354166666667 0.9828703703703704 0.9729166666666667 0.9814814814814815 0.9739583333333334 0.9763888888888889
4 0.3067708333333333 0.6472222222222223 0.3065104166666667 0.6476851851851851 0.30416666666666664 0.6476851851851851 0.30390625 0.6481481481481481 0.3020833333333333 0.6486111111111111 0.30130208333333336 0.649537037037037 0.29921875 0.6504629629629629 0.29765625 0.6523148148148148 0.2942708333333333 0.6550925925925926 0.29140625 0.6592592592592592 0.290625 0.6620370370370371 0.290625 0.6652777777777777 0.2908854166666667 0.6657407407407407 0.2908854166666667 0.6675925925925926 0.29140625 0.6703703703703704 0.2921875 0.6722222222222223 0.29322916666666665 0.6768518518518518 0.2942708333333333 0.6787037037037037 0.29713541666666665 0.6800925925925926 0.2989583333333333 0.6837962962962963 0.2989583333333333 0.6912037037037037 0.29973958333333334 0.6958333333333333 0.30026041666666664 0.7060185185185185 0.30052083333333335 0.7064814814814815 0.30104166666666665 0.7194444444444444 0.30130208333333336 0.7199074074074074 0.30130208333333336 0.7240740740740741 0.3015625 0.7245370370370371 0.3015625 0.7282407407407407 0.30182291666666666 0.7287037037037037 0.30182291666666666 0.7324074074074074 0.3020833333333333 0.7328703703703704 0.3020833333333333 0.7375 0.30234375 0.7379629629629629 0.3028645833333333 0.7481481481481481 0.303125 0.7486111111111111 0.303125 0.7523148148148148 0.30442708333333335 0.7597222222222222 0.30494791666666665 0.7611111111111111 0.30703125 0.7643518518518518 0.3109375 0.7643518518518518 0.3143229166666667 0.7625 0.315625 0.7611111111111111 0.31640625 0.7592592592592593 0.3171875 0.7546296296296297 0.3171875 0.7421296296296296 0.31692708333333336 0.7416666666666667 0.31692708333333336 0.737037037037037 0.31666666666666665 0.736574074074074 0.31640625 0.7263888888888889 0.31614583333333335 0.725925925925926 0.315625 0.7143518518518519 0.31536458333333334 0.7138888888888889 0.31536458333333334 0.7106481481481481 0.3151041666666667 0.7101851851851851 0.3151041666666667 0.7069444444444445 0.31484375 0.7064814814814815 0.31484375 0.7027777777777777 0.3145833333333333 0.7023148148148148 0.3145833333333333 0.7 0.3143229166666667 0.6995370370370371 0.3138020833333333 0.6856481481481481 0.31328125 0.6837962962962963 0.31302083333333336 0.6782407407407407 0.31276041666666665 0.6777777777777778 0.3143229166666667 0.675 0.31588541666666664 0.6731481481481482 0.3177083333333333 0.6717592592592593 0.3190104166666667 0.6699074074074074 0.31953125 0.6680555555555555 0.31953125 0.6643518518518519 0.31979166666666664 0.6638888888888889 0.31875 0.6583333333333333 0.3182291666666667 0.6574074074074074 0.31744791666666666 0.6541666666666667 0.31666666666666665 0.6523148148148148 0.3151041666666667 0.65 0.31354166666666666 0.6486111111111111 0.31197916666666664 0.6481481481481481 0.3109375 0.6472222222222223
4 0.13203125 0.5365740740740741 0.13151041666666666 0.5388888888888889 0.13151041666666666 0.5444444444444444 0.13333333333333333 0.5481481481481482 0.13697916666666668 0.5527777777777778 0.1421875 0.5578703703703703 0.1453125 0.5615740740740741 0.14739583333333334 0.5634259259259259 0.14791666666666667 0.5634259259259259 0.15052083333333333 0.5657407407407408 0.15104166666666666 0.5666666666666667 0.15598958333333332 0.5708333333333333 0.15885416666666666 0.5745370370370371 0.16354166666666667 0.5791666666666667 0.16848958333333333 0.5851851851851851 0.17135416666666667 0.587037037037037 0.17213541666666668 0.5884259259259259 0.17239583333333333 0.5898148148148148 0.17265625 0.5972222222222222 0.17317708333333334 0.600462962962963 0.17708333333333334 0.6060185185185185 0.18072916666666666 0.6097222222222223 0.18229166666666666 0.6101851851851852 0.18489583333333334 0.6087962962962963 0.18828125 0.6041666666666666 0.19244791666666666 0.5962962962962963 0.19557291666666668 0.5875 0.196875 0.5824074074074074 0.19765625 0.5777777777777777 0.19765625 0.575462962962963 0.19791666666666666 0.575 0.19791666666666666 0.5717592592592593 0.19739583333333333 0.5699074074074074 0.19375 0.5648148148148148 0.19010416666666666 0.5615740740740741 0.18932291666666667 0.5615740740740741 0.1890625 0.5611111111111111 0.18619791666666666 0.5615740740740741 0.18515625 0.5625 0.18229166666666666 0.5666666666666667 0.18072916666666666 0.5680555555555555 0.17942708333333332 0.5680555555555555 0.178125 0.5689814814814815 0.17708333333333334 0.5680555555555555 0.17552083333333332 0.5648148148148148 0.17473958333333334 0.5643518518518519 0.17395833333333333 0.562962962962963 0.17057291666666666 0.5597222222222222 0.16171875 0.549537037037037 0.15989583333333332 0.5481481481481482 0.15546875 0.5430555555555555 0.1546875 0.5416666666666666 0.15234375 0.5398148148148149 0.14973958333333334 0.5365740740740741 0.1421875 0.5296296296296297 0.14140625 0.5296296296296297 0.1390625 0.5282407407407408 0.13880208333333333 0.5287037037037037 0.13697916666666668 0.5291666666666667 0.13489583333333333 0.5310185185185186
4 0.10677083333333333 0.34953703703703703 0.10625 0.35138888888888886 0.10625 0.35648148148148145 0.10651041666666666 0.3578703703703704 0.109375 0.362962962962963 0.11067708333333333 0.36712962962962964 0.12239583333333333 0.38842592592592595 0.125 0.39166666666666666 0.12734375 0.3958333333333333 0.12916666666666668 0.4 0.13125 0.40324074074074073 0.13255208333333332 0.4064814814814815 0.13515625 0.4111111111111111 0.13645833333333332 0.4125 0.13984375 0.41898148148148145 0.13984375 0.42083333333333334 0.1390625 0.42314814814814816 0.13854166666666667 0.4287037037037037 0.13776041666666666 0.43194444444444446 0.13776041666666666 0.43472222222222223 0.14296875 0.4449074074074074 0.14583333333333334 0.4462962962962963 0.15364583333333334 0.44212962962962965 0.15807291666666667 0.4375 0.1640625 0.42685185185185187 0.16666666666666666 0.41944444444444445 0.16692708333333334 0.4134259259259259 0.16354166666666667 0.40694444444444444 0.16171875 0.4046296296296296 0.15859375 0.40185185185185185 0.15572916666666667 0.40185185185185185 0.15546875 0.4023148148148148 0.15390625 0.4023148148148148 0.15182291666666667 0.40324074074074073 0.14973958333333334 0.40324074074074073 0.14869791666666668 0.4023148148148148 0.14739583333333334 0.399537037037037 0.14635416666666667 0.3958333333333333 0.14375 0.39166666666666666 0.14270833333333333 0.3907407407407407 0.14166666666666666 0.3907407407407407 0.13828125 0.3888888888888889 0.13697916666666668 0.387037037037037 0.13645833333333332 0.3851851851851852 0.13515625 0.38287037037037036 0.13177083333333334 0.37962962962962965 0.12890625 0.375 0.12708333333333333 0.3731481481481482 0.12552083333333333 0.37037037037037035 0.12395833333333334 0.36527777777777776 0.12369791666666667 0.36203703703703705 0.12421875 0.35833333333333334 0.12161458333333333 0.3560185185185185 0.11979166666666667 0.3527777777777778 0.11953125 0.35138888888888886 0.11848958333333333 0.34953703703703703 0.11666666666666667 0.3476851851851852 0.11484375 0.34444444444444444 0.11380208333333333 0.3439814814814815 0.11067708333333333 0.3439814814814815 0.10807291666666667 0.3472222222222222
5 0.18880208333333334 0.12037037037037036 0.18854166666666666 0.12777777777777777 0.18723958333333332 0.13564814814814816 0.18723958333333332 0.1398148148148148 0.18697916666666667 0.14027777777777778 0.18697916666666667 0.15694444444444444 0.18723958333333332 0.1574074074074074 0.1875 0.16527777777777777 0.18776041666666668 0.16574074074074074 0.18802083333333333 0.17083333333333334 0.1890625 0.17592592592592593 0.18984375 0.17731481481481481 0.19322916666666667 0.17962962962962964 0.19583333333333333 0.17962962962962964 0.19609375 0.18009259259259258 0.20052083333333334 0.17962962962962964 0.2015625 0.17777777777777778 0.20182291666666666 0.17453703703703705 0.20208333333333334 0.17407407407407408 0.20208333333333334 0.17175925925925925 0.20260416666666667 0.16944444444444445 0.20390625 0.16712962962962963 0.20572916666666666 0.16574074074074074 0.21302083333333333 0.16574074074074074 0.21328125 0.16620370370370371 0.21666666666666667 0.16620370370370371 0.21692708333333333 0.16666666666666666 0.21901041666666668 0.16666666666666666 0.21927083333333333 0.16712962962962963 0.22630208333333332 0.1675925925925926 0.2265625 0.16805555555555557 0.2296875 0.16805555555555557 0.22994791666666667 0.1685185185185185 0.23255208333333333 0.1685185185185185 0.2328125 0.16898148148148148 0.240625 0.16944444444444445 0.24088541666666666 0.16898148148148148 0.24348958333333334 0.1685185185185185 0.24427083333333333 0.16712962962962963 0.24479166666666666 0.16527777777777777 0.24505208333333334 0.16157407407407406 0.2453125 0.16111111111111112 0.2453125 0.1587962962962963 0.24557291666666667 0.15833333333333333 0.24557291666666667 0.15601851851851853 0.24583333333333332 0.15555555555555556 0.24583333333333332 0.1527777777777778 0.24609375 0.15231481481481482 0.24609375 0.14722222222222223 0.24505208333333334 0.14074074074074075 0.24401041666666667 0.13842592592592592 0.24296875 0.1375 0.24140625 0.13703703703703704 0.24036458333333333 0.1361111111111111 0.2375 0.1361111111111111 0.23723958333333334 0.13564814814814816 0.22942708333333334 0.13518518518518519 0.22916666666666666 0.13472222222222222 0.22447916666666667 0.13472222222222222 0.22421875 0.13425925925925927 0.21979166666666666 0.13425925925925927 0.21953125 0.1337962962962963 0.21119791666666668 0.1337962962962963 0.2109375 0.13333333333333333 0.20885416666666667 0.13333333333333333 0.20859375 0.13287037037037036 0.20703125 0.13287037037037036 0.20677083333333332 0.13240740740740742 0.20494791666666667 0.13194444444444445 0.20364583333333333 0.1310185185185185 0.20234375 0.1287037037037037 0.20208333333333334 0.12731481481481483 0.20208333333333334 0.12268518518518519 0.20182291666666666 0.12222222222222222 0.20182291666666666 0.11527777777777778 0.20026041666666666 0.11342592592592593 0.1984375 0.11342592592592593 0.19817708333333334 0.11296296296296296 0.19296875 0.11296296296296296 0.19088541666666667 0.11527777777777778
5 0.7153645833333333 0.7861111111111111 0.71328125 0.7856481481481481 0.7122395833333334 0.7870370370370371 0.7109375 0.7912037037037037 0.70625 0.8018518518518518 0.7005208333333334 0.812037037037037 0.6984375 0.8171296296296297 0.6958333333333333 0.8217592592592593 0.69296875 0.8287037037037037 0.690625 0.8328703703703704 0.6901041666666666 0.8333333333333334 0.6888020833333334 0.8333333333333334 0.6859375 0.8305555555555556 0.68359375 0.8291666666666667 0.6828125 0.8291666666666667 0.6825520833333333 0.8287037037037037 0.6815104166666667 0.8287037037037037 0.6796875 0.8314814814814815 0.6770833333333334 0.837037037037037 0.6770833333333334 0.8421296296296297 0.6778645833333333 0.8453703703703703 0.6794270833333333 0.8486111111111111 0.6802083333333333 0.8513888888888889 0.6848958333333334 0.8597222222222223 0.6848958333333334 0.8601851851851852 0.6864583333333333 0.862037037037037 0.68828125 0.8657407407407407 0.6901041666666666 0.8675925925925926 0.6932291666666667 0.8726851851851852 0.69765625 0.8777777777777778 0.70078125 0.8805555555555555 0.70234375 0.8805555555555555 0.7026041666666667 0.8800925925925925 0.7046875 0.8796296296296297 0.70546875 0.8787037037037037 0.7088541666666667 0.8722222222222222 0.7091145833333333 0.8699074074074075 0.7088541666666667 0.8694444444444445 0.70859375 0.8652777777777778 0.7065104166666667 0.8611111111111112 0.7057291666666666 0.8587962962962963 0.7057291666666666 0.8560185185185185 0.7078125 0.85 0.7140625 0.8375 0.7158854166666667 0.8324074074074074 0.7216145833333333 0.8217592592592593 0.72421875 0.8157407407407408 0.7270833333333333 0.8078703703703703 0.7270833333333333 0.8023148148148148 0.7268229166666667 0.8013888888888889 0.7244791666666667 0.7972222222222223 0.7231770833333333 0.7958333333333333 0.721875 0.7935185185185185 0.7182291666666667 0.7893518518518519 0.7166666666666667 0.7870370370370371
6 0.7768229166666667 0.6337962962962963 0.7765625 0.6342592592592593 0.77578125 0.6342592592592593 0.7755208333333333 0.6347222222222222 0.77421875 0.6356481481481482 0.7729166666666667 0.637962962962963 0.77265625 0.637962962962963 0.7721354166666666 0.6388888888888888 0.771875 0.6388888888888888 0.7708333333333334 0.6407407407407407 0.7708333333333334 0.6412037037037037 0.7703125 0.6421296296296296 0.7703125 0.6425925925925926 0.7692708333333333 0.6444444444444445 0.7690104166666667 0.6444444444444445 0.7684895833333333 0.6453703703703704 0.7682291666666666 0.6453703703703704 0.76796875 0.6458333333333334 0.7666666666666667 0.6467592592592593 0.7658854166666667 0.6481481481481481 0.765625 0.6481481481481481 0.765625 0.6486111111111111 0.7651041666666667 0.649537037037037 0.7651041666666667 0.6504629629629629 0.76484375 0.6509259259259259 0.76484375 0.6541666666666667 0.7645833333333333 0.6546296296296297 0.7645833333333333 0.6578703703703703 0.76484375 0.6583333333333333 0.76484375 0.663425925925926 0.7651041666666667 0.6638888888888889 0.7651041666666667 0.6657407407407407 0.7653645833333333 0.6662037037037037 0.7653645833333333 0.6680555555555555 0.765625 0.6685185185185185 0.765625 0.6699074074074074 0.7658854166666667 0.6703703703703704 0.7658854166666667 0.6712962962962963 0.7661458333333333 0.6717592592592593 0.7661458333333333 0.6726851851851852 0.7666666666666667 0.674074074074074 0.7666666666666667 0.675 0.7669270833333334 0.6754629629629629 0.7671875 0.6768518518518518 0.7677083333333333 0.6777777777777778 0.7677083333333333 0.6782407407407407 0.76796875 0.6787037037037037 0.7682291666666666 0.6787037037037037 0.7690104166666667 0.6800925925925926 0.7692708333333333 0.6800925925925926 0.7700520833333333 0.6814814814814815 0.7703125 0.6814814814814815 0.77109375 0.6828703703703703 0.7713541666666667 0.6828703703703703 0.7716145833333333 0.6833333333333333 0.7721354166666666 0.6833333333333333 0.7734375 0.6847222222222222 0.77421875 0.6847222222222222 0.7744791666666667 0.6851851851851852 0.775 0.6851851851851852 0.7752604166666667 0.6856481481481481 0.7763020833333333 0.6856481481481481 0.7765625 0.6861111111111111 0.7776041666666667 0.6861111111111111 0.7778645833333333 0.6865740740740741 0.77890625 0.6865740740740741 0.7791666666666667 0.687037037037037 0.78359375 0.687037037037037 0.7838541666666666 0.6865740740740741 0.7841145833333333 0.6865740740740741 0.784375 0.6861111111111111 0.7848958333333333 0.6861111111111111 0.7856770833333333 0.6851851851851852 0.7861979166666667 0.6851851851851852 0.7864583333333334 0.6847222222222222 0.7869791666666667 0.6847222222222222 0.7872395833333333 0.6842592592592592 0.7875 0.6842592592592592 0.7880208333333333 0.6833333333333333 0.7888020833333333 0.6828703703703703 0.7895833333333333 0.6814814814814815 0.7908854166666667 0.6805555555555556 0.7924479166666667 0.6782407407407407 0.7927083333333333 0.6782407407407407 0.7953125 0.6736111111111112 0.7953125 0.6731481481481482 0.7955729166666666 0.6726851851851852 0.7955729166666666 0.6717592592592593 0.7958333333333333 0.6712962962962963 0.7958333333333333 0.6671296296296296 0.7955729166666666 0.6666666666666666 0.7955729166666666 0.6643518518518519 0.7953125 0.6638888888888889 0.7953125 0.6615740740740741 0.7950520833333333 0.6611111111111111 0.7950520833333333 0.6597222222222222 0.7947916666666667 0.6592592592592592 0.7947916666666667 0.6578703703703703 0.79453125 0.6574074074074074 0.79453125 0.6555555555555556 0.7942708333333334 0.6550925925925926 0.7942708333333334 0.6537037037037037 0.7940104166666667 0.6532407407407408 0.7940104166666667 0.6523148148148148 0.79375 0.6518518518518519 0.79375 0.6509259259259259 0.7934895833333333 0.6504629629629629 0.79296875 0.6481481481481481 0.7911458333333333 0.6449074074074074 0.7908854166666667 0.6449074074074074 0.7903645833333334 0.6439814814814815 0.7901041666666667 0.6439814814814815 0.78984375 0.6435185185185185 0.7885416666666667 0.6425925925925926 0.7880208333333333 0.6416666666666667 0.7872395833333333 0.6412037037037037 0.78671875 0.6402777777777777 0.7854166666666667 0.6393518518518518 0.7848958333333333 0.638425925925926 0.7846354166666667 0.638425925925926 0.78359375 0.6365740740740741 0.7833333333333333 0.6365740740740741 0.7809895833333333 0.6342592592592593 0.78046875 0.6342592592592593 0.7802083333333333 0.6337962962962963 0.7794270833333333 0.6337962962962963 0.7791666666666667 0.6333333333333333 0.7783854166666667 0.6333333333333333 0.778125 0.6337962962962963
6 0.5755208333333334 0.549074074074074 0.5752604166666667 0.549537037037037 0.5744791666666667 0.549537037037037 0.57421875 0.55 0.5734375 0.55 0.5731770833333333 0.5504629629629629 0.5723958333333333 0.5504629629629629 0.5721354166666667 0.5509259259259259 0.5716145833333334 0.5509259259259259 0.56796875 0.5541666666666667 0.56640625 0.5564814814814815 0.5661458333333333 0.5564814814814815 0.5630208333333333 0.562037037037037 0.5630208333333333 0.5625 0.5625 0.5634259259259259 0.5625 0.5638888888888889 0.5619791666666667 0.5648148148148148 0.5614583333333333 0.5666666666666667 0.5614583333333333 0.5675925925925925 0.5606770833333333 0.5699074074074074 0.5606770833333333 0.5708333333333333 0.5598958333333334 0.5736111111111111 0.5598958333333334 0.575925925925926 0.5596354166666667 0.5763888888888888 0.5596354166666667 0.5796296296296296 0.559375 0.5800925925925926 0.559375 0.5810185185185185 0.5596354166666667 0.5814814814814815 0.5596354166666667 0.587037037037037 0.5598958333333334 0.5875 0.5598958333333334 0.5888888888888889 0.5604166666666667 0.5907407407407408 0.5604166666666667 0.5921296296296297 0.5606770833333333 0.5925925925925926 0.5609375 0.5949074074074074 0.56171875 0.5967592592592592 0.5625 0.5995370370370371 0.56328125 0.600925925925926 0.56328125 0.6013888888888889 0.5671875 0.6083333333333333 0.5674479166666667 0.6083333333333333 0.5682291666666667 0.6097222222222223 0.571875 0.6129629629629629 0.5723958333333333 0.6129629629629629 0.57265625 0.6134259259259259 0.5734375 0.6134259259259259 0.5736979166666667 0.6138888888888889 0.5744791666666667 0.6138888888888889 0.5747395833333333 0.6143518518518518 0.5755208333333334 0.6143518518518518 0.57578125 0.6148148148148148 0.57734375 0.6148148148148148 0.5776041666666667 0.6152777777777778 0.5809895833333333 0.6152777777777778 0.58125 0.6148148148148148 0.5825520833333333 0.6148148148148148 0.5828125 0.6143518518518518 0.5838541666666667 0.6143518518518518 0.5841145833333333 0.6138888888888889 0.5848958333333333 0.6138888888888889 0.5864583333333333 0.6125 0.5877604166666667 0.612037037037037 0.5888020833333333 0.6111111111111112 0.5901041666666667 0.6092592592592593 0.5903645833333333 0.6092592592592593 0.59140625 0.6074074074074074 0.5916666666666667 0.6074074074074074 0.5942708333333333 0.6027777777777777 0.5942708333333333 0.6023148148148149 0.5958333333333333 0.5990740740740741 0.5971354166666667 0.5944444444444444 0.5971354166666667 0.5935185185185186 0.5973958333333333 0.5930555555555556 0.5973958333333333 0.5916666666666667 0.59765625 0.5912037037037037 0.59765625 0.5893518518518519 0.5979166666666667 0.5888888888888889 0.5979166666666667 0.587037037037037 0.5981770833333333 0.586574074074074 0.5981770833333333 0.5782407407407407 0.5979166666666667 0.5777777777777777 0.59765625 0.5736111111111111 0.5973958333333333 0.5731481481481482 0.5973958333333333 0.5717592592592593 0.5966145833333333 0.5689814814814815 0.5966145833333333 0.5680555555555555 0.59609375 0.5662037037037037 0.5955729166666667 0.5652777777777778 0.5953125 0.5638888888888889 0.5940104166666667 0.5615740740740741 0.5940104166666667 0.5611111111111111 0.5934895833333333 0.5601851851851852 0.5932291666666667 0.5601851851851852 0.59140625 0.5569444444444445 0.5911458333333334 0.5569444444444445 0.5903645833333333 0.5555555555555556 0.5901041666666667 0.5555555555555556 0.5875 0.5523148148148148 0.5869791666666667 0.5523148148148148 0.58515625 0.5504629629629629 0.5846354166666666 0.5504629629629629 0.58359375 0.549537037037037 0.5822916666666667 0.549537037037037 0.58203125 0.549074074074074 0.5807291666666666 0.549074074074074 0.58046875 0.5486111111111112 0.5778645833333333 0.5486111111111112 0.5776041666666667 0.549074074074074
6 0.5794270833333334 0.20879629629629629 0.5791666666666667 0.20925925925925926 0.5778645833333333 0.20925925925925926 0.5776041666666667 0.20972222222222223 0.5755208333333334 0.2101851851851852 0.5708333333333333 0.21388888888888888 0.5703125 0.21481481481481482 0.5684895833333333 0.21666666666666667 0.5674479166666667 0.21851851851851853 0.5671875 0.21851851851851853 0.5643229166666667 0.22361111111111112 0.5635416666666667 0.2263888888888889 0.5625 0.22870370370370371 0.5609375 0.23425925925925925 0.5609375 0.2351851851851852 0.56015625 0.23842592592592593 0.56015625 0.23981481481481481 0.5598958333333334 0.24027777777777778 0.5598958333333334 0.24351851851851852 0.5596354166666667 0.2439814814814815 0.5596354166666667 0.2550925925925926 0.5598958333333334 0.25555555555555554 0.56015625 0.2601851851851852 0.5604166666666667 0.26064814814814813 0.5606770833333333 0.26296296296296295 0.5611979166666666 0.26435185185185184 0.5611979166666666 0.2652777777777778 0.5619791666666667 0.26805555555555555 0.5625 0.2689814814814815 0.5635416666666667 0.2722222222222222 0.5645833333333333 0.2740740740740741 0.5645833333333333 0.274537037037037 0.5669270833333333 0.27824074074074073 0.5705729166666667 0.28194444444444444 0.57109375 0.28194444444444444 0.5729166666666666 0.2833333333333333 0.5736979166666667 0.2833333333333333 0.5747395833333333 0.28425925925925927 0.5755208333333334 0.28425925925925927 0.57578125 0.2847222222222222 0.57734375 0.2847222222222222 0.5776041666666667 0.2851851851851852 0.5828125 0.2851851851851852 0.5830729166666667 0.2847222222222222 0.5846354166666666 0.2847222222222222 0.5848958333333333 0.28425925925925927 0.5856770833333333 0.28425925925925927 0.58671875 0.2833333333333333 0.5875 0.2833333333333333 0.59140625 0.2800925925925926 0.5940104166666667 0.2759259259259259 0.5942708333333333 0.2759259259259259 0.5958333333333333 0.27314814814814814 0.5958333333333333 0.2726851851851852 0.59765625 0.2689814814814815 0.6002604166666666 0.26064814814814813 0.6005208333333333 0.25787037037037036 0.60078125 0.2574074074074074 0.60078125 0.25601851851851853 0.6010416666666667 0.25555555555555554 0.6010416666666667 0.25416666666666665 0.6013020833333333 0.2537037037037037 0.6015625 0.2490740740740741 0.6018229166666667 0.24861111111111112 0.6018229166666667 0.23842592592592593 0.6015625 0.23796296296296296 0.6010416666666667 0.23287037037037037 0.5997395833333333 0.22824074074074074 0.5989583333333334 0.22685185185185186 0.5989583333333334 0.2263888888888889 0.5973958333333333 0.22314814814814815 0.5973958333333333 0.22268518518518518 0.59375 0.21666666666666667 0.5921875 0.2152777777777778 0.5916666666666667 0.21435185185185185 0.590625 0.21388888888888888 0.5895833333333333 0.2125 0.5890625 0.2125 0.5864583333333333 0.2101851851851852 0.5856770833333333 0.2101851851851852 0.5846354166666666 0.20925925925925926 0.5830729166666667 0.20925925925925926 0.5828125 0.20879629629629629
6 0.4231770833333333 0.38564814814814813 0.42291666666666666 0.3861111111111111 0.4200520833333333 0.38657407407407407 0.4197916666666667 0.387037037037037 0.41901041666666666 0.387037037037037 0.41875 0.3875 0.41822916666666665 0.3875 0.41796875 0.38796296296296295 0.41744791666666664 0.38796296296296295 0.4171875 0.38842592592592595 0.4158854166666667 0.3888888888888889 0.41484375 0.38981481481481484 0.41354166666666664 0.39166666666666666 0.41328125 0.39166666666666666 0.40989583333333335 0.3972222222222222 0.40989583333333335 0.3976851851851852 0.40911458333333334 0.3990740740740741 0.4083333333333333 0.4023148148148148 0.4078125 0.40324074074074073 0.40703125 0.4060185185185185 0.40677083333333336 0.4083333333333333 0.40651041666666665 0.40879629629629627 0.40651041666666665 0.4101851851851852 0.40625 0.41064814814814815 0.40625 0.4125 0.40598958333333335 0.412962962962963 0.40598958333333335 0.42453703703703705 0.40625 0.425 0.40625 0.4273148148148148 0.40651041666666665 0.42777777777777776 0.40651041666666665 0.4287037037037037 0.40677083333333336 0.42916666666666664 0.40677083333333336 0.4300925925925926 0.40703125 0.4305555555555556 0.40729166666666666 0.43287037037037035 0.4083333333333333 0.43657407407407406 0.40963541666666664 0.4393518518518518 0.41067708333333336 0.44305555555555554 0.4119791666666667 0.44537037037037036 0.4122395833333333 0.44537037037037036 0.4127604166666667 0.4462962962962963 0.41302083333333334 0.4462962962962963 0.41354166666666664 0.44722222222222224 0.41458333333333336 0.44814814814814813 0.415625 0.45 0.4166666666666667 0.45092592592592595 0.4171875 0.45092592592592595 0.41744791666666664 0.4513888888888889 0.41875 0.45185185185185184 0.41901041666666666 0.45231481481481484 0.4197916666666667 0.45231481481481484 0.4200520833333333 0.4527777777777778 0.42135416666666664 0.4527777777777778 0.42161458333333335 0.4532407407407407 0.4236979166666667 0.4532407407407407 0.4239583333333333 0.4537037037037037 0.4278645833333333 0.4537037037037037 0.428125 0.4532407407407407 0.42916666666666664 0.4532407407407407 0.42942708333333335 0.4527777777777778 0.43046875 0.4527777777777778 0.43072916666666666 0.45231481481481484 0.43203125 0.45185185185185184 0.43307291666666664 0.45046296296296295 0.43385416666666665 0.45 0.434375 0.44907407407407407 0.43515625 0.4486111111111111 0.43697916666666664 0.44583333333333336 0.43723958333333335 0.44583333333333336 0.44036458333333334 0.4398148148148148 0.44036458333333334 0.4393518518518518 0.44140625 0.43703703703703706 0.4421875 0.43425925925925923 0.4421875 0.43333333333333335 0.44244791666666666 0.43287037037037035 0.44244791666666666 0.43148148148148147 0.4427083333333333 0.4310185185185185 0.4427083333333333 0.42916666666666664 0.44296875 0.4287037037037037 0.44296875 0.4263888888888889 0.4432291666666667 0.42592592592592593 0.4432291666666667 0.41388888888888886 0.44296875 0.4134259259259259 0.44296875 0.4115740740740741 0.4427083333333333 0.4111111111111111 0.4427083333333333 0.4101851851851852 0.44192708333333336 0.4078703703703704 0.44192708333333336 0.40694444444444444 0.44140625 0.4050925925925926 0.44088541666666664 0.4041666666666667 0.44036458333333334 0.4023148148148148 0.43854166666666666 0.39861111111111114 0.43802083333333336 0.39675925925925926 0.4359375 0.39305555555555555 0.434375 0.39166666666666666 0.43385416666666665 0.3907407407407407 0.43125 0.38842592592592595 0.43072916666666666 0.38842592592592595 0.42942708333333335 0.387037037037037 0.42890625 0.387037037037037 0.428125 0.3861111111111111 0.42734375 0.3861111111111111 0.4270833333333333 0.38564814814814813
6 0.2513020833333333 0.5601851851851852 0.24973958333333332 0.5615740740740741 0.24921875 0.5625 0.2484375 0.562962962962963 0.24583333333333332 0.5671296296296297 0.24583333333333332 0.5675925925925925 0.24453125 0.5699074074074074 0.24453125 0.5703703703703704 0.24348958333333334 0.5726851851851852 0.24322916666666666 0.5736111111111111 0.24322916666666666 0.5745370370370371 0.24192708333333332 0.5791666666666667 0.24192708333333332 0.5819444444444445 0.24166666666666667 0.5824074074074074 0.24166666666666667 0.5902777777777778 0.24192708333333332 0.5907407407407408 0.24192708333333332 0.5939814814814814 0.2421875 0.5944444444444444 0.24244791666666668 0.5976851851851852 0.24322916666666666 0.600462962962963 0.24322916666666666 0.6013888888888889 0.24375 0.6032407407407407 0.24427083333333333 0.6041666666666666 0.24453125 0.6055555555555555 0.24505208333333334 0.6064814814814815 0.24557291666666667 0.6087962962962963 0.24739583333333334 0.6129629629629629 0.24765625 0.6129629629629629 0.24921875 0.6152777777777778 0.2513020833333333 0.6171296296296296 0.2518229166666667 0.6180555555555556 0.25442708333333336 0.6203703703703703 0.25494791666666666 0.6203703703703703 0.2552083333333333 0.6208333333333333 0.2559895833333333 0.6208333333333333 0.25625 0.6212962962962963 0.25703125 0.6212962962962963 0.25729166666666664 0.6217592592592592 0.25833333333333336 0.6217592592592592 0.25859375 0.6222222222222222 0.2630208333333333 0.6222222222222222 0.26328125 0.6217592592592592 0.2643229166666667 0.6217592592592592 0.26536458333333335 0.6208333333333333 0.26614583333333336 0.6208333333333333 0.26640625 0.6203703703703703 0.2677083333333333 0.6199074074074075 0.2708333333333333 0.6171296296296296 0.2713541666666667 0.6162037037037037 0.27239583333333334 0.6152777777777778 0.2734375 0.6134259259259259 0.27369791666666665 0.6134259259259259 0.27578125 0.6092592592592593 0.2760416666666667 0.6078703703703704 0.2765625 0.6069444444444444 0.27760416666666665 0.6032407407407407 0.27760416666666665 0.6023148148148149 0.278125 0.600925925925926 0.278125 0.5995370370370371 0.27838541666666666 0.5990740740740741 0.27838541666666666 0.5972222222222222 0.2786458333333333 0.5967592592592592 0.2786458333333333 0.5944444444444444 0.27890625 0.5939814814814814 0.27890625 0.5902777777777778 0.2786458333333333 0.5898148148148148 0.2786458333333333 0.5851851851851851 0.27838541666666666 0.5847222222222223 0.27838541666666666 0.5828703703703704 0.278125 0.5824074074074074 0.278125 0.5810185185185185 0.27786458333333336 0.5805555555555556 0.27760416666666665 0.5782407407407407 0.27682291666666664 0.575462962962963 0.27630208333333334 0.5745370370370371 0.2760416666666667 0.5731481481481482 0.27447916666666666 0.5703703703703704 0.27447916666666666 0.5699074074074074 0.271875 0.5657407407407408 0.2716145833333333 0.5657407407407408 0.26953125 0.562962962962963 0.2669270833333333 0.5606481481481481 0.26640625 0.5606481481481481 0.26614583333333336 0.5601851851851852 0.265625 0.5601851851851852 0.26458333333333334 0.5592592592592592 0.2638020833333333 0.5592592592592592 0.2635416666666667 0.5587962962962963 0.26223958333333336 0.5587962962962963 0.26197916666666665 0.5583333333333333 0.2552083333333333 0.5583333333333333 0.25494791666666666 0.5587962962962963 0.25390625 0.5587962962962963 0.25364583333333335 0.5592592592592592 0.25286458333333334 0.5592592592592592 0.2526041666666667 0.5597222222222222
4 0.14836458333333333 0.36760185185185185 0.1506354166666667 0.3714166666666667 0.15076302083333332 0.3846481481481482 0.14710416666666667 0.3904814814814815 0.134109375 0.38442592592592595 0.1232578125 0.36177314814814815 0.12376302083333333 0.34809259259259256 0.12918749999999998 0.3458472222222222 0.13057552083333335 0.3467453703703704 0.1354973958333333 0.3557175925925926 0.13669010416666666 0.34997222222222224 0.17440364583333334 0.28641203703703705 0.17920052083333332 0.287962962962963 0.18247135416666668 0.29842592592592593 0.18377864583333334 0.3042407407407407 0.1486796875 0.36818518518518517
6 0.64921875 0.9212962962962963 0.6481770833333333 0.9222222222222223 0.6473958333333333 0.9222222222222223 0.6471354166666666 0.9226851851851852 0.6458333333333334 0.9231481481481482 0.6432291666666666 0.9254629629629629 0.6419270833333334 0.9259259259259259 0.6388020833333333 0.9287037037037037 0.63828125 0.9296296296296296 0.6380208333333334 0.9296296296296296 0.63671875 0.9319444444444445 0.6359375 0.9347222222222222 0.6359375 0.9375 0.6356770833333333 0.937962962962963 0.6356770833333333 0.9402777777777778 0.6354166666666666 0.9407407407407408 0.6354166666666666 0.9486111111111111 0.63515625 0.9490740740740741 0.63515625 0.9638888888888889 0.6354166666666666 0.9643518518518519 0.6354166666666666 0.9675925925925926 0.6356770833333333 0.9680555555555556 0.6356770833333333 0.9694444444444444 0.6359375 0.9699074074074074 0.6359375 0.9708333333333333 0.6369791666666667 0.9745370370370371 0.6390625 0.9782407407407407 0.6393229166666666 0.9782407407407407 0.6401041666666667 0.9796296296296296 0.6403645833333333 0.9796296296296296 0.64296875 0.9837962962962963 0.6432291666666666 0.9837962962962963 0.64453125 0.9856481481481482 0.6466145833333333 0.9875 0.6484375 0.9875 0.6486979166666667 0.9879629629629629 0.6520833333333333 0.9879629629629629 0.65234375 0.9884259259259259 0.6544270833333333 0.9884259259259259 0.6546875 0.9879629629629629 0.6557291666666667 0.9879629629629629 0.6559895833333333 0.9875 0.6567708333333333 0.9875 0.65703125 0.987037037037037 0.6588541666666666 0.986574074074074 0.6604166666666667 0.9851851851851852 0.66171875 0.9847222222222223 0.66328125 0.9833333333333333 0.6638020833333333 0.9824074074074074 0.66484375 0.9814814814814815 0.665625 0.9800925925925926 0.6658854166666667 0.9800925925925926 0.6671875 0.9773148148148149 0.66796875 0.9745370370370371 0.66796875 0.9731481481481481 0.6682291666666667 0.9726851851851852 0.6682291666666667 0.9717592592592592 0.6684895833333333 0.9712962962962963 0.6684895833333333 0.9699074074074074 0.66875 0.9694444444444444 0.66875 0.9680555555555556 0.6690104166666667 0.9675925925925926 0.6690104166666667 0.9638888888888889 0.6692708333333334 0.9634259259259259 0.6692708333333334 0.9578703703703704 0.6690104166666667 0.9574074074074074 0.6690104166666667 0.9532407407407407 0.66875 0.9527777777777777 0.66875 0.9513888888888888 0.6684895833333333 0.950925925925926 0.6684895833333333 0.9495370370370371 0.6682291666666667 0.9490740740740741 0.6682291666666667 0.9481481481481482 0.6677083333333333 0.9467592592592593 0.6677083333333333 0.9458333333333333 0.66640625 0.9412037037037037 0.665625 0.9398148148148148 0.6643229166666667 0.9351851851851852 0.6627604166666666 0.9324074074074075 0.6604166666666667 0.9305555555555556 0.659375 0.9287037037037037 0.659375 0.9282407407407407 0.6578125 0.9259259259259259 0.6541666666666667 0.9226851851851852 0.6536458333333334 0.9226851851851852 0.6526041666666667 0.9217592592592593 0.6518229166666667 0.9217592592592593 0.6515625 0.9212962962962963
