1 0.628125 0.6291666666666667 0.6263020833333334 0.6291666666666667 0.6260416666666667 0.6296296296296297 0.6244791666666667 0.6300925925925925 0.6239583333333333 0.6305555555555555 0.6229166666666667 0.6328703703703704 0.6229166666666667 0.6337962962962963 0.6223958333333334 0.6356481481481482 0.6223958333333334 0.6375 0.6221354166666667 0.637962962962963 0.6221354166666667 0.6402777777777777 0.621875 0.6407407407407407 0.621875 0.6425925925925926 0.6216145833333333 0.6430555555555556 0.6216145833333333 0.6449074074074074 0.6213541666666667 0.6453703703703704 0.6213541666666667 0.6472222222222223 0.62109375 0.6476851851851851 0.62109375 0.649537037037037 0.6208333333333333 0.65 0.6205729166666667 0.6541666666666667 0.6203125 0.6546296296296297 0.6203125 0.6560185185185186 0.6200520833333333 0.6564814814814814 0.6200520833333333 0.6583333333333333 0.61953125 0.6601851851851852 0.61953125 0.6620370370370371 0.6192708333333333 0.6625 0.6192708333333333 0.6638888888888889 0.6190104166666667 0.6643518518518519 0.6190104166666667 0.6657407407407407 0.61875 0.6662037037037037 0.61875 0.6675925925925926 0.6184895833333334 0.6680555555555555 0.6182291666666667 0.6712962962962963 0.61796875 0.6717592592592593 0.61796875 0.6726851851851852 0.6174479166666667 0.674537037037037 0.6145833333333334 0.6791666666666667 0.6135416666666667 0.6828703703703703 0.6138020833333333 0.6916666666666667 0.61328125 0.6930555555555555 0.6130208333333333 0.6949074074074074 0.61171875 0.6976851851851852 0.6104166666666667 0.7027777777777777 0.6104166666666667 0.7074074074074074 0.6106770833333334 0.7078703703703704 0.6106770833333334 0.7092592592592593 0.6119791666666666 0.712037037037037 0.6161458333333333 0.7157407407407408 0.6166666666666667 0.7157407407407408 0.6169270833333333 0.7162037037037037 0.6174479166666667 0.7162037037037037 0.6184895833333334 0.7171296296296297 0.61953125 0.7171296296296297 0.6197916666666666 0.7175925925925926 0.6216145833333333 0.7175925925925926 0.621875 0.7180555555555556 0.6236979166666666 0.7180555555555556 0.6239583333333333 0.7185185185185186 0.628125 0.7185185185185186 0.6283854166666667 0.7180555555555556 0.6291666666666667 0.7180555555555556 0.6294270833333333 0.7175925925925926 0.6302083333333334 0.7175925925925926 0.6307291666666667 0.7171296296296297 0.6315104166666666 0.7157407407407408 0.6322916666666667 0.7129629629629629 0.6322916666666667 0.7087962962962963 0.63203125 0.7083333333333334 0.63203125 0.7069444444444445 0.6317708333333333 0.7064814814814815 0.6317708333333333 0.7050925925925926 0.6315104166666666 0.7046296296296296 0.63125 0.6972222222222222 0.6315104166666666 0.6967592592592593 0.6315104166666666 0.6958333333333333 0.63203125 0.6949074074074074 0.6322916666666667 0.6935185185185185 0.6330729166666667 0.6921296296296297 0.63359375 0.6902777777777778 0.63359375 0.6888888888888889 0.6338541666666667 0.6884259259259259 0.6338541666666667 0.6842592592592592 0.6325520833333333 0.6810185185185185 0.6315104166666666 0.6768518518518518 0.6315104166666666 0.6648148148148149 0.6317708333333333 0.6643518518518519 0.6317708333333333 0.6615740740740741 0.63203125 0.6611111111111111 0.63203125 0.6583333333333333 0.6322916666666667 0.6578703703703703 0.6322916666666667 0.6546296296296297 0.6325520833333333 0.6541666666666667 0.6325520833333333 0.6504629629629629 0.6328125 0.65 0.6328125 0.6467592592592593 0.6330729166666667 0.6462962962962963 0.6330729166666667 0.6425925925925926 0.6333333333333333 0.6421296296296296 0.6333333333333333 0.6347222222222222 0.6328125 0.6328703703703704 0.63125 0.6300925925925925 0.63046875 0.6300925925925925 0.6302083333333334 0.6296296296296297 0.6283854166666667 0.6296296296296297
1 0.5643229166666667 0.33611111111111114 0.5627604166666667 0.33611111111111114 0.5625 0.33564814814814814 0.5598958333333334 0.33564814814814814 0.559375 0.33611111111111114 0.55859375 0.3375 0.55859375 0.3384259259259259 0.5580729166666667 0.3402777777777778 0.5578125 0.3458333333333333 0.5575520833333333 0.34629629629629627 0.5572916666666666 0.3490740740740741 0.55625 0.3509259259259259 0.5559895833333334 0.3509259259259259 0.5544270833333333 0.35324074074074074 0.5541666666666667 0.35324074074074074 0.553125 0.35509259259259257 0.5528645833333333 0.3560185185185185 0.5528645833333333 0.35833333333333334 0.5533854166666666 0.36018518518518516 0.5557291666666667 0.36435185185185187 0.5559895833333334 0.36527777777777776 0.5559895833333334 0.37083333333333335 0.5557291666666667 0.3712962962962963 0.55546875 0.375 0.5552083333333333 0.37546296296296294 0.5552083333333333 0.3763888888888889 0.5549479166666667 0.3768518518518518 0.5549479166666667 0.37777777777777777 0.5544270833333333 0.37962962962962965 0.5544270833333333 0.38101851851851853 0.5541666666666667 0.3814814814814815 0.5536458333333333 0.3851851851851852 0.553125 0.38657407407407407 0.5526041666666667 0.3902777777777778 0.5520833333333334 0.39166666666666666 0.5520833333333334 0.3925925925925926 0.5515625 0.3939814814814815 0.5515625 0.39490740740740743 0.5510416666666667 0.3962962962962963 0.5510416666666667 0.3972222222222222 0.5502604166666667 0.399537037037037 0.5497395833333333 0.40324074074074073 0.54921875 0.4046296296296296 0.54921875 0.4064814814814815 0.5489583333333333 0.40694444444444444 0.5489583333333333 0.4111111111111111 0.5486979166666667 0.4115740740740741 0.5489583333333333 0.4134259259259259 0.5494791666666666 0.41435185185185186 0.5510416666666667 0.41574074074074074 0.5518229166666667 0.41574074074074074 0.5520833333333334 0.4162037037037037 0.5533854166666666 0.4162037037037037 0.5536458333333333 0.4166666666666667 0.55546875 0.4166666666666667 0.5557291666666667 0.41712962962962963 0.5565104166666667 0.41712962962962963 0.5567708333333333 0.4166666666666667 0.5578125 0.4162037037037037 0.5588541666666667 0.41435185185185186 0.559375 0.4125 0.559375 0.4115740740740741 0.5596354166666667 0.4111111111111111 0.56015625 0.4074074074074074 0.5611979166666666 0.40370370370370373 0.5611979166666666 0.4027777777777778 0.5614583333333333 0.4023148148148148 0.5614583333333333 0.4013888888888889 0.56171875 0.4009259259259259 0.56171875 0.4 0.5619791666666667 0.399537037037037 0.5619791666666667 0.39861111111111114 0.5622395833333333 0.39814814814814814 0.5627604166666667 0.39444444444444443 0.5638020833333334 0.3907407407407407 0.5640625 0.38842592592592595 0.5645833333333333 0.387037037037037 0.5645833333333333 0.3861111111111111 0.5651041666666666 0.38425925925925924 0.565625 0.38333333333333336 0.5671875 0.37777777777777777 0.5674479166666667 0.37546296296296294 0.5690104166666666 0.3726851851851852 0.5700520833333333 0.37175925925925923 0.5705729166666667 0.37175925925925923 0.5708333333333333 0.3712962962962963 0.5713541666666667 0.3712962962962963 0.5716145833333334 0.37083333333333335 0.57265625 0.37037037037037035 0.5736979166666667 0.3685185185185185 0.5744791666666667 0.36574074074074076 0.575 0.35833333333333334 0.5755208333333334 0.3574074074074074 0.5755208333333334 0.35648148148148145 0.5763020833333333 0.3541666666666667 0.5763020833333333 0.35324074074074074 0.5768229166666666 0.35138888888888886 0.5768229166666666 0.3453703703703704 0.5765625 0.34444444444444444 0.5755208333333334 0.34305555555555556 0.575 0.34305555555555556 0.5747395833333333 0.3425925925925926 0.57265625 0.3416666666666667 0.5708333333333333 0.3398148148148148 0.5703125 0.3398148148148148 0.5700520833333333 0.33935185185185185 0.56953125 0.33935185185185185 0.5692708333333333 0.3388888888888889 0.56875 0.3388888888888889 0.5684895833333333 0.3384259259259259 0.56796875 0.3384259259259259 0.5677083333333334 0.33796296296296297 0.5671875 0.33796296296296297 0.5661458333333333 0.337037037037037 0.5653645833333333 0.337037037037037
1 0.35625 0.4 0.35625 0.4009259259259259 0.35572916666666665 0.4027777777777778 0.35572916666666665 0.4041666666666667 0.35546875 0.4046296296296296 0.35546875 0.40694444444444444 0.3567708333333333 0.41064814814814815 0.35703125 0.41064814814814815 0.3575520833333333 0.4115740740740741 0.3606770833333333 0.41435185185185186 0.3611979166666667 0.41435185185185186 0.36223958333333334 0.4152777777777778 0.36302083333333335 0.4152777777777778 0.3640625 0.4162037037037037 0.36484375 0.4162037037037037 0.36744791666666665 0.4185185185185185 0.3684895833333333 0.4203703703703704 0.36875 0.4203703703703704 0.36953125 0.4217592592592593 0.3697916666666667 0.4217592592592593 0.37083333333333335 0.4236111111111111 0.37213541666666666 0.42824074074074076 0.3729166666666667 0.42962962962962964 0.3729166666666667 0.4300925925925926 0.37526041666666665 0.43425925925925923 0.37552083333333336 0.43425925925925923 0.37604166666666666 0.4351851851851852 0.3763020833333333 0.4351851851851852 0.37734375 0.43657407407407406 0.37786458333333334 0.43657407407407406 0.37864583333333335 0.4375 0.37916666666666665 0.4375 0.37942708333333336 0.43796296296296294 0.37994791666666666 0.43796296296296294 0.3802083333333333 0.43842592592592594 0.3815104166666667 0.4388888888888889 0.38333333333333336 0.44074074074074077 0.38385416666666666 0.44074074074074077 0.3846354166666667 0.44166666666666665 0.38515625 0.44166666666666665 0.3854166666666667 0.44212962962962965 0.3859375 0.44212962962962965 0.38619791666666664 0.4425925925925926 0.38671875 0.4425925925925926 0.38776041666666666 0.44351851851851853 0.39088541666666665 0.44351851851851853 0.39114583333333336 0.44305555555555554 0.3924479166666667 0.44305555555555554 0.3927083333333333 0.4425925925925926 0.3932291666666667 0.4425925925925926 0.39427083333333335 0.44166666666666665 0.39557291666666666 0.4398148148148148 0.3958333333333333 0.4398148148148148 0.39739583333333334 0.43703703703703706 0.39739583333333334 0.43657407407407406 0.39791666666666664 0.4356481481481482 0.39869791666666665 0.43287037037037035 0.39869791666666665 0.43194444444444446 0.39895833333333336 0.43148148148148147 0.39895833333333336 0.4305555555555556 0.39947916666666666 0.4287037037037037 0.39947916666666666 0.42685185185185187 0.3997395833333333 0.4263888888888889 0.3997395833333333 0.425462962962963 0.39947916666666666 0.425 0.39947916666666666 0.42083333333333334 0.39921875 0.4203703703703704 0.39921875 0.41898148148148145 0.3984375 0.4162037037037037 0.39791666666666664 0.4152777777777778 0.39791666666666664 0.4148148148148148 0.396875 0.412962962962963 0.3953125 0.4115740740740741 0.39479166666666665 0.4115740740740741 0.39453125 0.4111111111111111 0.39401041666666664 0.4111111111111111 0.39375 0.41064814814814815 0.3932291666666667 0.41064814814814815 0.39296875 0.4101851851851852 0.3924479166666667 0.4101851851851852 0.3921875 0.4097222222222222 0.39166666666666666 0.4097222222222222 0.39140625 0.40925925925925927 0.39088541666666665 0.40925925925925927 0.38984375 0.4083333333333333 0.3888020833333333 0.4064814814814815 0.3885416666666667 0.4064814814814815 0.38776041666666666 0.4050925925925926 0.38723958333333336 0.4046296296296296 0.38671875 0.4046296296296296 0.3846354166666667 0.4027777777777778 0.3796875 0.4027777777777778 0.37942708333333336 0.40324074074074073 0.37838541666666664 0.40324074074074073 0.37734375 0.4041666666666667 0.3763020833333333 0.4041666666666667 0.37552083333333336 0.40324074074074073 0.375 0.40324074074074073 0.37473958333333335 0.4027777777777778 0.37421875 0.4027777777777778 0.37395833333333334 0.4023148148148148 0.37265625 0.40185185185185185 0.37057291666666664 0.4 0.37005208333333334 0.3990740740740741 0.3690104166666667 0.39814814814814814 0.3684895833333333 0.39814814814814814 0.3671875 0.39675925925925926 0.3658854166666667 0.3962962962962963 0.3651041666666667 0.39537037037037037 0.36432291666666666 0.39537037037037037 0.3640625 0.39490740740740743 0.36302083333333335 0.39490740740740743 0.36276041666666664 0.39444444444444443 0.3619791666666667 0.39444444444444443 0.36171875 0.3939814814814815 0.3606770833333333 0.3939814814814815 0.36041666666666666 0.39444444444444443 0.35963541666666665 0.39444444444444443 0.359375 0.39490740740740743 0.35885416666666664 0.39490740740740743 0.3578125 0.3958333333333333 0.3572916666666667 0.39675925925925926 0.3572916666666667 0.3972222222222222 0.3567708333333333 0.39814814814814814
1 0.39947916666666666 0.2675925925925926 0.39791666666666664 0.2675925925925926 0.39765625 0.2671296296296296 0.3966145833333333 0.2671296296296296 0.3963541666666667 0.2675925925925926 0.3958333333333333 0.2675925925925926 0.3953125 0.26805555555555555 0.39505208333333336 0.26944444444444443 0.39401041666666664 0.27175925925925926 0.3932291666666667 0.274537037037037 0.3932291666666667 0.2759259259259259 0.39296875 0.2763888888888889 0.39296875 0.27870370370370373 0.3927083333333333 0.2791666666666667 0.3927083333333333 0.2814814814814815 0.3924479166666667 0.28194444444444444 0.3924479166666667 0.28379629629629627 0.3921875 0.28425925925925927 0.3921875 0.28564814814814815 0.3919270833333333 0.2861111111111111 0.3919270833333333 0.2884259259259259 0.39166666666666666 0.28888888888888886 0.39166666666666666 0.29212962962962963 0.39140625 0.29259259259259257 0.39140625 0.29444444444444445 0.39114583333333336 0.2949074074074074 0.39114583333333336 0.2967592592592593 0.39088541666666665 0.2972222222222222 0.39088541666666665 0.2986111111111111 0.39036458333333335 0.300462962962963 0.38958333333333334 0.30185185185185187 0.3888020833333333 0.3023148148148148 0.38828125 0.30324074074074076 0.3880208333333333 0.30324074074074076 0.3875 0.30416666666666664 0.38723958333333336 0.30416666666666664 0.38671875 0.3050925925925926 0.38645833333333335 0.3050925925925926 0.3859375 0.3060185185185185 0.3848958333333333 0.30694444444444446 0.384375 0.30787037037037035 0.3841145833333333 0.3087962962962963 0.3841145833333333 0.30972222222222223 0.38385416666666666 0.3101851851851852 0.38385416666666666 0.3125 0.38359375 0.31296296296296294 0.38359375 0.3148148148148148 0.38333333333333336 0.31527777777777777 0.38333333333333336 0.31712962962962965 0.38307291666666665 0.3175925925925926 0.3828125 0.32175925925925924 0.38125 0.32731481481481484 0.38125 0.3282407407407407 0.3809895833333333 0.3287037037037037 0.3809895833333333 0.3300925925925926 0.3807291666666667 0.33055555555555555 0.3807291666666667 0.3365740740740741 0.3809895833333333 0.337037037037037 0.3809895833333333 0.33796296296296297 0.38125 0.3388888888888889 0.38255208333333335 0.3416666666666667 0.38255208333333335 0.3421296296296296 0.3841145833333333 0.34444444444444444 0.3846354166666667 0.3449074074074074 0.38515625 0.3449074074074074 0.3854166666666667 0.3453703703703704 0.38619791666666664 0.3453703703703704 0.38645833333333335 0.3458333333333333 0.38723958333333336 0.3458333333333333 0.3875 0.34629629629629627 0.3885416666666667 0.34629629629629627 0.3888020833333333 0.34675925925925927 0.39036458333333335 0.34675925925925927 0.390625 0.3472222222222222 0.3966145833333333 0.3472222222222222 0.39921875 0.3449074074074074 0.3997395833333333 0.3439814814814815 0.4 0.34305555555555556 0.4 0.3421296296296296 0.4002604166666667 0.3416666666666667 0.4002604166666667 0.3402777777777778 0.4005208333333333 0.3398148148148148 0.4005208333333333 0.3384259259259259 0.40078125 0.33796296296296297 0.40078125 0.3282407407407407 0.4010416666666667 0.3277777777777778 0.4010416666666667 0.32546296296296295 0.40130208333333334 0.325 0.40130208333333334 0.31574074074074077 0.4010416666666667 0.31527777777777777 0.40078125 0.31296296296296294 0.39947916666666666 0.3087962962962963 0.39947916666666666 0.3055555555555556 0.3997395833333333 0.3050925925925926 0.3997395833333333 0.3023148148148148 0.4 0.30185185185185187 0.4 0.30092592592592593 0.4002604166666667 0.300462962962963 0.4002604166666667 0.29953703703703705 0.40078125 0.29768518518518516 0.40078125 0.2962962962962963 0.4010416666666667 0.29583333333333334 0.4010416666666667 0.2935185185185185 0.40130208333333334 0.29305555555555557 0.40130208333333334 0.2912037037037037 0.4015625 0.29074074074074074 0.4015625 0.2884259259259259 0.40182291666666664 0.287962962962963 0.40182291666666664 0.28564814814814815 0.40208333333333335 0.2851851851851852 0.40208333333333335 0.2828703703703704 0.40234375 0.2824074074074074 0.40234375 0.2800925925925926 0.40260416666666665 0.2796296296296296 0.40260416666666665 0.27685185185185185 0.40286458333333336 0.2763888888888889 0.40286458333333336 0.2740740740740741 0.40208333333333335 0.2712962962962963 0.4002604166666667 0.26805555555555555 0.3997395833333333 0.26805555555555555
1 0.38177083333333334 0.1574074074074074 0.378125 0.1638888888888889 0.37786458333333334 0.16527777777777777 0.37552083333333336 0.17037037037037037 0.37447916666666664 0.17407407407407408 0.37447916666666664 0.175 0.37421875 0.17546296296296296 0.37421875 0.17916666666666667 0.37447916666666664 0.17962962962962964 0.37447916666666664 0.18055555555555555 0.375 0.1824074074074074 0.3765625 0.18472222222222223 0.37838541666666664 0.18611111111111112 0.37890625 0.18703703703703703 0.3809895833333333 0.18888888888888888 0.38229166666666664 0.1912037037037037 0.38255208333333335 0.19305555555555556 0.3841145833333333 0.1962962962962963 0.384375 0.19583333333333333 0.38515625 0.19583333333333333 0.38776041666666666 0.1925925925925926 0.3893229166666667 0.1925925925925926 0.38984375 0.19305555555555556 0.39114583333333336 0.19537037037037036 0.39166666666666666 0.19722222222222222 0.3924479166666667 0.1986111111111111 0.3927083333333333 0.1986111111111111 0.39427083333333335 0.20092592592592592 0.39453125 0.20092592592592592 0.39609375 0.20416666666666666 0.3963541666666667 0.20416666666666666 0.3971354166666667 0.20555555555555555 0.39791666666666664 0.20601851851851852 0.40130208333333334 0.2125 0.4015625 0.2125 0.403125 0.21481481481481482 0.4041666666666667 0.21574074074074073 0.4083333333333333 0.22268518518518518 0.4088541666666667 0.22314814814814815 0.41119791666666666 0.22314814814814815 0.4114583333333333 0.22361111111111112 0.4125 0.22268518518518518 0.4125 0.2222222222222222 0.41432291666666665 0.21898148148148147 0.41432291666666665 0.21851851851851853 0.41484375 0.2175925925925926 0.41484375 0.2162037037037037 0.41510416666666666 0.21574074074074073 0.41510416666666666 0.21481481481481482 0.415625 0.21296296296296297 0.415625 0.21064814814814814 0.4127604166666667 0.20555555555555555 0.4119791666666667 0.2050925925925926 0.4114583333333333 0.20416666666666666 0.41119791666666666 0.20416666666666666 0.41067708333333336 0.20324074074074075 0.40963541666666664 0.2023148148148148 0.4088541666666667 0.20092592592592592 0.40859375 0.20092592592592592 0.4080729166666667 0.2 0.40703125 0.19907407407407407 0.4046875 0.19490740740740742 0.4046875 0.19444444444444445 0.4036458333333333 0.1925925925925926 0.4036458333333333 0.19212962962962962 0.40078125 0.1875 0.40078125 0.18703703703703703 0.4005208333333333 0.18703703703703703 0.39947916666666666 0.18518518518518517 0.3984375 0.18425925925925926 0.39479166666666665 0.17777777777777778 0.39453125 0.17592592592592593 0.39479166666666665 0.17546296296296296 0.39479166666666665 0.17453703703703705 0.3958333333333333 0.17083333333333334 0.39479166666666665 0.16898148148148148 0.39375 0.16805555555555557 0.3924479166666667 0.16574074074074074 0.39088541666666665 0.16064814814814815 0.3885416666666667 0.15648148148148147 0.3875 0.15601851851851853 0.38723958333333336 0.15555555555555556 0.38671875 0.15555555555555556 0.38645833333333335 0.1550925925925926 0.3854166666666667 0.1550925925925926 0.38515625 0.15462962962962962 0.3848958333333333 0.1550925925925926 0.38385416666666666 0.1550925925925926 0.38203125 0.1574074074074074
1 0.33359375 0.2537037037037037 0.3328125 0.2523148148148148 0.33125 0.25092592592592594 0.3307291666666667 0.25092592592592594 0.33046875 0.25046296296296294 0.3294270833333333 0.25046296296296294 0.32864583333333336 0.2513888888888889 0.328125 0.2513888888888889 0.32708333333333334 0.2523148148148148 0.3265625 0.25324074074074077 0.3263020833333333 0.25324074074074077 0.32265625 0.25972222222222224 0.32265625 0.2601851851851852 0.3140625 0.275 0.3140625 0.27546296296296297 0.3125 0.27824074074074073 0.3109375 0.2796296296296296 0.3098958333333333 0.2796296296296296 0.30963541666666666 0.2791666666666667 0.30833333333333335 0.27870370370370373 0.3072916666666667 0.2773148148148148 0.3059895833333333 0.27685185185185185 0.30546875 0.2777777777777778 0.30494791666666665 0.2796296296296296 0.30494791666666665 0.2810185185185185 0.3046875 0.2814814814814815 0.3046875 0.2828703703703704 0.30442708333333335 0.28379629629629627 0.3026041666666667 0.28703703703703703 0.30182291666666666 0.2875 0.30130208333333336 0.2884259259259259 0.30078125 0.2884259259259259 0.30052083333333335 0.28888888888888886 0.3 0.28888888888888886 0.29973958333333334 0.28935185185185186 0.29921875 0.28935185185185186 0.2981770833333333 0.2902777777777778 0.2955729166666667 0.29444444444444445 0.2953125 0.2953703703703704 0.2953125 0.3013888888888889 0.29609375 0.30324074074074076 0.29609375 0.3037037037037037 0.29921875 0.30972222222222223 0.2994791666666667 0.30972222222222223 0.30052083333333335 0.31157407407407406 0.30078125 0.31157407407407406 0.3026041666666667 0.3143518518518518 0.3028645833333333 0.3143518518518518 0.3033854166666667 0.31527777777777777 0.30442708333333335 0.3162037037037037 0.30625 0.3189814814814815 0.3067708333333333 0.3194444444444444 0.3072916666666667 0.3194444444444444 0.30755208333333334 0.3199074074074074 0.309375 0.3199074074074074 0.30963541666666666 0.32037037037037036 0.3109375 0.3194444444444444 0.31354166666666666 0.3148148148148148 0.3143229166666667 0.31203703703703706 0.31640625 0.30833333333333335 0.3182291666666667 0.30694444444444446 0.31979166666666664 0.30416666666666664 0.3203125 0.3023148148148148 0.3203125 0.3 0.32005208333333335 0.29953703703703705 0.32005208333333335 0.29814814814814816 0.31979166666666664 0.29768518518518516 0.31979166666666664 0.2962962962962963 0.31953125 0.29583333333333334 0.31953125 0.29398148148148145 0.3203125 0.2912037037037037 0.32109375 0.2898148148148148 0.32109375 0.28935185185185186 0.3260416666666667 0.28055555555555556 0.3260416666666667 0.2800925925925926 0.3265625 0.2791666666666667 0.32708333333333334 0.2773148148148148 0.32786458333333335 0.2759259259259259 0.32786458333333335 0.27546296296296297 0.3307291666666667 0.27037037037037037 0.3307291666666667 0.26990740740740743 0.3341145833333333 0.2638888888888889 0.3341145833333333 0.26342592592592595 0.3346354166666667 0.2625 0.33489583333333334 0.26157407407407407 0.33489583333333334 0.2587962962962963 0.3346354166666667 0.25833333333333336 0.3346354166666667 0.2574074074074074
1 0.43333333333333335 0.10833333333333334 0.43333333333333335 0.1050925925925926 0.43359375 0.10462962962962963 0.43359375 0.10092592592592593 0.43333333333333335 0.10046296296296296 0.43333333333333335 0.09907407407407408 0.43307291666666664 0.09861111111111111 0.43307291666666664 0.09768518518518518 0.4328125 0.09722222222222222 0.4328125 0.0962962962962963 0.4322916666666667 0.09444444444444444 0.4317708333333333 0.09351851851851851 0.4317708333333333 0.09305555555555556 0.43020833333333336 0.09027777777777778 0.42994791666666665 0.09027777777777778 0.428125 0.08796296296296297 0.4276041666666667 0.08796296296296297 0.4265625 0.08703703703703704 0.42578125 0.08703703703703704 0.42552083333333335 0.08657407407407407 0.42473958333333334 0.08657407407407407 0.4236979166666667 0.08564814814814815 0.421875 0.08518518518518518 0.42161458333333335 0.08472222222222223 0.4203125 0.08425925925925926 0.41953125 0.08333333333333333 0.41901041666666666 0.08333333333333333 0.41796875 0.0824074074074074 0.4171875 0.0824074074074074 0.41692708333333334 0.08194444444444444 0.41510416666666666 0.08194444444444444 0.41484375 0.0824074074074074 0.4140625 0.0824074074074074 0.4125 0.0837962962962963 0.4109375 0.08611111111111111 0.41067708333333336 0.08611111111111111 0.4083333333333333 0.09027777777777778 0.40677083333333336 0.09027777777777778 0.40572916666666664 0.08935185185185185 0.4049479166666667 0.08935185185185185 0.4046875 0.08888888888888889 0.40390625 0.08888888888888889 0.4036458333333333 0.08842592592592592 0.40286458333333336 0.08842592592592592 0.40260416666666665 0.08796296296296297 0.40208333333333335 0.08796296296296297 0.40182291666666664 0.0875 0.40078125 0.0875 0.4005208333333333 0.08703703703703704 0.39869791666666665 0.08703703703703704 0.3984375 0.08657407407407407 0.3963541666666667 0.08657407407407407 0.39609375 0.08611111111111111 0.39166666666666666 0.08611111111111111 0.39088541666666665 0.08703703703703704 0.39036458333333335 0.08703703703703704 0.38984375 0.0875 0.3888020833333333 0.08935185185185185 0.3880208333333333 0.09212962962962963 0.3880208333333333 0.09537037037037037 0.38828125 0.09583333333333334 0.38828125 0.09675925925925925 0.3885416666666667 0.09722222222222222 0.3888020833333333 0.09953703703703703 0.3890625 0.10046296296296296 0.39036458333333335 0.10277777777777777 0.390625 0.10277777777777777 0.39114583333333336 0.1037037037037037 0.39166666666666666 0.10416666666666667 0.3921875 0.10416666666666667 0.3924479166666667 0.10462962962962963 0.39479166666666665 0.1050925925925926 0.39505208333333336 0.10555555555555556 0.39557291666666666 0.10555555555555556 0.3966145833333333 0.10648148148148148 0.39791666666666664 0.10648148148148148 0.39817708333333335 0.10694444444444444 0.39921875 0.10694444444444444 0.39947916666666666 0.10740740740740741 0.40078125 0.10740740740740741 0.4010416666666667 0.10787037037037037 0.40208333333333335 0.10787037037037037 0.40234375 0.10833333333333334 0.4041666666666667 0.10833333333333334 0.4044270833333333 0.1087962962962963 0.40625 0.1087962962962963 0.40651041666666665 0.10925925925925926 0.4075520833333333 0.10925925925925926 0.4088541666666667 0.1111111111111111 0.40989583333333335 0.11527777777777778 0.41067708333333336 0.11666666666666667 0.41067708333333336 0.11712962962962963 0.4114583333333333 0.11851851851851852 0.4114583333333333 0.11898148148148148 0.41328125 0.12175925925925926 0.41432291666666665 0.12268518518518519 0.41484375 0.12268518518518519 0.41510416666666666 0.12314814814814815 0.4161458333333333 0.12314814814814815 0.41640625 0.12361111111111112 0.41692708333333334 0.12361111111111112 0.4171875 0.12314814814814815 0.42083333333333334 0.12314814814814815 0.42109375 0.12361111111111112 0.42291666666666666 0.12361111111111112 0.4231770833333333 0.12407407407407407 0.42421875 0.12407407407407407 0.4244791666666667 0.12361111111111112 0.42682291666666666 0.12361111111111112 0.4270833333333333 0.12314814814814815 0.4276041666666667 0.12314814814814815 0.42864583333333334 0.12222222222222222 0.4309895833333333 0.1175925925925926 0.43125 0.1162037037037037 0.4317708333333333 0.11527777777777778 0.43255208333333334 0.1125 0.43255208333333334 0.11157407407407408 0.43307291666666664 0.11018518518518519 0.43307291666666664 0.1087962962962963
2 0.6841145833333333 0.1259259259259259 0.6802083333333333 0.12824074074074074 0.6752604166666667 0.1337962962962963 0.67109375 0.13703703703703704 0.6700520833333333 0.1398148148148148 0.6700520833333333 0.14351851851851852 0.6713541666666667 0.15 0.6731770833333334 0.1550925925925926 0.6799479166666667 0.15833333333333333 0.6817708333333333 0.16296296296296298 0.68984375 0.22361111111111112 0.6934895833333333 0.24583333333333332 0.696875 0.27314814814814814 0.6989583333333333 0.28425925925925927 0.7067708333333333 0.34444444444444444 0.7083333333333334 0.35138888888888886 0.7111979166666667 0.35694444444444445 0.7127604166666667 0.35833333333333334 0.7169270833333333 0.3574074074074074 0.7200520833333334 0.35555555555555557 0.7221354166666667 0.3527777777777778 0.72265625 0.3509259259259259 0.7223958333333333 0.3421296296296296 0.71875 0.32175925925925924 0.7166666666666667 0.30277777777777776 0.7096354166666666 0.2564814814814815 0.7083333333333334 0.24305555555555555 0.7049479166666667 0.22083333333333333 0.7044270833333334 0.21388888888888888 0.7018229166666666 0.19722222222222222 0.7015625 0.19166666666666668 0.6966145833333334 0.15694444444444444 0.6966145833333334 0.15324074074074073 0.6973958333333333 0.14907407407407408 0.6986979166666667 0.14675925925925926 0.7005208333333334 0.14537037037037037 0.7020833333333333 0.14166666666666666 0.70234375 0.13425925925925927 0.7005208333333334 0.12777777777777777 0.6955729166666667 0.12407407407407407 0.6916666666666667 0.12361111111111112
3 0.43645833333333334 0.3990740740740741 0.43255208333333334 0.39675925925925926 0.43046875 0.39675925925925926 0.42890625 0.39814814814814814 0.4283854166666667 0.39814814814814814 0.4265625 0.40185185185185185 0.4239583333333333 0.4060185185185185 0.4231770833333333 0.40879629629629627 0.42265625 0.412962962962963 0.42239583333333336 0.4134259259259259 0.42239583333333336 0.41944444444444445 0.42265625 0.4199074074074074 0.42265625 0.425462962962963 0.42291666666666666 0.42592592592592593 0.42265625 0.4263888888888889 0.42265625 0.42777777777777776 0.42161458333333335 0.4300925925925926 0.4197916666666667 0.43287037037037035 0.41875 0.4356481481481482 0.40859375 0.4537037037037037 0.40859375 0.45416666666666666 0.40390625 0.462037037037037 0.40130208333333334 0.46944444444444444 0.40130208333333334 0.475462962962963 0.40208333333333335 0.47824074074074074 0.4041666666666667 0.4828703703703704 0.40703125 0.487962962962963 0.40859375 0.4898148148148148 0.41171875 0.4925925925925926 0.41432291666666665 0.4925925925925926 0.4166666666666667 0.4912037037037037 0.421875 0.4842592592592593 0.4236979166666667 0.4810185185185185 0.4296875 0.4685185185185185 0.4322916666666667 0.4638888888888889 0.43385416666666665 0.4597222222222222 0.4348958333333333 0.4583333333333333 0.4388020833333333 0.45092592592592595 0.43984375 0.45092592592592595 0.4432291666666667 0.4537037037037037 0.44453125 0.4537037037037037 0.44479166666666664 0.45416666666666666 0.4479166666666667 0.45416666666666666 0.44869791666666664 0.4537037037037037 0.4505208333333333 0.4513888888888889 0.45260416666666664 0.44675925925925924 0.453125 0.4449074074074074 0.45416666666666666 0.44351851851851853 0.45546875 0.44027777777777777 0.45546875 0.43287037037037035 0.4518229166666667 0.42407407407407405 0.4510416666666667 0.42083333333333334 0.45 0.41898148148148145 0.44895833333333335 0.41805555555555557 0.4427083333333333 0.4064814814814815 0.44036458333333334 0.40370370370370373 0.4393229166666667 0.40185185185185185
3 0.5125 0.512962962962963 0.5091145833333334 0.5087962962962963 0.50625 0.5069444444444444 0.5041666666666667 0.5074074074074074 0.49895833333333334 0.5111111111111111 0.49609375 0.5162037037037037 0.49453125 0.5231481481481481 0.49453125 0.5324074074074074 0.4942708333333333 0.5328703703703703 0.4940104166666667 0.5370370370370371 0.4934895833333333 0.537962962962963 0.4903645833333333 0.5402777777777777 0.48828125 0.5425925925925926 0.48723958333333334 0.5444444444444444 0.4828125 0.5476851851851852 0.48020833333333335 0.5513888888888889 0.47890625 0.5523148148148148 0.4783854166666667 0.5532407407407407 0.4778645833333333 0.5532407407407407 0.4734375 0.5569444444444445 0.47213541666666664 0.5587962962962963 0.4700520833333333 0.5606481481481481 0.4671875 0.5652777777777778 0.4669270833333333 0.5666666666666667 0.4671875 0.5736111111111111 0.46796875 0.5763888888888888 0.46848958333333335 0.5800925925925926 0.4700520833333333 0.5856481481481481 0.47421875 0.5939814814814814 0.4765625 0.5953703703703703 0.4791666666666667 0.5953703703703703 0.48072916666666665 0.5944444444444444 0.4828125 0.5925925925925926 0.48359375 0.5912037037037037 0.4875 0.5879629629629629 0.49140625 0.5828703703703704 0.49453125 0.5805555555555556 0.4973958333333333 0.5768518518518518 0.5 0.5745370370370371 0.5018229166666667 0.5736111111111111 0.50390625 0.5717592592592593 0.5052083333333334 0.5699074074074074 0.50625 0.5703703703703704 0.50703125 0.5717592592592593 0.50859375 0.5731481481481482 0.5091145833333334 0.5731481481481482 0.5114583333333333 0.575462962962963 0.5138020833333333 0.5768518518518518 0.5182291666666666 0.575925925925926 0.52109375 0.5731481481481482 0.5229166666666667 0.5699074074074074 0.5247395833333334 0.5652777777777778 0.52578125 0.5587962962962963 0.52421875 0.5453703703703704 0.521875 0.5351851851851852 0.5190104166666667 0.5287037037037037 0.5174479166666667 0.5236111111111111 0.5161458333333333 0.5212962962962963 0.5143229166666666 0.5162037037037037
3 0.5203125 0.6064814814814815 0.5190104166666667 0.6078703703703704 0.51796875 0.6083333333333333 0.5169270833333334 0.6106481481481482 0.5158854166666667 0.6138888888888889 0.515625 0.6185185185185185 0.5153645833333333 0.6189814814814815 0.5153645833333333 0.624537037037037 0.5151041666666667 0.625 0.5153645833333333 0.6300925925925925 0.51640625 0.6333333333333333 0.5177083333333333 0.6347222222222222 0.5203125 0.6393518518518518 0.5208333333333334 0.6412037037037037 0.5208333333333334 0.6449074074074074 0.5205729166666667 0.6453703703703704 0.5200520833333333 0.6555555555555556 0.5197916666666667 0.6560185185185186 0.5197916666666667 0.6583333333333333 0.51953125 0.6587962962962963 0.51953125 0.6606481481481481 0.5192708333333333 0.6611111111111111 0.5192708333333333 0.662962962962963 0.5190104166666667 0.663425925925926 0.5190104166666667 0.6652777777777777 0.51875 0.6657407407407407 0.51875 0.6675925925925926 0.51796875 0.6726851851851852 0.51796875 0.6773148148148148 0.5177083333333333 0.6777777777777778 0.5174479166666667 0.6851851851851852 0.5171875 0.6856481481481481 0.5166666666666667 0.6916666666666667 0.5153645833333333 0.6986111111111111 0.515625 0.6990740740740741 0.515625 0.7023148148148148 0.5161458333333333 0.7046296296296296 0.5166666666666667 0.7055555555555556 0.5200520833333333 0.7087962962962963 0.5216145833333333 0.7097222222222223 0.5223958333333333 0.7097222222222223 0.5247395833333334 0.7111111111111111 0.5276041666666667 0.711574074074074 0.5278645833333333 0.712037037037037 0.5328125 0.712037037037037 0.5330729166666667 0.711574074074074 0.5338541666666666 0.711574074074074 0.5348958333333333 0.7101851851851851 0.5359375 0.7060185185185185 0.53671875 0.6958333333333333 0.5375 0.6912037037037037 0.5377604166666666 0.6865740740740741 0.5388020833333333 0.6800925925925926 0.5388020833333333 0.6782407407407407 0.5427083333333333 0.6578703703703703 0.54296875 0.6532407407407408 0.5434895833333333 0.6504629629629629 0.5447916666666667 0.6486111111111111 0.54921875 0.6481481481481481 0.5513020833333333 0.6467592592592593 0.5533854166666666 0.6435185185185185 0.55390625 0.6416666666666667 0.5541666666666667 0.638425925925926 0.5544270833333333 0.637962962962963 0.5544270833333333 0.6277777777777778 0.5541666666666667 0.6273148148148148 0.55390625 0.6226851851851852 0.5526041666666667 0.6194444444444445 0.5484375 0.6152777777777778 0.5453125 0.6134259259259259 0.5434895833333333 0.6129629629629629 0.5424479166666667 0.612037037037037 0.5416666666666666 0.612037037037037 0.540625 0.6111111111111112 0.53984375 0.6111111111111112 0.5388020833333333 0.6101851851851852 0.5380208333333333 0.6101851851851852 0.5361979166666667 0.6087962962962963 0.5302083333333333 0.6069444444444444 0.5299479166666666 0.6064814814814815 0.5260416666666666 0.6064814814814815 0.52578125 0.6060185185185185
4 0.6479166666666667 0.36018518518518516 0.64609375 0.3611111111111111 0.6419270833333334 0.36157407407407405 0.6401041666666667 0.362962962962963 0.6390625 0.362962962962963 0.6361979166666667 0.3648148148148148 0.634375 0.36527777777777776 0.63046875 0.3680555555555556 0.6260416666666667 0.37222222222222223 0.6231770833333333 0.3736111111111111 0.6223958333333334 0.37453703703703706 0.6213541666666667 0.3773148148148148 0.6213541666666667 0.3800925925925926 0.6221354166666667 0.3851851851851852 0.6234375 0.38842592592592595 0.6255208333333333 0.38935185185185184 0.6283854166666667 0.38935185185185184 0.6296875 0.38842592592592595 0.6307291666666667 0.38842592592592595 0.63203125 0.39166666666666666 0.63515625 0.41435185185185186 0.6395833333333333 0.4398148148148148 0.6408854166666667 0.4513888888888889 0.6416666666666667 0.45555555555555555 0.6419270833333334 0.4597222222222222 0.64375 0.46944444444444444 0.64453125 0.47638888888888886 0.6466145833333333 0.48518518518518516 0.6479166666666667 0.4875 0.6494791666666667 0.4888888888888889 0.6518229166666667 0.4888888888888889 0.6567708333333333 0.48703703703703705 0.6578125 0.4861111111111111 0.6588541666666666 0.4842592592592593 0.6596354166666667 0.4791666666666667 0.6596354166666667 0.47453703703703703 0.6588541666666666 0.4708333333333333 0.65859375 0.4671296296296296 0.6578125 0.4638888888888889 0.6575520833333334 0.46064814814814814 0.6567708333333333 0.45740740740740743 0.6565104166666667 0.45416666666666666 0.6552083333333333 0.4476851851851852 0.6546875 0.4412037037037037 0.65234375 0.4273148148148148 0.6505208333333333 0.4111111111111111 0.6489583333333333 0.4027777777777778 0.6484375 0.3976851851851852 0.6473958333333333 0.39351851851851855 0.646875 0.38564814814814813 0.6466145833333333 0.3851851851851852 0.646875 0.37962962962962965 0.6479166666666667 0.3773148148148148 0.65234375 0.37592592592592594 0.6533854166666667 0.375 0.6544270833333333 0.3731481481481482 0.6546875 0.3712962962962963 0.6536458333333334 0.3675925925925926 0.6533854166666667 0.36527777777777776 0.6526041666666667 0.3625 0.6518229166666667 0.3611111111111111 0.65078125 0.36018518518518516
4 0.6703125 0.3578703703703704 0.6690104166666667 0.36203703703703705 0.6690104166666667 0.36574074074074076 0.6703125 0.37083333333333335 0.6721354166666667 0.37222222222222223 0.6760416666666667 0.37222222222222223 0.6770833333333334 0.3712962962962963 0.6783854166666666 0.3712962962962963 0.6802083333333333 0.37222222222222223 0.6815104166666667 0.375 0.68203125 0.37962962962962965 0.68359375 0.38425925925925924 0.6841145833333333 0.3925925925925926 0.6848958333333334 0.39814814814814814 0.6877604166666667 0.4111111111111111 0.6888020833333334 0.42083333333333334 0.6893229166666667 0.4222222222222222 0.68984375 0.4263888888888889 0.6911458333333333 0.43148148148148147 0.6911458333333333 0.43287037037037035 0.69453125 0.4476851851851852 0.6963541666666667 0.46111111111111114 0.69921875 0.46944444444444444 0.7015625 0.47175925925925927 0.70546875 0.47175925925925927 0.7088541666666667 0.46944444444444444 0.7098958333333333 0.4671296296296296 0.7104166666666667 0.4634259259259259 0.7104166666666667 0.4587962962962963 0.71015625 0.4583333333333333 0.7098958333333333 0.4537037037037037 0.70859375 0.44722222222222224 0.7075520833333333 0.4444444444444444 0.7046875 0.4273148148148148 0.7028645833333333 0.4212962962962963 0.6994791666666667 0.3990740740740741 0.6979166666666666 0.39166666666666666 0.69765625 0.3851851851851852 0.6966145833333334 0.3800925925925926 0.6955729166666667 0.3768518518518518 0.6947916666666667 0.3726851851851852 0.6947916666666667 0.36944444444444446 0.69453125 0.36898148148148147 0.69453125 0.3648148148148148 0.6958333333333333 0.36064814814814816 0.69765625 0.3578703703703704 0.7005208333333334 0.35694444444444445 0.7015625 0.3560185185185185 0.7020833333333333 0.35 0.7013020833333333 0.34629629629629627 0.7002604166666667 0.34444444444444444 0.6966145833333334 0.3435185185185185 0.6963541666666667 0.3439814814814815 0.69375 0.34444444444444444 0.6921875 0.3458333333333333 0.6861979166666666 0.3472222222222222 0.6807291666666667 0.350462962962963 0.6791666666666667 0.35185185185185186 0.6768229166666667 0.35509259259259257 0.6729166666666667 0.3560185185185185
4 0.5796875 0.7148148148148148 0.5776041666666667 0.7143518518518519 0.5765625 0.7134259259259259 0.57265625 0.7129629629629629 0.5716145833333334 0.7138888888888889 0.5684895833333333 0.7194444444444444 0.5682291666666667 0.725925925925926 0.56875 0.7277777777777777 0.56953125 0.7282407407407407 0.57109375 0.7319444444444444 0.57109375 0.7347222222222223 0.5713541666666667 0.7351851851851852 0.57109375 0.7412037037037037 0.5700520833333333 0.7449074074074075 0.56875 0.7472222222222222 0.5666666666666667 0.7541666666666667 0.56484375 0.7583333333333333 0.5614583333333333 0.7703703703703704 0.56015625 0.7736111111111111 0.5588541666666667 0.7787037037037037 0.55625 0.7856481481481481 0.5546875 0.7912037037037037 0.5518229166666667 0.799074074074074 0.5502604166666667 0.8023148148148148 0.546875 0.8125 0.5453125 0.8157407407407408 0.5442708333333334 0.8208333333333333 0.5442708333333334 0.8245370370370371 0.5455729166666666 0.8287037037037037 0.5489583333333333 0.8337962962962963 0.5505208333333333 0.8351851851851851 0.5533854166666666 0.8356481481481481 0.5552083333333333 0.8337962962962963 0.55703125 0.8305555555555556 0.5627604166666667 0.812962962962963 0.56953125 0.7958333333333333 0.5700520833333333 0.7935185185185185 0.575 0.7805555555555556 0.5760416666666667 0.7763888888888889 0.5794270833333334 0.7680555555555556 0.5799479166666667 0.7657407407407407 0.5822916666666667 0.7606481481481482 0.5838541666666667 0.7555555555555555 0.5864583333333333 0.7527777777777778 0.5888020833333333 0.7527777777777778 0.5908854166666667 0.7541666666666667 0.5950520833333334 0.7537037037037037 0.5966145833333333 0.7513888888888889 0.5981770833333333 0.7467592592592592 0.5981770833333333 0.7425925925925926 0.59765625 0.7388888888888889 0.5966145833333333 0.736574074074074 0.5955729166666667 0.7328703703703704 0.59375 0.7296296296296296 0.59140625 0.7263888888888889 0.5908854166666667 0.7263888888888889 0.5893229166666667 0.7245370370370371 0.5861979166666667 0.7222222222222222 0.58359375 0.7180555555555556 0.5825520833333333 0.7175925925925926
4 0.5455729166666666 0.7074074074074074 0.5432291666666667 0.7074074074074074 0.54140625 0.7083333333333334 0.5401041666666667 0.7111111111111111 0.5364583333333334 0.7245370370370371 0.5361979166666667 0.7268518518518519 0.5322916666666667 0.7430555555555556 0.5309895833333333 0.7462962962962963 0.5294270833333333 0.7518518518518519 0.5294270833333333 0.7527777777777778 0.5268229166666667 0.7620370370370371 0.5265625 0.7643518518518518 0.5239583333333333 0.7731481481481481 0.5223958333333333 0.7824074074074074 0.52109375 0.7865740740740741 0.52109375 0.7875 0.5200520833333333 0.7898148148148149 0.51796875 0.7981481481481482 0.5166666666666667 0.8009259259259259 0.5145833333333333 0.8032407407407407 0.5125 0.8032407407407407 0.5106770833333333 0.8018518518518518 0.50625 0.8023148148148148 0.5052083333333334 0.8041666666666667 0.5046875 0.8069444444444445 0.5046875 0.8106481481481481 0.5052083333333334 0.8143518518518519 0.5065104166666666 0.8175925925925925 0.5109375 0.8217592592592593 0.51484375 0.8263888888888888 0.5223958333333333 0.8328703703703704 0.5229166666666667 0.8328703703703704 0.5255208333333333 0.8356481481481481 0.5294270833333333 0.8379629629629629 0.53359375 0.837037037037037 0.53515625 0.8351851851851851 0.5369791666666667 0.8305555555555556 0.5369791666666667 0.8282407407407407 0.5361979166666667 0.8245370370370371 0.53046875 0.8157407407407408 0.5299479166666666 0.8125 0.5299479166666666 0.8083333333333333 0.53359375 0.799074074074074 0.5359375 0.7865740740740741 0.5393229166666667 0.7731481481481481 0.5403645833333334 0.7675925925925926 0.5416666666666666 0.763425925925926 0.5440104166666667 0.7518518518518519 0.5489583333333333 0.7351851851851852 0.5518229166666667 0.7194444444444444 0.5518229166666667 0.7171296296296297 0.55078125 0.7129629629629629 0.5481770833333334 0.7092592592592593
4 0.5098958333333333 0.7523148148148148 0.50859375 0.7509259259259259 0.5065104166666666 0.7472222222222222 0.5018229166666667 0.7425925925925926 0.4984375 0.7425925925925926 0.49505208333333334 0.7472222222222222 0.4942708333333333 0.7523148148148148 0.49453125 0.7592592592592593 0.4947916666666667 0.7597222222222222 0.49453125 0.7662037037037037 0.4934895833333333 0.7689814814814815 0.47994791666666664 0.7921296296296296 0.4778645833333333 0.7949074074074074 0.4752604166666667 0.799537037037037 0.47109375 0.8050925925925926 0.46822916666666664 0.8097222222222222 0.4661458333333333 0.812037037037037 0.4640625 0.8157407407407408 0.459375 0.8222222222222222 0.45677083333333335 0.8277777777777777 0.45625 0.8296296296296296 0.45625 0.8361111111111111 0.4583333333333333 0.8444444444444444 0.459375 0.8462962962962963 0.46328125 0.8467592592592592 0.4674479166666667 0.8425925925925926 0.46901041666666665 0.8398148148148148 0.4705729166666667 0.8379629629629629 0.4747395833333333 0.8305555555555556 0.4786458333333333 0.825462962962963 0.48203125 0.8194444444444444 0.49505208333333334 0.8009259259259259 0.4979166666666667 0.7953703703703704 0.5052083333333334 0.7870370370370371 0.50625 0.7870370370370371 0.5075520833333333 0.7888888888888889 0.5127604166666667 0.7921296296296296 0.5143229166666666 0.7921296296296296 0.5174479166666667 0.7898148148148149 0.5184895833333333 0.7875 0.5184895833333333 0.7847222222222222 0.5177083333333333 0.7796296296296297 0.51484375 0.7703703703703704 0.5122395833333333 0.7583333333333333
4 0.48984375 0.662962962962963 0.4869791666666667 0.6583333333333333 0.48385416666666664 0.6564814814814814 0.4830729166666667 0.6555555555555556 0.48203125 0.6555555555555556 0.4817708333333333 0.6550925925925926 0.48125 0.6555555555555556 0.4786458333333333 0.6555555555555556 0.47760416666666666 0.6564814814814814 0.4747395833333333 0.6615740740740741 0.47421875 0.663425925925926 0.4744791666666667 0.6717592592592593 0.4739583333333333 0.674074074074074 0.47369791666666666 0.6777777777777778 0.47213541666666664 0.6819444444444445 0.46927083333333336 0.6861111111111111 0.46458333333333335 0.6944444444444444 0.45651041666666664 0.7037037037037037 0.45260416666666664 0.7097222222222223 0.4513020833333333 0.7111111111111111 0.44947916666666665 0.7143518518518519 0.44635416666666666 0.7175925925925926 0.44557291666666665 0.7189814814814814 0.4440104166666667 0.7203703703703703 0.4388020833333333 0.7268518518518519 0.4356770833333333 0.7319444444444444 0.4348958333333333 0.7337962962962963 0.43385416666666665 0.7379629629629629 0.43411458333333336 0.7430555555555556 0.4354166666666667 0.7481481481481481 0.43671875 0.750462962962963 0.43854166666666666 0.7523148148148148 0.44166666666666665 0.7523148148148148 0.44375 0.7509259259259259 0.45 0.7416666666666667 0.4549479166666667 0.7356481481481482 0.46015625 0.7282407407407407 0.4630208333333333 0.725 0.46640625 0.7194444444444444 0.47109375 0.7143518518518519 0.47421875 0.7101851851851851 0.47578125 0.7074074074074074 0.4786458333333333 0.7041666666666667 0.4817708333333333 0.6995370370370371 0.4830729166666667 0.6990740740740741 0.48333333333333334 0.6995370370370371 0.4859375 0.7 0.4901041666666667 0.7041666666666667 0.49375 0.7041666666666667 0.4947916666666667 0.7032407407407407 0.4973958333333333 0.6986111111111111 0.49765625 0.6972222222222222 0.49765625 0.6912037037037037 0.4973958333333333 0.6907407407407408 0.49713541666666666 0.6851851851851852 0.49453125 0.6731481481481482 0.49296875 0.6694444444444444 0.490625 0.6652777777777777
4 0.5325520833333334 0.4708333333333333 0.5268229166666667 0.46111111111111114 0.5255208333333333 0.45740740740740743 0.52421875 0.4550925925925926 0.521875 0.4537037037037037 0.5192708333333333 0.44907407407407407 0.5171875 0.44675925925925924 0.5143229166666666 0.44537037037037036 0.5130208333333334 0.44583333333333336 0.5104166666666666 0.45092592592592595 0.5098958333333333 0.4527777777777778 0.51015625 0.46296296296296297 0.5083333333333333 0.4689814814814815 0.5033854166666667 0.47824074074074074 0.5020833333333333 0.47962962962962963 0.49713541666666666 0.48842592592592593 0.49635416666666665 0.49074074074074076 0.4895833333333333 0.5023148148148148 0.48828125 0.5055555555555555 0.48515625 0.5101851851851852 0.484375 0.5125 0.48151041666666666 0.5175925925925926 0.48072916666666665 0.5199074074074074 0.4778645833333333 0.524074074074074 0.4752604166666667 0.5296296296296297 0.4747395833333333 0.5319444444444444 0.4747395833333333 0.538425925925926 0.47578125 0.5416666666666666 0.47708333333333336 0.5439814814814815 0.4778645833333333 0.5462962962962963 0.4786458333333333 0.5472222222222223 0.4822916666666667 0.5467592592592593 0.48359375 0.5458333333333333 0.48984375 0.5347222222222222 0.4921875 0.5287037037037037 0.49296875 0.525 0.4940104166666667 0.5222222222222223 0.4953125 0.5171296296296296 0.4973958333333333 0.5125 0.5013020833333334 0.5074074074074074 0.50625 0.5041666666666667 0.5109375 0.49675925925925923 0.5138020833333333 0.49027777777777776 0.51640625 0.48564814814814816 0.5182291666666666 0.48333333333333334 0.5208333333333334 0.47824074074074074 0.5221354166666666 0.47824074074074074 0.5244791666666667 0.48148148148148145 0.52734375 0.4837962962962963 0.5299479166666666 0.4842592592592593 0.53125 0.48333333333333334 0.5325520833333334 0.48148148148148145 0.53359375 0.47638888888888886 0.53359375 0.47453703703703703
4 0.5270833333333333 0.5101851851851852 0.5263020833333333 0.5157407407407407 0.5263020833333333 0.5185185185185185 0.5268229166666667 0.5222222222222223 0.5286458333333334 0.5268518518518519 0.5372395833333333 0.5342592592592592 0.5377604166666666 0.5342592592592592 0.5453125 0.5412037037037037 0.5458333333333333 0.5412037037037037 0.5510416666666667 0.5462962962962963 0.5515625 0.5462962962962963 0.5596354166666667 0.5532407407407407 0.5645833333333333 0.5560185185185185 0.5677083333333334 0.5597222222222222 0.5705729166666667 0.5615740740740741 0.5731770833333333 0.5648148148148148 0.57421875 0.5666666666666667 0.575 0.5699074074074074 0.575 0.5773148148148148 0.5747395833333333 0.5777777777777777 0.575 0.5810185185185185 0.5755208333333334 0.5828703703703704 0.5765625 0.5842592592592593 0.5794270833333334 0.5861111111111111 0.5833333333333334 0.5861111111111111 0.5854166666666667 0.5847222222222223 0.5872395833333334 0.5824074074074074 0.58984375 0.5768518518518518 0.5934895833333333 0.5652777777777778 0.5950520833333334 0.5564814814814815 0.5953125 0.5435185185185185 0.5942708333333333 0.5375 0.5916666666666667 0.5333333333333333 0.5875 0.5342592592592592 0.5854166666666667 0.5370370370370371 0.5841145833333333 0.5398148148148149 0.5802083333333333 0.5435185185185185 0.5794270833333334 0.5435185185185185 0.578125 0.5421296296296296 0.575 0.5407407407407407 0.5736979166666667 0.5388888888888889 0.5640625 0.5305555555555556 0.55859375 0.5273148148148148 0.5546875 0.5231481481481481 0.5513020833333333 0.5208333333333334 0.54609375 0.5157407407407407 0.5388020833333333 0.5106481481481482 0.5377604166666666 0.5092592592592593 0.5325520833333334 0.5064814814814815 0.5296875 0.5064814814814815 0.5283854166666667 0.5074074074074074
5 0.42109375 0.15 0.42109375 0.1537037037037037 0.42083333333333334 0.15416666666666667 0.42083333333333334 0.16898148148148148 0.42109375 0.16944444444444445 0.42109375 0.17314814814814813 0.42135416666666664 0.1736111111111111 0.42161458333333335 0.17962962962962964 0.421875 0.18009259259259258 0.421875 0.18194444444444444 0.42213541666666665 0.1824074074074074 0.42213541666666665 0.18425925925925926 0.42239583333333336 0.18472222222222223 0.42265625 0.18888888888888888 0.42291666666666666 0.18935185185185185 0.42291666666666666 0.19675925925925927 0.4231770833333333 0.19722222222222222 0.4231770833333333 0.19907407407407407 0.4236979166666667 0.20046296296296295 0.4236979166666667 0.2013888888888889 0.42421875 0.20277777777777778 0.4244791666666667 0.2050925925925926 0.42526041666666664 0.20787037037037037 0.4270833333333333 0.21064814814814814 0.4278645833333333 0.21064814814814814 0.428125 0.2111111111111111 0.42864583333333334 0.21064814814814814 0.43333333333333335 0.21064814814814814 0.4348958333333333 0.20972222222222223 0.4356770833333333 0.20833333333333334 0.4361979166666667 0.20601851851851852 0.4361979166666667 0.19722222222222222 0.43671875 0.19537037037037036 0.4375 0.19398148148148148 0.43854166666666666 0.19305555555555556 0.4393229166666667 0.19305555555555556 0.44166666666666665 0.19166666666666668 0.4427083333333333 0.19166666666666668 0.4440104166666667 0.19074074074074074 0.4453125 0.19074074074074074 0.44557291666666665 0.19027777777777777 0.45078125 0.18981481481481483 0.4510416666666667 0.18935185185185185 0.45260416666666664 0.18935185185185185 0.45286458333333335 0.18888888888888888 0.4544270833333333 0.18888888888888888 0.4546875 0.1884259259259259 0.4583333333333333 0.1884259259259259 0.45859375 0.18796296296296297 0.46119791666666665 0.18796296296296297 0.46145833333333336 0.1875 0.46380208333333334 0.1875 0.4640625 0.18703703703703703 0.46770833333333334 0.1865740740740741 0.46796875 0.18611111111111112 0.4700520833333333 0.18564814814814815 0.47161458333333334 0.18472222222222223 0.47291666666666665 0.1824074074074074 0.47317708333333336 0.17962962962962964 0.4734375 0.17916666666666667 0.4734375 0.1726851851851852 0.47317708333333336 0.17222222222222222 0.47317708333333336 0.1685185185185185 0.47291666666666665 0.16805555555555557 0.47265625 0.1625 0.47161458333333334 0.15694444444444444 0.47109375 0.15555555555555556 0.4700520833333333 0.15416666666666667 0.46536458333333336 0.15416666666666667 0.46510416666666665 0.15462962962962962 0.46380208333333334 0.15462962962962962 0.4635416666666667 0.1550925925925926 0.4609375 0.1550925925925926 0.46067708333333335 0.15555555555555556 0.45703125 0.15601851851851853 0.45677083333333335 0.15648148148148147 0.4546875 0.15648148148148147 0.4544270833333333 0.15694444444444444 0.45260416666666664 0.15694444444444444 0.45234375 0.1574074074074074 0.44895833333333335 0.15787037037037038 0.44869791666666664 0.15833333333333333 0.44375 0.1587962962962963 0.4434895833333333 0.15925925925925927 0.44166666666666665 0.15925925925925927 0.44140625 0.1597222222222222 0.4395833333333333 0.1597222222222222 0.4393229166666667 0.16018518518518518 0.43515625 0.16064814814814815 0.43385416666666665 0.15833333333333333 0.43307291666666664 0.15555555555555556 0.4322916666666667 0.1486111111111111 0.43125 0.14629629629629629 0.43020833333333336 0.14629629629629629 0.42994791666666665 0.14583333333333334 0.42682291666666666 0.14583333333333334 0.42526041666666664 0.14675925925925926 0.4239583333333333 0.14675925925925926 0.421875 0.14814814814814814
5 0.3572916666666667 0.41712962962962963 0.35442708333333334 0.4222222222222222 0.3541666666666667 0.4222222222222222 0.35234375 0.42592592592592593 0.35182291666666665 0.42777777777777776 0.35182291666666665 0.43194444444444446 0.3515625 0.43287037037037035 0.35182291666666665 0.43333333333333335 0.35182291666666665 0.4351851851851852 0.35234375 0.43657407407407406 0.3533854166666667 0.44212962962962965 0.35442708333333334 0.4444444444444444 0.35494791666666664 0.44675925925925924 0.35651041666666666 0.45046296296296295 0.3567708333333333 0.45185185185185184 0.359375 0.45787037037037037 0.3611979166666667 0.4652777777777778 0.36354166666666665 0.4708333333333333 0.3645833333333333 0.47453703703703703 0.3645833333333333 0.47638888888888886 0.3640625 0.4777777777777778 0.36328125 0.48194444444444445 0.36328125 0.487962962962963 0.36302083333333335 0.48842592592592593 0.36302083333333335 0.4912037037037037 0.36328125 0.49166666666666664 0.36328125 0.49722222222222223 0.36484375 0.5037037037037037 0.365625 0.5055555555555555 0.36822916666666666 0.5097222222222222 0.3703125 0.5101851851851852 0.37057291666666664 0.5106481481481482 0.37395833333333334 0.5106481481481482 0.37421875 0.5101851851851852 0.3768229166666667 0.5097222222222222 0.3770833333333333 0.5092592592592593 0.3809895833333333 0.5078703703703704 0.38359375 0.5060185185185185 0.384375 0.5060185185185185 0.38828125 0.5027777777777778 0.3921875 0.4976851851851852 0.3966145833333333 0.4898148148148148 0.396875 0.4888888888888889 0.3971354166666667 0.48518518518518516 0.39739583333333334 0.4847222222222222 0.39739583333333334 0.4787037037037037 0.3971354166666667 0.47824074074074074 0.3971354166666667 0.4759259259259259 0.3963541666666667 0.47175925925925927 0.3963541666666667 0.4699074074074074 0.39557291666666666 0.4666666666666667 0.3932291666666667 0.4625 0.390625 0.46064814814814814 0.38958333333333334 0.46064814814814814 0.3893229166666667 0.4601851851851852 0.38619791666666664 0.4601851851851852 0.3859375 0.4597222222222222 0.38229166666666664 0.4597222222222222 0.37994791666666666 0.4583333333333333 0.37942708333333336 0.45740740740740743 0.3776041666666667 0.45092592592592595 0.37604166666666666 0.44722222222222224 0.375 0.44305555555555554 0.37447916666666664 0.44212962962962965 0.3734375 0.43842592592592594 0.37161458333333336 0.43472222222222223 0.3703125 0.4310185185185185 0.36796875 0.4263888888888889 0.36666666666666664 0.42083333333333334 0.3653645833333333 0.41898148148148145 0.36276041666666664 0.4166666666666667 0.3611979166666667 0.4162037037037037 0.3609375 0.41574074074074074
6 0.3536458333333333 0.19722222222222222 0.3528645833333333 0.19814814814814816 0.35234375 0.19814814814814816 0.3515625 0.19953703703703704 0.35130208333333335 0.19953703703703704 0.35078125 0.20046296296296295 0.35 0.20092592592592592 0.34921875 0.2023148148148148 0.3489583333333333 0.2023148148148148 0.34739583333333335 0.20555555555555555 0.34713541666666664 0.20555555555555555 0.34713541666666664 0.20601851851851852 0.3455729166666667 0.20879629629629629 0.3455729166666667 0.20925925925925926 0.34479166666666666 0.21064814814814814 0.34453125 0.21203703703703702 0.34401041666666665 0.21296296296296297 0.34401041666666665 0.21388888888888888 0.34348958333333335 0.21481481481481482 0.34322916666666664 0.2162037037037037 0.3424479166666667 0.2175925925925926 0.3424479166666667 0.21805555555555556 0.3421875 0.21851851851851853 0.3421875 0.22268518518518518 0.3424479166666667 0.22314814814814815 0.3424479166666667 0.22546296296296298 0.34270833333333334 0.22592592592592592 0.34270833333333334 0.2273148148148148 0.34296875 0.22777777777777777 0.34296875 0.22962962962962963 0.34322916666666664 0.2300925925925926 0.34322916666666664 0.23194444444444445 0.34348958333333335 0.2324074074074074 0.34348958333333335 0.2337962962962963 0.34375 0.23425925925925925 0.34375 0.23564814814814813 0.34401041666666665 0.2361111111111111 0.34401041666666665 0.23842592592592593 0.34427083333333336 0.2388888888888889 0.34427083333333336 0.24027777777777778 0.34479166666666666 0.24166666666666667 0.34479166666666666 0.24259259259259258 0.3450520833333333 0.24305555555555555 0.3458333333333333 0.2462962962962963 0.3489583333333333 0.2518518518518518 0.34921875 0.2518518518518518 0.35 0.25277777777777777 0.35104166666666664 0.25277777777777777 0.35130208333333335 0.25324074074074077 0.35208333333333336 0.25324074074074077 0.35234375 0.2537037037037037 0.3533854166666667 0.2537037037037037 0.3536458333333333 0.25416666666666665 0.3546875 0.25416666666666665 0.35494791666666664 0.25462962962962965 0.35572916666666665 0.25462962962962965 0.35598958333333336 0.2550925925925926 0.35651041666666666 0.2550925925925926 0.3567708333333333 0.25555555555555554 0.3572916666666667 0.25555555555555554 0.3575520833333333 0.25601851851851853 0.35833333333333334 0.25601851851851853 0.35859375 0.2564814814814815 0.35911458333333335 0.2564814814814815 0.359375 0.2569444444444444 0.35989583333333336 0.2569444444444444 0.36015625 0.2574074074074074 0.3609375 0.2574074074074074 0.3611979166666667 0.25787037037037036 0.3625 0.25787037037037036 0.36276041666666664 0.25833333333333336 0.365625 0.25833333333333336 0.36640625 0.2574074074074074 0.36692708333333335 0.2574074074074074 0.36770833333333336 0.2564814814814815 0.36822916666666666 0.2564814814814815 0.3684895833333333 0.25601851851851853 0.36875 0.25601851851851853 0.3692708333333333 0.2550925925925926 0.36953125 0.2550925925925926 0.37005208333333334 0.25416666666666665 0.3703125 0.25416666666666665 0.37109375 0.25277777777777777 0.371875 0.2523148148148148 0.37265625 0.25092592592592594 0.3729166666666667 0.25092592592592594 0.37421875 0.24861111111111112 0.37421875 0.24814814814814815 0.375 0.24675925925925926 0.375 0.2462962962962963 0.37526041666666665 0.24583333333333332 0.37526041666666665 0.2449074074074074 0.37552083333333336 0.24444444444444444 0.37552083333333336 0.2439814814814815 0.3768229166666667 0.23981481481481481 0.3768229166666667 0.2388888888888889 0.3770833333333333 0.23842592592592593 0.3770833333333333 0.2361111111111111 0.37734375 0.23564814814814813 0.37734375 0.23148148148148148 0.3765625 0.22916666666666666 0.3763020833333333 0.22685185185185186 0.37552083333333336 0.225 0.37552083333333336 0.22407407407407406 0.37526041666666665 0.22361111111111112 0.37526041666666665 0.22268518518518518 0.375 0.2222222222222222 0.37473958333333335 0.2199074074074074 0.37447916666666664 0.21944444444444444 0.37447916666666664 0.21898148148148147 0.37421875 0.21851851851851853 0.37421875 0.2175925925925926 0.3734375 0.2152777777777778 0.3729166666666667 0.2111111111111111 0.3723958333333333 0.2101851851851852 0.3723958333333333 0.20972222222222223 0.37161458333333336 0.20787037037037037 0.37135416666666665 0.2064814814814815 0.3697916666666667 0.2037037037037037 0.36953125 0.2037037037037037 0.3692708333333333 0.20324074074074075 0.36875 0.20324074074074075 0.36484375 0.19953703703703704 0.36432291666666666 0.19953703703703704 0.3640625 0.19907407407407407 0.36354166666666665 0.19907407407407407 0.36328125 0.1986111111111111 0.36276041666666664 0.1986111111111111 0.3625 0.19814814814814816 0.3619791666666667 0.19814814814814816 0.36171875 0.19768518518518519 0.3609375 0.19768518518518519 0.3606770833333333 0.19722222222222222 0.35963541666666665 0.19722222222222222 0.359375 0.19675925925925927 0.35494791666666664 0.19675925925925927 0.3546875 0.19722222222222222
6 0.5684895833333333 0.09398148148148149 0.5669270833333333 0.09398148148148149 0.5666666666666667 0.09351851851851851 0.5640625 0.09351851851851851 0.5638020833333334 0.09398148148148149 0.5625 0.09398148148148149 0.5622395833333333 0.09444444444444444 0.5609375 0.09444444444444444 0.5596354166666667 0.09583333333333334 0.5591145833333333 0.09583333333333334 0.5583333333333333 0.09675925925925925 0.5578125 0.09675925925925925 0.5575520833333333 0.09722222222222222 0.55703125 0.09722222222222222 0.5567708333333333 0.09768518518518518 0.5559895833333334 0.09814814814814815 0.55546875 0.09907407407407408 0.5546875 0.09953703703703703 0.55390625 0.10092592592592593 0.5536458333333333 0.10092592592592593 0.5515625 0.10462962962962963 0.5515625 0.1050925925925926 0.5510416666666667 0.10601851851851851 0.5510416666666667 0.10648148148148148 0.5505208333333333 0.10787037037037037 0.5505208333333333 0.10925925925925926 0.5502604166666667 0.10972222222222222 0.5502604166666667 0.11064814814814815 0.55 0.1111111111111111 0.55 0.1125 0.5497395833333333 0.11296296296296296 0.5497395833333333 0.11388888888888889 0.5494791666666666 0.11435185185185186 0.5494791666666666 0.1162037037037037 0.54921875 0.11666666666666667 0.54921875 0.11898148148148148 0.5489583333333333 0.11944444444444445 0.5489583333333333 0.12175925925925926 0.54921875 0.12222222222222222 0.54921875 0.12314814814814815 0.5494791666666666 0.12361111111111112 0.5494791666666666 0.125 0.5497395833333333 0.12546296296296297 0.5497395833333333 0.12685185185185185 0.55 0.12731481481481483 0.55 0.12824074074074074 0.5502604166666667 0.1287037037037037 0.5502604166666667 0.12916666666666668 0.5505208333333333 0.12962962962962962 0.5505208333333333 0.1300925925925926 0.55078125 0.13055555555555556 0.5513020833333333 0.13287037037037036 0.5518229166666667 0.1337962962962963 0.5518229166666667 0.13425925925925927 0.5528645833333333 0.1375 0.5528645833333333 0.13842592592592592 0.5536458333333333 0.14074074074074075 0.5536458333333333 0.14166666666666666 0.55390625 0.14212962962962963 0.55390625 0.1425925925925926 0.5544270833333333 0.14351851851851852 0.5544270833333333 0.1439814814814815 0.55625 0.14722222222222223 0.5565104166666667 0.14722222222222223 0.5567708333333333 0.1476851851851852 0.5578125 0.1476851851851852 0.5580729166666667 0.14814814814814814 0.5635416666666667 0.14814814814814814 0.5638020833333334 0.1476851851851852 0.565625 0.1476851851851852 0.5658854166666667 0.14722222222222223 0.56796875 0.14722222222222223 0.5682291666666667 0.14675925925925926 0.5690104166666666 0.14675925925925926 0.5692708333333333 0.14629629629629629 0.5697916666666667 0.14629629629629629 0.5700520833333333 0.14583333333333334 0.5713541666666667 0.1449074074074074 0.571875 0.1439814814814815 0.5721354166666667 0.1439814814814815 0.5736979166666667 0.14074074074074075 0.5736979166666667 0.14027777777777778 0.5739583333333333 0.1398148148148148 0.5739583333333333 0.13935185185185187 0.57421875 0.1388888888888889 0.57421875 0.13842592592592592 0.5744791666666667 0.13796296296296295 0.575 0.13564814814814816 0.5755208333333334 0.13472222222222222 0.5755208333333334 0.1337962962962963 0.57578125 0.13333333333333333 0.57578125 0.13287037037037036 0.5760416666666667 0.13240740740740742 0.5760416666666667 0.13194444444444445 0.5770833333333333 0.1287037037037037 0.5770833333333333 0.12777777777777777 0.57734375 0.12731481481481483 0.57734375 0.12638888888888888 0.5776041666666667 0.1259259259259259 0.5776041666666667 0.12453703703703704 0.5778645833333333 0.12407407407407407 0.5778645833333333 0.12268518518518519 0.578125 0.12222222222222222 0.578125 0.11712962962962963 0.5778645833333333 0.11666666666666667 0.5778645833333333 0.11388888888888889 0.5776041666666667 0.11342592592592593 0.5776041666666667 0.1125 0.5768229166666666 0.11018518518518519 0.5768229166666666 0.10925925925925926 0.5765625 0.1087962962962963 0.5765625 0.10833333333333334 0.5760416666666667 0.10740740740740741 0.5760416666666667 0.10694444444444444 0.5755208333333334 0.10601851851851851 0.5755208333333334 0.10555555555555556 0.575 0.10462962962962963 0.575 0.10416666666666667 0.5744791666666667 0.10324074074074074 0.5744791666666667 0.10277777777777777 0.57421875 0.10231481481481482 0.57421875 0.10185185185185185 0.5736979166666667 0.10092592592592593 0.5736979166666667 0.10046296296296296 0.5721354166666667 0.09768518518518518 0.571875 0.09768518518518518 0.5713541666666667 0.09675925925925925 0.5700520833333333 0.09583333333333334 0.56953125 0.09490740740740741 0.5692708333333333 0.09490740740740741
