1 0.6282407407407408 0.43802083333333336 0.6268518518518519 0.4395833333333333 0.6268518518518519 0.4401041666666667 0.6259259259259259 0.44114583333333335 0.6259259259259259 0.44192708333333336 0.625462962962963 0.4421875 0.625462962962963 0.44427083333333334 0.6259259259259259 0.44453125 0.6259259259259259 0.4453125 0.6263888888888889 0.44557291666666665 0.6263888888888889 0.44609375 0.6268518518518519 0.4466145833333333 0.6273148148148148 0.4466145833333333 0.6282407407407408 0.4471354166666667 0.6291666666666667 0.4473958333333333 0.6305555555555555 0.4473958333333333 0.6324074074074074 0.4479166666666667 0.6337962962962963 0.4479166666666667 0.6342592592592593 0.44817708333333334 0.6375 0.4484375 0.6402777777777777 0.44921875 0.6412037037037037 0.44921875 0.6425925925925926 0.44973958333333336 0.6439814814814815 0.44973958333333336 0.6444444444444445 0.45 0.6462962962962963 0.45 0.6467592592592593 0.45026041666666666 0.6486111111111111 0.45026041666666666 0.649074074074074 0.4505208333333333 0.6523148148148148 0.45078125 0.6560185185185186 0.4518229166666667 0.6583333333333333 0.45208333333333334 0.6620370370370371 0.453125 0.6648148148148149 0.4544270833333333 0.6652777777777777 0.4544270833333333 0.6662037037037037 0.4549479166666667 0.6680555555555555 0.45729166666666665 0.6694444444444444 0.45807291666666666 0.6694444444444444 0.4583333333333333 0.6703703703703704 0.45859375 0.6731481481481482 0.46015625 0.6763888888888889 0.46015625 0.6768518518518518 0.46041666666666664 0.6782407407407407 0.46041666666666664 0.6800925925925926 0.46119791666666665 0.6828703703703703 0.46197916666666666 0.6837962962962963 0.46197916666666666 0.6851851851851852 0.4625 0.6893518518518519 0.4625 0.6902777777777778 0.46197916666666666 0.6921296296296297 0.46145833333333336 0.6930555555555555 0.46145833333333336 0.6939814814814815 0.46041666666666664 0.6962962962962963 0.4588541666666667 0.6962962962962963 0.4583333333333333 0.6972222222222222 0.45755208333333336 0.6972222222222222 0.45703125 0.6990740740740741 0.4549479166666667 0.6995370370370371 0.45364583333333336 0.7018518518518518 0.4513020833333333 0.7018518518518518 0.4505208333333333 0.7023148148148148 0.45026041666666666 0.7023148148148148 0.44921875 0.7027777777777777 0.44895833333333335 0.7027777777777777 0.4479166666666667 0.7032407407407407 0.44765625 0.7032407407407407 0.44609375 0.7027777777777777 0.44583333333333336 0.7027777777777777 0.44453125 0.7023148148148148 0.44427083333333334 0.7023148148148148 0.44375 0.7018518518518518 0.4432291666666667 0.700925925925926 0.44296875 0.6949074074074074 0.44296875 0.6944444444444444 0.4427083333333333 0.6907407407407408 0.4427083333333333 0.6902777777777778 0.44244791666666666 0.6888888888888889 0.44244791666666666 0.6837962962962963 0.4393229166666667 0.6828703703703703 0.4390625 0.6819444444444445 0.4390625 0.6814814814814815 0.4388020833333333 0.6805555555555556 0.4390625 0.6791666666666667 0.4390625 0.6787037037037037 0.4393229166666667 0.6777777777777778 0.4393229166666667 0.6736111111111112 0.44140625 0.6689814814814815 0.44140625 0.6685185185185185 0.44114583333333335 0.6671296296296296 0.44114583333333335 0.6666666666666666 0.44088541666666664 0.6652777777777777 0.44088541666666664 0.6648148148148149 0.440625 0.662962962962963 0.440625 0.6625 0.44036458333333334 0.6601851851851852 0.44036458333333334 0.6597222222222222 0.4401041666666667 0.6569444444444444 0.4401041666666667 0.6541666666666667 0.4393229166666667 0.65 0.4390625 0.649537037037037 0.4388020833333333 0.6481481481481481 0.4388020833333333 0.6462962962962963 0.43828125 0.6439814814814815 0.43828125 0.6435185185185185 0.43802083333333336 0.6421296296296296 0.43802083333333336 0.638425925925926 0.43697916666666664 0.6370370370370371 0.43697916666666664 0.6365740740740741 0.43671875 0.6347222222222222 0.43671875 0.6342592592592593 0.43645833333333334 0.6333333333333333 0.43671875 0.6305555555555555 0.43671875
3 0.6111111111111112 0.20963541666666666 0.6083333333333333 0.20885416666666667 0.6046296296296296 0.20885416666666667 0.6041666666666666 0.20911458333333333 0.6027777777777777 0.20911458333333333 0.5995370370370371 0.21015625 0.5986111111111111 0.21015625 0.5944444444444444 0.21145833333333333 0.5916666666666667 0.21328125 0.5884259259259259 0.21875 0.5879629629629629 0.2203125 0.5851851851851851 0.221875 0.5833333333333334 0.22239583333333332 0.5736111111111111 0.2265625 0.5694444444444444 0.228125 0.5680555555555555 0.22838541666666667 0.5666666666666667 0.22916666666666666 0.5592592592592592 0.23125 0.5583333333333333 0.23177083333333334 0.5555555555555556 0.23229166666666667 0.5532407407407407 0.23333333333333334 0.549537037037037 0.234375 0.5402777777777777 0.23854166666666668 0.538425925925926 0.24010416666666667 0.5388888888888889 0.24036458333333333 0.5388888888888889 0.24140625 0.5393518518518519 0.24166666666666667 0.5393518518518519 0.24270833333333333 0.5398148148148149 0.24296875 0.5398148148148149 0.24401041666666667 0.5407407407407407 0.24557291666666667 0.5416666666666666 0.24635416666666668 0.5425925925925926 0.24817708333333333 0.5467592592592593 0.2526041666666667 0.5486111111111112 0.25416666666666665 0.549074074074074 0.25416666666666665 0.5518518518518518 0.2557291666666667 0.5578703703703703 0.2557291666666667 0.562037037037037 0.25494791666666666 0.5712962962962963 0.25234375 0.5787037037037037 0.24947916666666667 0.5912037037037037 0.24635416666666668 0.5953703703703703 0.24635416666666668 0.5958333333333333 0.24609375 0.6013888888888889 0.24583333333333332 0.6018518518518519 0.24557291666666667 0.6189814814814815 0.24557291666666667 0.6231481481481481 0.24479166666666666 0.6240740740740741 0.24427083333333333 0.6263888888888889 0.24375 0.6310185185185185 0.24140625 0.6328703703703704 0.23958333333333334 0.6337962962962963 0.23802083333333332 0.6337962962962963 0.23723958333333334 0.6342592592592593 0.23697916666666666 0.6342592592592593 0.23515625 0.6337962962962963 0.23489583333333333 0.6337962962962963 0.23333333333333334 0.6333333333333333 0.23307291666666666 0.6328703703703704 0.23098958333333333 0.6319444444444444 0.22994791666666667 0.6319444444444444 0.22916666666666666 0.6300925925925925 0.22604166666666667 0.6291666666666667 0.22526041666666666 0.6273148148148148 0.22213541666666667 0.6259259259259259 0.22109375 0.625462962962963 0.22005208333333334 0.624537037037037 0.21953125 0.6236111111111111 0.21822916666666667 0.6217592592592592 0.21692708333333333 0.6199074074074075 0.21484375 0.6157407407407407 0.21197916666666666
4 0.5782407407407407 0.4473958333333333 0.575925925925926 0.4513020833333333 0.5763888888888888 0.4515625 0.5773148148148148 0.4546875 0.5791666666666667 0.45598958333333334 0.587037037037037 0.4588541666666667 0.5916666666666667 0.45989583333333334 0.5949074074074074 0.46145833333333336 0.5976851851851852 0.4622395833333333 0.5986111111111111 0.4622395833333333 0.6027777777777777 0.4635416666666667 0.6060185185185185 0.4640625 0.6194444444444445 0.46770833333333334 0.6208333333333333 0.46848958333333335 0.6268518518518519 0.4705729166666667 0.6291666666666667 0.4705729166666667 0.6296296296296297 0.4708333333333333 0.638425925925926 0.47161458333333334 0.6398148148148148 0.47213541666666664 0.6421296296296296 0.47239583333333335 0.6472222222222223 0.4739583333333333 0.649537037037037 0.47421875 0.6537037037037037 0.4752604166666667 0.6569444444444444 0.47708333333333336 0.6578703703703703 0.478125 0.6597222222222222 0.4825520833333333 0.662962962962963 0.48411458333333335 0.6657407407407407 0.48463541666666665 0.6699074074074074 0.48463541666666665 0.6736111111111112 0.4828125 0.6796296296296296 0.47734375 0.6824074074074075 0.47552083333333334 0.6851851851851852 0.47265625 0.6888888888888889 0.46640625 0.687037037037037 0.46380208333333334 0.6837962962962963 0.4625 0.6828703703703703 0.4625 0.6787037037037037 0.46145833333333336 0.6763888888888889 0.46145833333333336 0.6736111111111112 0.4625 0.6717592592592593 0.4625 0.6712962962962963 0.4627604166666667 0.6671296296296296 0.4627604166666667 0.662962962962963 0.46197916666666666 0.6583333333333333 0.46171875 0.6523148148148148 0.4596354166666667 0.6458333333333334 0.45859375 0.6342592592592593 0.45546875 0.6314814814814815 0.4552083333333333 0.625 0.45260416666666664 0.6222222222222222 0.45208333333333334 0.6180555555555556 0.45078125 0.6166666666666667 0.45078125 0.6092592592592593 0.44895833333333335 0.6069444444444444 0.44869791666666664 0.6023148148148149 0.4471354166666667 0.600925925925926 0.4471354166666667 0.5976851851851852 0.44635416666666666 0.5925925925925926 0.44583333333333336 0.5907407407407408 0.4453125 0.5893518518518519 0.4453125 0.5888888888888889 0.44505208333333335 0.5837962962962963 0.44505208333333335 0.5800925925925926 0.44609375
4 0.6351851851851852 0.4817708333333333 0.6305555555555555 0.47708333333333336 0.6263888888888889 0.4744791666666667 0.624537037037037 0.4744791666666667 0.6240740740740741 0.47421875 0.6189814814814815 0.4744791666666667 0.6166666666666667 0.47552083333333334 0.6152777777777778 0.47682291666666665 0.6148148148148148 0.47994791666666664 0.6143518518518518 0.48020833333333335 0.6143518518518518 0.48203125 0.6111111111111112 0.48385416666666664 0.6078703703703704 0.484375 0.6037037037037037 0.4856770833333333 0.5990740740740741 0.4861979166666667 0.5912037037037037 0.48828125 0.587037037037037 0.48880208333333336 0.5824074074074074 0.48984375 0.5791666666666667 0.4901041666666667 0.5763888888888888 0.4908854166666667 0.5726851851851852 0.49140625 0.5666666666666667 0.49296875 0.5643518518518519 0.49322916666666666 0.5592592592592592 0.49453125 0.5550925925925926 0.49505208333333334 0.549074074074074 0.49661458333333336 0.5444444444444444 0.49713541666666666 0.5407407407407407 0.4979166666666667 0.538425925925926 0.4979166666666667 0.5328703703703703 0.49895833333333334 0.5319444444444444 0.49947916666666664 0.5287037037037037 0.5002604166666667 0.5259259259259259 0.5018229166666667 0.5254629629629629 0.5059895833333333 0.5263888888888889 0.5075520833333333 0.5282407407407408 0.5096354166666667 0.5291666666666667 0.51015625 0.5324074074074074 0.5109375 0.5337962962962963 0.5109375 0.5342592592592592 0.5111979166666667 0.5449074074074074 0.5109375 0.5453703703703704 0.5106770833333333 0.5527777777777778 0.51015625 0.5532407407407407 0.5098958333333333 0.5601851851851852 0.5091145833333334 0.5648148148148148 0.5072916666666667 0.5680555555555555 0.50703125 0.5777777777777777 0.5052083333333334 0.5791666666666667 0.5052083333333334 0.5847222222222223 0.5041666666666667 0.587037037037037 0.5033854166666667 0.5912037037037037 0.5028645833333333 0.5958333333333333 0.5018229166666667 0.5981481481481481 0.5018229166666667 0.6013888888888889 0.5010416666666667 0.6064814814814815 0.5005208333333333 0.611574074074074 0.49895833333333334 0.6194444444444445 0.4986979166666667 0.6222222222222222 0.49921875 0.6268518518518519 0.5015625 0.6282407407407408 0.5015625 0.6287037037037037 0.5018229166666667 0.6310185185185185 0.5018229166666667 0.637962962962963 0.5005208333333333 0.6407407407407407 0.4981770833333333 0.6407407407407407 0.4940104166666667 0.6402777777777777 0.49375 0.6402777777777777 0.4921875 0.6398148148148148 0.49192708333333335 0.6393518518518518 0.48932291666666666 0.6356481481481482 0.48333333333333334
4 0.38842592592592595 0.340625 0.38796296296296295 0.34140625 0.38796296296296295 0.34401041666666665 0.3875 0.34427083333333336 0.3875 0.3463541666666667 0.38796296296296295 0.34661458333333334 0.38842592592592595 0.3494791666666667 0.3921296296296296 0.35104166666666664 0.3939814814814815 0.35130208333333335 0.3962962962962963 0.35208333333333336 0.40046296296296297 0.35260416666666666 0.4009259259259259 0.3528645833333333 0.4023148148148148 0.3528645833333333 0.4027777777777778 0.353125 0.4041666666666667 0.353125 0.4046296296296296 0.3533854166666667 0.40879629629629627 0.3536458333333333 0.40925925925925927 0.35390625 0.4199074074074074 0.3546875 0.4236111111111111 0.35546875 0.4263888888888889 0.35546875 0.42685185185185187 0.35572916666666665 0.42916666666666664 0.35572916666666665 0.42962962962962964 0.35598958333333336 0.4356481481481482 0.35625 0.43796296296296294 0.3567708333333333 0.44351851851851853 0.3567708333333333 0.44537037037037036 0.3572916666666667 0.4476851851851852 0.3572916666666667 0.44814814814814813 0.3575520833333333 0.4513888888888889 0.3575520833333333 0.45185185185185184 0.3578125 0.4550925925925926 0.3578125 0.45555555555555555 0.3580729166666667 0.45925925925925926 0.3580729166666667 0.4597222222222222 0.35833333333333334 0.462037037037037 0.35833333333333334 0.4625 0.35859375 0.4666666666666667 0.35885416666666664 0.4708333333333333 0.36041666666666666 0.4740740740740741 0.3611979166666667 0.4759259259259259 0.36223958333333334 0.4777777777777778 0.3640625 0.47824074074074074 0.3651041666666667 0.48194444444444445 0.36666666666666664 0.48333333333333334 0.36692708333333335 0.48657407407407405 0.36692708333333335 0.48703703703703705 0.3671875 0.49074074074074076 0.3671875 0.49444444444444446 0.365625 0.49537037037037035 0.3640625 0.4976851851851852 0.36171875 0.4981481481481482 0.359375 0.4986111111111111 0.35911458333333335 0.4986111111111111 0.3578125 0.49907407407407406 0.3575520833333333 0.49907407407407406 0.35598958333333336 0.49953703703703706 0.35572916666666665 0.49953703703703706 0.35390625 0.5 0.3536458333333333 0.5 0.3484375 0.500462962962963 0.34817708333333336 0.500462962962963 0.34479166666666666 0.5 0.34453125 0.49953703703703706 0.34296875 0.4976851851851852 0.3416666666666667 0.49583333333333335 0.3416666666666667 0.49537037037037035 0.34140625 0.487962962962963 0.34140625 0.4875 0.3416666666666667 0.4861111111111111 0.3416666666666667 0.4842592592592593 0.34348958333333335 0.48194444444444445 0.34479166666666666 0.4777777777777778 0.3453125 0.4740740740740741 0.34453125 0.4722222222222222 0.34453125 0.46944444444444444 0.34401041666666665 0.4625 0.34375 0.4587962962962963 0.34296875 0.45 0.3421875 0.4476851851851852 0.3416666666666667 0.44212962962962965 0.3416666666666667 0.44166666666666665 0.34140625 0.43842592592592594 0.34140625 0.43796296296296294 0.3411458333333333 0.4287037037037037 0.34088541666666666 0.42824074074074076 0.340625 0.4222222222222222 0.34036458333333336 0.4217592592592593 0.34010416666666665 0.412962962962963 0.33932291666666664 0.4125 0.3390625 0.40879629629629627 0.33880208333333334 0.4083333333333333 0.3385416666666667 0.4027777777777778 0.3385416666666667 0.4 0.3380208333333333 0.3925925925925926 0.33828125 0.39166666666666666 0.3385416666666667
5 0.7518518518518519 0.37838541666666664 0.7476851851851852 0.37838541666666664 0.7472222222222222 0.37864583333333335 0.7439814814814815 0.37890625 0.7407407407407407 0.3807291666666667 0.7375 0.384375 0.7375 0.3885416666666667 0.7430555555555556 0.3924479166666667 0.7435185185185185 0.3963541666666667 0.7430555555555556 0.3966145833333333 0.7425925925925926 0.39817708333333335 0.7398148148148148 0.40130208333333334 0.7398148148148148 0.40182291666666664 0.7388888888888889 0.40260416666666665 0.7384259259259259 0.40390625 0.737037037037037 0.40546875 0.7337962962962963 0.4078125 0.7226851851851852 0.41953125 0.7222222222222222 0.421875 0.7217592592592592 0.42213541666666665 0.7217592592592592 0.4231770833333333 0.7212962962962963 0.4234375 0.7217592592592592 0.42421875 0.7245370370370371 0.42630208333333336 0.7310185185185185 0.428125 0.7356481481481482 0.42864583333333334 0.7361111111111112 0.42890625 0.7375 0.42890625 0.7379629629629629 0.42916666666666664 0.7421296296296296 0.42916666666666664 0.7425925925925926 0.42890625 0.7439814814814815 0.42890625 0.7481481481481481 0.4276041666666667 0.7486111111111111 0.42682291666666666 0.7509259259259259 0.42526041666666664 0.7532407407407408 0.42291666666666666 0.7569444444444444 0.4203125 0.7620370370370371 0.41458333333333336 0.7643518518518518 0.4127604166666667 0.7666666666666667 0.4114583333333333 0.7703703703703704 0.4083333333333333 0.775 0.40572916666666664 0.7763888888888889 0.40546875 0.7773148148148148 0.4049479166666667 0.7791666666666667 0.4046875 0.7791666666666667 0.4044270833333333 0.7828703703703703 0.40286458333333336 0.7875 0.40286458333333336 0.7902777777777777 0.40208333333333335 0.7930555555555555 0.4002604166666667 0.7967592592592593 0.3966145833333333 0.7962962962962963 0.3924479166666667 0.7944444444444444 0.39088541666666665 0.7939814814814815 0.39088541666666665 0.7902777777777777 0.3885416666666667 0.787962962962963 0.3880208333333333 0.7828703703703703 0.38567708333333334 0.7796296296296297 0.3848958333333333 0.7759259259259259 0.38333333333333336 0.7712962962962963 0.38203125 0.7675925925925926 0.3815104166666667 0.762962962962963 0.3802083333333333 0.7601851851851852 0.37994791666666666 0.7569444444444444 0.37916666666666665 0.7537037037037037 0.37890625
3 0.7597222222222222 0.45260416666666664 0.7564814814814815 0.45260416666666664 0.7555555555555555 0.45234375 0.7518518518518519 0.453125 0.7481481481481481 0.4552083333333333 0.7476851851851852 0.45598958333333334 0.7453703703703703 0.4578125 0.7444444444444445 0.4588541666666667 0.7449074074074075 0.4591145833333333 0.7453703703703703 0.4609375 0.7472222222222222 0.4630208333333333 0.7476851851851852 0.465625 0.7481481481481481 0.46588541666666666 0.7481481481481481 0.4669270833333333 0.7462962962962963 0.46927083333333336 0.7458333333333333 0.4705729166666667 0.7384259259259259 0.47708333333333336 0.736574074074074 0.478125 0.7351851851851852 0.4796875 0.7337962962962963 0.48072916666666665 0.7319444444444444 0.48151041666666666 0.7287037037037037 0.48463541666666665 0.7245370370370371 0.48723958333333334 0.7189814814814814 0.49192708333333335 0.7157407407407408 0.4940104166666667 0.7175925925925926 0.4979166666666667 0.725462962962963 0.5018229166666667 0.7337962962962963 0.5041666666666667 0.736574074074074 0.5044270833333333 0.737037037037037 0.5041666666666667 0.7393518518518518 0.50390625 0.7472222222222222 0.50078125 0.7527777777777778 0.49765625 0.7527777777777778 0.4973958333333333 0.7574074074074074 0.49453125 0.7652777777777777 0.48854166666666665 0.7708333333333334 0.48541666666666666 0.775 0.48385416666666664 0.7782407407407408 0.48333333333333334 0.7828703703703703 0.48203125 0.7907407407407407 0.4825520833333333 0.7944444444444444 0.48151041666666666 0.799074074074074 0.4786458333333333 0.8018518518518518 0.4747395833333333 0.8018518518518518 0.4705729166666667 0.8004629629629629 0.46979166666666666 0.8 0.46979166666666666 0.7958333333333333 0.46770833333333334 0.7944444444444444 0.4674479166666667 0.7856481481481481 0.4625 0.7810185185185186 0.46067708333333335 0.7777777777777778 0.4588541666666667 0.7763888888888889 0.45859375 0.7708333333333334 0.45651041666666664 0.7643518518518518 0.45364583333333336
4 0.825462962962963 0.13828125 0.8222222222222222 0.14036458333333332 0.8203703703703704 0.1421875 0.8203703703703704 0.14635416666666667 0.8222222222222222 0.1484375 0.825925925925926 0.1515625 0.8263888888888888 0.1515625 0.8430555555555556 0.16119791666666666 0.8444444444444444 0.1625 0.8481481481481481 0.16458333333333333 0.8495370370370371 0.16588541666666667 0.8555555555555555 0.16927083333333334 0.8555555555555555 0.16953125 0.8611111111111112 0.17239583333333333 0.861574074074074 0.17239583333333333 0.8675925925925926 0.17604166666666668 0.8689814814814815 0.17760416666666667 0.8689814814814815 0.1796875 0.8694444444444445 0.17994791666666668 0.8694444444444445 0.18203125 0.8689814814814815 0.18229166666666666 0.8685185185185185 0.18567708333333333 0.8708333333333333 0.18776041666666668 0.8717592592592592 0.18932291666666667 0.8768518518518519 0.19192708333333333 0.8791666666666667 0.1921875 0.8805555555555555 0.19270833333333334 0.8819444444444444 0.1921875 0.8847222222222222 0.19192708333333333 0.8921296296296296 0.18958333333333333 0.8949074074074074 0.18802083333333333 0.8981481481481481 0.18671875 0.9041666666666667 0.18307291666666667 0.9101851851851852 0.17786458333333333 0.9106481481481481 0.17421875 0.9111111111111111 0.17369791666666667 0.9092592592592592 0.17213541666666668 0.9092592592592592 0.17161458333333332 0.9078703703703703 0.17005208333333333 0.9055555555555556 0.16901041666666666 0.9013888888888889 0.16796875 0.899074074074074 0.16796875 0.8958333333333334 0.16901041666666666 0.8930555555555556 0.16953125 0.8907407407407407 0.16953125 0.8875 0.16875 0.8847222222222222 0.1671875 0.8810185185185185 0.1640625 0.8740740740740741 0.15989583333333332 0.8731481481481481 0.15885416666666666 0.8597222222222223 0.1515625 0.8583333333333333 0.15026041666666667 0.8537037037037037 0.14713541666666666 0.8439814814814814 0.14166666666666666 0.8416666666666667 0.13984375 0.8375 0.13802083333333334 0.8361111111111111 0.13802083333333334 0.8319444444444445 0.13723958333333333 0.8296296296296296 0.13723958333333333
1 0.7828703703703703 0.49192708333333335 0.7828703703703703 0.4921875 0.7814814814814814 0.49296875 0.7805555555555556 0.4942708333333333 0.7833333333333333 0.4973958333333333 0.787962962962963 0.5002604166666667 0.7893518518518519 0.5018229166666667 0.7967592592592593 0.5059895833333333 0.7967592592592593 0.50625 0.7986111111111112 0.5072916666666667 0.7986111111111112 0.5075520833333333 0.8050925925925926 0.5114583333333333 0.8060185185185185 0.5125 0.8064814814814815 0.5138020833333333 0.8069444444444445 0.5140625 0.8069444444444445 0.5151041666666667 0.8074074074074075 0.5153645833333333 0.8074074074074075 0.5174479166666667 0.8078703703703703 0.5177083333333333 0.8078703703703703 0.5182291666666666 0.8083333333333333 0.5184895833333333 0.8083333333333333 0.5190104166666667 0.8092592592592592 0.5200520833333333 0.8101851851851852 0.5205729166666667 0.8101851851851852 0.5208333333333334 0.8111111111111111 0.52109375 0.8138888888888889 0.52265625 0.8143518518518519 0.52265625 0.8175925925925925 0.5244791666666667 0.8175925925925925 0.5247395833333334 0.8185185185185185 0.5252604166666667 0.8222222222222222 0.5263020833333333 0.8240740740740741 0.5263020833333333 0.8245370370370371 0.5265625 0.8268518518518518 0.5265625 0.8273148148148148 0.5263020833333333 0.8291666666666667 0.5263020833333333 0.8328703703703704 0.5252604166666667 0.8337962962962963 0.5252604166666667 0.8347222222222223 0.5247395833333334 0.8379629629629629 0.5239583333333333 0.8398148148148148 0.5229166666666667 0.8412037037037037 0.52265625 0.8425925925925926 0.521875 0.8430555555555556 0.521875 0.8458333333333333 0.5203125 0.8458333333333333 0.5200520833333333 0.8467592592592592 0.51953125 0.8486111111111111 0.5174479166666667 0.8481481481481481 0.5169270833333334 0.8481481481481481 0.51640625 0.8476851851851852 0.5161458333333333 0.8476851851851852 0.515625 0.8467592592592592 0.51484375 0.8467592592592592 0.5143229166666666 0.8462962962962963 0.5138020833333333 0.8449074074074074 0.5130208333333334 0.8444444444444444 0.5130208333333334 0.8407407407407408 0.5109375 0.8398148148148148 0.5098958333333333 0.8393518518518519 0.50859375 0.8384259259259259 0.5078125 0.8379629629629629 0.5065104166666666 0.837037037037037 0.5057291666666667 0.8356481481481481 0.5057291666666667 0.8337962962962963 0.5052083333333334 0.825925925925926 0.5052083333333334 0.825462962962963 0.5049479166666667 0.8240740740740741 0.5049479166666667 0.8236111111111111 0.5046875 0.8222222222222222 0.5046875 0.8212962962962963 0.5044270833333333 0.8180555555555555 0.5026041666666666 0.8180555555555555 0.50234375 0.8166666666666667 0.5015625 0.8162037037037037 0.5015625 0.8148148148148148 0.50078125 0.8143518518518519 0.50078125 0.8125 0.49973958333333335 0.8125 0.49947916666666664 0.8106481481481481 0.4984375 0.8106481481481481 0.4981770833333333 0.8060185185185185 0.49557291666666664 0.8060185185185185 0.4953125 0.7981481481481482 0.4908854166666667 0.7976851851851852 0.4908854166666667 0.7949074074074074 0.4895833333333333 0.7930555555555555 0.4895833333333333 0.7925925925925926 0.48932291666666666 0.7902777777777777 0.48932291666666666 0.788425925925926 0.48984375 0.7870370370370371 0.48984375 0.7861111111111111 0.4901041666666667
4 0.8476851851851852 0.6776041666666667 0.8425925925925926 0.6747395833333333 0.8416666666666667 0.6736979166666667 0.8407407407407408 0.6734375 0.8337962962962963 0.6692708333333334 0.8310185185185185 0.6682291666666667 0.8287037037037037 0.6677083333333333 0.825462962962963 0.6677083333333333 0.8194444444444444 0.66953125 0.8185185185185185 0.6703125 0.8175925925925925 0.6729166666666667 0.8171296296296297 0.6731770833333334 0.8171296296296297 0.675 0.8166666666666667 0.6752604166666667 0.8162037037037037 0.67734375 0.812037037037037 0.68125 0.8087962962962963 0.6833333333333333 0.8041666666666667 0.6854166666666667 0.799074074074074 0.68828125 0.7888888888888889 0.6927083333333334 0.7870370370370371 0.6932291666666667 0.7777777777777778 0.6979166666666666 0.7717592592592593 0.7002604166666667 0.7694444444444445 0.70078125 0.7652777777777777 0.7026041666666667 0.7638888888888888 0.7028645833333333 0.7615740740740741 0.7041666666666667 0.7597222222222222 0.7046875 0.7513888888888889 0.7091145833333333 0.75 0.709375 0.7486111111111111 0.71015625 0.7472222222222222 0.7130208333333333 0.7476851851851852 0.71328125 0.7490740740740741 0.7166666666666667 0.7518518518518519 0.7184895833333333 0.7546296296296297 0.7190104166666667 0.7564814814814815 0.7190104166666667 0.7569444444444444 0.7192708333333333 0.7597222222222222 0.7192708333333333 0.7680555555555556 0.7177083333333333 0.7726851851851851 0.71640625 0.7791666666666667 0.7140625 0.7851851851851852 0.7111979166666667 0.7944444444444444 0.7078125 0.7976851851851852 0.7059895833333333 0.8018518518518518 0.7044270833333334 0.8041666666666667 0.703125 0.8106481481481481 0.70078125 0.8148148148148148 0.6984375 0.8175925925925925 0.69765625 0.8203703703703704 0.6963541666666667 0.8240740740740741 0.6953125 0.825 0.6947916666666667 0.8277777777777777 0.6940104166666666 0.8300925925925926 0.69375 0.8375 0.69140625 0.8416666666666667 0.6911458333333333 0.8439814814814814 0.6919270833333333 0.8458333333333333 0.6921875 0.8462962962962963 0.6919270833333333 0.85 0.6916666666666667 0.8523148148148149 0.6908854166666667 0.8555555555555555 0.6888020833333334 0.8560185185185185 0.68515625 0.8550925925925926 0.6846354166666667 0.8532407407407407 0.6822916666666666
5 0.999537037037037 0.6484375 0.999537037037037 0.6140625 0.9976851851851852 0.6140625 0.9972222222222222 0.6143229166666667 0.9949074074074075 0.6143229166666667 0.9939814814814815 0.6145833333333334 0.9925925925925926 0.6153645833333333 0.9912037037037037 0.6169270833333333 0.987037037037037 0.61953125 0.9861111111111112 0.6197916666666666 0.9842592592592593 0.6197916666666666 0.9837962962962963 0.6200520833333333 0.9814814814814815 0.6200520833333333 0.9810185185185185 0.6197916666666666 0.975462962962963 0.6197916666666666 0.975 0.61953125 0.9722222222222222 0.61953125 0.9717592592592592 0.6192708333333333 0.9680555555555556 0.6192708333333333 0.9675925925925926 0.6190104166666667 0.9638888888888889 0.6190104166666667 0.9634259259259259 0.61875 0.9601851851851851 0.61875 0.9597222222222223 0.6184895833333334 0.9537037037037037 0.6182291666666667 0.9532407407407407 0.61796875 0.950925925925926 0.61796875 0.9486111111111111 0.6174479166666667 0.9444444444444444 0.6171875 0.9439814814814815 0.6169270833333333 0.9412037037037037 0.6166666666666667 0.9407407407407408 0.61640625 0.9393518518518519 0.61640625 0.9388888888888889 0.6161458333333333 0.9263888888888889 0.6161458333333333 0.9231481481481482 0.6169270833333333 0.9199074074074074 0.6182291666666667 0.9189814814814815 0.6192708333333333 0.9189814814814815 0.6203125 0.9185185185185185 0.6205729166666667 0.9185185185185185 0.6216145833333333 0.9180555555555555 0.621875 0.9180555555555555 0.6239583333333333 0.9175925925925926 0.62421875 0.9175925925925926 0.6263020833333334 0.9171296296296296 0.6268229166666667 0.9175925925925926 0.6270833333333333 0.9175925925925926 0.6278645833333333 0.9180555555555555 0.628125 0.9180555555555555 0.62890625 0.9185185185185185 0.6291666666666667 0.9189814814814815 0.6307291666666667 0.9203703703703704 0.6317708333333333 0.9231481481481482 0.6328125 0.9277777777777778 0.6330729166666667 0.9310185185185185 0.6338541666666667 0.9342592592592592 0.6338541666666667 0.9347222222222222 0.6341145833333334 0.9361111111111111 0.6341145833333334 0.9407407407407408 0.63515625 0.9462962962962963 0.6354166666666666 0.9467592592592593 0.6356770833333333 0.9486111111111111 0.6356770833333333 0.9490740740740741 0.6359375 0.950462962962963 0.6359375 0.9527777777777777 0.6364583333333333 0.9546296296296296 0.6364583333333333 0.9550925925925926 0.63671875 0.9569444444444445 0.63671875 0.9574074074074074 0.6369791666666667 0.962037037037037 0.6372395833333333 0.9625 0.6375 0.9638888888888889 0.6375 0.9671296296296297 0.63828125 0.9689814814814814 0.63828125 0.9694444444444444 0.6385416666666667 0.9708333333333333 0.6385416666666667 0.9712962962962963 0.6388020833333333 0.975 0.6393229166666666 0.9763888888888889 0.63984375 0.9782407407407407 0.6401041666666667 0.9810185185185185 0.6416666666666667 0.9861111111111112 0.646875 0.9888888888888889 0.646875 0.9935185185185185 0.6481770833333333
2 0.9541666666666667 0.26901041666666664 0.950462962962963 0.26979166666666665 0.9472222222222222 0.2713541666666667 0.9444444444444444 0.27578125 0.9444444444444444 0.2796875 0.9453703703703704 0.28177083333333336 0.9462962962962963 0.29244791666666664 0.950462962962963 0.31354166666666666 0.950925925925926 0.31927083333333334 0.9541666666666667 0.3299479166666667 0.9550925925925926 0.3377604166666667 0.9578703703703704 0.3463541666666667 0.9611111111111111 0.3658854166666667 0.9587962962962963 0.3690104166666667 0.9541666666666667 0.3703125 0.9513888888888888 0.371875 0.950925925925926 0.3768229166666667 0.9527777777777777 0.38046875 0.9550925925925926 0.3828125 0.9606481481481481 0.38385416666666666 0.9685185185185186 0.38385416666666666 0.975925925925926 0.38307291666666665 0.9819444444444444 0.3809895833333333 0.986574074074074 0.3809895833333333 0.9935185185185185 0.3796875 0.9976851851851852 0.37734375 0.999537037037037 0.37734375 0.999537037037037 0.37473958333333335 0.9976851851851852 0.37447916666666664 0.9967592592592592 0.3690104166666667 0.9958333333333333 0.36744791666666665 0.9939814814814815 0.36614583333333334 0.9902777777777778 0.3658854166666667 0.9875 0.36432291666666666 0.9847222222222223 0.3578125 0.9833333333333333 0.34869791666666666 0.9810185185185185 0.3424479166666667 0.9787037037037037 0.33255208333333336 0.9782407407407407 0.3265625 0.9736111111111111 0.30234375 0.9736111111111111 0.2989583333333333 0.9699074074074074 0.2830729166666667 0.9689814814814814 0.2752604166666667 0.9666666666666667 0.2713541666666667 0.9643518518518519 0.27005208333333336 0.9601851851851851 0.26901041666666664